#K-NET CSV
#Event
#OriginTime,Latitude,Longitude,Depth(km),Magnitude
#2024/01/01 16:10:00,37.495,137.270,16,7.6
#Station
#Code,Latitude,Longitude,Height1(m),Height2(m)
#GIFH23,35.7235,136.7847,250,350
#Record
#SamplingFrequency(Hz)
#100
#DurationTime(s)
#282
#Offset
#1(gal),2(gal),3(gal),4(gal),5(gal),6(gal)
#-31.60,-57.20,-59.80,56.20,-9.60,-0.90
#Time,RelativeTime(s),1(gal),2(gal),3(gal),4(gal),5(gal),6(gal)
2024/01/01 16:10:28.00,0.00,-31.64,-57.22,-59.89,56.27,-9.61,-0.91
2024/01/01 16:10:28.01,0.01,-31.64,-57.22,-59.89,56.26,-9.61,-0.91
2024/01/01 16:10:28.02,0.02,-31.64,-57.22,-59.89,56.26,-9.61,-0.91
2024/01/01 16:10:28.03,0.03,-31.64,-57.22,-59.89,56.26,-9.61,-0.91
2024/01/01 16:10:28.04,0.04,-31.64,-57.22,-59.89,56.27,-9.61,-0.91
2024/01/01 16:10:28.05,0.05,-31.64,-57.22,-59.89,56.27,-9.61,-0.91
2024/01/01 16:10:28.06,0.06,-31.64,-57.22,-59.89,56.27,-9.61,-0.91
2024/01/01 16:10:28.07,0.07,-31.64,-57.22,-59.89,56.26,-9.61,-0.91
2024/01/01 16:10:28.08,0.08,-31.64,-57.22,-59.89,56.27,-9.61,-0.91
2024/01/01 16:10:28.09,0.09,-31.64,-57.22,-59.89,56.26,-9.61,-0.91
2024/01/01 16:10:28.10,0.10,-31.64,-57.22,-59.89,56.26,-9.61,-0.91
2024/01/01 16:10:28.11,0.11,-31.64,-57.22,-59.89,56.27,-9.61,-0.91
2024/01/01 16:10:28.12,0.12,-31.64,-57.22,-59.89,56.27,-9.61,-0.91
2024/01/01 16:10:28.13,0.13,-31.64,-57.22,-59.89,56.27,-9.61,-0.91
2024/01/01 16:10:28.14,0.14,-31.64,-57.22,-59.89,56.27,-9.61,-0.91
2024/01/01 16:10:28.15,0.15,-31.64,-57.23,-59.89,56.27,-9.61,-0.91
2024/01/01 16:10:28.16,0.16,-31.64,-57.22,-59.89,56.27,-9.61,-0.91
2024/01/01 16:10:28.17,0.17,-31.64,-57.22,-59.89,56.27,-9.61,-0.91
2024/01/01 16:10:28.18,0.18,-31.64,-57.22,-59.89,56.27,-9.61,-0.91
2024/01/01 16:10:28.19,0.19,-31.64,-57.22,-59.89,56.27,-9.61,-0.91
2024/01/01 16:10:28.20,0.20,-31.64,-57.22,-59.89,56.27,-9.61,-0.91
2024/01/01 16:10:28.21,0.21,-31.64,-57.22,-59.89,56.27,-9.61,-0.91
2024/01/01 16:10:28.22,0.22,-31.64,-57.22,-59.89,56.26,-9.61,-0.91
2024/01/01 16:10:28.23,0.23,-31.64,-57.22,-59.89,56.26,-9.61,-0.91
2024/01/01 16:10:28.24,0.24,-31.64,-57.22,-59.89,56.27,-9.61,-0.91
2024/01/01 16:10:28.25,0.25,-31.64,-57.22,-59.89,56.27,-9.61,-0.91
2024/01/01 16:10:28.26,0.26,-31.64,-57.22,-59.89,56.27,-9.61,-0.91
2024/01/01 16:10:28.27,0.27,-31.64,-57.22,-59.89,56.27,-9.61,-0.91
2024/01/01 16:10:28.28,0.28,-31.64,-57.22,-59.89,56.27,-9.61,-0.90
2024/01/01 16:10:28.29,0.29,-31.64,-57.22,-59.89,56.27,-9.61,-0.91
2024/01/01 16:10:28.30,0.30,-31.64,-57.22,-59.89,56.27,-9.61,-0.91
2024/01/01 16:10:28.31,0.31,-31.64,-57.22,-59.89,56.26,-9.61,-0.91
2024/01/01 16:10:28.32,0.32,-31.64,-57.22,-59.89,56.26,-9.61,-0.91
2024/01/01 16:10:28.33,0.33,-31.64,-57.22,-59.89,56.26,-9.61,-0.91
2024/01/01 16:10:28.34,0.34,-31.64,-57.22,-59.89,56.27,-9.61,-0.91
2024/01/01 16:10:28.35,0.35,-31.64,-57.22,-59.89,56.26,-9.61,-0.91
2024/01/01 16:10:28.36,0.36,-31.64,-57.22,-59.89,56.26,-9.61,-0.91
2024/01/01 16:10:28.37,0.37,-31.64,-57.22,-59.89,56.27,-9.61,-0.91
2024/01/01 16:10:28.38,0.38,-31.64,-57.22,-59.89,56.27,-9.61,-0.91
2024/01/01 16:10:28.39,0.39,-31.64,-57.22,-59.89,56.26,-9.61,-0.91
2024/01/01 16:10:28.40,0.40,-31.64,-57.22,-59.89,56.26,-9.61,-0.91
2024/01/01 16:10:28.41,0.41,-31.64,-57.22,-59.89,56.27,-9.61,-0.91
2024/01/01 16:10:28.42,0.42,-31.64,-57.22,-59.89,56.27,-9.61,-0.91
2024/01/01 16:10:28.43,0.43,-31.64,-57.22,-59.89,56.26,-9.61,-0.91
2024/01/01 16:10:28.44,0.44,-31.64,-57.22,-59.89,56.27,-9.61,-0.91
2024/01/01 16:10:28.45,0.45,-31.64,-57.22,-59.89,56.27,-9.61,-0.91
2024/01/01 16:10:28.46,0.46,-31.64,-57.22,-59.89,56.27,-9.61,-0.91
2024/01/01 16:10:28.47,0.47,-31.64,-57.22,-59.89,56.27,-9.61,-0.91
2024/01/01 16:10:28.48,0.48,-31.64,-57.22,-59.89,56.27,-9.61,-0.91
2024/01/01 16:10:28.49,0.49,-31.64,-57.22,-59.89,56.27,-9.61,-0.91
2024/01/01 16:10:28.50,0.50,-31.64,-57.22,-59.89,56.27,-9.61,-0.91
2024/01/01 16:10:28.51,0.51,-31.64,-57.22,-59.89,56.27,-9.61,-0.91
2024/01/01 16:10:28.52,0.52,-31.64,-57.22,-59.89,56.27,-9.61,-0.91
2024/01/01 16:10:28.53,0.53,-31.64,-57.22,-59.89,56.27,-9.61,-0.91
2024/01/01 16:10:28.54,0.54,-31.64,-57.22,-59.89,56.26,-9.61,-0.91
2024/01/01 16:10:28.55,0.55,-31.64,-57.22,-59.89,56.26,-9.61,-0.91
2024/01/01 16:10:28.56,0.56,-31.64,-57.22,-59.89,56.27,-9.61,-0.91
2024/01/01 16:10:28.57,0.57,-31.64,-57.22,-59.89,56.27,-9.61,-0.91
2024/01/01 16:10:28.58,0.58,-31.64,-57.22,-59.89,56.27,-9.61,-0.91
2024/01/01 16:10:28.59,0.59,-31.64,-57.22,-59.90,56.27,-9.61,-0.91
2024/01/01 16:10:28.60,0.60,-31.64,-57.22,-59.89,56.26,-9.61,-0.91
2024/01/01 16:10:28.61,0.61,-31.64,-57.22,-59.89,56.27,-9.61,-0.91
2024/01/01 16:10:28.62,0.62,-31.64,-57.22,-59.89,56.27,-9.61,-0.91
2024/01/01 16:10:28.63,0.63,-31.64,-57.22,-59.89,56.26,-9.61,-0.91
2024/01/01 16:10:28.64,0.64,-31.64,-57.22,-59.89,56.27,-9.61,-0.91
2024/01/01 16:10:28.65,0.65,-31.64,-57.22,-59.90,56.27,-9.61,-0.91
2024/01/01 16:10:28.66,0.66,-31.64,-57.22,-59.90,56.26,-9.61,-0.91
2024/01/01 16:10:28.67,0.67,-31.64,-57.22,-59.89,56.26,-9.61,-0.91
2024/01/01 16:10:28.68,0.68,-31.64,-57.22,-59.89,56.27,-9.61,-0.91
2024/01/01 16:10:28.69,0.69,-31.64,-57.22,-59.89,56.27,-9.61,-0.91
2024/01/01 16:10:28.70,0.70,-31.64,-57.22,-59.89,56.27,-9.61,-0.91
2024/01/01 16:10:28.71,0.71,-31.64,-57.22,-59.90,56.26,-9.61,-0.91
2024/01/01 16:10:28.72,0.72,-31.64,-57.22,-59.89,56.27,-9.61,-0.91
2024/01/01 16:10:28.73,0.73,-31.64,-57.22,-59.89,56.27,-9.61,-0.91
2024/01/01 16:10:28.74,0.74,-31.64,-57.22,-59.90,56.26,-9.61,-0.91
2024/01/01 16:10:28.75,0.75,-31.64,-57.22,-59.90,56.26,-9.61,-0.91
2024/01/01 16:10:28.76,0.76,-31.64,-57.22,-59.89,56.26,-9.61,-0.91
2024/01/01 16:10:28.77,0.77,-31.64,-57.22,-59.89,56.27,-9.61,-0.91
2024/01/01 16:10:28.78,0.78,-31.64,-57.22,-59.89,56.27,-9.61,-0.91
2024/01/01 16:10:28.79,0.79,-31.64,-57.22,-59.89,56.27,-9.61,-0.91
2024/01/01 16:10:28.80,0.80,-31.64,-57.22,-59.89,56.26,-9.61,-0.91
2024/01/01 16:10:28.81,0.81,-31.64,-57.22,-59.89,56.27,-9.61,-0.91
2024/01/01 16:10:28.82,0.82,-31.64,-57.22,-59.90,56.27,-9.61,-0.91
2024/01/01 16:10:28.83,0.83,-31.64,-57.22,-59.89,56.27,-9.61,-0.91
2024/01/01 16:10:28.84,0.84,-31.64,-57.22,-59.89,56.27,-9.61,-0.91
2024/01/01 16:10:28.85,0.85,-31.64,-57.22,-59.90,56.26,-9.61,-0.91
2024/01/01 16:10:28.86,0.86,-31.64,-57.22,-59.89,56.26,-9.61,-0.91
2024/01/01 16:10:28.87,0.87,-31.64,-57.22,-59.89,56.27,-9.61,-0.91
2024/01/01 16:10:28.88,0.88,-31.64,-57.22,-59.90,56.27,-9.61,-0.91
2024/01/01 16:10:28.89,0.89,-31.64,-57.22,-59.90,56.26,-9.61,-0.91
2024/01/01 16:10:28.90,0.90,-31.64,-57.22,-59.89,56.26,-9.61,-0.91
2024/01/01 16:10:28.91,0.91,-31.64,-57.22,-59.89,56.27,-9.61,-0.91
2024/01/01 16:10:28.92,0.92,-31.64,-57.22,-59.89,56.27,-9.61,-0.91
2024/01/01 16:10:28.93,0.93,-31.64,-57.22,-59.90,56.27,-9.61,-0.91
2024/01/01 16:10:28.94,0.94,-31.64,-57.22,-59.90,56.27,-9.61,-0.91
2024/01/01 16:10:28.95,0.95,-31.64,-57.22,-59.89,56.27,-9.61,-0.91
2024/01/01 16:10:28.96,0.96,-31.64,-57.22,-59.89,56.27,-9.61,-0.91
2024/01/01 16:10:28.97,0.97,-31.64,-57.22,-59.89,56.27,-9.61,-0.91
2024/01/01 16:10:28.98,0.98,-31.64,-57.22,-59.90,56.27,-9.61,-0.91
2024/01/01 16:10:28.99,0.99,-31.64,-57.22,-59.90,56.27,-9.61,-0.91
2024/01/01 16:10:29.00,1.00,-31.64,-57.22,-59.90,56.26,-9.61,-0.91
2024/01/01 16:10:29.01,1.01,-31.64,-57.22,-59.89,56.26,-9.61,-0.91
2024/01/01 16:10:29.02,1.02,-31.64,-57.22,-59.89,56.27,-9.61,-0.91
2024/01/01 16:10:29.03,1.03,-31.64,-57.22,-59.89,56.27,-9.61,-0.91
2024/01/01 16:10:29.04,1.04,-31.64,-57.22,-59.89,56.27,-9.61,-0.91
2024/01/01 16:10:29.05,1.05,-31.64,-57.22,-59.89,56.27,-9.61,-0.91
2024/01/01 16:10:29.06,1.06,-31.64,-57.22,-59.89,56.27,-9.61,-0.91
2024/01/01 16:10:29.07,1.07,-31.64,-57.22,-59.89,56.27,-9.61,-0.91
2024/01/01 16:10:29.08,1.08,-31.64,-57.22,-59.89,56.26,-9.61,-0.91
2024/01/01 16:10:29.09,1.09,-31.64,-57.22,-59.89,56.27,-9.61,-0.91
2024/01/01 16:10:29.10,1.10,-31.64,-57.22,-59.89,56.27,-9.61,-0.91
2024/01/01 16:10:29.11,1.11,-31.64,-57.22,-59.89,56.27,-9.61,-0.91
2024/01/01 16:10:29.12,1.12,-31.64,-57.22,-59.89,56.27,-9.61,-0.91
2024/01/01 16:10:29.13,1.13,-31.64,-57.22,-59.89,56.26,-9.61,-0.91
2024/01/01 16:10:29.14,1.14,-31.64,-57.22,-59.89,56.27,-9.61,-0.91
2024/01/01 16:10:29.15,1.15,-31.64,-57.23,-59.89,56.27,-9.61,-0.91
2024/01/01 16:10:29.16,1.16,-31.64,-57.22,-59.89,56.27,-9.61,-0.91
2024/01/01 16:10:29.17,1.17,-31.64,-57.22,-59.89,56.27,-9.61,-0.91
2024/01/01 16:10:29.18,1.18,-31.64,-57.22,-59.89,56.27,-9.61,-0.91
2024/01/01 16:10:29.19,1.19,-31.64,-57.22,-59.90,56.27,-9.61,-0.91
2024/01/01 16:10:29.20,1.20,-31.64,-57.22,-59.89,56.27,-9.61,-0.91
2024/01/01 16:10:29.21,1.21,-31.64,-57.22,-59.89,56.27,-9.61,-0.91
2024/01/01 16:10:29.22,1.22,-31.64,-57.22,-59.89,56.27,-9.61,-0.91
2024/01/01 16:10:29.23,1.23,-31.64,-57.22,-59.89,56.27,-9.61,-0.91
2024/01/01 16:10:29.24,1.24,-31.64,-57.22,-59.89,56.27,-9.61,-0.91
2024/01/01 16:10:29.25,1.25,-31.64,-57.22,-59.89,56.26,-9.61,-0.91
2024/01/01 16:10:29.26,1.26,-31.64,-57.22,-59.89,56.26,-9.61,-0.91
2024/01/01 16:10:29.27,1.27,-31.64,-57.22,-59.89,56.27,-9.61,-0.91
2024/01/01 16:10:29.28,1.28,-31.64,-57.22,-59.89,56.27,-9.61,-0.91
2024/01/01 16:10:29.29,1.29,-31.64,-57.22,-59.89,56.26,-9.61,-0.91
2024/01/01 16:10:29.30,1.30,-31.64,-57.22,-59.89,56.27,-9.61,-0.91
2024/01/01 16:10:29.31,1.31,-31.64,-57.22,-59.89,56.27,-9.61,-0.91
2024/01/01 16:10:29.32,1.32,-31.64,-57.22,-59.89,56.27,-9.61,-0.91
2024/01/01 16:10:29.33,1.33,-31.64,-57.22,-59.89,56.27,-9.61,-0.91
2024/01/01 16:10:29.34,1.34,-31.64,-57.22,-59.89,56.27,-9.61,-0.91
2024/01/01 16:10:29.35,1.35,-31.64,-57.22,-59.89,56.26,-9.61,-0.91
2024/01/01 16:10:29.36,1.36,-31.64,-57.22,-59.89,56.26,-9.61,-0.91
2024/01/01 16:10:29.37,1.37,-31.64,-57.22,-59.89,56.26,-9.61,-0.91
2024/01/01 16:10:29.38,1.38,-31.64,-57.22,-59.89,56.26,-9.61,-0.91
2024/01/01 16:10:29.39,1.39,-31.64,-57.22,-59.89,56.26,-9.61,-0.91
2024/01/01 16:10:29.40,1.40,-31.64,-57.22,-59.89,56.26,-9.61,-0.91
2024/01/01 16:10:29.41,1.41,-31.64,-57.22,-59.89,56.26,-9.61,-0.91
2024/01/01 16:10:29.42,1.42,-31.64,-57.22,-59.89,56.26,-9.61,-0.91
2024/01/01 16:10:29.43,1.43,-31.64,-57.22,-59.89,56.26,-9.61,-0.90
2024/01/01 16:10:29.44,1.44,-31.64,-57.22,-59.89,56.26,-9.61,-0.90
2024/01/01 16:10:29.45,1.45,-31.64,-57.22,-59.89,56.26,-9.61,-0.91
2024/01/01 16:10:29.46,1.46,-31.64,-57.22,-59.89,56.26,-9.61,-0.91
2024/01/01 16:10:29.47,1.47,-31.64,-57.22,-59.89,56.27,-9.61,-0.91
2024/01/01 16:10:29.48,1.48,-31.64,-57.22,-59.89,56.27,-9.61,-0.91
2024/01/01 16:10:29.49,1.49,-31.64,-57.22,-59.89,56.27,-9.61,-0.90
2024/01/01 16:10:29.50,1.50,-31.64,-57.22,-59.89,56.27,-9.61,-0.91
2024/01/01 16:10:29.51,1.51,-31.64,-57.22,-59.89,56.27,-9.61,-0.90
2024/01/01 16:10:29.52,1.52,-31.64,-57.23,-59.89,56.27,-9.61,-0.90
2024/01/01 16:10:29.53,1.53,-31.64,-57.22,-59.89,56.27,-9.61,-0.91
2024/01/01 16:10:29.54,1.54,-31.64,-57.22,-59.89,56.27,-9.61,-0.91
2024/01/01 16:10:29.55,1.55,-31.64,-57.22,-59.89,56.26,-9.61,-0.91
2024/01/01 16:10:29.56,1.56,-31.64,-57.23,-59.89,56.27,-9.61,-0.91
2024/01/01 16:10:29.57,1.57,-31.64,-57.23,-59.89,56.27,-9.61,-0.90
2024/01/01 16:10:29.58,1.58,-31.64,-57.23,-59.89,56.27,-9.61,-0.90
2024/01/01 16:10:29.59,1.59,-31.64,-57.22,-59.89,56.26,-9.61,-0.91
2024/01/01 16:10:29.60,1.60,-31.64,-57.23,-59.89,56.26,-9.61,-0.91
2024/01/01 16:10:29.61,1.61,-31.64,-57.22,-59.89,56.27,-9.61,-0.91
2024/01/01 16:10:29.62,1.62,-31.64,-57.22,-59.89,56.27,-9.61,-0.91
2024/01/01 16:10:29.63,1.63,-31.64,-57.23,-59.89,56.27,-9.61,-0.90
2024/01/01 16:10:29.64,1.64,-31.64,-57.23,-59.89,56.27,-9.61,-0.90
2024/01/01 16:10:29.65,1.65,-31.64,-57.22,-59.89,56.27,-9.61,-0.91
2024/01/01 16:10:29.66,1.66,-31.64,-57.23,-59.89,56.27,-9.61,-0.91
2024/01/01 16:10:29.67,1.67,-31.64,-57.23,-59.89,56.27,-9.61,-0.91
2024/01/01 16:10:29.68,1.68,-31.64,-57.22,-59.89,56.27,-9.61,-0.91
2024/01/01 16:10:29.69,1.69,-31.64,-57.22,-59.89,56.27,-9.61,-0.90
2024/01/01 16:10:29.70,1.70,-31.64,-57.23,-59.89,56.27,-9.61,-0.91
2024/01/01 16:10:29.71,1.71,-31.64,-57.22,-59.89,56.27,-9.61,-0.91
2024/01/01 16:10:29.72,1.72,-31.64,-57.23,-59.89,56.27,-9.61,-0.90
2024/01/01 16:10:29.73,1.73,-31.64,-57.23,-59.89,56.27,-9.61,-0.90
2024/01/01 16:10:29.74,1.74,-31.64,-57.22,-59.89,56.27,-9.61,-0.91
2024/01/01 16:10:29.75,1.75,-31.64,-57.22,-59.89,56.27,-9.61,-0.91
2024/01/01 16:10:29.76,1.76,-31.64,-57.23,-59.89,56.27,-9.61,-0.91
2024/01/01 16:10:29.77,1.77,-31.64,-57.22,-59.89,56.27,-9.61,-0.90
2024/01/01 16:10:29.78,1.78,-31.64,-57.23,-59.89,56.27,-9.61,-0.90
2024/01/01 16:10:29.79,1.79,-31.64,-57.23,-59.89,56.27,-9.61,-0.91
2024/01/01 16:10:29.80,1.80,-31.64,-57.22,-59.89,56.27,-9.61,-0.91
2024/01/01 16:10:29.81,1.81,-31.64,-57.23,-59.89,56.27,-9.61,-0.90
2024/01/01 16:10:29.82,1.82,-31.64,-57.23,-59.89,56.27,-9.61,-0.90
2024/01/01 16:10:29.83,1.83,-31.64,-57.23,-59.89,56.27,-9.61,-0.90
2024/01/01 16:10:29.84,1.84,-31.64,-57.23,-59.89,56.27,-9.61,-0.91
2024/01/01 16:10:29.85,1.85,-31.64,-57.23,-59.89,56.27,-9.61,-0.91
2024/01/01 16:10:29.86,1.86,-31.64,-57.23,-59.89,56.27,-9.61,-0.91
2024/01/01 16:10:29.87,1.87,-31.64,-57.23,-59.89,56.27,-9.61,-0.90
2024/01/01 16:10:29.88,1.88,-31.64,-57.23,-59.89,56.27,-9.61,-0.90
2024/01/01 16:10:29.89,1.89,-31.64,-57.23,-59.89,56.26,-9.61,-0.90
2024/01/01 16:10:29.90,1.90,-31.64,-57.23,-59.89,56.26,-9.61,-0.90
2024/01/01 16:10:29.91,1.91,-31.64,-57.23,-59.89,56.27,-9.61,-0.91
2024/01/01 16:10:29.92,1.92,-31.64,-57.23,-59.89,56.27,-9.61,-0.91
2024/01/01 16:10:29.93,1.93,-31.64,-57.23,-59.89,56.27,-9.61,-0.90
2024/01/01 16:10:29.94,1.94,-31.64,-57.23,-59.89,56.27,-9.61,-0.90
2024/01/01 16:10:29.95,1.95,-31.64,-57.23,-59.89,56.26,-9.61,-0.90
2024/01/01 16:10:29.96,1.96,-31.64,-57.23,-59.89,56.26,-9.61,-0.91
2024/01/01 16:10:29.97,1.97,-31.64,-57.23,-59.89,56.27,-9.61,-0.90
2024/01/01 16:10:29.98,1.98,-31.64,-57.23,-59.89,56.27,-9.61,-0.90
2024/01/01 16:10:29.99,1.99,-31.64,-57.23,-59.89,56.27,-9.61,-0.91
2024/01/01 16:10:30.00,2.00,-31.64,-57.23,-59.89,56.26,-9.61,-0.91
2024/01/01 16:10:30.01,2.01,-31.64,-57.23,-59.89,56.26,-9.61,-0.90
2024/01/01 16:10:30.02,2.02,-31.64,-57.23,-59.89,56.26,-9.61,-0.90
2024/01/01 16:10:30.03,2.03,-31.64,-57.23,-59.89,56.27,-9.61,-0.91
2024/01/01 16:10:30.04,2.04,-31.64,-57.23,-59.89,56.26,-9.61,-0.91
2024/01/01 16:10:30.05,2.05,-31.64,-57.23,-59.89,56.26,-9.61,-0.90
2024/01/01 16:10:30.06,2.06,-31.64,-57.23,-59.89,56.27,-9.62,-0.90
2024/01/01 16:10:30.07,2.07,-31.64,-57.23,-59.89,56.27,-9.61,-0.91
2024/01/01 16:10:30.08,2.08,-31.64,-57.23,-59.89,56.26,-9.61,-0.90
2024/01/01 16:10:30.09,2.09,-31.64,-57.23,-59.89,56.27,-9.61,-0.90
2024/01/01 16:10:30.10,2.10,-31.64,-57.23,-59.89,56.27,-9.61,-0.91
2024/01/01 16:10:30.11,2.11,-31.64,-57.23,-59.89,56.26,-9.61,-0.91
2024/01/01 16:10:30.12,2.12,-31.64,-57.23,-59.89,56.26,-9.61,-0.90
2024/01/01 16:10:30.13,2.13,-31.64,-57.23,-59.89,56.26,-9.61,-0.91
2024/01/01 16:10:30.14,2.14,-31.64,-57.23,-59.89,56.26,-9.61,-0.91
2024/01/01 16:10:30.15,2.15,-31.64,-57.23,-59.89,56.26,-9.61,-0.90
2024/01/01 16:10:30.16,2.16,-31.64,-57.23,-59.89,56.26,-9.61,-0.90
2024/01/01 16:10:30.17,2.17,-31.64,-57.23,-59.89,56.27,-9.62,-0.90
2024/01/01 16:10:30.18,2.18,-31.64,-57.23,-59.89,56.27,-9.61,-0.91
2024/01/01 16:10:30.19,2.19,-31.64,-57.23,-59.89,56.26,-9.61,-0.91
2024/01/01 16:10:30.20,2.20,-31.64,-57.23,-59.89,56.26,-9.61,-0.90
2024/01/01 16:10:30.21,2.21,-31.64,-57.23,-59.89,56.26,-9.61,-0.90
2024/01/01 16:10:30.22,2.22,-31.64,-57.23,-59.89,56.26,-9.61,-0.90
2024/01/01 16:10:30.23,2.23,-31.64,-57.23,-59.89,56.26,-9.61,-0.90
2024/01/01 16:10:30.24,2.24,-31.64,-57.23,-59.89,56.26,-9.61,-0.91
2024/01/01 16:10:30.25,2.25,-31.64,-57.22,-59.89,56.26,-9.61,-0.91
2024/01/01 16:10:30.26,2.26,-31.64,-57.23,-59.89,56.26,-9.61,-0.91
2024/01/01 16:10:30.27,2.27,-31.64,-57.23,-59.89,56.27,-9.61,-0.91
2024/01/01 16:10:30.28,2.28,-31.64,-57.23,-59.89,56.26,-9.61,-0.90
2024/01/01 16:10:30.29,2.29,-31.64,-57.23,-59.89,56.26,-9.61,-0.90
2024/01/01 16:10:30.30,2.30,-31.64,-57.23,-59.89,56.27,-9.61,-0.91
2024/01/01 16:10:30.31,2.31,-31.64,-57.23,-59.89,56.26,-9.61,-0.90
2024/01/01 16:10:30.32,2.32,-31.64,-57.23,-59.89,56.26,-9.61,-0.91
2024/01/01 16:10:30.33,2.33,-31.64,-57.23,-59.89,56.26,-9.61,-0.91
2024/01/01 16:10:30.34,2.34,-31.64,-57.22,-59.89,56.26,-9.61,-0.90
2024/01/01 16:10:30.35,2.35,-31.64,-57.22,-59.89,56.26,-9.61,-0.91
2024/01/01 16:10:30.36,2.36,-31.64,-57.22,-59.89,56.26,-9.61,-0.91
2024/01/01 16:10:30.37,2.37,-31.64,-57.23,-59.89,56.26,-9.61,-0.90
2024/01/01 16:10:30.38,2.38,-31.64,-57.22,-59.89,56.26,-9.61,-0.90
2024/01/01 16:10:30.39,2.39,-31.64,-57.22,-59.89,56.26,-9.61,-0.91
2024/01/01 16:10:30.40,2.40,-31.64,-57.22,-59.89,56.26,-9.61,-0.91
2024/01/01 16:10:30.41,2.41,-31.64,-57.22,-59.89,56.26,-9.61,-0.91
2024/01/01 16:10:30.42,2.42,-31.64,-57.22,-59.89,56.26,-9.61,-0.91
2024/01/01 16:10:30.43,2.43,-31.64,-57.23,-59.89,56.26,-9.61,-0.91
2024/01/01 16:10:30.44,2.44,-31.64,-57.22,-59.89,56.26,-9.61,-0.91
2024/01/01 16:10:30.45,2.45,-31.64,-57.22,-59.89,56.26,-9.61,-0.90
2024/01/01 16:10:30.46,2.46,-31.64,-57.22,-59.90,56.26,-9.61,-0.91
2024/01/01 16:10:30.47,2.47,-31.64,-57.22,-59.90,56.26,-9.61,-0.91
2024/01/01 16:10:30.48,2.48,-31.64,-57.22,-59.89,56.26,-9.61,-0.91
2024/01/01 16:10:30.49,2.49,-31.64,-57.22,-59.89,56.26,-9.61,-0.91
2024/01/01 16:10:30.50,2.50,-31.64,-57.22,-59.90,56.26,-9.61,-0.91
2024/01/01 16:10:30.51,2.51,-31.64,-57.22,-59.90,56.26,-9.61,-0.91
2024/01/01 16:10:30.52,2.52,-31.64,-57.22,-59.90,56.26,-9.61,-0.91
2024/01/01 16:10:30.53,2.53,-31.64,-57.22,-59.89,56.26,-9.61,-0.91
2024/01/01 16:10:30.54,2.54,-31.64,-57.22,-59.89,56.26,-9.61,-0.91
2024/01/01 16:10:30.55,2.55,-31.64,-57.22,-59.90,56.26,-9.61,-0.91
2024/01/01 16:10:30.56,2.56,-31.64,-57.22,-59.90,56.26,-9.61,-0.91
2024/01/01 16:10:30.57,2.57,-31.64,-57.22,-59.90,56.26,-9.61,-0.91
2024/01/01 16:10:30.58,2.58,-31.64,-57.22,-59.89,56.26,-9.61,-0.91
2024/01/01 16:10:30.59,2.59,-31.64,-57.22,-59.89,56.26,-9.61,-0.91
2024/01/01 16:10:30.60,2.60,-31.64,-57.22,-59.89,56.26,-9.61,-0.91
2024/01/01 16:10:30.61,2.61,-31.65,-57.22,-59.90,56.26,-9.61,-0.91
2024/01/01 16:10:30.62,2.62,-31.64,-57.22,-59.90,56.26,-9.61,-0.91
2024/01/01 16:10:30.63,2.63,-31.64,-57.22,-59.89,56.26,-9.61,-0.91
2024/01/01 16:10:30.64,2.64,-31.64,-57.22,-59.89,56.26,-9.61,-0.91
2024/01/01 16:10:30.65,2.65,-31.64,-57.22,-59.89,56.26,-9.61,-0.91
2024/01/01 16:10:30.66,2.66,-31.64,-57.22,-59.89,56.26,-9.61,-0.91
2024/01/01 16:10:30.67,2.67,-31.64,-57.22,-59.90,56.26,-9.61,-0.91
2024/01/01 16:10:30.68,2.68,-31.64,-57.22,-59.90,56.26,-9.61,-0.91
2024/01/01 16:10:30.69,2.69,-31.64,-57.22,-59.89,56.26,-9.61,-0.91
2024/01/01 16:10:30.70,2.70,-31.64,-57.22,-59.89,56.26,-9.61,-0.91
2024/01/01 16:10:30.71,2.71,-31.64,-57.22,-59.90,56.26,-9.61,-0.91
2024/01/01 16:10:30.72,2.72,-31.64,-57.22,-59.90,56.26,-9.61,-0.91
2024/01/01 16:10:30.73,2.73,-31.64,-57.22,-59.90,56.26,-9.61,-0.91
2024/01/01 16:10:30.74,2.74,-31.64,-57.22,-59.89,56.26,-9.61,-0.91
2024/01/01 16:10:30.75,2.75,-31.64,-57.22,-59.89,56.26,-9.61,-0.91
2024/01/01 16:10:30.76,2.76,-31.64,-57.22,-59.90,56.26,-9.61,-0.91
2024/01/01 16:10:30.77,2.77,-31.64,-57.22,-59.90,56.26,-9.61,-0.91
2024/01/01 16:10:30.78,2.78,-31.64,-57.22,-59.90,56.26,-9.61,-0.91
2024/01/01 16:10:30.79,2.79,-31.64,-57.22,-59.90,56.26,-9.61,-0.91
2024/01/01 16:10:30.80,2.80,-31.64,-57.22,-59.90,56.26,-9.61,-0.91
2024/01/01 16:10:30.81,2.81,-31.64,-57.22,-59.90,56.26,-9.61,-0.91
2024/01/01 16:10:30.82,2.82,-31.64,-57.22,-59.90,56.26,-9.61,-0.91
2024/01/01 16:10:30.83,2.83,-31.64,-57.22,-59.89,56.26,-9.61,-0.91
2024/01/01 16:10:30.84,2.84,-31.64,-57.22,-59.90,56.26,-9.61,-0.91
2024/01/01 16:10:30.85,2.85,-31.64,-57.22,-59.90,56.26,-9.61,-0.91
2024/01/01 16:10:30.86,2.86,-31.64,-57.22,-59.90,56.26,-9.61,-0.91
2024/01/01 16:10:30.87,2.87,-31.64,-57.22,-59.90,56.26,-9.61,-0.91
2024/01/01 16:10:30.88,2.88,-31.64,-57.22,-59.90,56.26,-9.61,-0.91
2024/01/01 16:10:30.89,2.89,-31.64,-57.22,-59.90,56.26,-9.61,-0.91
2024/01/01 16:10:30.90,2.90,-31.64,-57.22,-59.89,56.26,-9.61,-0.91
2024/01/01 16:10:30.91,2.91,-31.64,-57.22,-59.89,56.26,-9.61,-0.91
2024/01/01 16:10:30.92,2.92,-31.64,-57.22,-59.89,56.26,-9.61,-0.91
2024/01/01 16:10:30.93,2.93,-31.64,-57.22,-59.90,56.26,-9.61,-0.91
2024/01/01 16:10:30.94,2.94,-31.64,-57.22,-59.90,56.26,-9.61,-0.91
2024/01/01 16:10:30.95,2.95,-31.64,-57.22,-59.90,56.26,-9.61,-0.91
2024/01/01 16:10:30.96,2.96,-31.65,-57.22,-59.89,56.26,-9.61,-0.91
2024/01/01 16:10:30.97,2.97,-31.64,-57.22,-59.89,56.26,-9.61,-0.91
2024/01/01 16:10:30.98,2.98,-31.64,-57.22,-59.90,56.26,-9.61,-0.91
2024/01/01 16:10:30.99,2.99,-31.64,-57.22,-59.90,56.26,-9.61,-0.91
2024/01/01 16:10:31.00,3.00,-31.64,-57.22,-59.90,56.26,-9.61,-0.91
2024/01/01 16:10:31.01,3.01,-31.64,-57.22,-59.90,56.26,-9.61,-0.91
2024/01/01 16:10:31.02,3.02,-31.64,-57.22,-59.90,56.26,-9.61,-0.91
2024/01/01 16:10:31.03,3.03,-31.64,-57.22,-59.89,56.26,-9.61,-0.91
2024/01/01 16:10:31.04,3.04,-31.64,-57.22,-59.89,56.26,-9.61,-0.91
2024/01/01 16:10:31.05,3.05,-31.64,-57.22,-59.90,56.26,-9.61,-0.91
2024/01/01 16:10:31.06,3.06,-31.64,-57.22,-59.90,56.26,-9.61,-0.91
2024/01/01 16:10:31.07,3.07,-31.64,-57.22,-59.89,56.26,-9.61,-0.91
2024/01/01 16:10:31.08,3.08,-31.64,-57.22,-59.90,56.26,-9.61,-0.91
2024/01/01 16:10:31.09,3.09,-31.64,-57.22,-59.89,56.26,-9.61,-0.91
2024/01/01 16:10:31.10,3.10,-31.64,-57.22,-59.89,56.26,-9.61,-0.91
2024/01/01 16:10:31.11,3.11,-31.64,-57.22,-59.90,56.26,-9.61,-0.91
2024/01/01 16:10:31.12,3.12,-31.64,-57.22,-59.90,56.26,-9.61,-0.91
2024/01/01 16:10:31.13,3.13,-31.64,-57.22,-59.89,56.26,-9.61,-0.91
2024/01/01 16:10:31.14,3.14,-31.64,-57.22,-59.90,56.26,-9.61,-0.91
2024/01/01 16:10:31.15,3.15,-31.64,-57.22,-59.90,56.26,-9.61,-0.91
2024/01/01 16:10:31.16,3.16,-31.64,-57.22,-59.89,56.26,-9.61,-0.91
2024/01/01 16:10:31.17,3.17,-31.64,-57.22,-59.89,56.26,-9.61,-0.91
2024/01/01 16:10:31.18,3.18,-31.64,-57.22,-59.90,56.26,-9.61,-0.91
2024/01/01 16:10:31.19,3.19,-31.64,-57.22,-59.90,56.26,-9.61,-0.91
2024/01/01 16:10:31.20,3.20,-31.64,-57.22,-59.90,56.26,-9.61,-0.91
2024/01/01 16:10:31.21,3.21,-31.64,-57.22,-59.90,56.26,-9.61,-0.91
2024/01/01 16:10:31.22,3.22,-31.64,-57.22,-59.90,56.26,-9.61,-0.91
2024/01/01 16:10:31.23,3.23,-31.64,-57.22,-59.90,56.26,-9.61,-0.91
2024/01/01 16:10:31.24,3.24,-31.64,-57.22,-59.89,56.26,-9.61,-0.91
2024/01/01 16:10:31.25,3.25,-31.64,-57.22,-59.89,56.26,-9.61,-0.91
2024/01/01 16:10:31.26,3.26,-31.64,-57.22,-59.89,56.26,-9.61,-0.91
2024/01/01 16:10:31.27,3.27,-31.64,-57.22,-59.89,56.26,-9.61,-0.91
2024/01/01 16:10:31.28,3.28,-31.64,-57.22,-59.89,56.26,-9.61,-0.91
2024/01/01 16:10:31.29,3.29,-31.64,-57.22,-59.89,56.26,-9.61,-0.91
2024/01/01 16:10:31.30,3.30,-31.64,-57.22,-59.89,56.26,-9.61,-0.91
2024/01/01 16:10:31.31,3.31,-31.64,-57.22,-59.90,56.26,-9.61,-0.91
2024/01/01 16:10:31.32,3.32,-31.64,-57.22,-59.90,56.26,-9.61,-0.91
2024/01/01 16:10:31.33,3.33,-31.64,-57.22,-59.89,56.26,-9.61,-0.91
2024/01/01 16:10:31.34,3.34,-31.64,-57.22,-59.90,56.26,-9.61,-0.91
2024/01/01 16:10:31.35,3.35,-31.64,-57.22,-59.90,56.26,-9.61,-0.91
2024/01/01 16:10:31.36,3.36,-31.64,-57.22,-59.90,56.26,-9.61,-0.91
2024/01/01 16:10:31.37,3.37,-31.64,-57.22,-59.89,56.27,-9.61,-0.91
2024/01/01 16:10:31.38,3.38,-31.64,-57.22,-59.89,56.26,-9.61,-0.91
2024/01/01 16:10:31.39,3.39,-31.64,-57.22,-59.89,56.26,-9.61,-0.91
2024/01/01 16:10:31.40,3.40,-31.64,-57.22,-59.90,56.26,-9.61,-0.91
2024/01/01 16:10:31.41,3.41,-31.64,-57.22,-59.89,56.26,-9.61,-0.91
2024/01/01 16:10:31.42,3.42,-31.64,-57.22,-59.89,56.26,-9.61,-0.91
2024/01/01 16:10:31.43,3.43,-31.64,-57.22,-59.89,56.26,-9.61,-0.91
2024/01/01 16:10:31.44,3.44,-31.64,-57.22,-59.89,56.26,-9.61,-0.91
2024/01/01 16:10:31.45,3.45,-31.64,-57.22,-59.90,56.26,-9.61,-0.91
2024/01/01 16:10:31.46,3.46,-31.64,-57.22,-59.90,56.26,-9.61,-0.91
2024/01/01 16:10:31.47,3.47,-31.64,-57.22,-59.89,56.26,-9.61,-0.90
2024/01/01 16:10:31.48,3.48,-31.64,-57.22,-59.89,56.26,-9.61,-0.91
2024/01/01 16:10:31.49,3.49,-31.64,-57.22,-59.89,56.26,-9.61,-0.91
2024/01/01 16:10:31.50,3.50,-31.64,-57.22,-59.89,56.26,-9.61,-0.91
2024/01/01 16:10:31.51,3.51,-31.64,-57.22,-59.90,56.26,-9.61,-0.91
2024/01/01 16:10:31.52,3.52,-31.64,-57.23,-59.90,56.27,-9.61,-0.91
2024/01/01 16:10:31.53,3.53,-31.64,-57.23,-59.90,56.27,-9.61,-0.91
2024/01/01 16:10:31.54,3.54,-31.64,-57.23,-59.89,56.26,-9.61,-0.91
2024/01/01 16:10:31.55,3.55,-31.64,-57.22,-59.89,56.26,-9.61,-0.91
2024/01/01 16:10:31.56,3.56,-31.64,-57.22,-59.89,56.26,-9.61,-0.91
2024/01/01 16:10:31.57,3.57,-31.64,-57.23,-59.89,56.27,-9.61,-0.91
2024/01/01 16:10:31.58,3.58,-31.64,-57.22,-59.89,56.26,-9.61,-0.91
2024/01/01 16:10:31.59,3.59,-31.64,-57.22,-59.89,56.26,-9.61,-0.90
2024/01/01 16:10:31.60,3.60,-31.64,-57.23,-59.89,56.27,-9.61,-0.91
2024/01/01 16:10:31.61,3.61,-31.64,-57.23,-59.89,56.27,-9.61,-0.91
2024/01/01 16:10:31.62,3.62,-31.64,-57.22,-59.89,56.27,-9.61,-0.91
2024/01/01 16:10:31.63,3.63,-31.64,-57.23,-59.89,56.27,-9.61,-0.91
2024/01/01 16:10:31.64,3.64,-31.64,-57.23,-59.89,56.27,-9.61,-0.91
2024/01/01 16:10:31.65,3.65,-31.64,-57.22,-59.89,56.26,-9.61,-0.91
2024/01/01 16:10:31.66,3.66,-31.64,-57.23,-59.89,56.26,-9.61,-0.91
2024/01/01 16:10:31.67,3.67,-31.64,-57.23,-59.89,56.27,-9.61,-0.91
2024/01/01 16:10:31.68,3.68,-31.64,-57.23,-59.89,56.26,-9.61,-0.91
2024/01/01 16:10:31.69,3.69,-31.64,-57.22,-59.89,56.26,-9.61,-0.91
2024/01/01 16:10:31.70,3.70,-31.64,-57.23,-59.89,56.27,-9.61,-0.90
2024/01/01 16:10:31.71,3.71,-31.64,-57.23,-59.89,56.26,-9.61,-0.91
2024/01/01 16:10:31.72,3.72,-31.64,-57.23,-59.89,56.26,-9.61,-0.90
2024/01/01 16:10:31.73,3.73,-31.64,-57.23,-59.89,56.26,-9.61,-0.90
2024/01/01 16:10:31.74,3.74,-31.64,-57.23,-59.89,56.27,-9.61,-0.91
2024/01/01 16:10:31.75,3.75,-31.64,-57.23,-59.89,56.27,-9.61,-0.91
2024/01/01 16:10:31.76,3.76,-31.64,-57.23,-59.89,56.26,-9.61,-0.90
2024/01/01 16:10:31.77,3.77,-31.64,-57.23,-59.89,56.26,-9.61,-0.91
2024/01/01 16:10:31.78,3.78,-31.64,-57.23,-59.89,56.26,-9.61,-0.91
2024/01/01 16:10:31.79,3.79,-31.64,-57.23,-59.89,56.26,-9.61,-0.91
2024/01/01 16:10:31.80,3.80,-31.64,-57.23,-59.89,56.27,-9.61,-0.91
2024/01/01 16:10:31.81,3.81,-31.64,-57.23,-59.89,56.27,-9.61,-0.91
2024/01/01 16:10:31.82,3.82,-31.64,-57.23,-59.89,56.26,-9.61,-0.91
2024/01/01 16:10:31.83,3.83,-31.64,-57.23,-59.89,56.26,-9.61,-0.90
2024/01/01 16:10:31.84,3.84,-31.64,-57.23,-59.89,56.27,-9.61,-0.91
2024/01/01 16:10:31.85,3.85,-31.64,-57.22,-59.89,56.26,-9.61,-0.91
2024/01/01 16:10:31.86,3.86,-31.64,-57.22,-59.89,56.26,-9.61,-0.90
2024/01/01 16:10:31.87,3.87,-31.64,-57.22,-59.89,56.26,-9.61,-0.90
2024/01/01 16:10:31.88,3.88,-31.64,-57.23,-59.89,56.26,-9.61,-0.91
2024/01/01 16:10:31.89,3.89,-31.64,-57.22,-59.89,56.26,-9.61,-0.91
2024/01/01 16:10:31.90,3.90,-31.64,-57.22,-59.89,56.27,-9.61,-0.91
2024/01/01 16:10:31.91,3.91,-31.64,-57.22,-59.89,56.27,-9.61,-0.91
2024/01/01 16:10:31.92,3.92,-31.64,-57.22,-59.89,56.26,-9.61,-0.91
2024/01/01 16:10:31.93,3.93,-31.64,-57.22,-59.89,56.26,-9.61,-0.91
2024/01/01 16:10:31.94,3.94,-31.64,-57.22,-59.89,56.26,-9.61,-0.91
2024/01/01 16:10:31.95,3.95,-31.64,-57.22,-59.89,56.27,-9.61,-0.91
2024/01/01 16:10:31.96,3.96,-31.64,-57.22,-59.89,56.26,-9.61,-0.91
2024/01/01 16:10:31.97,3.97,-31.64,-57.22,-59.89,56.26,-9.61,-0.91
2024/01/01 16:10:31.98,3.98,-31.64,-57.23,-59.89,56.26,-9.61,-0.91
2024/01/01 16:10:31.99,3.99,-31.64,-57.23,-59.89,56.26,-9.61,-0.91
2024/01/01 16:10:32.00,4.00,-31.64,-57.22,-59.89,56.26,-9.61,-0.91
2024/01/01 16:10:32.01,4.01,-31.64,-57.22,-59.89,56.26,-9.61,-0.91
2024/01/01 16:10:32.02,4.02,-31.64,-57.22,-59.89,56.26,-9.61,-0.91
2024/01/01 16:10:32.03,4.03,-31.64,-57.22,-59.89,56.26,-9.61,-0.90
2024/01/01 16:10:32.04,4.04,-31.64,-57.22,-59.89,56.26,-9.61,-0.90
2024/01/01 16:10:32.05,4.05,-31.64,-57.22,-59.89,56.27,-9.61,-0.91
2024/01/01 16:10:32.06,4.06,-31.64,-57.22,-59.89,56.27,-9.61,-0.91
2024/01/01 16:10:32.07,4.07,-31.64,-57.22,-59.89,56.27,-9.61,-0.90
2024/01/01 16:10:32.08,4.08,-31.64,-57.22,-59.89,56.26,-9.61,-0.90
2024/01/01 16:10:32.09,4.09,-31.64,-57.22,-59.89,56.26,-9.61,-0.90
2024/01/01 16:10:32.10,4.10,-31.64,-57.22,-59.89,56.27,-9.61,-0.91
2024/01/01 16:10:32.11,4.11,-31.64,-57.22,-59.89,56.27,-9.61,-0.91
2024/01/01 16:10:32.12,4.12,-31.64,-57.22,-59.89,56.27,-9.61,-0.91
2024/01/01 16:10:32.13,4.13,-31.64,-57.22,-59.89,56.27,-9.61,-0.91
2024/01/01 16:10:32.14,4.14,-31.64,-57.22,-59.89,56.27,-9.61,-0.91
2024/01/01 16:10:32.15,4.15,-31.64,-57.22,-59.89,56.27,-9.61,-0.90
2024/01/01 16:10:32.16,4.16,-31.64,-57.22,-59.89,56.26,-9.61,-0.91
2024/01/01 16:10:32.17,4.17,-31.64,-57.22,-59.89,56.27,-9.61,-0.91
2024/01/01 16:10:32.18,4.18,-31.64,-57.22,-59.89,56.27,-9.61,-0.91
2024/01/01 16:10:32.19,4.19,-31.64,-57.22,-59.89,56.26,-9.61,-0.90
2024/01/01 16:10:32.20,4.20,-31.64,-57.22,-59.89,56.26,-9.61,-0.90
2024/01/01 16:10:32.21,4.21,-31.64,-57.22,-59.89,56.27,-9.61,-0.91
2024/01/01 16:10:32.22,4.22,-31.64,-57.22,-59.89,56.26,-9.61,-0.91
2024/01/01 16:10:32.23,4.23,-31.64,-57.22,-59.89,56.26,-9.61,-0.91
2024/01/01 16:10:32.24,4.24,-31.64,-57.22,-59.89,56.26,-9.61,-0.91
2024/01/01 16:10:32.25,4.25,-31.64,-57.22,-59.89,56.27,-9.61,-0.91
2024/01/01 16:10:32.26,4.26,-31.64,-57.22,-59.89,56.26,-9.61,-0.91
2024/01/01 16:10:32.27,4.27,-31.64,-57.22,-59.89,56.26,-9.61,-0.91
2024/01/01 16:10:32.28,4.28,-31.64,-57.22,-59.89,56.26,-9.61,-0.91
2024/01/01 16:10:32.29,4.29,-31.64,-57.22,-59.89,56.26,-9.61,-0.91
2024/01/01 16:10:32.30,4.30,-31.64,-57.22,-59.89,56.26,-9.61,-0.91
2024/01/01 16:10:32.31,4.31,-31.64,-57.22,-59.89,56.26,-9.61,-0.91
2024/01/01 16:10:32.32,4.32,-31.64,-57.22,-59.89,56.26,-9.61,-0.90
2024/01/01 16:10:32.33,4.33,-31.64,-57.22,-59.89,56.26,-9.61,-0.91
2024/01/01 16:10:32.34,4.34,-31.64,-57.22,-59.89,56.26,-9.61,-0.91
2024/01/01 16:10:32.35,4.35,-31.64,-57.22,-59.89,56.26,-9.61,-0.91
2024/01/01 16:10:32.36,4.36,-31.64,-57.22,-59.89,56.26,-9.61,-0.91
2024/01/01 16:10:32.37,4.37,-31.64,-57.22,-59.89,56.26,-9.61,-0.91
2024/01/01 16:10:32.38,4.38,-31.64,-57.22,-59.89,56.26,-9.61,-0.91
2024/01/01 16:10:32.39,4.39,-31.64,-57.22,-59.89,56.26,-9.61,-0.91
2024/01/01 16:10:32.40,4.40,-31.64,-57.22,-59.89,56.26,-9.61,-0.90
2024/01/01 16:10:32.41,4.41,-31.64,-57.22,-59.89,56.26,-9.61,-0.90
2024/01/01 16:10:32.42,4.42,-31.64,-57.22,-59.89,56.26,-9.61,-0.91
2024/01/01 16:10:32.43,4.43,-31.64,-57.22,-59.89,56.26,-9.61,-0.91
2024/01/01 16:10:32.44,4.44,-31.64,-57.22,-59.89,56.26,-9.61,-0.90
2024/01/01 16:10:32.45,4.45,-31.64,-57.22,-59.89,56.27,-9.61,-0.91
2024/01/01 16:10:32.46,4.46,-31.64,-57.22,-59.89,56.27,-9.61,-0.91
2024/01/01 16:10:32.47,4.47,-31.64,-57.22,-59.89,56.26,-9.61,-0.91
2024/01/01 16:10:32.48,4.48,-31.64,-57.22,-59.89,56.26,-9.61,-0.91
2024/01/01 16:10:32.49,4.49,-31.64,-57.22,-59.89,56.26,-9.61,-0.91
2024/01/01 16:10:32.50,4.50,-31.64,-57.22,-59.89,56.26,-9.61,-0.91
2024/01/01 16:10:32.51,4.51,-31.64,-57.22,-59.89,56.26,-9.61,-0.91
2024/01/01 16:10:32.52,4.52,-31.64,-57.22,-59.89,56.26,-9.61,-0.91
2024/01/01 16:10:32.53,4.53,-31.64,-57.22,-59.89,56.26,-9.61,-0.90
2024/01/01 16:10:32.54,4.54,-31.64,-57.22,-59.89,56.27,-9.61,-0.91
2024/01/01 16:10:32.55,4.55,-31.64,-57.22,-59.89,56.27,-9.61,-0.91
2024/01/01 16:10:32.56,4.56,-31.64,-57.22,-59.89,56.27,-9.61,-0.91
2024/01/01 16:10:32.57,4.57,-31.64,-57.22,-59.89,56.26,-9.61,-0.91
2024/01/01 16:10:32.58,4.58,-31.64,-57.22,-59.89,56.26,-9.61,-0.91
2024/01/01 16:10:32.59,4.59,-31.64,-57.22,-59.89,56.26,-9.61,-0.91
2024/01/01 16:10:32.60,4.60,-31.64,-57.22,-59.89,56.26,-9.61,-0.91
2024/01/01 16:10:32.61,4.61,-31.64,-57.22,-59.89,56.26,-9.61,-0.91
2024/01/01 16:10:32.62,4.62,-31.64,-57.22,-59.89,56.26,-9.61,-0.91
2024/01/01 16:10:32.63,4.63,-31.64,-57.22,-59.89,56.26,-9.61,-0.91
2024/01/01 16:10:32.64,4.64,-31.64,-57.22,-59.90,56.26,-9.61,-0.91
2024/01/01 16:10:32.65,4.65,-31.64,-57.22,-59.89,56.26,-9.61,-0.91
2024/01/01 16:10:32.66,4.66,-31.64,-57.22,-59.89,56.26,-9.61,-0.91
2024/01/01 16:10:32.67,4.67,-31.64,-57.22,-59.90,56.26,-9.61,-0.91
2024/01/01 16:10:32.68,4.68,-31.64,-57.22,-59.90,56.26,-9.61,-0.91
2024/01/01 16:10:32.69,4.69,-31.64,-57.22,-59.90,56.26,-9.61,-0.91
2024/01/01 16:10:32.70,4.70,-31.64,-57.22,-59.90,56.26,-9.61,-0.91
2024/01/01 16:10:32.71,4.71,-31.64,-57.22,-59.90,56.26,-9.61,-0.91
2024/01/01 16:10:32.72,4.72,-31.64,-57.22,-59.90,56.26,-9.61,-0.91
2024/01/01 16:10:32.73,4.73,-31.64,-57.22,-59.90,56.26,-9.61,-0.91
2024/01/01 16:10:32.74,4.74,-31.64,-57.22,-59.90,56.27,-9.61,-0.91
2024/01/01 16:10:32.75,4.75,-31.64,-57.22,-59.90,56.26,-9.61,-0.91
2024/01/01 16:10:32.76,4.76,-31.64,-57.22,-59.90,56.27,-9.61,-0.91
2024/01/01 16:10:32.77,4.77,-31.64,-57.22,-59.90,56.27,-9.61,-0.91
2024/01/01 16:10:32.78,4.78,-31.64,-57.22,-59.90,56.26,-9.61,-0.91
2024/01/01 16:10:32.79,4.79,-31.64,-57.22,-59.90,56.26,-9.61,-0.91
2024/01/01 16:10:32.80,4.80,-31.64,-57.22,-59.89,56.26,-9.61,-0.91
2024/01/01 16:10:32.81,4.81,-31.64,-57.22,-59.90,56.26,-9.61,-0.91
2024/01/01 16:10:32.82,4.82,-31.64,-57.22,-59.90,56.26,-9.61,-0.91
2024/01/01 16:10:32.83,4.83,-31.64,-57.22,-59.89,56.26,-9.61,-0.91
2024/01/01 16:10:32.84,4.84,-31.64,-57.22,-59.89,56.27,-9.61,-0.91
2024/01/01 16:10:32.85,4.85,-31.64,-57.22,-59.89,56.27,-9.61,-0.91
2024/01/01 16:10:32.86,4.86,-31.64,-57.22,-59.90,56.26,-9.61,-0.91
2024/01/01 16:10:32.87,4.87,-31.64,-57.22,-59.89,56.26,-9.61,-0.91
2024/01/01 16:10:32.88,4.88,-31.64,-57.22,-59.89,56.26,-9.61,-0.91
2024/01/01 16:10:32.89,4.89,-31.64,-57.22,-59.89,56.26,-9.61,-0.91
2024/01/01 16:10:32.90,4.90,-31.64,-57.22,-59.90,56.27,-9.61,-0.91
2024/01/01 16:10:32.91,4.91,-31.64,-57.22,-59.90,56.27,-9.61,-0.91
2024/01/01 16:10:32.92,4.92,-31.64,-57.22,-59.89,56.27,-9.61,-0.91
2024/01/01 16:10:32.93,4.93,-31.64,-57.22,-59.89,56.27,-9.61,-0.91
2024/01/01 16:10:32.94,4.94,-31.64,-57.22,-59.89,56.27,-9.61,-0.91
2024/01/01 16:10:32.95,4.95,-31.64,-57.22,-59.89,56.26,-9.61,-0.91
2024/01/01 16:10:32.96,4.96,-31.64,-57.22,-59.89,56.26,-9.61,-0.91
2024/01/01 16:10:32.97,4.97,-31.64,-57.22,-59.90,56.26,-9.61,-0.91
2024/01/01 16:10:32.98,4.98,-31.64,-57.22,-59.89,56.27,-9.61,-0.91
2024/01/01 16:10:32.99,4.99,-31.64,-57.22,-59.89,56.27,-9.61,-0.91
2024/01/01 16:10:33.00,5.00,-31.64,-57.22,-59.89,56.27,-9.61,-0.91
2024/01/01 16:10:33.01,5.01,-31.64,-57.22,-59.89,56.27,-9.61,-0.91
2024/01/01 16:10:33.02,5.02,-31.64,-57.22,-59.90,56.27,-9.61,-0.91
2024/01/01 16:10:33.03,5.03,-31.64,-57.22,-59.89,56.26,-9.61,-0.91
2024/01/01 16:10:33.04,5.04,-31.64,-57.22,-59.89,56.27,-9.61,-0.91
2024/01/01 16:10:33.05,5.05,-31.64,-57.22,-59.90,56.27,-9.61,-0.91
2024/01/01 16:10:33.06,5.06,-31.64,-57.22,-59.90,56.26,-9.61,-0.91
2024/01/01 16:10:33.07,5.07,-31.64,-57.22,-59.90,56.27,-9.61,-0.91
2024/01/01 16:10:33.08,5.08,-31.64,-57.22,-59.90,56.27,-9.61,-0.91
2024/01/01 16:10:33.09,5.09,-31.64,-57.22,-59.90,56.27,-9.61,-0.91
2024/01/01 16:10:33.10,5.10,-31.64,-57.22,-59.90,56.26,-9.61,-0.91
2024/01/01 16:10:33.11,5.11,-31.64,-57.22,-59.90,56.26,-9.61,-0.91
2024/01/01 16:10:33.12,5.12,-31.64,-57.22,-59.90,56.27,-9.61,-0.91
2024/01/01 16:10:33.13,5.13,-31.64,-57.22,-59.90,56.27,-9.61,-0.91
2024/01/01 16:10:33.14,5.14,-31.64,-57.22,-59.90,56.26,-9.61,-0.91
2024/01/01 16:10:33.15,5.15,-31.64,-57.22,-59.90,56.26,-9.61,-0.91
2024/01/01 16:10:33.16,5.16,-31.64,-57.22,-59.90,56.27,-9.61,-0.91
2024/01/01 16:10:33.17,5.17,-31.64,-57.22,-59.89,56.26,-9.61,-0.91
2024/01/01 16:10:33.18,5.18,-31.64,-57.22,-59.89,56.26,-9.61,-0.91
2024/01/01 16:10:33.19,5.19,-31.64,-57.22,-59.90,56.27,-9.61,-0.91
2024/01/01 16:10:33.20,5.20,-31.64,-57.22,-59.89,56.26,-9.61,-0.91
2024/01/01 16:10:33.21,5.21,-31.64,-57.22,-59.90,56.26,-9.61,-0.91
2024/01/01 16:10:33.22,5.22,-31.64,-57.22,-59.90,56.26,-9.61,-0.91
2024/01/01 16:10:33.23,5.23,-31.64,-57.22,-59.90,56.27,-9.61,-0.91
2024/01/01 16:10:33.24,5.24,-31.64,-57.22,-59.90,56.26,-9.61,-0.91
2024/01/01 16:10:33.25,5.25,-31.64,-57.22,-59.90,56.26,-9.61,-0.91
2024/01/01 16:10:33.26,5.26,-31.64,-57.22,-59.90,56.27,-9.61,-0.91
2024/01/01 16:10:33.27,5.27,-31.64,-57.22,-59.90,56.26,-9.61,-0.91
2024/01/01 16:10:33.28,5.28,-31.64,-57.22,-59.89,56.26,-9.61,-0.91
2024/01/01 16:10:33.29,5.29,-31.64,-57.22,-59.90,56.27,-9.61,-0.91
2024/01/01 16:10:33.30,5.30,-31.64,-57.22,-59.90,56.27,-9.61,-0.91
2024/01/01 16:10:33.31,5.31,-31.64,-57.22,-59.90,56.26,-9.61,-0.91
2024/01/01 16:10:33.32,5.32,-31.64,-57.22,-59.89,56.26,-9.61,-0.91
2024/01/01 16:10:33.33,5.33,-31.64,-57.22,-59.89,56.26,-9.61,-0.91
2024/01/01 16:10:33.34,5.34,-31.64,-57.22,-59.90,56.26,-9.61,-0.91
2024/01/01 16:10:33.35,5.35,-31.64,-57.22,-59.90,56.27,-9.61,-0.91
2024/01/01 16:10:33.36,5.36,-31.64,-57.22,-59.90,56.27,-9.61,-0.91
2024/01/01 16:10:33.37,5.37,-31.64,-57.22,-59.90,56.27,-9.61,-0.91
2024/01/01 16:10:33.38,5.38,-31.64,-57.22,-59.90,56.27,-9.61,-0.91
2024/01/01 16:10:33.39,5.39,-31.64,-57.22,-59.90,56.27,-9.61,-0.91
2024/01/01 16:10:33.40,5.40,-31.64,-57.22,-59.89,56.27,-9.61,-0.91
2024/01/01 16:10:33.41,5.41,-31.64,-57.22,-59.89,56.27,-9.61,-0.91
2024/01/01 16:10:33.42,5.42,-31.64,-57.22,-59.89,56.27,-9.61,-0.91
2024/01/01 16:10:33.43,5.43,-31.64,-57.22,-59.90,56.27,-9.61,-0.91
2024/01/01 16:10:33.44,5.44,-31.64,-57.22,-59.90,56.26,-9.61,-0.91
2024/01/01 16:10:33.45,5.45,-31.64,-57.22,-59.89,56.27,-9.61,-0.91
2024/01/01 16:10:33.46,5.46,-31.64,-57.22,-59.90,56.27,-9.61,-0.91
2024/01/01 16:10:33.47,5.47,-31.64,-57.22,-59.89,56.26,-9.61,-0.91
2024/01/01 16:10:33.48,5.48,-31.64,-57.22,-59.89,56.26,-9.61,-0.91
2024/01/01 16:10:33.49,5.49,-31.64,-57.22,-59.89,56.26,-9.61,-0.91
2024/01/01 16:10:33.50,5.50,-31.64,-57.22,-59.89,56.27,-9.61,-0.91
2024/01/01 16:10:33.51,5.51,-31.64,-57.22,-59.89,56.27,-9.61,-0.91
2024/01/01 16:10:33.52,5.52,-31.64,-57.22,-59.89,56.26,-9.61,-0.91
2024/01/01 16:10:33.53,5.53,-31.64,-57.22,-59.89,56.26,-9.61,-0.91
2024/01/01 16:10:33.54,5.54,-31.64,-57.22,-59.89,56.27,-9.61,-0.91
2024/01/01 16:10:33.55,5.55,-31.64,-57.22,-59.90,56.27,-9.61,-0.91
2024/01/01 16:10:33.56,5.56,-31.64,-57.22,-59.90,56.27,-9.61,-0.91
2024/01/01 16:10:33.57,5.57,-31.64,-57.22,-59.89,56.27,-9.61,-0.91
2024/01/01 16:10:33.58,5.58,-31.64,-57.22,-59.89,56.27,-9.61,-0.91
2024/01/01 16:10:33.59,5.59,-31.64,-57.22,-59.89,56.27,-9.61,-0.91
2024/01/01 16:10:33.60,5.60,-31.64,-57.22,-59.89,56.27,-9.61,-0.91
2024/01/01 16:10:33.61,5.61,-31.64,-57.22,-59.89,56.27,-9.61,-0.91
2024/01/01 16:10:33.62,5.62,-31.64,-57.22,-59.89,56.27,-9.61,-0.91
2024/01/01 16:10:33.63,5.63,-31.64,-57.22,-59.89,56.26,-9.61,-0.91
2024/01/01 16:10:33.64,5.64,-31.64,-57.22,-59.89,56.26,-9.61,-0.91
2024/01/01 16:10:33.65,5.65,-31.64,-57.22,-59.89,56.26,-9.61,-0.91
2024/01/01 16:10:33.66,5.66,-31.64,-57.22,-59.89,56.26,-9.61,-0.91
2024/01/01 16:10:33.67,5.67,-31.64,-57.22,-59.89,56.26,-9.61,-0.91
2024/01/01 16:10:33.68,5.68,-31.64,-57.22,-59.89,56.27,-9.61,-0.90
2024/01/01 16:10:33.69,5.69,-31.64,-57.22,-59.89,56.26,-9.61,-0.91
2024/01/01 16:10:33.70,5.70,-31.64,-57.22,-59.89,56.26,-9.61,-0.91
2024/01/01 16:10:33.71,5.71,-31.64,-57.22,-59.89,56.27,-9.61,-0.91
2024/01/01 16:10:33.72,5.72,-31.64,-57.22,-59.89,56.27,-9.61,-0.90
2024/01/01 16:10:33.73,5.73,-31.64,-57.22,-59.89,56.26,-9.61,-0.90
2024/01/01 16:10:33.74,5.74,-31.64,-57.22,-59.89,56.26,-9.61,-0.91
2024/01/01 16:10:33.75,5.75,-31.64,-57.22,-59.89,56.26,-9.61,-0.91
2024/01/01 16:10:33.76,5.76,-31.64,-57.22,-59.89,56.26,-9.61,-0.90
2024/01/01 16:10:33.77,5.77,-31.64,-57.22,-59.89,56.26,-9.61,-0.91
2024/01/01 16:10:33.78,5.78,-31.64,-57.22,-59.89,56.26,-9.61,-0.91
2024/01/01 16:10:33.79,5.79,-31.64,-57.22,-59.89,56.26,-9.61,-0.91
2024/01/01 16:10:33.80,5.80,-31.64,-57.22,-59.89,56.26,-9.61,-0.91
2024/01/01 16:10:33.81,5.81,-31.64,-57.22,-59.89,56.26,-9.61,-0.91
2024/01/01 16:10:33.82,5.82,-31.64,-57.22,-59.89,56.26,-9.61,-0.91
2024/01/01 16:10:33.83,5.83,-31.64,-57.22,-59.89,56.26,-9.61,-0.91
2024/01/01 16:10:33.84,5.84,-31.64,-57.22,-59.89,56.27,-9.61,-0.90
2024/01/01 16:10:33.85,5.85,-31.64,-57.22,-59.89,56.27,-9.61,-0.90
2024/01/01 16:10:33.86,5.86,-31.64,-57.22,-59.89,56.27,-9.61,-0.91
2024/01/01 16:10:33.87,5.87,-31.64,-57.22,-59.89,56.26,-9.61,-0.91
2024/01/01 16:10:33.88,5.88,-31.64,-57.22,-59.89,56.26,-9.61,-0.91
2024/01/01 16:10:33.89,5.89,-31.64,-57.22,-59.89,56.27,-9.61,-0.91
2024/01/01 16:10:33.90,5.90,-31.64,-57.22,-59.89,56.27,-9.61,-0.91
2024/01/01 16:10:33.91,5.91,-31.64,-57.22,-59.89,56.26,-9.61,-0.91
2024/01/01 16:10:33.92,5.92,-31.64,-57.22,-59.89,56.26,-9.61,-0.91
2024/01/01 16:10:33.93,5.93,-31.64,-57.22,-59.89,56.26,-9.61,-0.91
2024/01/01 16:10:33.94,5.94,-31.64,-57.22,-59.89,56.27,-9.61,-0.91
2024/01/01 16:10:33.95,5.95,-31.64,-57.22,-59.89,56.27,-9.61,-0.91
2024/01/01 16:10:33.96,5.96,-31.64,-57.22,-59.89,56.26,-9.61,-0.91
2024/01/01 16:10:33.97,5.97,-31.64,-57.22,-59.89,56.26,-9.61,-0.91
2024/01/01 16:10:33.98,5.98,-31.64,-57.22,-59.89,56.27,-9.61,-0.91
2024/01/01 16:10:33.99,5.99,-31.64,-57.22,-59.89,56.26,-9.61,-0.90
2024/01/01 16:10:34.00,6.00,-31.64,-57.22,-59.89,56.26,-9.61,-0.91
2024/01/01 16:10:34.01,6.01,-31.64,-57.22,-59.89,56.26,-9.61,-0.91
2024/01/01 16:10:34.02,6.02,-31.64,-57.22,-59.89,56.26,-9.61,-0.91
2024/01/01 16:10:34.03,6.03,-31.64,-57.22,-59.89,56.26,-9.61,-0.91
2024/01/01 16:10:34.04,6.04,-31.64,-57.22,-59.89,56.26,-9.61,-0.91
2024/01/01 16:10:34.05,6.05,-31.64,-57.22,-59.89,56.26,-9.61,-0.91
2024/01/01 16:10:34.06,6.06,-31.64,-57.22,-59.89,56.26,-9.61,-0.91
2024/01/01 16:10:34.07,6.07,-31.64,-57.22,-59.89,56.26,-9.61,-0.91
2024/01/01 16:10:34.08,6.08,-31.64,-57.22,-59.89,56.26,-9.61,-0.91
2024/01/01 16:10:34.09,6.09,-31.64,-57.22,-59.89,56.26,-9.61,-0.91
2024/01/01 16:10:34.10,6.10,-31.64,-57.22,-59.89,56.26,-9.61,-0.91
2024/01/01 16:10:34.11,6.11,-31.64,-57.22,-59.89,56.26,-9.61,-0.91
2024/01/01 16:10:34.12,6.12,-31.64,-57.22,-59.89,56.26,-9.61,-0.91
2024/01/01 16:10:34.13,6.13,-31.64,-57.22,-59.89,56.27,-9.61,-0.91
2024/01/01 16:10:34.14,6.14,-31.64,-57.22,-59.89,56.27,-9.61,-0.91
2024/01/01 16:10:34.15,6.15,-31.64,-57.22,-59.89,56.26,-9.61,-0.91
2024/01/01 16:10:34.16,6.16,-31.64,-57.22,-59.89,56.26,-9.61,-0.91
2024/01/01 16:10:34.17,6.17,-31.64,-57.22,-59.89,56.26,-9.61,-0.91
2024/01/01 16:10:34.18,6.18,-31.64,-57.22,-59.89,56.26,-9.61,-0.91
2024/01/01 16:10:34.19,6.19,-31.64,-57.22,-59.89,56.26,-9.61,-0.91
2024/01/01 16:10:34.20,6.20,-31.64,-57.22,-59.89,56.26,-9.61,-0.91
2024/01/01 16:10:34.21,6.21,-31.64,-57.22,-59.89,56.26,-9.61,-0.91
2024/01/01 16:10:34.22,6.22,-31.64,-57.22,-59.89,56.26,-9.61,-0.91
2024/01/01 16:10:34.23,6.23,-31.64,-57.22,-59.89,56.26,-9.61,-0.90
2024/01/01 16:10:34.24,6.24,-31.64,-57.22,-59.89,56.26,-9.61,-0.90
2024/01/01 16:10:34.25,6.25,-31.64,-57.22,-59.89,56.26,-9.61,-0.91
2024/01/01 16:10:34.26,6.26,-31.64,-57.22,-59.89,56.26,-9.61,-0.91
2024/01/01 16:10:34.27,6.27,-31.64,-57.22,-59.89,56.26,-9.61,-0.91
2024/01/01 16:10:34.28,6.28,-31.64,-57.22,-59.89,56.26,-9.61,-0.91
2024/01/01 16:10:34.29,6.29,-31.64,-57.22,-59.89,56.26,-9.61,-0.91
2024/01/01 16:10:34.30,6.30,-31.64,-57.22,-59.89,56.26,-9.61,-0.91
2024/01/01 16:10:34.31,6.31,-31.64,-57.22,-59.89,56.26,-9.61,-0.91
2024/01/01 16:10:34.32,6.32,-31.64,-57.22,-59.89,56.26,-9.61,-0.91
2024/01/01 16:10:34.33,6.33,-31.64,-57.22,-59.89,56.26,-9.61,-0.91
2024/01/01 16:10:34.34,6.34,-31.64,-57.22,-59.89,56.26,-9.61,-0.91
2024/01/01 16:10:34.35,6.35,-31.64,-57.22,-59.89,56.26,-9.61,-0.91
2024/01/01 16:10:34.36,6.36,-31.64,-57.22,-59.89,56.26,-9.61,-0.91
2024/01/01 16:10:34.37,6.37,-31.64,-57.22,-59.89,56.26,-9.61,-0.91
2024/01/01 16:10:34.38,6.38,-31.64,-57.22,-59.89,56.26,-9.61,-0.91
2024/01/01 16:10:34.39,6.39,-31.64,-57.22,-59.89,56.26,-9.61,-0.91
2024/01/01 16:10:34.40,6.40,-31.64,-57.22,-59.89,56.26,-9.61,-0.91
2024/01/01 16:10:34.41,6.41,-31.64,-57.22,-59.89,56.26,-9.61,-0.91
2024/01/01 16:10:34.42,6.42,-31.64,-57.22,-59.89,56.26,-9.61,-0.91
2024/01/01 16:10:34.43,6.43,-31.64,-57.22,-59.89,56.26,-9.61,-0.91
2024/01/01 16:10:34.44,6.44,-31.64,-57.22,-59.89,56.26,-9.61,-0.91
2024/01/01 16:10:34.45,6.45,-31.64,-57.22,-59.89,56.27,-9.61,-0.91
2024/01/01 16:10:34.46,6.46,-31.64,-57.22,-59.89,56.26,-9.61,-0.90
2024/01/01 16:10:34.47,6.47,-31.64,-57.22,-59.89,56.26,-9.61,-0.91
2024/01/01 16:10:34.48,6.48,-31.64,-57.22,-59.89,56.26,-9.61,-0.91
2024/01/01 16:10:34.49,6.49,-31.64,-57.22,-59.89,56.26,-9.61,-0.91
2024/01/01 16:10:34.50,6.50,-31.64,-57.22,-59.89,56.26,-9.61,-0.91
2024/01/01 16:10:34.51,6.51,-31.64,-57.22,-59.89,56.26,-9.61,-0.91
2024/01/01 16:10:34.52,6.52,-31.64,-57.22,-59.89,56.27,-9.61,-0.91
2024/01/01 16:10:34.53,6.53,-31.64,-57.22,-59.89,56.26,-9.61,-0.91
2024/01/01 16:10:34.54,6.54,-31.64,-57.22,-59.89,56.26,-9.61,-0.91
2024/01/01 16:10:34.55,6.55,-31.64,-57.22,-59.89,56.26,-9.61,-0.91
2024/01/01 16:10:34.56,6.56,-31.64,-57.22,-59.89,56.26,-9.61,-0.91
2024/01/01 16:10:34.57,6.57,-31.64,-57.22,-59.89,56.26,-9.61,-0.91
2024/01/01 16:10:34.58,6.58,-31.64,-57.22,-59.89,56.26,-9.61,-0.90
2024/01/01 16:10:34.59,6.59,-31.64,-57.22,-59.89,56.27,-9.61,-0.91
2024/01/01 16:10:34.60,6.60,-31.64,-57.22,-59.89,56.26,-9.61,-0.91
2024/01/01 16:10:34.61,6.61,-31.64,-57.22,-59.89,56.26,-9.61,-0.91
2024/01/01 16:10:34.62,6.62,-31.64,-57.22,-59.89,56.26,-9.61,-0.91
2024/01/01 16:10:34.63,6.63,-31.64,-57.22,-59.89,56.26,-9.61,-0.91
2024/01/01 16:10:34.64,6.64,-31.64,-57.22,-59.89,56.26,-9.61,-0.91
2024/01/01 16:10:34.65,6.65,-31.64,-57.22,-59.89,56.26,-9.61,-0.91
2024/01/01 16:10:34.66,6.66,-31.64,-57.22,-59.89,56.26,-9.61,-0.91
2024/01/01 16:10:34.67,6.67,-31.64,-57.22,-59.89,56.26,-9.61,-0.91
2024/01/01 16:10:34.68,6.68,-31.64,-57.23,-59.89,56.26,-9.61,-0.91
2024/01/01 16:10:34.69,6.69,-31.64,-57.22,-59.89,56.26,-9.61,-0.91
2024/01/01 16:10:34.70,6.70,-31.64,-57.22,-59.89,56.27,-9.61,-0.91
2024/01/01 16:10:34.71,6.71,-31.64,-57.22,-59.89,56.27,-9.61,-0.91
2024/01/01 16:10:34.72,6.72,-31.64,-57.22,-59.89,56.26,-9.61,-0.90
2024/01/01 16:10:34.73,6.73,-31.64,-57.22,-59.89,56.26,-9.61,-0.90
2024/01/01 16:10:34.74,6.74,-31.64,-57.22,-59.89,56.26,-9.61,-0.91
2024/01/01 16:10:34.75,6.75,-31.64,-57.23,-59.89,56.26,-9.61,-0.91
2024/01/01 16:10:34.76,6.76,-31.64,-57.23,-59.89,56.26,-9.61,-0.90
2024/01/01 16:10:34.77,6.77,-31.64,-57.22,-59.89,56.27,-9.61,-0.90
2024/01/01 16:10:34.78,6.78,-31.64,-57.22,-59.89,56.27,-9.61,-0.90
2024/01/01 16:10:34.79,6.79,-31.64,-57.22,-59.89,56.26,-9.61,-0.90
2024/01/01 16:10:34.80,6.80,-31.64,-57.22,-59.89,56.26,-9.61,-0.91
2024/01/01 16:10:34.81,6.81,-31.64,-57.22,-59.89,56.26,-9.61,-0.91
2024/01/01 16:10:34.82,6.82,-31.64,-57.22,-59.89,56.26,-9.61,-0.90
2024/01/01 16:10:34.83,6.83,-31.64,-57.22,-59.89,56.26,-9.61,-0.91
2024/01/01 16:10:34.84,6.84,-31.64,-57.22,-59.89,56.26,-9.61,-0.91
2024/01/01 16:10:34.85,6.85,-31.64,-57.22,-59.89,56.26,-9.61,-0.90
2024/01/01 16:10:34.86,6.86,-31.64,-57.22,-59.89,56.26,-9.61,-0.91
2024/01/01 16:10:34.87,6.87,-31.64,-57.22,-59.89,56.26,-9.61,-0.91
2024/01/01 16:10:34.88,6.88,-31.64,-57.22,-59.89,56.27,-9.61,-0.90
2024/01/01 16:10:34.89,6.89,-31.64,-57.22,-59.89,56.27,-9.61,-0.91
2024/01/01 16:10:34.90,6.90,-31.64,-57.22,-59.89,56.27,-9.61,-0.91
2024/01/01 16:10:34.91,6.91,-31.64,-57.22,-59.89,56.27,-9.61,-0.91
2024/01/01 16:10:34.92,6.92,-31.64,-57.22,-59.89,56.27,-9.61,-0.91
2024/01/01 16:10:34.93,6.93,-31.64,-57.23,-59.89,56.26,-9.61,-0.91
2024/01/01 16:10:34.94,6.94,-31.64,-57.22,-59.89,56.26,-9.61,-0.91
2024/01/01 16:10:34.95,6.95,-31.64,-57.22,-59.89,56.27,-9.61,-0.90
2024/01/01 16:10:34.96,6.96,-31.64,-57.23,-59.89,56.26,-9.61,-0.90
2024/01/01 16:10:34.97,6.97,-31.64,-57.23,-59.89,56.26,-9.61,-0.90
2024/01/01 16:10:34.98,6.98,-31.64,-57.23,-59.89,56.26,-9.61,-0.91
2024/01/01 16:10:34.99,6.99,-31.64,-57.22,-59.89,56.27,-9.61,-0.91
2024/01/01 16:10:35.00,7.00,-31.64,-57.22,-59.89,56.26,-9.61,-0.91
2024/01/01 16:10:35.01,7.01,-31.64,-57.23,-59.89,56.27,-9.61,-0.91
2024/01/01 16:10:35.02,7.02,-31.64,-57.23,-59.89,56.27,-9.61,-0.91
2024/01/01 16:10:35.03,7.03,-31.64,-57.23,-59.89,56.27,-9.61,-0.90
2024/01/01 16:10:35.04,7.04,-31.64,-57.22,-59.89,56.26,-9.61,-0.91
2024/01/01 16:10:35.05,7.05,-31.64,-57.23,-59.89,56.26,-9.61,-0.91
2024/01/01 16:10:35.06,7.06,-31.64,-57.23,-59.89,56.26,-9.61,-0.91
2024/01/01 16:10:35.07,7.07,-31.64,-57.23,-59.89,56.27,-9.61,-0.91
2024/01/01 16:10:35.08,7.08,-31.64,-57.23,-59.89,56.27,-9.62,-0.91
2024/01/01 16:10:35.09,7.09,-31.64,-57.23,-59.89,56.27,-9.61,-0.90
2024/01/01 16:10:35.10,7.10,-31.64,-57.23,-59.89,56.26,-9.61,-0.91
2024/01/01 16:10:35.11,7.11,-31.64,-57.23,-59.89,56.26,-9.61,-0.91
2024/01/01 16:10:35.12,7.12,-31.64,-57.23,-59.89,56.27,-9.61,-0.91
2024/01/01 16:10:35.13,7.13,-31.64,-57.23,-59.89,56.27,-9.61,-0.91
2024/01/01 16:10:35.14,7.14,-31.64,-57.23,-59.89,56.26,-9.61,-0.91
2024/01/01 16:10:35.15,7.15,-31.64,-57.23,-59.89,56.26,-9.61,-0.90
2024/01/01 16:10:35.16,7.16,-31.64,-57.23,-59.89,56.26,-9.62,-0.90
2024/01/01 16:10:35.17,7.17,-31.64,-57.23,-59.89,56.26,-9.61,-0.90
2024/01/01 16:10:35.18,7.18,-31.64,-57.23,-59.89,56.27,-9.61,-0.91
2024/01/01 16:10:35.19,7.19,-31.64,-57.23,-59.89,56.27,-9.61,-0.91
2024/01/01 16:10:35.20,7.20,-31.64,-57.23,-59.89,56.27,-9.61,-0.91
2024/01/01 16:10:35.21,7.21,-31.64,-57.23,-59.89,56.27,-9.61,-0.91
2024/01/01 16:10:35.22,7.22,-31.64,-57.23,-59.89,56.27,-9.61,-0.91
2024/01/01 16:10:35.23,7.23,-31.64,-57.23,-59.89,56.27,-9.61,-0.90
2024/01/01 16:10:35.24,7.24,-31.64,-57.23,-59.89,56.27,-9.61,-0.91
2024/01/01 16:10:35.25,7.25,-31.64,-57.23,-59.89,56.26,-9.61,-0.91
2024/01/01 16:10:35.26,7.26,-31.64,-57.23,-59.89,56.26,-9.61,-0.91
2024/01/01 16:10:35.27,7.27,-31.64,-57.23,-59.89,56.26,-9.61,-0.91
2024/01/01 16:10:35.28,7.28,-31.64,-57.23,-59.89,56.26,-9.61,-0.91
2024/01/01 16:10:35.29,7.29,-31.64,-57.22,-59.89,56.26,-9.61,-0.91
2024/01/01 16:10:35.30,7.30,-31.64,-57.23,-59.89,56.27,-9.61,-0.91
2024/01/01 16:10:35.31,7.31,-31.64,-57.23,-59.89,56.26,-9.61,-0.91
2024/01/01 16:10:35.32,7.32,-31.64,-57.23,-59.89,56.26,-9.62,-0.91
2024/01/01 16:10:35.33,7.33,-31.64,-57.23,-59.89,56.27,-9.61,-0.91
2024/01/01 16:10:35.34,7.34,-31.64,-57.23,-59.89,56.27,-9.61,-0.90
2024/01/01 16:10:35.35,7.35,-31.64,-57.23,-59.89,56.27,-9.61,-0.91
2024/01/01 16:10:35.36,7.36,-31.64,-57.23,-59.89,56.27,-9.61,-0.91
2024/01/01 16:10:35.37,7.37,-31.64,-57.23,-59.89,56.26,-9.61,-0.91
2024/01/01 16:10:35.38,7.38,-31.64,-57.23,-59.89,56.26,-9.61,-0.91
2024/01/01 16:10:35.39,7.39,-31.64,-57.22,-59.89,56.26,-9.61,-0.91
2024/01/01 16:10:35.40,7.40,-31.64,-57.22,-59.89,56.27,-9.61,-0.91
2024/01/01 16:10:35.41,7.41,-31.64,-57.23,-59.89,56.27,-9.61,-0.91
2024/01/01 16:10:35.42,7.42,-31.64,-57.23,-59.89,56.26,-9.61,-0.91
2024/01/01 16:10:35.43,7.43,-31.64,-57.22,-59.89,56.27,-9.61,-0.91
2024/01/01 16:10:35.44,7.44,-31.64,-57.23,-59.89,56.27,-9.61,-0.91
2024/01/01 16:10:35.45,7.45,-31.64,-57.23,-59.89,56.26,-9.61,-0.91
2024/01/01 16:10:35.46,7.46,-31.64,-57.23,-59.89,56.26,-9.61,-0.91
2024/01/01 16:10:35.47,7.47,-31.64,-57.23,-59.89,56.26,-9.61,-0.91
2024/01/01 16:10:35.48,7.48,-31.64,-57.22,-59.89,56.26,-9.61,-0.91
2024/01/01 16:10:35.49,7.49,-31.64,-57.22,-59.89,56.27,-9.61,-0.91
2024/01/01 16:10:35.50,7.50,-31.64,-57.23,-59.89,56.27,-9.61,-0.91
2024/01/01 16:10:35.51,7.51,-31.64,-57.23,-59.89,56.26,-9.61,-0.91
2024/01/01 16:10:35.52,7.52,-31.64,-57.23,-59.89,56.26,-9.61,-0.91
2024/01/01 16:10:35.53,7.53,-31.64,-57.23,-59.89,56.26,-9.61,-0.91
2024/01/01 16:10:35.54,7.54,-31.64,-57.23,-59.89,56.26,-9.61,-0.91
2024/01/01 16:10:35.55,7.55,-31.64,-57.23,-59.89,56.26,-9.61,-0.91
2024/01/01 16:10:35.56,7.56,-31.64,-57.22,-59.89,56.26,-9.61,-0.91
2024/01/01 16:10:35.57,7.57,-31.64,-57.22,-59.90,56.26,-9.61,-0.91
2024/01/01 16:10:35.58,7.58,-31.64,-57.23,-59.89,56.27,-9.61,-0.91
2024/01/01 16:10:35.59,7.59,-31.64,-57.22,-59.89,56.26,-9.61,-0.91
2024/01/01 16:10:35.60,7.60,-31.64,-57.22,-59.89,56.26,-9.61,-0.91
2024/01/01 16:10:35.61,7.61,-31.64,-57.23,-59.89,56.27,-9.61,-0.91
2024/01/01 16:10:35.62,7.62,-31.64,-57.23,-59.89,56.27,-9.61,-0.91
2024/01/01 16:10:35.63,7.63,-31.64,-57.22,-59.90,56.26,-9.61,-0.91
2024/01/01 16:10:35.64,7.64,-31.64,-57.23,-59.89,56.27,-9.61,-0.91
2024/01/01 16:10:35.65,7.65,-31.64,-57.23,-59.89,56.27,-9.61,-0.91
2024/01/01 16:10:35.66,7.66,-31.64,-57.23,-59.90,56.27,-9.61,-0.91
2024/01/01 16:10:35.67,7.67,-31.64,-57.22,-59.89,56.27,-9.61,-0.91
2024/01/01 16:10:35.68,7.68,-31.64,-57.22,-59.89,56.27,-9.61,-0.91
2024/01/01 16:10:35.69,7.69,-31.64,-57.22,-59.89,56.26,-9.61,-0.91
2024/01/01 16:10:35.70,7.70,-31.64,-57.23,-59.89,56.26,-9.61,-0.91
2024/01/01 16:10:35.71,7.71,-31.64,-57.23,-59.89,56.27,-9.61,-0.91
2024/01/01 16:10:35.72,7.72,-31.64,-57.22,-59.89,56.27,-9.61,-0.91
2024/01/01 16:10:35.73,7.73,-31.64,-57.22,-59.89,56.26,-9.61,-0.91
2024/01/01 16:10:35.74,7.74,-31.64,-57.22,-59.90,56.26,-9.61,-0.91
2024/01/01 16:10:35.75,7.75,-31.64,-57.22,-59.90,56.26,-9.61,-0.91
2024/01/01 16:10:35.76,7.76,-31.64,-57.22,-59.89,56.26,-9.61,-0.91
2024/01/01 16:10:35.77,7.77,-31.64,-57.22,-59.89,56.26,-9.61,-0.91
2024/01/01 16:10:35.78,7.78,-31.64,-57.22,-59.89,56.27,-9.61,-0.91
2024/01/01 16:10:35.79,7.79,-31.64,-57.22,-59.89,56.27,-9.61,-0.91
2024/01/01 16:10:35.80,7.80,-31.64,-57.22,-59.89,56.27,-9.61,-0.91
2024/01/01 16:10:35.81,7.81,-31.64,-57.22,-59.89,56.26,-9.61,-0.91
2024/01/01 16:10:35.82,7.82,-31.64,-57.22,-59.89,56.26,-9.61,-0.91
2024/01/01 16:10:35.83,7.83,-31.64,-57.22,-59.89,56.26,-9.61,-0.91
2024/01/01 16:10:35.84,7.84,-31.64,-57.22,-59.90,56.26,-9.61,-0.91
2024/01/01 16:10:35.85,7.85,-31.64,-57.22,-59.90,56.26,-9.61,-0.91
2024/01/01 16:10:35.86,7.86,-31.64,-57.22,-59.89,56.26,-9.61,-0.91
2024/01/01 16:10:35.87,7.87,-31.64,-57.22,-59.89,56.26,-9.61,-0.91
2024/01/01 16:10:35.88,7.88,-31.64,-57.22,-59.89,56.26,-9.61,-0.91
2024/01/01 16:10:35.89,7.89,-31.64,-57.22,-59.90,56.26,-9.61,-0.91
2024/01/01 16:10:35.90,7.90,-31.64,-57.22,-59.90,56.26,-9.61,-0.91
2024/01/01 16:10:35.91,7.91,-31.64,-57.22,-59.89,56.26,-9.61,-0.91
2024/01/01 16:10:35.92,7.92,-31.64,-57.22,-59.89,56.26,-9.61,-0.91
2024/01/01 16:10:35.93,7.93,-31.64,-57.22,-59.89,56.27,-9.61,-0.91
2024/01/01 16:10:35.94,7.94,-31.64,-57.22,-59.89,56.26,-9.61,-0.91
2024/01/01 16:10:35.95,7.95,-31.64,-57.22,-59.89,56.26,-9.61,-0.91
2024/01/01 16:10:35.96,7.96,-31.64,-57.22,-59.89,56.26,-9.61,-0.91
2024/01/01 16:10:35.97,7.97,-31.64,-57.22,-59.89,56.26,-9.61,-0.91
2024/01/01 16:10:35.98,7.98,-31.64,-57.22,-59.90,56.27,-9.61,-0.91
2024/01/01 16:10:35.99,7.99,-31.64,-57.22,-59.89,56.27,-9.61,-0.91
2024/01/01 16:10:36.00,8.00,-31.64,-57.22,-59.89,56.26,-9.61,-0.91
2024/01/01 16:10:36.01,8.01,-31.64,-57.22,-59.89,56.26,-9.61,-0.91
2024/01/01 16:10:36.02,8.02,-31.64,-57.22,-59.89,56.26,-9.61,-0.91
2024/01/01 16:10:36.03,8.03,-31.64,-57.22,-59.89,56.27,-9.61,-0.91
2024/01/01 16:10:36.04,8.04,-31.64,-57.23,-59.89,56.27,-9.61,-0.91
2024/01/01 16:10:36.05,8.05,-31.64,-57.22,-59.89,56.26,-9.61,-0.91
2024/01/01 16:10:36.06,8.06,-31.64,-57.22,-59.89,56.26,-9.61,-0.91
2024/01/01 16:10:36.07,8.07,-31.64,-57.22,-59.89,56.26,-9.61,-0.91
2024/01/01 16:10:36.08,8.08,-31.64,-57.23,-59.89,56.26,-9.61,-0.91
2024/01/01 16:10:36.09,8.09,-31.64,-57.23,-59.89,56.26,-9.61,-0.91
2024/01/01 16:10:36.10,8.10,-31.64,-57.22,-59.89,56.27,-9.61,-0.90
2024/01/01 16:10:36.11,8.11,-31.64,-57.23,-59.89,56.26,-9.61,-0.91
2024/01/01 16:10:36.12,8.12,-31.64,-57.23,-59.89,56.26,-9.61,-0.91
2024/01/01 16:10:36.13,8.13,-31.64,-57.22,-59.89,56.27,-9.61,-0.91
2024/01/01 16:10:36.14,8.14,-31.64,-57.23,-59.89,56.26,-9.61,-0.91
2024/01/01 16:10:36.15,8.15,-31.64,-57.22,-59.89,56.26,-9.61,-0.91
2024/01/01 16:10:36.16,8.16,-31.64,-57.22,-59.89,56.26,-9.61,-0.91
2024/01/01 16:10:36.17,8.17,-31.64,-57.22,-59.89,56.26,-9.61,-0.91
2024/01/01 16:10:36.18,8.18,-31.64,-57.22,-59.89,56.26,-9.61,-0.91
2024/01/01 16:10:36.19,8.19,-31.64,-57.22,-59.89,56.26,-9.61,-0.91
2024/01/01 16:10:36.20,8.20,-31.64,-57.23,-59.89,56.26,-9.61,-0.91
2024/01/01 16:10:36.21,8.21,-31.64,-57.22,-59.89,56.26,-9.61,-0.91
2024/01/01 16:10:36.22,8.22,-31.64,-57.22,-59.89,56.26,-9.61,-0.91
2024/01/01 16:10:36.23,8.23,-31.64,-57.23,-59.89,56.27,-9.61,-0.91
2024/01/01 16:10:36.24,8.24,-31.64,-57.23,-59.89,56.26,-9.61,-0.91
2024/01/01 16:10:36.25,8.25,-31.64,-57.22,-59.89,56.26,-9.61,-0.91
2024/01/01 16:10:36.26,8.26,-31.64,-57.22,-59.89,56.26,-9.61,-0.91
2024/01/01 16:10:36.27,8.27,-31.64,-57.22,-59.89,56.26,-9.61,-0.91
2024/01/01 16:10:36.28,8.28,-31.64,-57.22,-59.89,56.26,-9.61,-0.91
2024/01/01 16:10:36.29,8.29,-31.64,-57.22,-59.89,56.26,-9.61,-0.91
2024/01/01 16:10:36.30,8.30,-31.64,-57.22,-59.89,56.26,-9.61,-0.91
2024/01/01 16:10:36.31,8.31,-31.64,-57.22,-59.89,56.26,-9.61,-0.91
2024/01/01 16:10:36.32,8.32,-31.64,-57.22,-59.89,56.26,-9.61,-0.91
2024/01/01 16:10:36.33,8.33,-31.64,-57.22,-59.89,56.26,-9.61,-0.90
2024/01/01 16:10:36.34,8.34,-31.64,-57.22,-59.89,56.26,-9.61,-0.91
2024/01/01 16:10:36.35,8.35,-31.64,-57.22,-59.89,56.26,-9.61,-0.91
2024/01/01 16:10:36.36,8.36,-31.64,-57.22,-59.89,56.26,-9.61,-0.91
2024/01/01 16:10:36.37,8.37,-31.64,-57.22,-59.89,56.26,-9.61,-0.91
2024/01/01 16:10:36.38,8.38,-31.64,-57.22,-59.90,56.26,-9.61,-0.91
2024/01/01 16:10:36.39,8.39,-31.64,-57.22,-59.89,56.26,-9.61,-0.91
2024/01/01 16:10:36.40,8.40,-31.64,-57.22,-59.89,56.26,-9.61,-0.91
2024/01/01 16:10:36.41,8.41,-31.64,-57.22,-59.89,56.26,-9.61,-0.91
2024/01/01 16:10:36.42,8.42,-31.64,-57.23,-59.89,56.26,-9.61,-0.91
2024/01/01 16:10:36.43,8.43,-31.64,-57.22,-59.89,56.27,-9.61,-0.91
2024/01/01 16:10:36.44,8.44,-31.64,-57.22,-59.89,56.26,-9.61,-0.90
2024/01/01 16:10:36.45,8.45,-31.64,-57.23,-59.89,56.26,-9.61,-0.91
2024/01/01 16:10:36.46,8.46,-31.64,-57.23,-59.89,56.26,-9.61,-0.91
2024/01/01 16:10:36.47,8.47,-31.64,-57.23,-59.89,56.27,-9.61,-0.91
2024/01/01 16:10:36.48,8.48,-31.64,-57.23,-59.89,56.27,-9.61,-0.91
2024/01/01 16:10:36.49,8.49,-31.64,-57.23,-59.89,56.26,-9.61,-0.91
2024/01/01 16:10:36.50,8.50,-31.64,-57.23,-59.89,56.26,-9.61,-0.91
2024/01/01 16:10:36.51,8.51,-31.64,-57.23,-59.89,56.27,-9.61,-0.91
2024/01/01 16:10:36.52,8.52,-31.64,-57.23,-59.89,56.27,-9.61,-0.91
2024/01/01 16:10:36.53,8.53,-31.64,-57.23,-59.90,56.26,-9.61,-0.91
2024/01/01 16:10:36.54,8.54,-31.64,-57.23,-59.89,56.26,-9.61,-0.91
2024/01/01 16:10:36.55,8.55,-31.64,-57.22,-59.89,56.26,-9.61,-0.91
2024/01/01 16:10:36.56,8.56,-31.64,-57.23,-59.89,56.27,-9.61,-0.91
2024/01/01 16:10:36.57,8.57,-31.64,-57.23,-59.90,56.26,-9.61,-0.91
2024/01/01 16:10:36.58,8.58,-31.64,-57.23,-59.89,56.26,-9.61,-0.91
2024/01/01 16:10:36.59,8.59,-31.64,-57.23,-59.89,56.26,-9.61,-0.91
2024/01/01 16:10:36.60,8.60,-31.64,-57.23,-59.89,56.26,-9.61,-0.91
2024/01/01 16:10:36.61,8.61,-31.64,-57.23,-59.89,56.26,-9.61,-0.91
2024/01/01 16:10:36.62,8.62,-31.64,-57.23,-59.90,56.26,-9.61,-0.91
2024/01/01 16:10:36.63,8.63,-31.64,-57.23,-59.90,56.26,-9.61,-0.91
2024/01/01 16:10:36.64,8.64,-31.64,-57.23,-59.89,56.27,-9.61,-0.90
2024/01/01 16:10:36.65,8.65,-31.64,-57.23,-59.90,56.26,-9.61,-0.91
2024/01/01 16:10:36.66,8.66,-31.64,-57.23,-59.90,56.26,-9.61,-0.91
2024/01/01 16:10:36.67,8.67,-31.64,-57.23,-59.90,56.26,-9.61,-0.91
2024/01/01 16:10:36.68,8.68,-31.64,-57.23,-59.90,56.27,-9.61,-0.91
2024/01/01 16:10:36.69,8.69,-31.64,-57.23,-59.90,56.27,-9.61,-0.91
2024/01/01 16:10:36.70,8.70,-31.64,-57.23,-59.90,56.26,-9.61,-0.91
2024/01/01 16:10:36.71,8.71,-31.64,-57.23,-59.90,56.26,-9.61,-0.91
2024/01/01 16:10:36.72,8.72,-31.64,-57.23,-59.90,56.26,-9.61,-0.91
2024/01/01 16:10:36.73,8.73,-31.64,-57.23,-59.90,56.26,-9.61,-0.91
2024/01/01 16:10:36.74,8.74,-31.64,-57.23,-59.90,56.27,-9.61,-0.91
2024/01/01 16:10:36.75,8.75,-31.64,-57.23,-59.90,56.26,-9.62,-0.91
2024/01/01 16:10:36.76,8.76,-31.64,-57.23,-59.90,56.26,-9.61,-0.91
2024/01/01 16:10:36.77,8.77,-31.64,-57.23,-59.90,56.26,-9.61,-0.91
2024/01/01 16:10:36.78,8.78,-31.64,-57.23,-59.89,56.26,-9.61,-0.91
2024/01/01 16:10:36.79,8.79,-31.64,-57.23,-59.90,56.26,-9.61,-0.91
2024/01/01 16:10:36.80,8.80,-31.64,-57.23,-59.90,56.26,-9.61,-0.91
2024/01/01 16:10:36.81,8.81,-31.64,-57.23,-59.90,56.27,-9.61,-0.91
2024/01/01 16:10:36.82,8.82,-31.64,-57.23,-59.90,56.27,-9.61,-0.91
2024/01/01 16:10:36.83,8.83,-31.64,-57.23,-59.90,56.26,-9.61,-0.91
2024/01/01 16:10:36.84,8.84,-31.64,-57.23,-59.90,56.27,-9.61,-0.91
2024/01/01 16:10:36.85,8.85,-31.64,-57.23,-59.90,56.27,-9.61,-0.91
2024/01/01 16:10:36.86,8.86,-31.64,-57.23,-59.90,56.26,-9.61,-0.91
2024/01/01 16:10:36.87,8.87,-31.64,-57.23,-59.90,56.27,-9.61,-0.91
2024/01/01 16:10:36.88,8.88,-31.64,-57.22,-59.89,56.27,-9.61,-0.91
2024/01/01 16:10:36.89,8.89,-31.64,-57.23,-59.90,56.27,-9.61,-0.91
2024/01/01 16:10:36.90,8.90,-31.64,-57.23,-59.90,56.27,-9.61,-0.91
2024/01/01 16:10:36.91,8.91,-31.64,-57.23,-59.90,56.27,-9.61,-0.91
2024/01/01 16:10:36.92,8.92,-31.64,-57.23,-59.90,56.26,-9.61,-0.91
2024/01/01 16:10:36.93,8.93,-31.64,-57.22,-59.90,56.26,-9.61,-0.91
2024/01/01 16:10:36.94,8.94,-31.64,-57.23,-59.89,56.27,-9.61,-0.91
2024/01/01 16:10:36.95,8.95,-31.64,-57.23,-59.89,56.27,-9.61,-0.91
2024/01/01 16:10:36.96,8.96,-31.64,-57.23,-59.90,56.26,-9.61,-0.91
2024/01/01 16:10:36.97,8.97,-31.64,-57.23,-59.90,56.26,-9.61,-0.91
2024/01/01 16:10:36.98,8.98,-31.64,-57.23,-59.90,56.26,-9.61,-0.91
2024/01/01 16:10:36.99,8.99,-31.64,-57.23,-59.90,56.26,-9.61,-0.91
2024/01/01 16:10:37.00,9.00,-31.64,-57.22,-59.90,56.27,-9.61,-0.91
2024/01/01 16:10:37.01,9.01,-31.64,-57.22,-59.90,56.26,-9.61,-0.91
2024/01/01 16:10:37.02,9.02,-31.64,-57.23,-59.90,56.26,-9.61,-0.91
2024/01/01 16:10:37.03,9.03,-31.64,-57.23,-59.90,56.27,-9.61,-0.91
2024/01/01 16:10:37.04,9.04,-31.64,-57.23,-59.90,56.26,-9.61,-0.91
2024/01/01 16:10:37.05,9.05,-31.64,-57.22,-59.90,56.26,-9.61,-0.91
2024/01/01 16:10:37.06,9.06,-31.64,-57.23,-59.90,56.26,-9.61,-0.91
2024/01/01 16:10:37.07,9.07,-31.64,-57.23,-59.90,56.26,-9.61,-0.91
2024/01/01 16:10:37.08,9.08,-31.64,-57.23,-59.90,56.27,-9.61,-0.91
2024/01/01 16:10:37.09,9.09,-31.64,-57.23,-59.90,56.27,-9.61,-0.91
2024/01/01 16:10:37.10,9.10,-31.64,-57.22,-59.90,56.27,-9.61,-0.91
2024/01/01 16:10:37.11,9.11,-31.64,-57.23,-59.90,56.26,-9.61,-0.91
2024/01/01 16:10:37.12,9.12,-31.64,-57.23,-59.90,56.26,-9.61,-0.91
2024/01/01 16:10:37.13,9.13,-31.64,-57.23,-59.90,56.26,-9.61,-0.91
2024/01/01 16:10:37.14,9.14,-31.64,-57.23,-59.90,56.26,-9.61,-0.91
2024/01/01 16:10:37.15,9.15,-31.64,-57.23,-59.90,56.26,-9.61,-0.91
2024/01/01 16:10:37.16,9.16,-31.64,-57.22,-59.90,56.26,-9.61,-0.91
2024/01/01 16:10:37.17,9.17,-31.64,-57.23,-59.89,56.26,-9.61,-0.91
2024/01/01 16:10:37.18,9.18,-31.64,-57.23,-59.89,56.26,-9.61,-0.91
2024/01/01 16:10:37.19,9.19,-31.64,-57.22,-59.90,56.26,-9.61,-0.91
2024/01/01 16:10:37.20,9.20,-31.64,-57.23,-59.90,56.26,-9.61,-0.91
2024/01/01 16:10:37.21,9.21,-31.64,-57.23,-59.90,56.27,-9.61,-0.91
2024/01/01 16:10:37.22,9.22,-31.64,-57.22,-59.90,56.27,-9.61,-0.91
2024/01/01 16:10:37.23,9.23,-31.64,-57.23,-59.90,56.27,-9.61,-0.91
2024/01/01 16:10:37.24,9.24,-31.64,-57.23,-59.90,56.27,-9.61,-0.91
2024/01/01 16:10:37.25,9.25,-31.64,-57.23,-59.89,56.26,-9.61,-0.91
2024/01/01 16:10:37.26,9.26,-31.64,-57.23,-59.90,56.26,-9.61,-0.91
2024/01/01 16:10:37.27,9.27,-31.64,-57.23,-59.90,56.26,-9.61,-0.91
2024/01/01 16:10:37.28,9.28,-31.64,-57.22,-59.89,56.26,-9.61,-0.91
2024/01/01 16:10:37.29,9.29,-31.64,-57.23,-59.89,56.27,-9.61,-0.91
2024/01/01 16:10:37.30,9.30,-31.64,-57.22,-59.89,56.27,-9.61,-0.91
2024/01/01 16:10:37.31,9.31,-31.64,-57.22,-59.90,56.26,-9.61,-0.91
2024/01/01 16:10:37.32,9.32,-31.64,-57.22,-59.90,56.26,-9.61,-0.91
2024/01/01 16:10:37.33,9.33,-31.64,-57.22,-59.90,56.27,-9.61,-0.91
2024/01/01 16:10:37.34,9.34,-31.64,-57.22,-59.90,56.26,-9.61,-0.91
2024/01/01 16:10:37.35,9.35,-31.64,-57.23,-59.89,56.26,-9.61,-0.91
2024/01/01 16:10:37.36,9.36,-31.64,-57.23,-59.89,56.27,-9.61,-0.91
2024/01/01 16:10:37.37,9.37,-31.64,-57.23,-59.89,56.27,-9.61,-0.91
2024/01/01 16:10:37.38,9.38,-31.64,-57.23,-59.90,56.27,-9.61,-0.91
2024/01/01 16:10:37.39,9.39,-31.64,-57.22,-59.89,56.27,-9.61,-0.91
2024/01/01 16:10:37.40,9.40,-31.64,-57.22,-59.89,56.27,-9.61,-0.90
2024/01/01 16:10:37.41,9.41,-31.64,-57.23,-59.89,56.26,-9.61,-0.90
2024/01/01 16:10:37.42,9.42,-31.64,-57.23,-59.89,56.26,-9.61,-0.91
2024/01/01 16:10:37.43,9.43,-31.64,-57.23,-59.89,56.26,-9.61,-0.91
2024/01/01 16:10:37.44,9.44,-31.64,-57.23,-59.89,56.26,-9.61,-0.91
2024/01/01 16:10:37.45,9.45,-31.64,-57.23,-59.89,56.26,-9.61,-0.91
2024/01/01 16:10:37.46,9.46,-31.64,-57.23,-59.89,56.26,-9.62,-0.91
2024/01/01 16:10:37.47,9.47,-31.64,-57.23,-59.89,56.27,-9.61,-0.91
2024/01/01 16:10:37.48,9.48,-31.64,-57.23,-59.89,56.27,-9.61,-0.91
2024/01/01 16:10:37.49,9.49,-31.64,-57.23,-59.89,56.26,-9.61,-0.91
2024/01/01 16:10:37.50,9.50,-31.64,-57.23,-59.89,56.26,-9.61,-0.91
2024/01/01 16:10:37.51,9.51,-31.64,-57.23,-59.89,56.26,-9.61,-0.91
2024/01/01 16:10:37.52,9.52,-31.64,-57.23,-59.89,56.26,-9.61,-0.91
2024/01/01 16:10:37.53,9.53,-31.64,-57.22,-59.89,56.26,-9.61,-0.91
2024/01/01 16:10:37.54,9.54,-31.64,-57.22,-59.89,56.26,-9.61,-0.91
2024/01/01 16:10:37.55,9.55,-31.64,-57.22,-59.89,56.26,-9.61,-0.91
2024/01/01 16:10:37.56,9.56,-31.64,-57.23,-59.89,56.26,-9.61,-0.91
2024/01/01 16:10:37.57,9.57,-31.64,-57.23,-59.89,56.26,-9.61,-0.91
2024/01/01 16:10:37.58,9.58,-31.64,-57.23,-59.89,56.27,-9.61,-0.91
2024/01/01 16:10:37.59,9.59,-31.64,-57.22,-59.89,56.26,-9.61,-0.91
2024/01/01 16:10:37.60,9.60,-31.64,-57.22,-59.89,56.26,-9.61,-0.90
2024/01/01 16:10:37.61,9.61,-31.64,-57.22,-59.89,56.26,-9.61,-0.90
2024/01/01 16:10:37.62,9.62,-31.64,-57.22,-59.89,56.26,-9.61,-0.91
2024/01/01 16:10:37.63,9.63,-31.64,-57.22,-59.89,56.26,-9.61,-0.91
2024/01/01 16:10:37.64,9.64,-31.64,-57.22,-59.89,56.26,-9.61,-0.91
2024/01/01 16:10:37.65,9.65,-31.64,-57.22,-59.89,56.26,-9.61,-0.91
2024/01/01 16:10:37.66,9.66,-31.64,-57.22,-59.89,56.26,-9.61,-0.91
2024/01/01 16:10:37.67,9.67,-31.64,-57.22,-59.89,56.26,-9.61,-0.91
2024/01/01 16:10:37.68,9.68,-31.64,-57.22,-59.89,56.26,-9.61,-0.91
2024/01/01 16:10:37.69,9.69,-31.64,-57.22,-59.89,56.26,-9.61,-0.91
2024/01/01 16:10:37.70,9.70,-31.64,-57.22,-59.89,56.26,-9.61,-0.91
2024/01/01 16:10:37.71,9.71,-31.64,-57.22,-59.89,56.26,-9.61,-0.91
2024/01/01 16:10:37.72,9.72,-31.64,-57.22,-59.89,56.26,-9.61,-0.90
2024/01/01 16:10:37.73,9.73,-31.64,-57.22,-59.89,56.26,-9.61,-0.90
2024/01/01 16:10:37.74,9.74,-31.64,-57.22,-59.89,56.26,-9.61,-0.90
2024/01/01 16:10:37.75,9.75,-31.64,-57.22,-59.89,56.26,-9.61,-0.91
2024/01/01 16:10:37.76,9.76,-31.64,-57.22,-59.89,56.26,-9.61,-0.91
2024/01/01 16:10:37.77,9.77,-31.64,-57.22,-59.89,56.26,-9.61,-0.91
2024/01/01 16:10:37.78,9.78,-31.64,-57.22,-59.89,56.26,-9.61,-0.91
2024/01/01 16:10:37.79,9.79,-31.64,-57.22,-59.89,56.26,-9.61,-0.91
2024/01/01 16:10:37.80,9.80,-31.64,-57.22,-59.89,56.26,-9.61,-0.91
2024/01/01 16:10:37.81,9.81,-31.64,-57.22,-59.89,56.26,-9.61,-0.91
2024/01/01 16:10:37.82,9.82,-31.64,-57.22,-59.89,56.26,-9.61,-0.90
2024/01/01 16:10:37.83,9.83,-31.64,-57.22,-59.89,56.26,-9.61,-0.91
2024/01/01 16:10:37.84,9.84,-31.64,-57.22,-59.89,56.26,-9.61,-0.91
2024/01/01 16:10:37.85,9.85,-31.64,-57.22,-59.89,56.26,-9.61,-0.91
2024/01/01 16:10:37.86,9.86,-31.64,-57.22,-59.89,56.26,-9.61,-0.91
2024/01/01 16:10:37.87,9.87,-31.64,-57.22,-59.89,56.27,-9.61,-0.91
2024/01/01 16:10:37.88,9.88,-31.64,-57.22,-59.89,56.26,-9.61,-0.91
2024/01/01 16:10:37.89,9.89,-31.64,-57.22,-59.89,56.26,-9.61,-0.91
2024/01/01 16:10:37.90,9.90,-31.64,-57.22,-59.89,56.26,-9.61,-0.90
2024/01/01 16:10:37.91,9.91,-31.64,-57.22,-59.89,56.26,-9.61,-0.90
2024/01/01 16:10:37.92,9.92,-31.64,-57.22,-59.89,56.26,-9.61,-0.91
2024/01/01 16:10:37.93,9.93,-31.64,-57.22,-59.89,56.26,-9.61,-0.91
2024/01/01 16:10:37.94,9.94,-31.64,-57.22,-59.89,56.26,-9.61,-0.90
2024/01/01 16:10:37.95,9.95,-31.64,-57.22,-59.89,56.26,-9.61,-0.91
2024/01/01 16:10:37.96,9.96,-31.64,-57.22,-59.89,56.27,-9.61,-0.91
2024/01/01 16:10:37.97,9.97,-31.64,-57.22,-59.89,56.26,-9.61,-0.91
2024/01/01 16:10:37.98,9.98,-31.64,-57.22,-59.89,56.26,-9.61,-0.91
2024/01/01 16:10:37.99,9.99,-31.64,-57.22,-59.89,56.26,-9.61,-0.91
2024/01/01 16:10:38.00,10.00,-31.64,-57.22,-59.89,56.26,-9.61,-0.90
2024/01/01 16:10:38.01,10.01,-31.64,-57.22,-59.89,56.26,-9.61,-0.91
2024/01/01 16:10:38.02,10.02,-31.64,-57.22,-59.89,56.26,-9.61,-0.91
2024/01/01 16:10:38.03,10.03,-31.64,-57.22,-59.89,56.26,-9.61,-0.91
2024/01/01 16:10:38.04,10.04,-31.64,-57.22,-59.89,56.26,-9.61,-0.91
2024/01/01 16:10:38.05,10.05,-31.64,-57.22,-59.89,56.26,-9.61,-0.91
2024/01/01 16:10:38.06,10.06,-31.64,-57.22,-59.89,56.27,-9.61,-0.91
2024/01/01 16:10:38.07,10.07,-31.64,-57.22,-59.89,56.26,-9.61,-0.91
2024/01/01 16:10:38.08,10.08,-31.64,-57.22,-59.89,56.26,-9.61,-0.91
2024/01/01 16:10:38.09,10.09,-31.64,-57.22,-59.89,56.26,-9.61,-0.90
2024/01/01 16:10:38.10,10.10,-31.64,-57.22,-59.89,56.26,-9.61,-0.91
2024/01/01 16:10:38.11,10.11,-31.64,-57.22,-59.89,56.26,-9.61,-0.91
2024/01/01 16:10:38.12,10.12,-31.64,-57.22,-59.89,56.26,-9.61,-0.91
2024/01/01 16:10:38.13,10.13,-31.64,-57.22,-59.89,56.26,-9.61,-0.90
2024/01/01 16:10:38.14,10.14,-31.64,-57.22,-59.89,56.26,-9.61,-0.90
2024/01/01 16:10:38.15,10.15,-31.64,-57.22,-59.89,56.26,-9.61,-0.90
2024/01/01 16:10:38.16,10.16,-31.64,-57.22,-59.89,56.26,-9.61,-0.91
2024/01/01 16:10:38.17,10.17,-31.64,-57.22,-59.89,56.26,-9.61,-0.91
2024/01/01 16:10:38.18,10.18,-31.64,-57.22,-59.89,56.27,-9.61,-0.91
2024/01/01 16:10:38.19,10.19,-31.64,-57.22,-59.89,56.26,-9.61,-0.91
2024/01/01 16:10:38.20,10.20,-31.64,-57.22,-59.89,56.26,-9.61,-0.91
2024/01/01 16:10:38.21,10.21,-31.64,-57.22,-59.89,56.26,-9.61,-0.91
2024/01/01 16:10:38.22,10.22,-31.64,-57.22,-59.89,56.26,-9.61,-0.90
2024/01/01 16:10:38.23,10.23,-31.64,-57.22,-59.89,56.26,-9.61,-0.91
2024/01/01 16:10:38.24,10.24,-31.64,-57.22,-59.89,56.26,-9.61,-0.91
2024/01/01 16:10:38.25,10.25,-31.64,-57.22,-59.89,56.26,-9.61,-0.90
2024/01/01 16:10:38.26,10.26,-31.64,-57.22,-59.89,56.26,-9.61,-0.91
2024/01/01 16:10:38.27,10.27,-31.64,-57.22,-59.89,56.26,-9.61,-0.91
2024/01/01 16:10:38.28,10.28,-31.64,-57.22,-59.89,56.26,-9.61,-0.91
2024/01/01 16:10:38.29,10.29,-31.64,-57.22,-59.89,56.26,-9.61,-0.91
2024/01/01 16:10:38.30,10.30,-31.64,-57.22,-59.89,56.26,-9.61,-0.91
2024/01/01 16:10:38.31,10.31,-31.64,-57.22,-59.89,56.26,-9.61,-0.90
2024/01/01 16:10:38.32,10.32,-31.64,-57.22,-59.89,56.26,-9.61,-0.91
2024/01/01 16:10:38.33,10.33,-31.64,-57.22,-59.89,56.26,-9.61,-0.91
2024/01/01 16:10:38.34,10.34,-31.64,-57.22,-59.89,56.26,-9.61,-0.91
2024/01/01 16:10:38.35,10.35,-31.64,-57.22,-59.89,56.26,-9.61,-0.91
2024/01/01 16:10:38.36,10.36,-31.64,-57.22,-59.89,56.26,-9.61,-0.91
2024/01/01 16:10:38.37,10.37,-31.64,-57.22,-59.89,56.26,-9.61,-0.91
2024/01/01 16:10:38.38,10.38,-31.64,-57.22,-59.89,56.26,-9.61,-0.91
2024/01/01 16:10:38.39,10.39,-31.64,-57.22,-59.89,56.26,-9.61,-0.91
2024/01/01 16:10:38.40,10.40,-31.64,-57.22,-59.89,56.26,-9.61,-0.91
2024/01/01 16:10:38.41,10.41,-31.64,-57.22,-59.89,56.26,-9.61,-0.90
2024/01/01 16:10:38.42,10.42,-31.64,-57.22,-59.89,56.26,-9.61,-0.91
2024/01/01 16:10:38.43,10.43,-31.64,-57.22,-59.89,56.26,-9.61,-0.91
2024/01/01 16:10:38.44,10.44,-31.64,-57.22,-59.89,56.26,-9.61,-0.91
2024/01/01 16:10:38.45,10.45,-31.64,-57.22,-59.89,56.26,-9.61,-0.91
2024/01/01 16:10:38.46,10.46,-31.64,-57.22,-59.89,56.26,-9.61,-0.91
2024/01/01 16:10:38.47,10.47,-31.64,-57.22,-59.89,56.26,-9.61,-0.91
2024/01/01 16:10:38.48,10.48,-31.64,-57.22,-59.89,56.26,-9.61,-0.91
2024/01/01 16:10:38.49,10.49,-31.64,-57.22,-59.89,56.26,-9.61,-0.91
2024/01/01 16:10:38.50,10.50,-31.64,-57.22,-59.89,56.26,-9.61,-0.90
2024/01/01 16:10:38.51,10.51,-31.64,-57.22,-59.89,56.26,-9.61,-0.91
2024/01/01 16:10:38.52,10.52,-31.64,-57.22,-59.89,56.26,-9.61,-0.91
2024/01/01 16:10:38.53,10.53,-31.64,-57.22,-59.89,56.26,-9.61,-0.91
2024/01/01 16:10:38.54,10.54,-31.64,-57.22,-59.89,56.26,-9.61,-0.90
2024/01/01 16:10:38.55,10.55,-31.64,-57.22,-59.89,56.26,-9.61,-0.90
2024/01/01 16:10:38.56,10.56,-31.64,-57.22,-59.89,56.26,-9.61,-0.91
2024/01/01 16:10:38.57,10.57,-31.64,-57.22,-59.89,56.26,-9.61,-0.91
2024/01/01 16:10:38.58,10.58,-31.64,-57.22,-59.89,56.26,-9.61,-0.91
2024/01/01 16:10:38.59,10.59,-31.64,-57.22,-59.89,56.26,-9.61,-0.91
2024/01/01 16:10:38.60,10.60,-31.64,-57.22,-59.89,56.26,-9.61,-0.91
2024/01/01 16:10:38.61,10.61,-31.64,-57.22,-59.89,56.26,-9.61,-0.90
2024/01/01 16:10:38.62,10.62,-31.64,-57.22,-59.89,56.26,-9.61,-0.90
2024/01/01 16:10:38.63,10.63,-31.64,-57.22,-59.89,56.26,-9.61,-0.91
2024/01/01 16:10:38.64,10.64,-31.64,-57.22,-59.89,56.26,-9.61,-0.91
2024/01/01 16:10:38.65,10.65,-31.64,-57.22,-59.89,56.26,-9.61,-0.91
2024/01/01 16:10:38.66,10.66,-31.64,-57.22,-59.89,56.26,-9.61,-0.90
2024/01/01 16:10:38.67,10.67,-31.64,-57.22,-59.89,56.26,-9.61,-0.90
2024/01/01 16:10:38.68,10.68,-31.64,-57.22,-59.89,56.26,-9.61,-0.90
2024/01/01 16:10:38.69,10.69,-31.64,-57.22,-59.89,56.26,-9.61,-0.91
2024/01/01 16:10:38.70,10.70,-31.64,-57.22,-59.89,56.26,-9.61,-0.91
2024/01/01 16:10:38.71,10.71,-31.64,-57.22,-59.89,56.26,-9.61,-0.91
2024/01/01 16:10:38.72,10.72,-31.64,-57.22,-59.89,56.26,-9.61,-0.91
2024/01/01 16:10:38.73,10.73,-31.64,-57.22,-59.89,56.26,-9.61,-0.91
2024/01/01 16:10:38.74,10.74,-31.64,-57.22,-59.89,56.26,-9.61,-0.91
2024/01/01 16:10:38.75,10.75,-31.64,-57.22,-59.89,56.26,-9.61,-0.90
2024/01/01 16:10:38.76,10.76,-31.64,-57.22,-59.89,56.26,-9.61,-0.90
2024/01/01 16:10:38.77,10.77,-31.64,-57.22,-59.89,56.26,-9.61,-0.91
2024/01/01 16:10:38.78,10.78,-31.64,-57.22,-59.89,56.26,-9.61,-0.91
2024/01/01 16:10:38.79,10.79,-31.64,-57.22,-59.89,56.26,-9.61,-0.91
2024/01/01 16:10:38.80,10.80,-31.64,-57.22,-59.89,56.26,-9.61,-0.91
2024/01/01 16:10:38.81,10.81,-31.64,-57.22,-59.89,56.26,-9.61,-0.91
2024/01/01 16:10:38.82,10.82,-31.64,-57.22,-59.89,56.26,-9.61,-0.91
2024/01/01 16:10:38.83,10.83,-31.64,-57.22,-59.89,56.26,-9.61,-0.90
2024/01/01 16:10:38.84,10.84,-31.64,-57.22,-59.89,56.26,-9.61,-0.90
2024/01/01 16:10:38.85,10.85,-31.64,-57.22,-59.89,56.26,-9.61,-0.91
2024/01/01 16:10:38.86,10.86,-31.64,-57.22,-59.89,56.26,-9.61,-0.91
2024/01/01 16:10:38.87,10.87,-31.64,-57.22,-59.89,56.26,-9.61,-0.90
2024/01/01 16:10:38.88,10.88,-31.64,-57.22,-59.89,56.26,-9.61,-0.91
2024/01/01 16:10:38.89,10.89,-31.64,-57.22,-59.89,56.26,-9.61,-0.91
2024/01/01 16:10:38.90,10.90,-31.64,-57.22,-59.89,56.26,-9.61,-0.90
2024/01/01 16:10:38.91,10.91,-31.64,-57.22,-59.89,56.26,-9.61,-0.91
2024/01/01 16:10:38.92,10.92,-31.64,-57.22,-59.89,56.26,-9.61,-0.90
2024/01/01 16:10:38.93,10.93,-31.64,-57.22,-59.89,56.26,-9.61,-0.90
2024/01/01 16:10:38.94,10.94,-31.64,-57.22,-59.89,56.26,-9.61,-0.91
2024/01/01 16:10:38.95,10.95,-31.64,-57.22,-59.89,56.26,-9.61,-0.90
2024/01/01 16:10:38.96,10.96,-31.64,-57.22,-59.89,56.26,-9.61,-0.90
2024/01/01 16:10:38.97,10.97,-31.64,-57.22,-59.89,56.26,-9.61,-0.90
2024/01/01 16:10:38.98,10.98,-31.64,-57.22,-59.89,56.26,-9.61,-0.91
2024/01/01 16:10:38.99,10.99,-31.64,-57.22,-59.89,56.26,-9.61,-0.91
2024/01/01 16:10:39.00,11.00,-31.64,-57.22,-59.89,56.26,-9.61,-0.90
2024/01/01 16:10:39.01,11.01,-31.64,-57.22,-59.89,56.26,-9.61,-0.90
2024/01/01 16:10:39.02,11.02,-31.64,-57.22,-59.89,56.26,-9.61,-0.90
2024/01/01 16:10:39.03,11.03,-31.64,-57.22,-59.89,56.26,-9.61,-0.90
2024/01/01 16:10:39.04,11.04,-31.64,-57.22,-59.89,56.26,-9.61,-0.91
2024/01/01 16:10:39.05,11.05,-31.64,-57.22,-59.89,56.26,-9.61,-0.91
2024/01/01 16:10:39.06,11.06,-31.64,-57.22,-59.89,56.26,-9.61,-0.90
2024/01/01 16:10:39.07,11.07,-31.64,-57.22,-59.89,56.27,-9.61,-0.90
2024/01/01 16:10:39.08,11.08,-31.64,-57.22,-59.89,56.27,-9.61,-0.90
2024/01/01 16:10:39.09,11.09,-31.64,-57.22,-59.89,56.26,-9.61,-0.90
2024/01/01 16:10:39.10,11.10,-31.64,-57.22,-59.89,56.26,-9.61,-0.90
2024/01/01 16:10:39.11,11.11,-31.64,-57.22,-59.89,56.26,-9.61,-0.91
2024/01/01 16:10:39.12,11.12,-31.64,-57.22,-59.89,56.26,-9.61,-0.91
2024/01/01 16:10:39.13,11.13,-31.64,-57.22,-59.89,56.26,-9.61,-0.90
2024/01/01 16:10:39.14,11.14,-31.64,-57.22,-59.89,56.26,-9.61,-0.90
2024/01/01 16:10:39.15,11.15,-31.64,-57.22,-59.89,56.26,-9.61,-0.91
2024/01/01 16:10:39.16,11.16,-31.64,-57.22,-59.89,56.26,-9.61,-0.91
2024/01/01 16:10:39.17,11.17,-31.64,-57.22,-59.89,56.26,-9.61,-0.90
2024/01/01 16:10:39.18,11.18,-31.64,-57.22,-59.89,56.26,-9.61,-0.90
2024/01/01 16:10:39.19,11.19,-31.64,-57.22,-59.89,56.26,-9.61,-0.91
2024/01/01 16:10:39.20,11.20,-31.64,-57.22,-59.89,56.26,-9.61,-0.91
2024/01/01 16:10:39.21,11.21,-31.64,-57.22,-59.89,56.26,-9.61,-0.90
2024/01/01 16:10:39.22,11.22,-31.64,-57.22,-59.89,56.26,-9.61,-0.90
2024/01/01 16:10:39.23,11.23,-31.64,-57.22,-59.89,56.26,-9.61,-0.91
2024/01/01 16:10:39.24,11.24,-31.64,-57.22,-59.89,56.26,-9.61,-0.90
2024/01/01 16:10:39.25,11.25,-31.64,-57.22,-59.89,56.26,-9.61,-0.91
2024/01/01 16:10:39.26,11.26,-31.64,-57.22,-59.89,56.26,-9.61,-0.91
2024/01/01 16:10:39.27,11.27,-31.64,-57.22,-59.89,56.26,-9.61,-0.91
2024/01/01 16:10:39.28,11.28,-31.64,-57.22,-59.89,56.26,-9.61,-0.91
2024/01/01 16:10:39.29,11.29,-31.64,-57.22,-59.89,56.26,-9.61,-0.91
2024/01/01 16:10:39.30,11.30,-31.64,-57.22,-59.89,56.26,-9.61,-0.91
2024/01/01 16:10:39.31,11.31,-31.64,-57.22,-59.89,56.26,-9.61,-0.91
2024/01/01 16:10:39.32,11.32,-31.64,-57.22,-59.89,56.26,-9.61,-0.90
2024/01/01 16:10:39.33,11.33,-31.64,-57.22,-59.89,56.26,-9.61,-0.90
2024/01/01 16:10:39.34,11.34,-31.64,-57.22,-59.89,56.26,-9.61,-0.90
2024/01/01 16:10:39.35,11.35,-31.64,-57.22,-59.89,56.26,-9.61,-0.90
2024/01/01 16:10:39.36,11.36,-31.64,-57.22,-59.89,56.27,-9.61,-0.91
2024/01/01 16:10:39.37,11.37,-31.64,-57.22,-59.89,56.26,-9.61,-0.91
2024/01/01 16:10:39.38,11.38,-31.64,-57.22,-59.89,56.26,-9.61,-0.91
2024/01/01 16:10:39.39,11.39,-31.64,-57.22,-59.89,56.26,-9.61,-0.91
2024/01/01 16:10:39.40,11.40,-31.64,-57.22,-59.89,56.26,-9.61,-0.91
2024/01/01 16:10:39.41,11.41,-31.64,-57.22,-59.89,56.26,-9.61,-0.91
2024/01/01 16:10:39.42,11.42,-31.64,-57.22,-59.89,56.26,-9.61,-0.90
2024/01/01 16:10:39.43,11.43,-31.64,-57.22,-59.89,56.26,-9.61,-0.90
2024/01/01 16:10:39.44,11.44,-31.64,-57.22,-59.89,56.26,-9.61,-0.90
2024/01/01 16:10:39.45,11.45,-31.64,-57.22,-59.89,56.27,-9.61,-0.90
2024/01/01 16:10:39.46,11.46,-31.64,-57.22,-59.89,56.27,-9.61,-0.91
2024/01/01 16:10:39.47,11.47,-31.64,-57.22,-59.89,56.26,-9.61,-0.91
2024/01/01 16:10:39.48,11.48,-31.64,-57.22,-59.89,56.26,-9.61,-0.91
2024/01/01 16:10:39.49,11.49,-31.64,-57.22,-59.89,56.26,-9.61,-0.90
2024/01/01 16:10:39.50,11.50,-31.64,-57.22,-59.89,56.26,-9.61,-0.91
2024/01/01 16:10:39.51,11.51,-31.64,-57.22,-59.89,56.26,-9.61,-0.90
2024/01/01 16:10:39.52,11.52,-31.64,-57.22,-59.89,56.26,-9.61,-0.91
2024/01/01 16:10:39.53,11.53,-31.64,-57.22,-59.89,56.26,-9.61,-0.91
2024/01/01 16:10:39.54,11.54,-31.64,-57.22,-59.89,56.27,-9.61,-0.91
2024/01/01 16:10:39.55,11.55,-31.64,-57.22,-59.89,56.27,-9.61,-0.91
2024/01/01 16:10:39.56,11.56,-31.64,-57.22,-59.89,56.27,-9.61,-0.91
2024/01/01 16:10:39.57,11.57,-31.64,-57.22,-59.89,56.27,-9.61,-0.91
2024/01/01 16:10:39.58,11.58,-31.64,-57.22,-59.89,56.26,-9.61,-0.91
2024/01/01 16:10:39.59,11.59,-31.64,-57.22,-59.89,56.26,-9.61,-0.91
2024/01/01 16:10:39.60,11.60,-31.64,-57.22,-59.89,56.27,-9.61,-0.90
2024/01/01 16:10:39.61,11.61,-31.64,-57.22,-59.89,56.26,-9.61,-0.91
2024/01/01 16:10:39.62,11.62,-31.64,-57.22,-59.89,56.26,-9.61,-0.91
2024/01/01 16:10:39.63,11.63,-31.64,-57.22,-59.89,56.27,-9.61,-0.90
2024/01/01 16:10:39.64,11.64,-31.64,-57.22,-59.89,56.26,-9.61,-0.91
2024/01/01 16:10:39.65,11.65,-31.64,-57.22,-59.89,56.26,-9.61,-0.91
2024/01/01 16:10:39.66,11.66,-31.64,-57.22,-59.89,56.26,-9.61,-0.91
2024/01/01 16:10:39.67,11.67,-31.64,-57.22,-59.89,56.26,-9.61,-0.91
2024/01/01 16:10:39.68,11.68,-31.64,-57.22,-59.89,56.26,-9.61,-0.91
2024/01/01 16:10:39.69,11.69,-31.64,-57.22,-59.89,56.27,-9.61,-0.91
2024/01/01 16:10:39.70,11.70,-31.64,-57.22,-59.89,56.27,-9.61,-0.91
2024/01/01 16:10:39.71,11.71,-31.64,-57.22,-59.89,56.26,-9.61,-0.91
2024/01/01 16:10:39.72,11.72,-31.64,-57.22,-59.89,56.26,-9.61,-0.91
2024/01/01 16:10:39.73,11.73,-31.64,-57.22,-59.89,56.26,-9.61,-0.91
2024/01/01 16:10:39.74,11.74,-31.64,-57.22,-59.89,56.27,-9.61,-0.91
2024/01/01 16:10:39.75,11.75,-31.64,-57.22,-59.89,56.27,-9.61,-0.91
2024/01/01 16:10:39.76,11.76,-31.64,-57.22,-59.89,56.26,-9.61,-0.91
2024/01/01 16:10:39.77,11.77,-31.64,-57.22,-59.89,56.27,-9.61,-0.91
2024/01/01 16:10:39.78,11.78,-31.64,-57.22,-59.89,56.27,-9.61,-0.91
2024/01/01 16:10:39.79,11.79,-31.64,-57.22,-59.89,56.27,-9.61,-0.91
2024/01/01 16:10:39.80,11.80,-31.64,-57.22,-59.89,56.26,-9.61,-0.91
2024/01/01 16:10:39.81,11.81,-31.64,-57.22,-59.89,56.26,-9.61,-0.91
2024/01/01 16:10:39.82,11.82,-31.64,-57.22,-59.89,56.27,-9.61,-0.91
2024/01/01 16:10:39.83,11.83,-31.64,-57.22,-59.89,56.27,-9.61,-0.91
2024/01/01 16:10:39.84,11.84,-31.64,-57.22,-59.89,56.26,-9.61,-0.91
2024/01/01 16:10:39.85,11.85,-31.64,-57.22,-59.89,56.27,-9.61,-0.91
2024/01/01 16:10:39.86,11.86,-31.64,-57.22,-59.89,56.27,-9.61,-0.91
2024/01/01 16:10:39.87,11.87,-31.64,-57.22,-59.89,56.27,-9.61,-0.91
2024/01/01 16:10:39.88,11.88,-31.64,-57.22,-59.89,56.27,-9.61,-0.91
2024/01/01 16:10:39.89,11.89,-31.64,-57.22,-59.89,56.27,-9.61,-0.91
2024/01/01 16:10:39.90,11.90,-31.64,-57.22,-59.89,56.27,-9.61,-0.91
2024/01/01 16:10:39.91,11.91,-31.64,-57.22,-59.90,56.27,-9.61,-0.91
2024/01/01 16:10:39.92,11.92,-31.64,-57.22,-59.90,56.27,-9.61,-0.91
2024/01/01 16:10:39.93,11.93,-31.64,-57.22,-59.90,56.27,-9.61,-0.91
2024/01/01 16:10:39.94,11.94,-31.64,-57.22,-59.89,56.27,-9.61,-0.91
2024/01/01 16:10:39.95,11.95,-31.64,-57.22,-59.89,56.27,-9.61,-0.91
2024/01/01 16:10:39.96,11.96,-31.64,-57.22,-59.89,56.26,-9.61,-0.91
2024/01/01 16:10:39.97,11.97,-31.64,-57.22,-59.89,56.27,-9.61,-0.91
2024/01/01 16:10:39.98,11.98,-31.64,-57.22,-59.89,56.27,-9.61,-0.91
2024/01/01 16:10:39.99,11.99,-31.64,-57.22,-59.89,56.27,-9.61,-0.91
2024/01/01 16:10:40.00,12.00,-31.64,-57.22,-59.90,56.26,-9.61,-0.91
2024/01/01 16:10:40.01,12.01,-31.64,-57.22,-59.89,56.27,-9.61,-0.91
2024/01/01 16:10:40.02,12.02,-31.64,-57.22,-59.89,56.27,-9.61,-0.91
2024/01/01 16:10:40.03,12.03,-31.64,-57.22,-59.89,56.26,-9.61,-0.91
2024/01/01 16:10:40.04,12.04,-31.64,-57.22,-59.90,56.26,-9.61,-0.91
2024/01/01 16:10:40.05,12.05,-31.64,-57.22,-59.90,56.27,-9.61,-0.91
2024/01/01 16:10:40.06,12.06,-31.64,-57.22,-59.89,56.27,-9.61,-0.91
2024/01/01 16:10:40.07,12.07,-31.64,-57.22,-59.89,56.26,-9.61,-0.91
2024/01/01 16:10:40.08,12.08,-31.64,-57.22,-59.89,56.27,-9.61,-0.91
2024/01/01 16:10:40.09,12.09,-31.64,-57.22,-59.90,56.27,-9.61,-0.91
2024/01/01 16:10:40.10,12.10,-31.64,-57.22,-59.89,56.26,-9.61,-0.91
2024/01/01 16:10:40.11,12.11,-31.64,-57.22,-59.89,56.27,-9.61,-0.91
2024/01/01 16:10:40.12,12.12,-31.64,-57.22,-59.90,56.27,-9.61,-0.91
2024/01/01 16:10:40.13,12.13,-31.64,-57.22,-59.90,56.27,-9.61,-0.91
2024/01/01 16:10:40.14,12.14,-31.64,-57.22,-59.90,56.26,-9.61,-0.91
2024/01/01 16:10:40.15,12.15,-31.64,-57.22,-59.89,56.26,-9.61,-0.91
2024/01/01 16:10:40.16,12.16,-31.64,-57.22,-59.89,56.27,-9.61,-0.91
2024/01/01 16:10:40.17,12.17,-31.64,-57.22,-59.89,56.27,-9.61,-0.91
2024/01/01 16:10:40.18,12.18,-31.64,-57.22,-59.90,56.27,-9.61,-0.91
2024/01/01 16:10:40.19,12.19,-31.64,-57.22,-59.90,56.27,-9.61,-0.91
2024/01/01 16:10:40.20,12.20,-31.64,-57.22,-59.89,56.27,-9.61,-0.91
2024/01/01 16:10:40.21,12.21,-31.64,-57.22,-59.89,56.27,-9.61,-0.91
2024/01/01 16:10:40.22,12.22,-31.64,-57.22,-59.89,56.27,-9.61,-0.91
2024/01/01 16:10:40.23,12.23,-31.64,-57.22,-59.89,56.27,-9.61,-0.91
2024/01/01 16:10:40.24,12.24,-31.64,-57.22,-59.89,56.27,-9.61,-0.91
2024/01/01 16:10:40.25,12.25,-31.64,-57.22,-59.89,56.27,-9.61,-0.91
2024/01/01 16:10:40.26,12.26,-31.64,-57.22,-59.89,56.27,-9.61,-0.91
2024/01/01 16:10:40.27,12.27,-31.64,-57.22,-59.90,56.27,-9.61,-0.91
2024/01/01 16:10:40.28,12.28,-31.64,-57.22,-59.89,56.26,-9.61,-0.91
2024/01/01 16:10:40.29,12.29,-31.64,-57.22,-59.89,56.27,-9.61,-0.91
2024/01/01 16:10:40.30,12.30,-31.64,-57.22,-59.90,56.27,-9.61,-0.91
2024/01/01 16:10:40.31,12.31,-31.64,-57.22,-59.90,56.27,-9.61,-0.91
2024/01/01 16:10:40.32,12.32,-31.64,-57.22,-59.89,56.27,-9.61,-0.91
2024/01/01 16:10:40.33,12.33,-31.64,-57.22,-59.89,56.27,-9.61,-0.91
2024/01/01 16:10:40.34,12.34,-31.64,-57.22,-59.89,56.27,-9.61,-0.91
2024/01/01 16:10:40.35,12.35,-31.64,-57.22,-59.89,56.26,-9.61,-0.91
2024/01/01 16:10:40.36,12.36,-31.64,-57.22,-59.90,56.27,-9.61,-0.91
2024/01/01 16:10:40.37,12.37,-31.64,-57.22,-59.90,56.27,-9.61,-0.91
2024/01/01 16:10:40.38,12.38,-31.64,-57.22,-59.89,56.27,-9.61,-0.91
2024/01/01 16:10:40.39,12.39,-31.64,-57.22,-59.89,56.27,-9.61,-0.91
2024/01/01 16:10:40.40,12.40,-31.64,-57.22,-59.89,56.26,-9.61,-0.91
2024/01/01 16:10:40.41,12.41,-31.64,-57.22,-59.89,56.26,-9.61,-0.91
2024/01/01 16:10:40.42,12.42,-31.64,-57.22,-59.89,56.26,-9.61,-0.91
2024/01/01 16:10:40.43,12.43,-31.64,-57.22,-59.89,56.27,-9.61,-0.91
2024/01/01 16:10:40.44,12.44,-31.64,-57.22,-59.89,56.26,-9.61,-0.91
2024/01/01 16:10:40.45,12.45,-31.64,-57.22,-59.89,56.26,-9.61,-0.91
2024/01/01 16:10:40.46,12.46,-31.64,-57.22,-59.89,56.27,-9.61,-0.91
2024/01/01 16:10:40.47,12.47,-31.64,-57.22,-59.89,56.26,-9.61,-0.91
2024/01/01 16:10:40.48,12.48,-31.64,-57.22,-59.89,56.26,-9.61,-0.91
2024/01/01 16:10:40.49,12.49,-31.64,-57.22,-59.89,56.26,-9.61,-0.91
2024/01/01 16:10:40.50,12.50,-31.64,-57.22,-59.89,56.26,-9.61,-0.91
2024/01/01 16:10:40.51,12.51,-31.64,-57.22,-59.89,56.26,-9.61,-0.91
2024/01/01 16:10:40.52,12.52,-31.64,-57.22,-59.89,56.26,-9.61,-0.91
2024/01/01 16:10:40.53,12.53,-31.64,-57.22,-59.90,56.26,-9.61,-0.91
2024/01/01 16:10:40.54,12.54,-31.64,-57.22,-59.90,56.26,-9.61,-0.91
2024/01/01 16:10:40.55,12.55,-31.64,-57.22,-59.90,56.26,-9.61,-0.91
2024/01/01 16:10:40.56,12.56,-31.64,-57.22,-59.90,56.26,-9.61,-0.91
2024/01/01 16:10:40.57,12.57,-31.64,-57.22,-59.90,56.26,-9.61,-0.91
2024/01/01 16:10:40.58,12.58,-31.64,-57.22,-59.90,56.26,-9.61,-0.91
2024/01/01 16:10:40.59,12.59,-31.64,-57.22,-59.90,56.26,-9.61,-0.91
2024/01/01 16:10:40.60,12.60,-31.64,-57.22,-59.90,56.27,-9.61,-0.91
2024/01/01 16:10:40.61,12.61,-31.64,-57.22,-59.90,56.27,-9.61,-0.91
2024/01/01 16:10:40.62,12.62,-31.64,-57.22,-59.90,56.26,-9.61,-0.91
2024/01/01 16:10:40.63,12.63,-31.64,-57.22,-59.90,56.26,-9.61,-0.91
2024/01/01 16:10:40.64,12.64,-31.64,-57.22,-59.90,56.26,-9.61,-0.91
2024/01/01 16:10:40.65,12.65,-31.64,-57.22,-59.90,56.26,-9.61,-0.91
2024/01/01 16:10:40.66,12.66,-31.64,-57.22,-59.90,56.26,-9.61,-0.91
2024/01/01 16:10:40.67,12.67,-31.64,-57.22,-59.90,56.27,-9.61,-0.91
2024/01/01 16:10:40.68,12.68,-31.64,-57.22,-59.90,56.26,-9.61,-0.91
2024/01/01 16:10:40.69,12.69,-31.64,-57.22,-59.90,56.27,-9.61,-0.91
2024/01/01 16:10:40.70,12.70,-31.64,-57.22,-59.90,56.27,-9.61,-0.91
2024/01/01 16:10:40.71,12.71,-31.64,-57.22,-59.90,56.27,-9.61,-0.91
2024/01/01 16:10:40.72,12.72,-31.64,-57.22,-59.90,56.27,-9.61,-0.91
2024/01/01 16:10:40.73,12.73,-31.64,-57.22,-59.90,56.26,-9.61,-0.92
2024/01/01 16:10:40.74,12.74,-31.64,-57.22,-59.90,56.26,-9.61,-0.91
2024/01/01 16:10:40.75,12.75,-31.64,-57.22,-59.90,56.27,-9.61,-0.91
2024/01/01 16:10:40.76,12.76,-31.64,-57.22,-59.90,56.27,-9.61,-0.91
2024/01/01 16:10:40.77,12.77,-31.64,-57.22,-59.90,56.26,-9.61,-0.91
2024/01/01 16:10:40.78,12.78,-31.64,-57.22,-59.90,56.26,-9.61,-0.91
2024/01/01 16:10:40.79,12.79,-31.64,-57.22,-59.90,56.26,-9.61,-0.91
2024/01/01 16:10:40.80,12.80,-31.64,-57.22,-59.90,56.26,-9.61,-0.91
2024/01/01 16:10:40.81,12.81,-31.64,-57.22,-59.90,56.26,-9.61,-0.91
2024/01/01 16:10:40.82,12.82,-31.64,-57.22,-59.90,56.26,-9.61,-0.91
2024/01/01 16:10:40.83,12.83,-31.64,-57.22,-59.89,56.26,-9.61,-0.91
2024/01/01 16:10:40.84,12.84,-31.64,-57.22,-59.89,56.26,-9.61,-0.91
2024/01/01 16:10:40.85,12.85,-31.64,-57.22,-59.89,56.26,-9.61,-0.91
2024/01/01 16:10:40.86,12.86,-31.64,-57.22,-59.89,56.26,-9.61,-0.90
2024/01/01 16:10:40.87,12.87,-31.64,-57.22,-59.89,56.26,-9.61,-0.90
2024/01/01 16:10:40.88,12.88,-31.64,-57.22,-59.89,56.26,-9.61,-0.90
2024/01/01 16:10:40.89,12.89,-31.64,-57.22,-59.89,56.26,-9.61,-0.90
2024/01/01 16:10:40.90,12.90,-31.64,-57.22,-59.89,56.26,-9.61,-0.91
2024/01/01 16:10:40.91,12.91,-31.64,-57.22,-59.89,56.26,-9.61,-0.91
2024/01/01 16:10:40.92,12.92,-31.64,-57.22,-59.89,56.26,-9.61,-0.91
2024/01/01 16:10:40.93,12.93,-31.64,-57.22,-59.89,56.26,-9.61,-0.91
2024/01/01 16:10:40.94,12.94,-31.64,-57.22,-59.90,56.26,-9.61,-0.91
2024/01/01 16:10:40.95,12.95,-31.64,-57.22,-59.90,56.26,-9.61,-0.91
2024/01/01 16:10:40.96,12.96,-31.64,-57.22,-59.90,56.26,-9.61,-0.91
2024/01/01 16:10:40.97,12.97,-31.64,-57.22,-59.90,56.26,-9.61,-0.91
2024/01/01 16:10:40.98,12.98,-31.64,-57.22,-59.90,56.26,-9.61,-0.91
2024/01/01 16:10:40.99,12.99,-31.64,-57.22,-59.90,56.26,-9.61,-0.92
2024/01/01 16:10:41.00,13.00,-31.64,-57.22,-59.91,56.26,-9.61,-0.92
2024/01/01 16:10:41.01,13.01,-31.64,-57.22,-59.91,56.27,-9.61,-0.92
2024/01/01 16:10:41.02,13.02,-31.64,-57.22,-59.91,56.27,-9.61,-0.92
2024/01/01 16:10:41.03,13.03,-31.64,-57.22,-59.91,56.27,-9.61,-0.93
2024/01/01 16:10:41.04,13.04,-31.63,-57.22,-59.91,56.27,-9.61,-0.93
2024/01/01 16:10:41.05,13.05,-31.63,-57.22,-59.91,56.27,-9.61,-0.93
2024/01/01 16:10:41.06,13.06,-31.63,-57.22,-59.91,56.27,-9.61,-0.93
2024/01/01 16:10:41.07,13.07,-31.64,-57.22,-59.91,56.27,-9.61,-0.93
2024/01/01 16:10:41.08,13.08,-31.63,-57.22,-59.91,56.27,-9.61,-0.93
2024/01/01 16:10:41.09,13.09,-31.63,-57.22,-59.91,56.27,-9.61,-0.93
2024/01/01 16:10:41.10,13.10,-31.64,-57.22,-59.91,56.27,-9.61,-0.92
2024/01/01 16:10:41.11,13.11,-31.63,-57.22,-59.90,56.27,-9.61,-0.92
2024/01/01 16:10:41.12,13.12,-31.63,-57.22,-59.90,56.27,-9.61,-0.92
2024/01/01 16:10:41.13,13.13,-31.64,-57.22,-59.90,56.27,-9.61,-0.92
2024/01/01 16:10:41.14,13.14,-31.64,-57.22,-59.90,56.27,-9.61,-0.91
2024/01/01 16:10:41.15,13.15,-31.63,-57.22,-59.90,56.27,-9.61,-0.91
2024/01/01 16:10:41.16,13.16,-31.64,-57.22,-59.90,56.27,-9.61,-0.91
2024/01/01 16:10:41.17,13.17,-31.64,-57.22,-59.90,56.27,-9.61,-0.91
2024/01/01 16:10:41.18,13.18,-31.64,-57.22,-59.89,56.26,-9.61,-0.91
2024/01/01 16:10:41.19,13.19,-31.64,-57.22,-59.89,56.26,-9.61,-0.91
2024/01/01 16:10:41.20,13.20,-31.64,-57.22,-59.89,56.27,-9.61,-0.90
2024/01/01 16:10:41.21,13.21,-31.64,-57.22,-59.89,56.26,-9.61,-0.90
2024/01/01 16:10:41.22,13.22,-31.64,-57.22,-59.89,56.26,-9.61,-0.90
2024/01/01 16:10:41.23,13.23,-31.64,-57.22,-59.89,56.26,-9.61,-0.89
2024/01/01 16:10:41.24,13.24,-31.64,-57.22,-59.89,56.26,-9.61,-0.89
2024/01/01 16:10:41.25,13.25,-31.64,-57.22,-59.89,56.26,-9.61,-0.89
2024/01/01 16:10:41.26,13.26,-31.64,-57.22,-59.89,56.26,-9.61,-0.90
2024/01/01 16:10:41.27,13.27,-31.64,-57.22,-59.89,56.26,-9.61,-0.90
2024/01/01 16:10:41.28,13.28,-31.65,-57.22,-59.88,56.26,-9.61,-0.90
2024/01/01 16:10:41.29,13.29,-31.64,-57.22,-59.88,56.26,-9.61,-0.90
2024/01/01 16:10:41.30,13.30,-31.65,-57.22,-59.88,56.26,-9.61,-0.90
2024/01/01 16:10:41.31,13.31,-31.65,-57.23,-59.88,56.26,-9.61,-0.89
2024/01/01 16:10:41.32,13.32,-31.65,-57.23,-59.88,56.26,-9.61,-0.89
2024/01/01 16:10:41.33,13.33,-31.65,-57.23,-59.88,56.26,-9.61,-0.89
2024/01/01 16:10:41.34,13.34,-31.65,-57.23,-59.88,56.26,-9.61,-0.89
2024/01/01 16:10:41.35,13.35,-31.65,-57.23,-59.88,56.26,-9.62,-0.89
2024/01/01 16:10:41.36,13.36,-31.65,-57.23,-59.88,56.26,-9.62,-0.89
2024/01/01 16:10:41.37,13.37,-31.65,-57.23,-59.88,56.26,-9.62,-0.89
2024/01/01 16:10:41.38,13.38,-31.65,-57.23,-59.88,56.26,-9.62,-0.89
2024/01/01 16:10:41.39,13.39,-31.65,-57.23,-59.88,56.26,-9.62,-0.89
2024/01/01 16:10:41.40,13.40,-31.65,-57.23,-59.89,56.26,-9.62,-0.89
2024/01/01 16:10:41.41,13.41,-31.65,-57.23,-59.89,56.26,-9.62,-0.90
2024/01/01 16:10:41.42,13.42,-31.64,-57.23,-59.89,56.26,-9.62,-0.90
2024/01/01 16:10:41.43,13.43,-31.64,-57.23,-59.89,56.26,-9.62,-0.91
2024/01/01 16:10:41.44,13.44,-31.64,-57.23,-59.90,56.26,-9.61,-0.91
2024/01/01 16:10:41.45,13.45,-31.64,-57.23,-59.90,56.26,-9.61,-0.92
2024/01/01 16:10:41.46,13.46,-31.64,-57.23,-59.90,56.26,-9.61,-0.93
2024/01/01 16:10:41.47,13.47,-31.64,-57.23,-59.91,56.27,-9.61,-0.93
2024/01/01 16:10:41.48,13.48,-31.63,-57.23,-59.91,56.27,-9.61,-0.93
2024/01/01 16:10:41.49,13.49,-31.63,-57.23,-59.91,56.27,-9.61,-0.93
2024/01/01 16:10:41.50,13.50,-31.63,-57.22,-59.91,56.27,-9.61,-0.92
2024/01/01 16:10:41.51,13.51,-31.63,-57.22,-59.91,56.27,-9.61,-0.93
2024/01/01 16:10:41.52,13.52,-31.63,-57.22,-59.92,56.27,-9.61,-0.94
2024/01/01 16:10:41.53,13.53,-31.63,-57.22,-59.92,56.28,-9.61,-0.94
2024/01/01 16:10:41.54,13.54,-31.63,-57.22,-59.92,56.28,-9.61,-0.94
2024/01/01 16:10:41.55,13.55,-31.63,-57.22,-59.92,56.28,-9.61,-0.94
2024/01/01 16:10:41.56,13.56,-31.63,-57.22,-59.92,56.28,-9.61,-0.94
2024/01/01 16:10:41.57,13.57,-31.63,-57.21,-59.92,56.28,-9.61,-0.93
2024/01/01 16:10:41.58,13.58,-31.63,-57.21,-59.91,56.28,-9.60,-0.93
2024/01/01 16:10:41.59,13.59,-31.63,-57.22,-59.91,56.28,-9.60,-0.93
2024/01/01 16:10:41.60,13.60,-31.63,-57.21,-59.91,56.28,-9.59,-0.93
2024/01/01 16:10:41.61,13.61,-31.63,-57.21,-59.91,56.28,-9.59,-0.91
2024/01/01 16:10:41.62,13.62,-31.63,-57.21,-59.91,56.27,-9.59,-0.91
2024/01/01 16:10:41.63,13.63,-31.63,-57.21,-59.91,56.27,-9.59,-0.91
2024/01/01 16:10:41.64,13.64,-31.63,-57.21,-59.90,56.27,-9.59,-0.91
2024/01/01 16:10:41.65,13.65,-31.63,-57.21,-59.90,56.27,-9.59,-0.92
2024/01/01 16:10:41.66,13.66,-31.64,-57.21,-59.90,56.27,-9.59,-0.92
2024/01/01 16:10:41.67,13.67,-31.64,-57.22,-59.90,56.26,-9.59,-0.91
2024/01/01 16:10:41.68,13.68,-31.64,-57.22,-59.90,56.26,-9.59,-0.92
2024/01/01 16:10:41.69,13.69,-31.64,-57.22,-59.90,56.26,-9.60,-0.92
2024/01/01 16:10:41.70,13.70,-31.64,-57.22,-59.89,56.26,-9.60,-0.91
2024/01/01 16:10:41.71,13.71,-31.64,-57.22,-59.89,56.27,-9.60,-0.90
2024/01/01 16:10:41.72,13.72,-31.64,-57.22,-59.89,56.26,-9.61,-0.90
2024/01/01 16:10:41.73,13.73,-31.64,-57.22,-59.89,56.26,-9.61,-0.89
2024/01/01 16:10:41.74,13.74,-31.64,-57.23,-59.88,56.26,-9.61,-0.90
2024/01/01 16:10:41.75,13.75,-31.64,-57.23,-59.88,56.26,-9.62,-0.90
2024/01/01 16:10:41.76,13.76,-31.65,-57.23,-59.87,56.26,-9.62,-0.90
2024/01/01 16:10:41.77,13.77,-31.65,-57.24,-59.87,56.26,-9.63,-0.89
2024/01/01 16:10:41.78,13.78,-31.65,-57.24,-59.87,56.26,-9.64,-0.88
2024/01/01 16:10:41.79,13.79,-31.65,-57.24,-59.86,56.26,-9.64,-0.86
2024/01/01 16:10:41.80,13.80,-31.65,-57.24,-59.86,56.25,-9.64,-0.85
2024/01/01 16:10:41.81,13.81,-31.65,-57.24,-59.86,56.25,-9.64,-0.85
2024/01/01 16:10:41.82,13.82,-31.65,-57.24,-59.86,56.26,-9.64,-0.86
2024/01/01 16:10:41.83,13.83,-31.66,-57.24,-59.86,56.26,-9.64,-0.87
2024/01/01 16:10:41.84,13.84,-31.66,-57.24,-59.86,56.26,-9.64,-0.87
2024/01/01 16:10:41.85,13.85,-31.66,-57.24,-59.87,56.25,-9.64,-0.89
2024/01/01 16:10:41.86,13.86,-31.66,-57.24,-59.87,56.25,-9.63,-0.89
2024/01/01 16:10:41.87,13.87,-31.66,-57.24,-59.87,56.25,-9.63,-0.89
2024/01/01 16:10:41.88,13.88,-31.66,-57.24,-59.87,56.25,-9.62,-0.88
2024/01/01 16:10:41.89,13.89,-31.66,-57.24,-59.88,56.25,-9.62,-0.88
2024/01/01 16:10:41.90,13.90,-31.66,-57.24,-59.88,56.25,-9.62,-0.88
2024/01/01 16:10:41.91,13.91,-31.65,-57.23,-59.88,56.24,-9.61,-0.89
2024/01/01 16:10:41.92,13.92,-31.65,-57.23,-59.88,56.24,-9.61,-0.90
2024/01/01 16:10:41.93,13.93,-31.65,-57.23,-59.89,56.25,-9.61,-0.91
2024/01/01 16:10:41.94,13.94,-31.65,-57.24,-59.89,56.25,-9.61,-0.91
2024/01/01 16:10:41.95,13.95,-31.65,-57.23,-59.89,56.25,-9.61,-0.91
2024/01/01 16:10:41.96,13.96,-31.65,-57.23,-59.90,56.25,-9.61,-0.91
2024/01/01 16:10:41.97,13.97,-31.65,-57.23,-59.90,56.26,-9.61,-0.91
2024/01/01 16:10:41.98,13.98,-31.64,-57.23,-59.90,56.26,-9.62,-0.91
2024/01/01 16:10:41.99,13.99,-31.64,-57.23,-59.90,56.27,-9.62,-0.93
2024/01/01 16:10:42.00,14.00,-31.64,-57.23,-59.90,56.28,-9.62,-0.93
2024/01/01 16:10:42.01,14.01,-31.64,-57.23,-59.90,56.28,-9.63,-0.92
2024/01/01 16:10:42.02,14.02,-31.64,-57.23,-59.91,56.27,-9.63,-0.91
2024/01/01 16:10:42.03,14.03,-31.64,-57.23,-59.91,56.26,-9.62,-0.91
2024/01/01 16:10:42.04,14.04,-31.63,-57.23,-59.90,56.26,-9.61,-0.91
2024/01/01 16:10:42.05,14.05,-31.64,-57.23,-59.90,56.27,-9.61,-0.91
2024/01/01 16:10:42.06,14.06,-31.64,-57.23,-59.90,56.28,-9.61,-0.93
2024/01/01 16:10:42.07,14.07,-31.64,-57.22,-59.90,56.28,-9.61,-0.93
2024/01/01 16:10:42.08,14.08,-31.63,-57.22,-59.90,56.28,-9.61,-0.93
2024/01/01 16:10:42.09,14.09,-31.63,-57.22,-59.90,56.27,-9.61,-0.92
2024/01/01 16:10:42.10,14.10,-31.63,-57.22,-59.90,56.27,-9.61,-0.92
2024/01/01 16:10:42.11,14.11,-31.63,-57.22,-59.90,56.27,-9.61,-0.92
2024/01/01 16:10:42.12,14.12,-31.63,-57.22,-59.90,56.28,-9.61,-0.91
2024/01/01 16:10:42.13,14.13,-31.63,-57.22,-59.90,56.28,-9.61,-0.90
2024/01/01 16:10:42.14,14.14,-31.63,-57.22,-59.90,56.27,-9.61,-0.91
2024/01/01 16:10:42.15,14.15,-31.63,-57.22,-59.90,56.26,-9.60,-0.91
2024/01/01 16:10:42.16,14.16,-31.63,-57.22,-59.90,56.26,-9.59,-0.91
2024/01/01 16:10:42.17,14.17,-31.63,-57.21,-59.90,56.26,-9.59,-0.91
2024/01/01 16:10:42.18,14.18,-31.63,-57.21,-59.90,56.28,-9.59,-0.92
2024/01/01 16:10:42.19,14.19,-31.63,-57.21,-59.90,56.28,-9.60,-0.92
2024/01/01 16:10:42.20,14.20,-31.64,-57.22,-59.89,56.27,-9.59,-0.91
2024/01/01 16:10:42.21,14.21,-31.64,-57.22,-59.89,56.26,-9.59,-0.90
2024/01/01 16:10:42.22,14.22,-31.64,-57.22,-59.89,56.26,-9.59,-0.89
2024/01/01 16:10:42.23,14.23,-31.64,-57.22,-59.89,56.25,-9.59,-0.89
2024/01/01 16:10:42.24,14.24,-31.64,-57.22,-59.89,56.25,-9.60,-0.88
2024/01/01 16:10:42.25,14.25,-31.64,-57.22,-59.89,56.26,-9.61,-0.89
2024/01/01 16:10:42.26,14.26,-31.64,-57.22,-59.89,56.27,-9.61,-0.89
2024/01/01 16:10:42.27,14.27,-31.64,-57.22,-59.89,56.27,-9.61,-0.89
2024/01/01 16:10:42.28,14.28,-31.64,-57.22,-59.89,56.26,-9.60,-0.90
2024/01/01 16:10:42.29,14.29,-31.65,-57.23,-59.89,56.26,-9.61,-0.91
2024/01/01 16:10:42.30,14.30,-31.64,-57.23,-59.89,56.26,-9.61,-0.91
2024/01/01 16:10:42.31,14.31,-31.64,-57.23,-59.89,56.26,-9.62,-0.91
2024/01/01 16:10:42.32,14.32,-31.65,-57.23,-59.89,56.26,-9.62,-0.90
2024/01/01 16:10:42.33,14.33,-31.65,-57.23,-59.89,56.26,-9.62,-0.89
2024/01/01 16:10:42.34,14.34,-31.65,-57.24,-59.88,56.25,-9.61,-0.89
2024/01/01 16:10:42.35,14.35,-31.65,-57.24,-59.88,56.25,-9.62,-0.88
2024/01/01 16:10:42.36,14.36,-31.64,-57.24,-59.89,56.25,-9.62,-0.89
2024/01/01 16:10:42.37,14.37,-31.64,-57.24,-59.89,56.25,-9.63,-0.90
2024/01/01 16:10:42.38,14.38,-31.64,-57.24,-59.89,56.25,-9.63,-0.91
2024/01/01 16:10:42.39,14.39,-31.65,-57.24,-59.89,56.26,-9.64,-0.92
2024/01/01 16:10:42.40,14.40,-31.65,-57.24,-59.89,56.28,-9.64,-0.91
2024/01/01 16:10:42.41,14.41,-31.65,-57.23,-59.90,56.28,-9.64,-0.91
2024/01/01 16:10:42.42,14.42,-31.64,-57.24,-59.90,56.27,-9.65,-0.90
2024/01/01 16:10:42.43,14.43,-31.64,-57.24,-59.90,56.26,-9.66,-0.90
2024/01/01 16:10:42.44,14.44,-31.64,-57.24,-59.91,56.26,-9.66,-0.91
2024/01/01 16:10:42.45,14.45,-31.64,-57.24,-59.91,56.27,-9.65,-0.93
2024/01/01 16:10:42.46,14.46,-31.64,-57.24,-59.92,56.28,-9.63,-0.95
2024/01/01 16:10:42.47,14.47,-31.64,-57.24,-59.92,56.28,-9.61,-0.96
2024/01/01 16:10:42.48,14.48,-31.64,-57.23,-59.92,56.27,-9.59,-0.96
2024/01/01 16:10:42.49,14.49,-31.64,-57.23,-59.92,56.25,-9.58,-0.95
2024/01/01 16:10:42.50,14.50,-31.63,-57.22,-59.93,56.25,-9.58,-0.93
2024/01/01 16:10:42.51,14.51,-31.63,-57.22,-59.93,56.26,-9.59,-0.92
2024/01/01 16:10:42.52,14.52,-31.63,-57.22,-59.93,56.29,-9.62,-0.92
2024/01/01 16:10:42.53,14.53,-31.63,-57.22,-59.93,56.30,-9.63,-0.94
2024/01/01 16:10:42.54,14.54,-31.63,-57.22,-59.92,56.30,-9.63,-0.97
2024/01/01 16:10:42.55,14.55,-31.63,-57.22,-59.92,56.29,-9.62,-0.98
2024/01/01 16:10:42.56,14.56,-31.63,-57.22,-59.92,56.28,-9.60,-0.96
2024/01/01 16:10:42.57,14.57,-31.63,-57.21,-59.92,56.27,-9.59,-0.94
2024/01/01 16:10:42.58,14.58,-31.63,-57.21,-59.92,56.26,-9.58,-0.91
2024/01/01 16:10:42.59,14.59,-31.63,-57.21,-59.91,56.26,-9.57,-0.89
2024/01/01 16:10:42.60,14.60,-31.63,-57.21,-59.91,56.28,-9.58,-0.88
2024/01/01 16:10:42.61,14.61,-31.63,-57.21,-59.90,56.29,-9.59,-0.90
2024/01/01 16:10:42.62,14.62,-31.63,-57.22,-59.89,56.29,-9.59,-0.93
2024/01/01 16:10:42.63,14.63,-31.63,-57.22,-59.89,56.28,-9.59,-0.94
2024/01/01 16:10:42.64,14.64,-31.64,-57.22,-59.88,56.27,-9.58,-0.93
2024/01/01 16:10:42.65,14.65,-31.64,-57.22,-59.87,56.25,-9.58,-0.90
2024/01/01 16:10:42.66,14.66,-31.64,-57.22,-59.87,56.24,-9.59,-0.87
2024/01/01 16:10:42.67,14.67,-31.64,-57.22,-59.87,56.25,-9.60,-0.84
2024/01/01 16:10:42.68,14.68,-31.64,-57.22,-59.86,56.25,-9.62,-0.83
2024/01/01 16:10:42.69,14.69,-31.64,-57.22,-59.86,56.26,-9.64,-0.83
2024/01/01 16:10:42.70,14.70,-31.65,-57.23,-59.86,56.26,-9.65,-0.86
2024/01/01 16:10:42.71,14.71,-31.65,-57.23,-59.85,56.26,-9.65,-0.88
2024/01/01 16:10:42.72,14.72,-31.65,-57.23,-59.85,56.27,-9.64,-0.89
2024/01/01 16:10:42.73,14.73,-31.65,-57.23,-59.86,56.27,-9.63,-0.89
2024/01/01 16:10:42.74,14.74,-31.65,-57.24,-59.86,56.26,-9.62,-0.87
2024/01/01 16:10:42.75,14.75,-31.65,-57.24,-59.86,56.25,-9.61,-0.85
2024/01/01 16:10:42.76,14.76,-31.65,-57.24,-59.86,56.24,-9.60,-0.85
2024/01/01 16:10:42.77,14.77,-31.65,-57.24,-59.87,56.24,-9.61,-0.86
2024/01/01 16:10:42.78,14.78,-31.65,-57.24,-59.87,56.25,-9.62,-0.87
2024/01/01 16:10:42.79,14.79,-31.65,-57.24,-59.87,56.25,-9.63,-0.88
2024/01/01 16:10:42.80,14.80,-31.65,-57.24,-59.88,56.25,-9.64,-0.90
2024/01/01 16:10:42.81,14.81,-31.65,-57.24,-59.88,56.25,-9.65,-0.92
2024/01/01 16:10:42.82,14.82,-31.65,-57.23,-59.89,56.25,-9.64,-0.91
2024/01/01 16:10:42.83,14.83,-31.65,-57.23,-59.89,56.26,-9.63,-0.90
2024/01/01 16:10:42.84,14.84,-31.64,-57.23,-59.90,56.27,-9.62,-0.91
2024/01/01 16:10:42.85,14.85,-31.64,-57.23,-59.90,56.28,-9.62,-0.91
2024/01/01 16:10:42.86,14.86,-31.64,-57.23,-59.91,56.29,-9.62,-0.92
2024/01/01 16:10:42.87,14.87,-31.63,-57.23,-59.91,56.28,-9.62,-0.92
2024/01/01 16:10:42.88,14.88,-31.63,-57.22,-59.92,56.28,-9.62,-0.93
2024/01/01 16:10:42.89,14.89,-31.62,-57.22,-59.92,56.28,-9.61,-0.95
2024/01/01 16:10:42.90,14.90,-31.62,-57.22,-59.92,56.28,-9.60,-0.96
2024/01/01 16:10:42.91,14.91,-31.62,-57.22,-59.93,56.28,-9.58,-0.97
2024/01/01 16:10:42.92,14.92,-31.61,-57.22,-59.93,56.29,-9.57,-0.97
2024/01/01 16:10:42.93,14.93,-31.61,-57.21,-59.94,56.29,-9.56,-0.96
2024/01/01 16:10:42.94,14.94,-31.60,-57.21,-59.94,56.29,-9.56,-0.95
2024/01/01 16:10:42.95,14.95,-31.60,-57.21,-59.94,56.30,-9.57,-0.96
2024/01/01 16:10:42.96,14.96,-31.60,-57.21,-59.94,56.32,-9.58,-0.96
2024/01/01 16:10:42.97,14.97,-31.60,-57.20,-59.94,56.33,-9.59,-0.97
2024/01/01 16:10:42.98,14.98,-31.60,-57.20,-59.95,56.33,-9.60,-0.97
2024/01/01 16:10:42.99,14.99,-31.60,-57.20,-59.95,56.33,-9.59,-0.97
2024/01/01 16:10:43.00,15.00,-31.59,-57.20,-59.94,56.32,-9.58,-0.97
2024/01/01 16:10:43.01,15.01,-31.59,-57.20,-59.94,56.31,-9.57,-0.97
2024/01/01 16:10:43.02,15.02,-31.60,-57.20,-59.93,56.31,-9.57,-0.97
2024/01/01 16:10:43.03,15.03,-31.61,-57.20,-59.92,56.31,-9.57,-0.97
2024/01/01 16:10:43.04,15.04,-31.62,-57.20,-59.90,56.31,-9.58,-0.94
2024/01/01 16:10:43.05,15.05,-31.63,-57.20,-59.89,56.30,-9.59,-0.90
2024/01/01 16:10:43.06,15.06,-31.64,-57.21,-59.87,56.28,-9.60,-0.87
2024/01/01 16:10:43.07,15.07,-31.64,-57.21,-59.86,56.25,-9.60,-0.84
2024/01/01 16:10:43.08,15.08,-31.65,-57.21,-59.84,56.23,-9.60,-0.80
2024/01/01 16:10:43.09,15.09,-31.65,-57.21,-59.83,56.22,-9.60,-0.78
2024/01/01 16:10:43.10,15.10,-31.66,-57.21,-59.82,56.22,-9.61,-0.79
2024/01/01 16:10:43.11,15.11,-31.67,-57.22,-59.81,56.22,-9.62,-0.81
2024/01/01 16:10:43.12,15.12,-31.68,-57.23,-59.81,56.22,-9.62,-0.83
2024/01/01 16:10:43.13,15.13,-31.69,-57.23,-59.82,56.21,-9.62,-0.83
2024/01/01 16:10:43.14,15.14,-31.69,-57.23,-59.82,56.21,-9.62,-0.82
2024/01/01 16:10:43.15,15.15,-31.69,-57.23,-59.83,56.20,-9.62,-0.81
2024/01/01 16:10:43.16,15.16,-31.68,-57.23,-59.84,56.21,-9.62,-0.79
2024/01/01 16:10:43.17,15.17,-31.68,-57.23,-59.85,56.22,-9.62,-0.81
2024/01/01 16:10:43.18,15.18,-31.67,-57.23,-59.86,56.22,-9.62,-0.85
2024/01/01 16:10:43.19,15.19,-31.67,-57.24,-59.87,56.22,-9.62,-0.90
2024/01/01 16:10:43.20,15.20,-31.67,-57.24,-59.88,56.21,-9.62,-0.95
2024/01/01 16:10:43.21,15.21,-31.67,-57.25,-59.89,56.20,-9.62,-0.98
2024/01/01 16:10:43.22,15.22,-31.67,-57.25,-59.90,56.19,-9.62,-0.97
2024/01/01 16:10:43.23,15.23,-31.67,-57.25,-59.90,56.20,-9.62,-0.94
2024/01/01 16:10:43.24,15.24,-31.66,-57.26,-59.90,56.22,-9.63,-0.89
2024/01/01 16:10:43.25,15.25,-31.66,-57.26,-59.90,56.26,-9.64,-0.86
2024/01/01 16:10:43.26,15.26,-31.65,-57.26,-59.89,56.29,-9.66,-0.86
2024/01/01 16:10:43.27,15.27,-31.65,-57.25,-59.89,56.30,-9.67,-0.89
2024/01/01 16:10:43.28,15.28,-31.64,-57.25,-59.89,56.30,-9.68,-0.92
2024/01/01 16:10:43.29,15.29,-31.63,-57.25,-59.90,56.29,-9.68,-0.94
2024/01/01 16:10:43.30,15.30,-31.63,-57.25,-59.90,56.27,-9.68,-0.94
2024/01/01 16:10:43.31,15.31,-31.62,-57.24,-59.91,56.27,-9.67,-0.93
2024/01/01 16:10:43.32,15.32,-31.62,-57.24,-59.91,56.28,-9.66,-0.94
2024/01/01 16:10:43.33,15.33,-31.62,-57.24,-59.91,56.30,-9.64,-0.94
2024/01/01 16:10:43.34,15.34,-31.63,-57.24,-59.91,56.33,-9.63,-0.94
2024/01/01 16:10:43.35,15.35,-31.63,-57.24,-59.90,56.34,-9.61,-0.94
2024/01/01 16:10:43.36,15.36,-31.62,-57.24,-59.90,56.33,-9.59,-0.94
2024/01/01 16:10:43.37,15.37,-31.63,-57.24,-59.90,56.30,-9.58,-0.91
2024/01/01 16:10:43.38,15.38,-31.63,-57.24,-59.90,56.28,-9.57,-0.89
2024/01/01 16:10:43.39,15.39,-31.63,-57.23,-59.90,56.27,-9.57,-0.88
2024/01/01 16:10:43.40,15.40,-31.64,-57.23,-59.89,56.27,-9.58,-0.87
2024/01/01 16:10:43.41,15.41,-31.64,-57.22,-59.88,56.28,-9.59,-0.88
2024/01/01 16:10:43.42,15.42,-31.65,-57.22,-59.88,56.29,-9.62,-0.89
2024/01/01 16:10:43.43,15.43,-31.66,-57.22,-59.88,56.29,-9.64,-0.90
2024/01/01 16:10:43.44,15.44,-31.66,-57.22,-59.87,56.26,-9.66,-0.89
2024/01/01 16:10:43.45,15.45,-31.66,-57.22,-59.87,56.24,-9.66,-0.88
2024/01/01 16:10:43.46,15.46,-31.67,-57.22,-59.86,56.22,-9.67,-0.85
2024/01/01 16:10:43.47,15.47,-31.67,-57.22,-59.86,56.19,-9.66,-0.84
2024/01/01 16:10:43.48,15.48,-31.67,-57.22,-59.86,56.17,-9.63,-0.84
2024/01/01 16:10:43.49,15.49,-31.67,-57.22,-59.86,56.15,-9.59,-0.84
2024/01/01 16:10:43.50,15.50,-31.68,-57.21,-59.86,56.15,-9.57,-0.86
2024/01/01 16:10:43.51,15.51,-31.68,-57.21,-59.86,56.16,-9.56,-0.88
2024/01/01 16:10:43.52,15.52,-31.69,-57.21,-59.86,56.18,-9.57,-0.91
2024/01/01 16:10:43.53,15.53,-31.69,-57.21,-59.87,56.21,-9.59,-0.91
2024/01/01 16:10:43.54,15.54,-31.69,-57.21,-59.87,56.23,-9.60,-0.89
2024/01/01 16:10:43.55,15.55,-31.68,-57.21,-59.88,56.24,-9.60,-0.87
2024/01/01 16:10:43.56,15.56,-31.67,-57.21,-59.89,56.24,-9.60,-0.85
2024/01/01 16:10:43.57,15.57,-31.66,-57.20,-59.90,56.24,-9.58,-0.88
2024/01/01 16:10:43.58,15.58,-31.64,-57.20,-59.92,56.25,-9.57,-0.91
2024/01/01 16:10:43.59,15.59,-31.63,-57.19,-59.94,56.27,-9.56,-0.95
2024/01/01 16:10:43.60,15.60,-31.61,-57.19,-59.95,56.29,-9.56,-1.01
2024/01/01 16:10:43.61,15.61,-31.60,-57.19,-59.98,56.33,-9.56,-1.07
2024/01/01 16:10:43.62,15.62,-31.58,-57.19,-59.99,56.35,-9.56,-1.09
2024/01/01 16:10:43.63,15.63,-31.57,-57.19,-60.00,56.36,-9.56,-1.09
2024/01/01 16:10:43.64,15.64,-31.56,-57.20,-60.01,56.36,-9.55,-1.08
2024/01/01 16:10:43.65,15.65,-31.56,-57.20,-60.01,56.35,-9.54,-1.08
2024/01/01 16:10:43.66,15.66,-31.55,-57.20,-60.01,56.35,-9.53,-1.06
2024/01/01 16:10:43.67,15.67,-31.55,-57.20,-59.99,56.35,-9.53,-1.03
2024/01/01 16:10:43.68,15.68,-31.56,-57.21,-59.97,56.35,-9.53,-1.00
2024/01/01 16:10:43.69,15.69,-31.57,-57.22,-59.95,56.35,-9.55,-0.99
2024/01/01 16:10:43.70,15.70,-31.58,-57.22,-59.92,56.34,-9.58,-0.95
2024/01/01 16:10:43.71,15.71,-31.60,-57.23,-59.89,56.33,-9.62,-0.89
2024/01/01 16:10:43.72,15.72,-31.61,-57.23,-59.86,56.33,-9.67,-0.82
2024/01/01 16:10:43.73,15.73,-31.62,-57.24,-59.84,56.34,-9.71,-0.76
2024/01/01 16:10:43.74,15.74,-31.63,-57.24,-59.82,56.35,-9.73,-0.72
2024/01/01 16:10:43.75,15.75,-31.64,-57.24,-59.81,56.34,-9.73,-0.70
2024/01/01 16:10:43.76,15.76,-31.64,-57.24,-59.81,56.31,-9.72,-0.72
2024/01/01 16:10:43.77,15.77,-31.63,-57.24,-59.82,56.27,-9.70,-0.76
2024/01/01 16:10:43.78,15.78,-31.64,-57.24,-59.83,56.22,-9.68,-0.79
2024/01/01 16:10:43.79,15.79,-31.64,-57.24,-59.85,56.17,-9.64,-0.85
2024/01/01 16:10:43.80,15.80,-31.66,-57.24,-59.87,56.15,-9.60,-0.92
2024/01/01 16:10:43.81,15.81,-31.67,-57.23,-59.89,56.14,-9.57,-0.98
2024/01/01 16:10:43.82,15.82,-31.68,-57.23,-59.90,56.15,-9.56,-1.01
2024/01/01 16:10:43.83,15.83,-31.69,-57.23,-59.91,56.18,-9.57,-0.98
2024/01/01 16:10:43.84,15.84,-31.70,-57.23,-59.91,56.20,-9.59,-0.94
2024/01/01 16:10:43.85,15.85,-31.71,-57.23,-59.90,56.22,-9.59,-0.91
2024/01/01 16:10:43.86,15.86,-31.73,-57.23,-59.88,56.23,-9.60,-0.88
2024/01/01 16:10:43.87,15.87,-31.73,-57.23,-59.87,56.25,-9.60,-0.85
2024/01/01 16:10:43.88,15.88,-31.73,-57.24,-59.85,56.24,-9.61,-0.81
2024/01/01 16:10:43.89,15.89,-31.72,-57.25,-59.84,56.22,-9.61,-0.79
2024/01/01 16:10:43.90,15.90,-31.72,-57.25,-59.84,56.18,-9.62,-0.79
2024/01/01 16:10:43.91,15.91,-31.71,-57.26,-59.84,56.16,-9.64,-0.80
2024/01/01 16:10:43.92,15.92,-31.71,-57.27,-59.84,56.16,-9.65,-0.83
2024/01/01 16:10:43.93,15.93,-31.71,-57.28,-59.84,56.19,-9.67,-0.86
2024/01/01 16:10:43.94,15.94,-31.71,-57.28,-59.84,56.22,-9.68,-0.90
2024/01/01 16:10:43.95,15.95,-31.70,-57.28,-59.85,56.23,-9.68,-0.93
2024/01/01 16:10:43.96,15.96,-31.68,-57.27,-59.87,56.20,-9.68,-0.92
2024/01/01 16:10:43.97,15.97,-31.66,-57.25,-59.88,56.16,-9.68,-0.90
2024/01/01 16:10:43.98,15.98,-31.64,-57.24,-59.90,56.14,-9.68,-0.90
2024/01/01 16:10:43.99,15.99,-31.62,-57.23,-59.91,56.16,-9.67,-0.92
2024/01/01 16:10:44.00,16.00,-31.62,-57.22,-59.92,56.22,-9.66,-0.99
2024/01/01 16:10:44.01,16.01,-31.62,-57.22,-59.93,56.29,-9.65,-1.08
2024/01/01 16:10:44.02,16.02,-31.62,-57.22,-59.93,56.35,-9.64,-1.14
2024/01/01 16:10:44.03,16.03,-31.62,-57.21,-59.93,56.38,-9.64,-1.10
2024/01/01 16:10:44.04,16.04,-31.62,-57.20,-59.93,56.39,-9.63,-1.00
2024/01/01 16:10:44.05,16.05,-31.61,-57.19,-59.92,56.40,-9.62,-0.89
2024/01/01 16:10:44.06,16.06,-31.60,-57.19,-59.91,56.40,-9.59,-0.81
2024/01/01 16:10:44.07,16.07,-31.59,-57.19,-59.89,56.39,-9.55,-0.79
2024/01/01 16:10:44.08,16.08,-31.58,-57.19,-59.88,56.37,-9.51,-0.81
2024/01/01 16:10:44.09,16.09,-31.56,-57.19,-59.89,56.33,-9.48,-0.85
2024/01/01 16:10:44.10,16.10,-31.55,-57.19,-59.90,56.28,-9.45,-0.88
2024/01/01 16:10:44.11,16.11,-31.54,-57.18,-59.91,56.24,-9.44,-0.91
2024/01/01 16:10:44.12,16.12,-31.54,-57.18,-59.93,56.24,-9.45,-0.94
2024/01/01 16:10:44.13,16.13,-31.55,-57.17,-59.95,56.29,-9.48,-0.99
2024/01/01 16:10:44.14,16.14,-31.56,-57.16,-59.96,56.37,-9.52,-1.02
2024/01/01 16:10:44.15,16.15,-31.56,-57.15,-59.97,56.45,-9.56,-1.04
2024/01/01 16:10:44.16,16.16,-31.57,-57.14,-59.98,56.47,-9.60,-1.04
2024/01/01 16:10:44.17,16.17,-31.57,-57.12,-59.97,56.42,-9.63,-1.00
2024/01/01 16:10:44.18,16.18,-31.58,-57.12,-59.95,56.33,-9.66,-0.94
2024/01/01 16:10:44.19,16.19,-31.59,-57.11,-59.93,56.25,-9.66,-0.91
2024/01/01 16:10:44.20,16.20,-31.59,-57.12,-59.92,56.21,-9.63,-0.91
2024/01/01 16:10:44.21,16.21,-31.59,-57.13,-59.92,56.24,-9.57,-0.91
2024/01/01 16:10:44.22,16.22,-31.59,-57.15,-59.92,56.29,-9.49,-0.89
2024/01/01 16:10:44.23,16.23,-31.59,-57.18,-59.91,56.33,-9.42,-0.88
2024/01/01 16:10:44.24,16.24,-31.61,-57.20,-59.90,56.34,-9.38,-0.91
2024/01/01 16:10:44.25,16.25,-31.63,-57.22,-59.88,56.33,-9.38,-0.96
2024/01/01 16:10:44.26,16.26,-31.65,-57.24,-59.86,56.31,-9.39,-0.96
2024/01/01 16:10:44.27,16.27,-31.66,-57.25,-59.86,56.29,-9.42,-0.92
2024/01/01 16:10:44.28,16.28,-31.66,-57.25,-59.85,56.25,-9.44,-0.84
2024/01/01 16:10:44.29,16.29,-31.65,-57.25,-59.83,56.19,-9.46,-0.76
2024/01/01 16:10:44.30,16.30,-31.63,-57.24,-59.83,56.13,-9.50,-0.72
2024/01/01 16:10:44.31,16.31,-31.62,-57.24,-59.83,56.12,-9.58,-0.75
2024/01/01 16:10:44.32,16.32,-31.62,-57.24,-59.85,56.15,-9.69,-0.83
2024/01/01 16:10:44.33,16.33,-31.63,-57.24,-59.86,56.21,-9.81,-0.91
2024/01/01 16:10:44.34,16.34,-31.64,-57.25,-59.88,56.26,-9.91,-0.98
2024/01/01 16:10:44.35,16.35,-31.65,-57.25,-59.89,56.31,-9.94,-1.04
2024/01/01 16:10:44.36,16.36,-31.65,-57.24,-59.90,56.36,-9.92,-1.03
2024/01/01 16:10:44.37,16.37,-31.65,-57.24,-59.92,56.40,-9.87,-0.95
2024/01/01 16:10:44.38,16.38,-31.64,-57.24,-59.92,56.40,-9.83,-0.87
2024/01/01 16:10:44.39,16.39,-31.64,-57.24,-59.92,56.37,-9.78,-0.83
2024/01/01 16:10:44.40,16.40,-31.64,-57.26,-59.91,56.32,-9.72,-0.85
2024/01/01 16:10:44.41,16.41,-31.65,-57.27,-59.90,56.27,-9.66,-0.92
2024/01/01 16:10:44.42,16.42,-31.67,-57.29,-59.89,56.24,-9.62,-0.96
2024/01/01 16:10:44.43,16.43,-31.69,-57.30,-59.87,56.22,-9.61,-0.94
2024/01/01 16:10:44.44,16.44,-31.71,-57.32,-59.85,56.20,-9.62,-0.90
2024/01/01 16:10:44.45,16.45,-31.73,-57.32,-59.83,56.17,-9.62,-0.84
2024/01/01 16:10:44.46,16.46,-31.74,-57.33,-59.80,56.17,-9.61,-0.74
2024/01/01 16:10:44.47,16.47,-31.75,-57.33,-59.78,56.18,-9.59,-0.63
2024/01/01 16:10:44.48,16.48,-31.76,-57.32,-59.76,56.20,-9.58,-0.59
2024/01/01 16:10:44.49,16.49,-31.77,-57.31,-59.74,56.21,-9.59,-0.61
2024/01/01 16:10:44.50,16.50,-31.77,-57.29,-59.74,56.18,-9.62,-0.66
2024/01/01 16:10:44.51,16.51,-31.77,-57.27,-59.75,56.09,-9.67,-0.71
2024/01/01 16:10:44.52,16.52,-31.76,-57.26,-59.77,56.00,-9.71,-0.78
2024/01/01 16:10:44.53,16.53,-31.74,-57.24,-59.80,55.97,-9.72,-0.84
2024/01/01 16:10:44.54,16.54,-31.71,-57.23,-59.85,56.04,-9.70,-0.89
2024/01/01 16:10:44.55,16.55,-31.69,-57.22,-59.89,56.17,-9.67,-0.94
2024/01/01 16:10:44.56,16.56,-31.67,-57.21,-59.93,56.27,-9.67,-1.01
2024/01/01 16:10:44.57,16.57,-31.67,-57.20,-59.96,56.29,-9.67,-1.10
2024/01/01 16:10:44.58,16.58,-31.67,-57.20,-59.99,56.25,-9.66,-1.19
2024/01/01 16:10:44.59,16.59,-31.66,-57.19,-60.01,56.19,-9.62,-1.19
2024/01/01 16:10:44.60,16.60,-31.65,-57.19,-60.02,56.14,-9.57,-1.13
2024/01/01 16:10:44.61,16.61,-31.63,-57.20,-60.02,56.14,-9.53,-1.05
2024/01/01 16:10:44.62,16.62,-31.62,-57.20,-60.02,56.18,-9.51,-1.03
2024/01/01 16:10:44.63,16.63,-31.60,-57.20,-60.03,56.28,-9.50,-1.02
2024/01/01 16:10:44.64,16.64,-31.57,-57.20,-60.04,56.39,-9.52,-1.01
2024/01/01 16:10:44.65,16.65,-31.55,-57.20,-60.04,56.51,-9.55,-0.98
2024/01/01 16:10:44.66,16.66,-31.53,-57.20,-60.04,56.59,-9.58,-1.01
2024/01/01 16:10:44.67,16.67,-31.52,-57.20,-60.04,56.61,-9.59,-1.09
2024/01/01 16:10:44.68,16.68,-31.50,-57.19,-60.05,56.57,-9.57,-1.17
2024/01/01 16:10:44.69,16.69,-31.48,-57.17,-60.05,56.50,-9.54,-1.19
2024/01/01 16:10:44.70,16.70,-31.46,-57.15,-60.05,56.42,-9.49,-1.15
2024/01/01 16:10:44.71,16.71,-31.45,-57.13,-60.04,56.36,-9.44,-1.12
2024/01/01 16:10:44.72,16.72,-31.45,-57.11,-60.03,56.35,-9.40,-1.11
2024/01/01 16:10:44.73,16.73,-31.46,-57.11,-60.00,56.36,-9.39,-1.06
2024/01/01 16:10:44.74,16.74,-31.48,-57.11,-59.96,56.38,-9.44,-0.97
2024/01/01 16:10:44.75,16.75,-31.50,-57.12,-59.93,56.40,-9.53,-0.94
2024/01/01 16:10:44.76,16.76,-31.51,-57.13,-59.90,56.41,-9.60,-0.95
2024/01/01 16:10:44.77,16.77,-31.53,-57.15,-59.87,56.40,-9.62,-0.90
2024/01/01 16:10:44.78,16.78,-31.54,-57.16,-59.85,56.38,-9.60,-0.81
2024/01/01 16:10:44.79,16.79,-31.56,-57.17,-59.84,56.35,-9.55,-0.74
2024/01/01 16:10:44.80,16.80,-31.59,-57.17,-59.82,56.34,-9.50,-0.71
2024/01/01 16:10:44.81,16.81,-31.62,-57.16,-59.80,56.31,-9.50,-0.68
2024/01/01 16:10:44.82,16.82,-31.66,-57.16,-59.77,56.28,-9.56,-0.69
2024/01/01 16:10:44.83,16.83,-31.69,-57.16,-59.74,56.24,-9.65,-0.72
2024/01/01 16:10:44.84,16.84,-31.71,-57.17,-59.72,56.17,-9.73,-0.74
2024/01/01 16:10:44.85,16.85,-31.73,-57.19,-59.71,56.10,-9.77,-0.70
2024/01/01 16:10:44.86,16.86,-31.75,-57.21,-59.71,56.05,-9.76,-0.63
2024/01/01 16:10:44.87,16.87,-31.79,-57.25,-59.69,56.05,-9.70,-0.60
2024/01/01 16:10:44.88,16.88,-31.83,-57.28,-59.68,56.09,-9.60,-0.62
2024/01/01 16:10:44.89,16.89,-31.85,-57.32,-59.68,56.14,-9.48,-0.63
2024/01/01 16:10:44.90,16.90,-31.87,-57.36,-59.68,56.15,-9.39,-0.60
2024/01/01 16:10:44.91,16.91,-31.87,-57.39,-59.69,56.10,-9.34,-0.55
2024/01/01 16:10:44.92,16.92,-31.86,-57.40,-59.70,55.99,-9.37,-0.56
2024/01/01 16:10:44.93,16.93,-31.84,-57.39,-59.71,55.89,-9.48,-0.62
2024/01/01 16:10:44.94,16.94,-31.82,-57.37,-59.73,55.85,-9.64,-0.71
2024/01/01 16:10:44.95,16.95,-31.81,-57.35,-59.76,55.90,-9.85,-0.81
2024/01/01 16:10:44.96,16.96,-31.79,-57.32,-59.78,56.00,-10.06,-0.90
2024/01/01 16:10:44.97,16.97,-31.78,-57.30,-59.81,56.10,-10.21,-0.97
2024/01/01 16:10:44.98,16.98,-31.77,-57.29,-59.84,56.17,-10.28,-0.99
2024/01/01 16:10:44.99,16.99,-31.75,-57.29,-59.88,56.20,-10.23,-0.96
2024/01/01 16:10:45.00,17.00,-31.73,-57.31,-59.92,56.22,-10.09,-0.91
2024/01/01 16:10:45.01,17.01,-31.72,-57.33,-59.94,56.23,-9.89,-0.88
2024/01/01 16:10:45.02,17.02,-31.70,-57.35,-59.95,56.26,-9.67,-0.91
2024/01/01 16:10:45.03,17.03,-31.68,-57.36,-59.97,56.29,-9.47,-1.03
2024/01/01 16:10:45.04,17.04,-31.65,-57.36,-60.00,56.32,-9.32,-1.15
2024/01/01 16:10:45.05,17.05,-31.61,-57.35,-60.02,56.35,-9.27,-1.16
2024/01/01 16:10:45.06,17.06,-31.57,-57.34,-60.05,56.38,-9.31,-1.12
2024/01/01 16:10:45.07,17.07,-31.53,-57.31,-60.06,56.44,-9.43,-1.14
2024/01/01 16:10:45.08,17.08,-31.49,-57.27,-60.09,56.52,-9.57,-1.20
2024/01/01 16:10:45.09,17.09,-31.46,-57.23,-60.11,56.60,-9.71,-1.21
2024/01/01 16:10:45.10,17.10,-31.43,-57.19,-60.13,56.63,-9.85,-1.18
2024/01/01 16:10:45.11,17.11,-31.41,-57.16,-60.14,56.59,-9.96,-1.16
2024/01/01 16:10:45.12,17.12,-31.41,-57.13,-60.14,56.52,-9.99,-1.19
2024/01/01 16:10:45.13,17.13,-31.41,-57.11,-60.14,56.45,-9.93,-1.23
2024/01/01 16:10:45.14,17.14,-31.43,-57.09,-60.13,56.42,-9.79,-1.22
2024/01/01 16:10:45.15,17.15,-31.45,-57.07,-60.11,56.45,-9.59,-1.17
2024/01/01 16:10:45.16,17.16,-31.46,-57.05,-60.09,56.49,-9.35,-1.12
2024/01/01 16:10:45.17,17.17,-31.47,-57.02,-60.07,56.51,-9.14,-1.07
2024/01/01 16:10:45.18,17.18,-31.48,-57.01,-60.04,56.48,-9.02,-0.99
2024/01/01 16:10:45.19,17.19,-31.49,-57.02,-60.01,56.44,-9.00,-0.93
2024/01/01 16:10:45.20,17.20,-31.51,-57.04,-59.98,56.40,-9.07,-0.95
2024/01/01 16:10:45.21,17.21,-31.53,-57.07,-59.96,56.38,-9.20,-1.02
2024/01/01 16:10:45.22,17.22,-31.57,-57.09,-59.93,56.38,-9.32,-1.03
2024/01/01 16:10:45.23,17.23,-31.61,-57.11,-59.90,56.34,-9.41,-0.97
2024/01/01 16:10:45.24,17.24,-31.64,-57.12,-59.86,56.25,-9.47,-0.88
2024/01/01 16:10:45.25,17.25,-31.66,-57.13,-59.83,56.11,-9.48,-0.79
2024/01/01 16:10:45.26,17.26,-31.67,-57.14,-59.80,56.02,-9.47,-0.67
2024/01/01 16:10:45.27,17.27,-31.67,-57.15,-59.78,56.01,-9.47,-0.57
2024/01/01 16:10:45.28,17.28,-31.69,-57.16,-59.75,56.06,-9.49,-0.54
2024/01/01 16:10:45.29,17.29,-31.72,-57.17,-59.72,56.13,-9.52,-0.64
2024/01/01 16:10:45.30,17.30,-31.76,-57.18,-59.70,56.20,-9.54,-0.83
2024/01/01 16:10:45.31,17.31,-31.80,-57.20,-59.69,56.24,-9.56,-0.96
2024/01/01 16:10:45.32,17.32,-31.82,-57.23,-59.69,56.21,-9.59,-0.94
2024/01/01 16:10:45.33,17.33,-31.82,-57.26,-59.70,56.10,-9.66,-0.77
2024/01/01 16:10:45.34,17.34,-31.81,-57.29,-59.72,55.95,-9.78,-0.57
2024/01/01 16:10:45.35,17.35,-31.80,-57.32,-59.72,55.83,-9.90,-0.42
2024/01/01 16:10:45.36,17.36,-31.80,-57.35,-59.72,55.80,-10.00,-0.37
2024/01/01 16:10:45.37,17.37,-31.82,-57.38,-59.71,55.85,-10.07,-0.45
2024/01/01 16:10:45.38,17.38,-31.84,-57.40,-59.71,55.93,-10.06,-0.67
2024/01/01 16:10:45.39,17.39,-31.85,-57.42,-59.72,56.00,-9.97,-0.91
2024/01/01 16:10:45.40,17.40,-31.84,-57.43,-59.75,56.05,-9.82,-1.01
2024/01/01 16:10:45.41,17.41,-31.82,-57.43,-59.78,56.10,-9.67,-0.96
2024/01/01 16:10:45.42,17.42,-31.79,-57.44,-59.81,56.21,-9.56,-0.85
2024/01/01 16:10:45.43,17.43,-31.75,-57.43,-59.84,56.37,-9.55,-0.74
2024/01/01 16:10:45.44,17.44,-31.71,-57.40,-59.88,56.50,-9.66,-0.66
2024/01/01 16:10:45.45,17.45,-31.68,-57.37,-59.91,56.51,-9.83,-0.68
2024/01/01 16:10:45.46,17.46,-31.65,-57.35,-59.95,56.39,-10.00,-0.86
2024/01/01 16:10:45.47,17.47,-31.64,-57.32,-59.98,56.18,-10.06,-1.09
2024/01/01 16:10:45.48,17.48,-31.62,-57.30,-60.01,56.02,-10.02,-1.28
2024/01/01 16:10:45.49,17.49,-31.60,-57.27,-60.05,56.03,-9.91,-1.36
2024/01/01 16:10:45.50,17.50,-31.57,-57.24,-60.08,56.21,-9.78,-1.34
2024/01/01 16:10:45.51,17.51,-31.55,-57.22,-60.10,56.44,-9.64,-1.24
2024/01/01 16:10:45.52,17.52,-31.53,-57.20,-60.09,56.64,-9.52,-1.11
2024/01/01 16:10:45.53,17.53,-31.52,-57.19,-60.07,56.75,-9.44,-1.02
2024/01/01 16:10:45.54,17.54,-31.51,-57.18,-60.06,56.77,-9.40,-1.01
2024/01/01 16:10:45.55,17.55,-31.49,-57.18,-60.06,56.71,-9.40,-1.03
2024/01/01 16:10:45.56,17.56,-31.48,-57.18,-60.05,56.60,-9.42,-1.04
2024/01/01 16:10:45.57,17.57,-31.47,-57.18,-60.04,56.47,-9.42,-1.09
2024/01/01 16:10:45.58,17.58,-31.47,-57.17,-60.03,56.37,-9.39,-1.15
2024/01/01 16:10:45.59,17.59,-31.48,-57.16,-60.02,56.31,-9.33,-1.15
2024/01/01 16:10:45.60,17.60,-31.49,-57.14,-60.00,56.29,-9.29,-1.06
2024/01/01 16:10:45.61,17.61,-31.51,-57.11,-59.97,56.31,-9.31,-0.94
2024/01/01 16:10:45.62,17.62,-31.53,-57.10,-59.92,56.33,-9.36,-0.88
2024/01/01 16:10:45.63,17.63,-31.55,-57.09,-59.89,56.33,-9.42,-0.86
2024/01/01 16:10:45.64,17.64,-31.56,-57.08,-59.85,56.35,-9.49,-0.81
2024/01/01 16:10:45.65,17.65,-31.57,-57.08,-59.83,56.38,-9.54,-0.76
2024/01/01 16:10:45.66,17.66,-31.59,-57.08,-59.80,56.39,-9.55,-0.74
2024/01/01 16:10:45.67,17.67,-31.61,-57.10,-59.78,56.36,-9.51,-0.78
2024/01/01 16:10:45.68,17.68,-31.64,-57.12,-59.78,56.27,-9.45,-0.86
2024/01/01 16:10:45.69,17.69,-31.66,-57.14,-59.80,56.15,-9.44,-0.91
2024/01/01 16:10:45.70,17.70,-31.68,-57.17,-59.82,56.04,-9.50,-0.86
2024/01/01 16:10:45.71,17.71,-31.69,-57.19,-59.82,55.97,-9.62,-0.79
2024/01/01 16:10:45.72,17.72,-31.71,-57.20,-59.83,55.98,-9.77,-0.81
2024/01/01 16:10:45.73,17.73,-31.73,-57.20,-59.83,56.07,-9.87,-0.87
2024/01/01 16:10:45.74,17.74,-31.75,-57.20,-59.83,56.17,-9.89,-0.89
2024/01/01 16:10:45.75,17.75,-31.76,-57.19,-59.82,56.21,-9.84,-0.84
2024/01/01 16:10:45.76,17.76,-31.77,-57.19,-59.81,56.18,-9.74,-0.81
2024/01/01 16:10:45.77,17.77,-31.77,-57.19,-59.80,56.13,-9.60,-0.79
2024/01/01 16:10:45.78,17.78,-31.76,-57.20,-59.79,56.08,-9.49,-0.75
2024/01/01 16:10:45.79,17.79,-31.75,-57.22,-59.79,56.06,-9.45,-0.71
2024/01/01 16:10:45.80,17.80,-31.74,-57.24,-59.81,56.08,-9.50,-0.71
2024/01/01 16:10:45.81,17.81,-31.73,-57.27,-59.82,56.13,-9.59,-0.76
2024/01/01 16:10:45.82,17.82,-31.73,-57.30,-59.84,56.19,-9.65,-0.80
2024/01/01 16:10:45.83,17.83,-31.72,-57.31,-59.85,56.26,-9.65,-0.85
2024/01/01 16:10:45.84,17.84,-31.70,-57.31,-59.87,56.32,-9.61,-0.91
2024/01/01 16:10:45.85,17.85,-31.67,-57.30,-59.88,56.33,-9.55,-0.93
2024/01/01 16:10:45.86,17.86,-31.64,-57.28,-59.90,56.30,-9.51,-0.91
2024/01/01 16:10:45.87,17.87,-31.62,-57.26,-59.90,56.23,-9.51,-0.87
2024/01/01 16:10:45.88,17.88,-31.60,-57.25,-59.90,56.16,-9.55,-0.88
2024/01/01 16:10:45.89,17.89,-31.59,-57.24,-59.90,56.12,-9.61,-0.96
2024/01/01 16:10:45.90,17.90,-31.58,-57.25,-59.92,56.14,-9.69,-1.05
2024/01/01 16:10:45.91,17.91,-31.56,-57.25,-59.95,56.21,-9.79,-1.09
2024/01/01 16:10:45.92,17.92,-31.54,-57.25,-59.98,56.30,-9.87,-1.06
2024/01/01 16:10:45.93,17.93,-31.53,-57.25,-60.01,56.39,-9.92,-1.03
2024/01/01 16:10:45.94,17.94,-31.53,-57.24,-60.02,56.50,-9.91,-1.04
2024/01/01 16:10:45.95,17.95,-31.53,-57.23,-60.03,56.61,-9.81,-1.09
2024/01/01 16:10:45.96,17.96,-31.52,-57.23,-60.04,56.69,-9.66,-1.12
2024/01/01 16:10:45.97,17.97,-31.53,-57.24,-60.03,56.69,-9.51,-1.11
2024/01/01 16:10:45.98,17.98,-31.53,-57.25,-60.01,56.61,-9.41,-1.08
2024/01/01 16:10:45.99,17.99,-31.54,-57.26,-59.98,56.50,-9.38,-1.05
2024/01/01 16:10:46.00,18.00,-31.54,-57.26,-59.96,56.43,-9.42,-0.95
2024/01/01 16:10:46.01,18.01,-31.54,-57.26,-59.93,56.42,-9.50,-0.80
2024/01/01 16:10:46.02,18.02,-31.55,-57.26,-59.90,56.43,-9.59,-0.71
2024/01/01 16:10:46.03,18.03,-31.57,-57.25,-59.88,56.43,-9.64,-0.72
2024/01/01 16:10:46.04,18.04,-31.59,-57.25,-59.86,56.40,-9.64,-0.76
2024/01/01 16:10:46.05,18.05,-31.60,-57.25,-59.85,56.34,-9.60,-0.80
2024/01/01 16:10:46.06,18.06,-31.62,-57.26,-59.83,56.27,-9.57,-0.81
2024/01/01 16:10:46.07,18.07,-31.65,-57.27,-59.82,56.23,-9.56,-0.82
2024/01/01 16:10:46.08,18.08,-31.67,-57.27,-59.80,56.19,-9.58,-0.85
2024/01/01 16:10:46.09,18.09,-31.70,-57.27,-59.78,56.13,-9.62,-0.85
2024/01/01 16:10:46.10,18.10,-31.73,-57.26,-59.76,56.06,-9.67,-0.83
2024/01/01 16:10:46.11,18.11,-31.76,-57.25,-59.75,55.97,-9.72,-0.79
2024/01/01 16:10:46.12,18.12,-31.77,-57.23,-59.75,55.89,-9.75,-0.75
2024/01/01 16:10:46.13,18.13,-31.78,-57.20,-59.74,55.85,-9.78,-0.72
2024/01/01 16:10:46.14,18.14,-31.80,-57.18,-59.74,55.85,-9.82,-0.69
2024/01/01 16:10:46.15,18.15,-31.82,-57.16,-59.74,55.88,-9.87,-0.72
2024/01/01 16:10:46.16,18.16,-31.85,-57.15,-59.74,55.93,-9.86,-0.80
2024/01/01 16:10:46.17,18.17,-31.88,-57.16,-59.74,55.99,-9.80,-0.85
2024/01/01 16:10:46.18,18.18,-31.89,-57.18,-59.75,56.06,-9.69,-0.85
2024/01/01 16:10:46.19,18.19,-31.89,-57.20,-59.77,56.13,-9.56,-0.82
2024/01/01 16:10:46.20,18.20,-31.87,-57.21,-59.79,56.17,-9.48,-0.78
2024/01/01 16:10:46.21,18.21,-31.85,-57.22,-59.82,56.21,-9.44,-0.72
2024/01/01 16:10:46.22,18.22,-31.82,-57.23,-59.85,56.25,-9.46,-0.69
2024/01/01 16:10:46.23,18.23,-31.79,-57.23,-59.88,56.27,-9.49,-0.74
2024/01/01 16:10:46.24,18.24,-31.76,-57.22,-59.91,56.27,-9.50,-0.87
2024/01/01 16:10:46.25,18.25,-31.73,-57.22,-59.95,56.24,-9.48,-1.03
2024/01/01 16:10:46.26,18.26,-31.68,-57.22,-59.99,56.18,-9.44,-1.15
2024/01/01 16:10:46.27,18.27,-31.62,-57.20,-60.03,56.11,-9.40,-1.19
2024/01/01 16:10:46.28,18.28,-31.56,-57.19,-60.05,56.08,-9.38,-1.17
2024/01/01 16:10:46.29,18.29,-31.50,-57.18,-60.08,56.13,-9.40,-1.17
2024/01/01 16:10:46.30,18.30,-31.46,-57.17,-60.10,56.25,-9.45,-1.18
2024/01/01 16:10:46.31,18.31,-31.42,-57.18,-60.12,56.39,-9.53,-1.18
2024/01/01 16:10:46.32,18.32,-31.40,-57.18,-60.13,56.49,-9.64,-1.22
2024/01/01 16:10:46.33,18.33,-31.39,-57.19,-60.13,56.55,-9.75,-1.30
2024/01/01 16:10:46.34,18.34,-31.40,-57.20,-60.12,56.60,-9.82,-1.36
2024/01/01 16:10:46.35,18.35,-31.41,-57.21,-60.10,56.66,-9.82,-1.34
2024/01/01 16:10:46.36,18.36,-31.43,-57.22,-60.08,56.73,-9.76,-1.27
2024/01/01 16:10:46.37,18.37,-31.43,-57.22,-60.05,56.77,-9.66,-1.11
2024/01/01 16:10:46.38,18.38,-31.44,-57.22,-60.01,56.74,-9.57,-0.89
2024/01/01 16:10:46.39,18.39,-31.46,-57.23,-59.96,56.62,-9.52,-0.73
2024/01/01 16:10:46.40,18.40,-31.48,-57.23,-59.90,56.47,-9.54,-0.69
2024/01/01 16:10:46.41,18.41,-31.50,-57.23,-59.85,56.37,-9.59,-0.71
2024/01/01 16:10:46.42,18.42,-31.52,-57.22,-59.82,56.33,-9.67,-0.73
2024/01/01 16:10:46.43,18.43,-31.54,-57.21,-59.79,56.33,-9.73,-0.74
2024/01/01 16:10:46.44,18.44,-31.57,-57.21,-59.78,56.34,-9.73,-0.70
2024/01/01 16:10:46.45,18.45,-31.60,-57.20,-59.76,56.33,-9.66,-0.66
2024/01/01 16:10:46.46,18.46,-31.63,-57.19,-59.75,56.33,-9.54,-0.64
2024/01/01 16:10:46.47,18.47,-31.66,-57.19,-59.74,56.36,-9.44,-0.66
2024/01/01 16:10:46.48,18.48,-31.70,-57.19,-59.74,56.35,-9.41,-0.68
2024/01/01 16:10:46.49,18.49,-31.72,-57.20,-59.75,56.26,-9.44,-0.71
2024/01/01 16:10:46.50,18.50,-31.74,-57.21,-59.76,56.09,-9.49,-0.73
2024/01/01 16:10:46.51,18.51,-31.75,-57.23,-59.78,55.90,-9.53,-0.75
2024/01/01 16:10:46.52,18.52,-31.77,-57.25,-59.80,55.76,-9.57,-0.77
2024/01/01 16:10:46.53,18.53,-31.78,-57.26,-59.83,55.72,-9.58,-0.78
2024/01/01 16:10:46.54,18.54,-31.80,-57.26,-59.85,55.79,-9.56,-0.82
2024/01/01 16:10:46.55,18.55,-31.82,-57.27,-59.86,55.91,-9.55,-0.91
2024/01/01 16:10:46.56,18.56,-31.83,-57.28,-59.87,56.03,-9.55,-1.03
2024/01/01 16:10:46.57,18.57,-31.83,-57.28,-59.88,56.13,-9.59,-1.09
2024/01/01 16:10:46.58,18.58,-31.81,-57.28,-59.90,56.21,-9.68,-1.04
2024/01/01 16:10:46.59,18.59,-31.78,-57.29,-59.91,56.26,-9.79,-0.94
2024/01/01 16:10:46.60,18.60,-31.75,-57.30,-59.92,56.27,-9.90,-0.84
2024/01/01 16:10:46.61,18.61,-31.71,-57.31,-59.92,56.26,-9.96,-0.82
2024/01/01 16:10:46.62,18.62,-31.68,-57.32,-59.91,56.25,-9.95,-0.89
2024/01/01 16:10:46.63,18.63,-31.67,-57.32,-59.92,56.25,-9.88,-1.00
2024/01/01 16:10:46.64,18.64,-31.65,-57.32,-59.94,56.26,-9.79,-1.09
2024/01/01 16:10:46.65,18.65,-31.64,-57.32,-59.95,56.27,-9.73,-1.11
2024/01/01 16:10:46.66,18.66,-31.62,-57.31,-59.97,56.28,-9.71,-1.11
2024/01/01 16:10:46.67,18.67,-31.61,-57.31,-59.99,56.31,-9.71,-1.12
2024/01/01 16:10:46.68,18.68,-31.60,-57.31,-60.00,56.38,-9.74,-1.11
2024/01/01 16:10:46.69,18.69,-31.58,-57.31,-60.01,56.49,-9.76,-1.03
2024/01/01 16:10:46.70,18.70,-31.57,-57.31,-60.02,56.59,-9.74,-0.95
2024/01/01 16:10:46.71,18.71,-31.57,-57.30,-60.01,56.61,-9.67,-0.94
2024/01/01 16:10:46.72,18.72,-31.56,-57.28,-60.02,56.54,-9.59,-1.00
2024/01/01 16:10:46.73,18.73,-31.55,-57.25,-60.03,56.41,-9.52,-1.07
2024/01/01 16:10:46.74,18.74,-31.54,-57.21,-60.05,56.31,-9.49,-1.07
2024/01/01 16:10:46.75,18.75,-31.52,-57.16,-60.06,56.25,-9.53,-1.01
2024/01/01 16:10:46.76,18.76,-31.52,-57.13,-60.05,56.24,-9.59,-0.99
2024/01/01 16:10:46.77,18.77,-31.53,-57.11,-60.03,56.26,-9.63,-1.03
2024/01/01 16:10:46.78,18.78,-31.56,-57.10,-60.01,56.28,-9.63,-1.09
2024/01/01 16:10:46.79,18.79,-31.60,-57.12,-60.00,56.28,-9.57,-1.09
2024/01/01 16:10:46.80,18.80,-31.64,-57.15,-59.97,56.26,-9.47,-1.03
2024/01/01 16:10:46.81,18.81,-31.67,-57.18,-59.94,56.23,-9.34,-0.94
2024/01/01 16:10:46.82,18.82,-31.69,-57.19,-59.89,56.19,-9.22,-0.85
2024/01/01 16:10:46.83,18.83,-31.70,-57.18,-59.85,56.17,-9.15,-0.75
2024/01/01 16:10:46.84,18.84,-31.70,-57.17,-59.81,56.18,-9.17,-0.67
2024/01/01 16:10:46.85,18.85,-31.70,-57.17,-59.77,56.20,-9.27,-0.66
2024/01/01 16:10:46.86,18.86,-31.69,-57.18,-59.74,56.21,-9.42,-0.68
2024/01/01 16:10:46.87,18.87,-31.70,-57.20,-59.71,56.20,-9.60,-0.73
2024/01/01 16:10:46.88,18.88,-31.71,-57.21,-59.69,56.16,-9.76,-0.80
2024/01/01 16:10:46.89,18.89,-31.70,-57.21,-59.69,56.13,-9.88,-0.80
2024/01/01 16:10:46.90,18.90,-31.69,-57.21,-59.71,56.10,-9.96,-0.73
2024/01/01 16:10:46.91,18.91,-31.66,-57.21,-59.73,56.09,-9.97,-0.62
2024/01/01 16:10:46.92,18.92,-31.63,-57.21,-59.76,56.11,-9.91,-0.59
2024/01/01 16:10:46.93,18.93,-31.60,-57.22,-59.80,56.15,-9.77,-0.71
2024/01/01 16:10:46.94,18.94,-31.58,-57.23,-59.84,56.21,-9.61,-0.93
2024/01/01 16:10:46.95,18.95,-31.59,-57.23,-59.87,56.27,-9.49,-1.12
2024/01/01 16:10:46.96,18.96,-31.60,-57.23,-59.88,56.34,-9.46,-1.22
2024/01/01 16:10:46.97,18.97,-31.61,-57.22,-59.88,56.40,-9.50,-1.28
2024/01/01 16:10:46.98,18.98,-31.60,-57.21,-59.89,56.44,-9.55,-1.24
2024/01/01 16:10:46.99,18.99,-31.57,-57.21,-59.90,56.44,-9.62,-1.04
2024/01/01 16:10:47.00,19.00,-31.52,-57.20,-59.92,56.42,-9.69,-0.76
2024/01/01 16:10:47.01,19.01,-31.48,-57.20,-59.92,56.40,-9.74,-0.61
2024/01/01 16:10:47.02,19.02,-31.46,-57.19,-59.91,56.41,-9.77,-0.68
2024/01/01 16:10:47.03,19.03,-31.47,-57.19,-59.89,56.47,-9.77,-0.88
2024/01/01 16:10:47.04,19.04,-31.51,-57.20,-59.87,56.56,-9.76,-1.05
2024/01/01 16:10:47.05,19.05,-31.56,-57.21,-59.84,56.60,-9.71,-1.13
2024/01/01 16:10:47.06,19.06,-31.61,-57.22,-59.83,56.58,-9.59,-1.13
2024/01/01 16:10:47.07,19.07,-31.63,-57.21,-59.84,56.53,-9.44,-0.96
2024/01/01 16:10:47.08,19.08,-31.63,-57.19,-59.84,56.46,-9.35,-0.64
2024/01/01 16:10:47.09,19.09,-31.61,-57.17,-59.84,56.39,-9.36,-0.35
2024/01/01 16:10:47.10,19.10,-31.60,-57.15,-59.86,56.32,-9.43,-0.29
2024/01/01 16:10:47.11,19.11,-31.59,-57.13,-59.88,56.27,-9.48,-0.49
2024/01/01 16:10:47.12,19.12,-31.61,-57.10,-59.91,56.21,-9.48,-0.81
2024/01/01 16:10:47.13,19.13,-31.63,-57.09,-59.95,56.14,-9.44,-1.14
2024/01/01 16:10:47.14,19.14,-31.65,-57.09,-60.00,56.06,-9.38,-1.39
2024/01/01 16:10:47.15,19.15,-31.67,-57.10,-60.04,56.01,-9.32,-1.45
2024/01/01 16:10:47.16,19.16,-31.68,-57.12,-60.06,56.02,-9.29,-1.28
2024/01/01 16:10:47.17,19.17,-31.68,-57.15,-60.07,56.12,-9.32,-1.03
2024/01/01 16:10:47.18,19.18,-31.68,-57.17,-60.06,56.24,-9.38,-0.84
2024/01/01 16:10:47.19,19.19,-31.68,-57.19,-60.03,56.31,-9.42,-0.78
2024/01/01 16:10:47.20,19.20,-31.69,-57.21,-60.00,56.26,-9.40,-0.83
2024/01/01 16:10:47.21,19.21,-31.70,-57.24,-59.98,56.15,-9.36,-0.97
2024/01/01 16:10:47.22,19.22,-31.70,-57.26,-59.98,56.05,-9.33,-1.09
2024/01/01 16:10:47.23,19.23,-31.69,-57.29,-59.98,55.99,-9.34,-1.14
2024/01/01 16:10:47.24,19.24,-31.69,-57.31,-59.97,56.02,-9.43,-1.09
2024/01/01 16:10:47.25,19.25,-31.69,-57.33,-59.97,56.16,-9.63,-1.01
2024/01/01 16:10:47.26,19.26,-31.69,-57.35,-59.96,56.31,-9.88,-0.95
2024/01/01 16:10:47.27,19.27,-31.68,-57.36,-59.94,56.39,-10.13,-0.92
2024/01/01 16:10:47.28,19.28,-31.68,-57.36,-59.90,56.38,-10.33,-0.88
2024/01/01 16:10:47.29,19.29,-31.68,-57.38,-59.86,56.32,-10.41,-0.87
2024/01/01 16:10:47.30,19.30,-31.69,-57.39,-59.83,56.24,-10.36,-0.94
2024/01/01 16:10:47.31,19.31,-31.70,-57.39,-59.82,56.18,-10.21,-0.97
2024/01/01 16:10:47.32,19.32,-31.70,-57.38,-59.81,56.15,-10.01,-0.88
2024/01/01 16:10:47.33,19.33,-31.70,-57.35,-59.81,56.15,-9.86,-0.75
2024/01/01 16:10:47.34,19.34,-31.69,-57.33,-59.81,56.18,-9.77,-0.72
2024/01/01 16:10:47.35,19.35,-31.68,-57.31,-59.82,56.22,-9.70,-0.79
2024/01/01 16:10:47.36,19.36,-31.67,-57.28,-59.83,56.29,-9.68,-0.85
2024/01/01 16:10:47.37,19.37,-31.67,-57.26,-59.85,56.40,-9.74,-0.89
2024/01/01 16:10:47.38,19.38,-31.66,-57.24,-59.88,56.50,-9.83,-0.96
2024/01/01 16:10:47.39,19.39,-31.64,-57.22,-59.90,56.52,-9.88,-1.00
2024/01/01 16:10:47.40,19.40,-31.62,-57.21,-59.93,56.47,-9.83,-0.95
2024/01/01 16:10:47.41,19.41,-31.60,-57.20,-59.95,56.35,-9.66,-0.88
2024/01/01 16:10:47.42,19.42,-31.58,-57.18,-59.96,56.21,-9.43,-0.87
2024/01/01 16:10:47.43,19.43,-31.57,-57.17,-59.96,56.12,-9.21,-0.91
2024/01/01 16:10:47.44,19.44,-31.57,-57.17,-59.95,56.12,-9.09,-0.98
2024/01/01 16:10:47.45,19.45,-31.58,-57.16,-59.94,56.20,-9.07,-1.05
2024/01/01 16:10:47.46,19.46,-31.58,-57.16,-59.94,56.30,-9.13,-1.10
2024/01/01 16:10:47.47,19.47,-31.59,-57.15,-59.94,56.36,-9.23,-1.08
2024/01/01 16:10:47.48,19.48,-31.58,-57.14,-59.94,56.38,-9.33,-0.98
2024/01/01 16:10:47.49,19.49,-31.57,-57.14,-59.93,56.36,-9.42,-0.84
2024/01/01 16:10:47.50,19.50,-31.56,-57.13,-59.91,56.35,-9.49,-0.75
2024/01/01 16:10:47.51,19.51,-31.58,-57.13,-59.89,56.35,-9.55,-0.76
2024/01/01 16:10:47.52,19.52,-31.60,-57.14,-59.87,56.33,-9.61,-0.86
2024/01/01 16:10:47.53,19.53,-31.62,-57.16,-59.86,56.28,-9.69,-0.94
2024/01/01 16:10:47.54,19.54,-31.64,-57.18,-59.85,56.20,-9.79,-0.94
2024/01/01 16:10:47.55,19.55,-31.66,-57.20,-59.84,56.10,-9.85,-0.91
2024/01/01 16:10:47.56,19.56,-31.66,-57.22,-59.83,56.04,-9.85,-0.89
2024/01/01 16:10:47.57,19.57,-31.66,-57.25,-59.83,56.08,-9.79,-0.84
2024/01/01 16:10:47.58,19.58,-31.65,-57.27,-59.83,56.20,-9.65,-0.75
2024/01/01 16:10:47.59,19.59,-31.63,-57.29,-59.84,56.32,-9.48,-0.70
2024/01/01 16:10:47.60,19.60,-31.63,-57.30,-59.85,56.37,-9.34,-0.78
2024/01/01 16:10:47.61,19.61,-31.64,-57.30,-59.86,56.32,-9.27,-0.92
2024/01/01 16:10:47.62,19.62,-31.68,-57.29,-59.85,56.20,-9.30,-1.02
2024/01/01 16:10:47.63,19.63,-31.70,-57.28,-59.85,56.13,-9.44,-1.08
2024/01/01 16:10:47.64,19.64,-31.71,-57.26,-59.86,56.18,-9.62,-1.07
2024/01/01 16:10:47.65,19.65,-31.70,-57.24,-59.88,56.32,-9.79,-0.95
2024/01/01 16:10:47.66,19.66,-31.68,-57.23,-59.90,56.44,-9.92,-0.77
2024/01/01 16:10:47.67,19.67,-31.65,-57.21,-59.90,56.46,-9.98,-0.66
2024/01/01 16:10:47.68,19.68,-31.65,-57.19,-59.89,56.36,-9.96,-0.69
2024/01/01 16:10:47.69,19.69,-31.65,-57.17,-59.86,56.24,-9.88,-0.81
2024/01/01 16:10:47.70,19.70,-31.67,-57.16,-59.84,56.15,-9.77,-0.96
2024/01/01 16:10:47.71,19.71,-31.69,-57.17,-59.83,56.12,-9.64,-1.05
2024/01/01 16:10:47.72,19.72,-31.69,-57.18,-59.83,56.11,-9.50,-0.99
2024/01/01 16:10:47.73,19.73,-31.67,-57.19,-59.85,56.09,-9.40,-0.85
2024/01/01 16:10:47.74,19.74,-31.65,-57.20,-59.85,56.10,-9.38,-0.71
2024/01/01 16:10:47.75,19.75,-31.65,-57.20,-59.84,56.19,-9.43,-0.63
2024/01/01 16:10:47.76,19.76,-31.67,-57.20,-59.82,56.30,-9.53,-0.65
2024/01/01 16:10:47.77,19.77,-31.71,-57.19,-59.81,56.34,-9.63,-0.79
2024/01/01 16:10:47.78,19.78,-31.72,-57.18,-59.80,56.30,-9.67,-0.92
2024/01/01 16:10:47.79,19.79,-31.71,-57.18,-59.82,56.19,-9.65,-0.90
2024/01/01 16:10:47.80,19.80,-31.68,-57.19,-59.83,56.08,-9.60,-0.79
2024/01/01 16:10:47.81,19.81,-31.67,-57.20,-59.83,56.06,-9.56,-0.71
2024/01/01 16:10:47.82,19.82,-31.67,-57.22,-59.83,56.21,-9.51,-0.72
2024/01/01 16:10:47.83,19.83,-31.67,-57.24,-59.85,56.45,-9.44,-0.81
2024/01/01 16:10:47.84,19.84,-31.67,-57.25,-59.87,56.64,-9.38,-0.91
2024/01/01 16:10:47.85,19.85,-31.66,-57.24,-59.89,56.65,-9.35,-0.99
2024/01/01 16:10:47.86,19.86,-31.64,-57.22,-59.91,56.47,-9.36,-1.05
2024/01/01 16:10:47.87,19.87,-31.61,-57.20,-59.92,56.23,-9.42,-1.10
2024/01/01 16:10:47.88,19.88,-31.57,-57.19,-59.93,56.05,-9.55,-1.10
2024/01/01 16:10:47.89,19.89,-31.54,-57.20,-59.94,56.03,-9.71,-1.08
2024/01/01 16:10:47.90,19.90,-31.52,-57.22,-59.96,56.13,-9.84,-1.05
2024/01/01 16:10:47.91,19.91,-31.50,-57.24,-59.98,56.27,-9.89,-1.02
2024/01/01 16:10:47.92,19.92,-31.50,-57.25,-60.00,56.36,-9.88,-1.01
2024/01/01 16:10:47.93,19.93,-31.48,-57.26,-60.03,56.39,-9.85,-1.03
2024/01/01 16:10:47.94,19.94,-31.48,-57.25,-60.05,56.42,-9.82,-1.07
2024/01/01 16:10:47.95,19.95,-31.49,-57.24,-60.07,56.48,-9.78,-1.12
2024/01/01 16:10:47.96,19.96,-31.52,-57.24,-60.08,56.58,-9.72,-1.16
2024/01/01 16:10:47.97,19.97,-31.55,-57.24,-60.07,56.65,-9.64,-1.19
2024/01/01 16:10:47.98,19.98,-31.56,-57.25,-60.06,56.64,-9.54,-1.19
2024/01/01 16:10:47.99,19.99,-31.56,-57.25,-60.04,56.54,-9.48,-1.12
2024/01/01 16:10:48.00,20.00,-31.55,-57.24,-60.01,56.37,-9.48,-0.97
2024/01/01 16:10:48.01,20.01,-31.54,-57.23,-59.98,56.22,-9.53,-0.81
2024/01/01 16:10:48.02,20.02,-31.55,-57.21,-59.96,56.17,-9.59,-0.75
2024/01/01 16:10:48.03,20.03,-31.56,-57.21,-59.94,56.21,-9.58,-0.77
2024/01/01 16:10:48.04,20.04,-31.59,-57.21,-59.93,56.29,-9.50,-0.82
2024/01/01 16:10:48.05,20.05,-31.63,-57.21,-59.91,56.32,-9.42,-0.91
2024/01/01 16:10:48.06,20.06,-31.67,-57.20,-59.89,56.27,-9.39,-1.01
2024/01/01 16:10:48.07,20.07,-31.71,-57.19,-59.85,56.16,-9.43,-1.03
2024/01/01 16:10:48.08,20.08,-31.73,-57.19,-59.81,56.04,-9.54,-0.93
2024/01/01 16:10:48.09,20.09,-31.72,-57.20,-59.78,56.00,-9.69,-0.76
2024/01/01 16:10:48.10,20.10,-31.72,-57.21,-59.75,56.05,-9.80,-0.58
2024/01/01 16:10:48.11,20.11,-31.73,-57.22,-59.73,56.11,-9.86,-0.48
2024/01/01 16:10:48.12,20.12,-31.76,-57.22,-59.70,56.14,-9.88,-0.49
2024/01/01 16:10:48.13,20.13,-31.78,-57.23,-59.70,56.13,-9.88,-0.59
2024/01/01 16:10:48.14,20.14,-31.80,-57.24,-59.71,56.11,-9.87,-0.72
2024/01/01 16:10:48.15,20.15,-31.80,-57.24,-59.74,56.10,-9.82,-0.81
2024/01/01 16:10:48.16,20.16,-31.78,-57.26,-59.77,56.14,-9.68,-0.85
2024/01/01 16:10:48.17,20.17,-31.76,-57.27,-59.82,56.21,-9.47,-0.87
2024/01/01 16:10:48.18,20.18,-31.75,-57.29,-59.85,56.28,-9.28,-0.90
2024/01/01 16:10:48.19,20.19,-31.73,-57.32,-59.88,56.28,-9.20,-0.93
2024/01/01 16:10:48.20,20.20,-31.72,-57.34,-59.90,56.22,-9.26,-0.98
2024/01/01 16:10:48.21,20.21,-31.69,-57.34,-59.92,56.15,-9.41,-1.01
2024/01/01 16:10:48.22,20.22,-31.66,-57.32,-59.94,56.11,-9.60,-1.02
2024/01/01 16:10:48.23,20.23,-31.63,-57.30,-59.95,56.12,-9.77,-1.04
2024/01/01 16:10:48.24,20.24,-31.60,-57.29,-59.96,56.21,-9.88,-1.08
2024/01/01 16:10:48.25,20.25,-31.59,-57.29,-59.97,56.35,-9.93,-1.12
2024/01/01 16:10:48.26,20.26,-31.59,-57.30,-59.98,56.45,-9.93,-1.12
2024/01/01 16:10:48.27,20.27,-31.59,-57.31,-59.98,56.45,-9.93,-1.07
2024/01/01 16:10:48.28,20.28,-31.58,-57.31,-59.98,56.37,-9.95,-1.01
2024/01/01 16:10:48.29,20.29,-31.58,-57.31,-59.97,56.30,-9.95,-0.96
2024/01/01 16:10:48.30,20.30,-31.57,-57.31,-59.94,56.29,-9.91,-0.91
2024/01/01 16:10:48.31,20.31,-31.57,-57.30,-59.92,56.35,-9.83,-0.87
2024/01/01 16:10:48.32,20.32,-31.56,-57.29,-59.91,56.43,-9.73,-0.87
2024/01/01 16:10:48.33,20.33,-31.56,-57.27,-59.90,56.48,-9.61,-0.90
2024/01/01 16:10:48.34,20.34,-31.58,-57.24,-59.90,56.44,-9.49,-0.91
2024/01/01 16:10:48.35,20.35,-31.63,-57.20,-59.87,56.36,-9.41,-0.92
2024/01/01 16:10:48.36,20.36,-31.67,-57.17,-59.84,56.31,-9.38,-0.92
2024/01/01 16:10:48.37,20.37,-31.71,-57.15,-59.81,56.31,-9.38,-0.87
2024/01/01 16:10:48.38,20.38,-31.71,-57.14,-59.80,56.34,-9.41,-0.76
2024/01/01 16:10:48.39,20.39,-31.69,-57.13,-59.80,56.35,-9.42,-0.60
2024/01/01 16:10:48.40,20.40,-31.66,-57.13,-59.80,56.30,-9.40,-0.49
2024/01/01 16:10:48.41,20.41,-31.64,-57.12,-59.81,56.21,-9.35,-0.50
2024/01/01 16:10:48.42,20.42,-31.64,-57.09,-59.82,56.12,-9.28,-0.67
2024/01/01 16:10:48.43,20.43,-31.66,-57.07,-59.85,56.07,-9.26,-0.90
2024/01/01 16:10:48.44,20.44,-31.68,-57.05,-59.87,56.03,-9.32,-1.06
2024/01/01 16:10:48.45,20.45,-31.71,-57.06,-59.88,55.99,-9.45,-1.16
2024/01/01 16:10:48.46,20.46,-31.73,-57.08,-59.88,55.94,-9.59,-1.19
2024/01/01 16:10:48.47,20.47,-31.74,-57.11,-59.87,55.94,-9.68,-1.08
2024/01/01 16:10:48.48,20.48,-31.76,-57.14,-59.86,56.01,-9.73,-0.84
2024/01/01 16:10:48.49,20.49,-31.77,-57.17,-59.85,56.12,-9.77,-0.61
2024/01/01 16:10:48.50,20.50,-31.77,-57.21,-59.85,56.21,-9.77,-0.53
2024/01/01 16:10:48.51,20.51,-31.77,-57.24,-59.84,56.22,-9.73,-0.59
2024/01/01 16:10:48.52,20.52,-31.76,-57.28,-59.85,56.17,-9.66,-0.75
2024/01/01 16:10:48.53,20.53,-31.74,-57.31,-59.88,56.11,-9.60,-0.94
2024/01/01 16:10:48.54,20.54,-31.72,-57.34,-59.91,56.12,-9.59,-1.09
2024/01/01 16:10:48.55,20.55,-31.71,-57.36,-59.93,56.21,-9.62,-1.16
2024/01/01 16:10:48.56,20.56,-31.70,-57.35,-59.93,56.33,-9.70,-1.16
2024/01/01 16:10:48.57,20.57,-31.69,-57.34,-59.94,56.42,-9.78,-1.12
2024/01/01 16:10:48.58,20.58,-31.68,-57.32,-59.96,56.40,-9.83,-1.06
2024/01/01 16:10:48.59,20.59,-31.65,-57.30,-59.96,56.32,-9.85,-0.96
2024/01/01 16:10:48.60,20.60,-31.63,-57.29,-59.95,56.24,-9.86,-0.86
2024/01/01 16:10:48.61,20.61,-31.61,-57.29,-59.95,56.21,-9.86,-0.88
2024/01/01 16:10:48.62,20.62,-31.58,-57.29,-59.96,56.25,-9.83,-0.99
2024/01/01 16:10:48.63,20.63,-31.55,-57.28,-59.97,56.30,-9.73,-1.07
2024/01/01 16:10:48.64,20.64,-31.54,-57.27,-59.97,56.32,-9.61,-1.07
2024/01/01 16:10:48.65,20.65,-31.52,-57.24,-59.98,56.34,-9.53,-1.08
2024/01/01 16:10:48.66,20.66,-31.51,-57.19,-59.99,56.37,-9.48,-1.14
2024/01/01 16:10:48.67,20.67,-31.48,-57.16,-60.01,56.41,-9.48,-1.15
2024/01/01 16:10:48.68,20.68,-31.45,-57.14,-60.03,56.45,-9.55,-1.06
2024/01/01 16:10:48.69,20.69,-31.42,-57.13,-60.04,56.52,-9.67,-0.98
2024/01/01 16:10:48.70,20.70,-31.43,-57.13,-60.02,56.61,-9.70,-1.01
2024/01/01 16:10:48.71,20.71,-31.47,-57.13,-59.99,56.69,-9.62,-1.06
2024/01/01 16:10:48.72,20.72,-31.49,-57.13,-59.98,56.73,-9.44,-1.06
2024/01/01 16:10:48.73,20.73,-31.50,-57.12,-59.97,56.68,-9.24,-1.01
2024/01/01 16:10:48.74,20.74,-31.50,-57.12,-59.96,56.54,-9.06,-0.91
2024/01/01 16:10:48.75,20.75,-31.51,-57.11,-59.94,56.36,-8.98,-0.77
2024/01/01 16:10:48.76,20.76,-31.53,-57.11,-59.91,56.24,-9.03,-0.70
2024/01/01 16:10:48.77,20.77,-31.56,-57.11,-59.88,56.25,-9.18,-0.75
2024/01/01 16:10:48.78,20.78,-31.61,-57.13,-59.83,56.34,-9.37,-0.81
2024/01/01 16:10:48.79,20.79,-31.65,-57.16,-59.78,56.37,-9.52,-0.84
2024/01/01 16:10:48.80,20.80,-31.68,-57.16,-59.76,56.28,-9.59,-0.85
2024/01/01 16:10:48.81,20.81,-31.69,-57.16,-59.75,56.09,-9.58,-0.78
2024/01/01 16:10:48.82,20.82,-31.70,-57.17,-59.75,55.90,-9.56,-0.63
2024/01/01 16:10:48.83,20.83,-31.72,-57.17,-59.74,55.79,-9.61,-0.51
2024/01/01 16:10:48.84,20.84,-31.74,-57.17,-59.75,55.84,-9.72,-0.54
2024/01/01 16:10:48.85,20.85,-31.76,-57.18,-59.74,56.00,-9.86,-0.69
2024/01/01 16:10:48.86,20.86,-31.78,-57.22,-59.74,56.13,-9.98,-0.84
2024/01/01 16:10:48.87,20.87,-31.78,-57.28,-59.75,56.15,-10.03,-0.96
2024/01/01 16:10:48.88,20.88,-31.76,-57.32,-59.77,56.10,-9.99,-1.02
2024/01/01 16:10:48.89,20.89,-31.73,-57.33,-59.80,56.06,-9.84,-0.94
2024/01/01 16:10:48.90,20.90,-31.71,-57.30,-59.83,56.08,-9.65,-0.78
2024/01/01 16:10:48.91,20.91,-31.71,-57.26,-59.84,56.18,-9.52,-0.69
2024/01/01 16:10:48.92,20.92,-31.71,-57.22,-59.84,56.31,-9.46,-0.77
2024/01/01 16:10:48.93,20.93,-31.71,-57.19,-59.85,56.41,-9.45,-0.96
2024/01/01 16:10:48.94,20.94,-31.70,-57.18,-59.86,56.42,-9.50,-1.11
2024/01/01 16:10:48.95,20.95,-31.68,-57.19,-59.88,56.36,-9.62,-1.12
2024/01/01 16:10:48.96,20.96,-31.66,-57.22,-59.88,56.29,-9.77,-1.03
2024/01/01 16:10:48.97,20.97,-31.65,-57.25,-59.88,56.29,-9.87,-0.89
2024/01/01 16:10:48.98,20.98,-31.64,-57.27,-59.87,56.35,-9.89,-0.75
2024/01/01 16:10:48.99,20.99,-31.64,-57.28,-59.88,56.43,-9.81,-0.66
2024/01/01 16:10:49.00,21.00,-31.65,-57.28,-59.88,56.46,-9.64,-0.64
2024/01/01 16:10:49.01,21.01,-31.66,-57.28,-59.89,56.36,-9.43,-0.70
2024/01/01 16:10:49.02,21.02,-31.67,-57.27,-59.89,56.18,-9.29,-0.80
2024/01/01 16:10:49.03,21.03,-31.67,-57.26,-59.90,56.06,-9.26,-0.89
2024/01/01 16:10:49.04,21.04,-31.68,-57.26,-59.91,56.04,-9.34,-0.97
2024/01/01 16:10:49.05,21.05,-31.69,-57.25,-59.92,56.11,-9.49,-1.02
2024/01/01 16:10:49.06,21.06,-31.71,-57.25,-59.94,56.20,-9.64,-1.05
2024/01/01 16:10:49.07,21.07,-31.71,-57.25,-59.95,56.25,-9.74,-1.09
2024/01/01 16:10:49.08,21.08,-31.70,-57.24,-59.95,56.24,-9.81,-1.10
2024/01/01 16:10:49.09,21.09,-31.68,-57.23,-59.95,56.20,-9.86,-1.05
2024/01/01 16:10:49.10,21.10,-31.66,-57.22,-59.94,56.18,-9.90,-0.99
2024/01/01 16:10:49.11,21.11,-31.65,-57.23,-59.92,56.22,-9.90,-0.96
2024/01/01 16:10:49.12,21.12,-31.66,-57.24,-59.90,56.28,-9.85,-0.93
2024/01/01 16:10:49.13,21.13,-31.67,-57.26,-59.87,56.33,-9.75,-0.89
2024/01/01 16:10:49.14,21.14,-31.68,-57.28,-59.83,56.32,-9.62,-0.89
2024/01/01 16:10:49.15,21.15,-31.68,-57.29,-59.79,56.23,-9.50,-0.88
2024/01/01 16:10:49.16,21.16,-31.66,-57.29,-59.76,56.09,-9.42,-0.79
2024/01/01 16:10:49.17,21.17,-31.63,-57.29,-59.75,55.99,-9.42,-0.69
2024/01/01 16:10:49.18,21.18,-31.60,-57.29,-59.75,56.01,-9.47,-0.63
2024/01/01 16:10:49.19,21.19,-31.60,-57.28,-59.74,56.18,-9.56,-0.63
2024/01/01 16:10:49.20,21.20,-31.61,-57.26,-59.73,56.42,-9.67,-0.70
2024/01/01 16:10:49.21,21.21,-31.64,-57.23,-59.73,56.59,-9.76,-0.81
2024/01/01 16:10:49.22,21.22,-31.66,-57.21,-59.75,56.61,-9.80,-0.88
2024/01/01 16:10:49.23,21.23,-31.66,-57.18,-59.77,56.50,-9.80,-0.85
2024/01/01 16:10:49.24,21.24,-31.65,-57.16,-59.79,56.35,-9.76,-0.77
2024/01/01 16:10:49.25,21.25,-31.62,-57.16,-59.81,56.29,-9.68,-0.71
2024/01/01 16:10:49.26,21.26,-31.60,-57.16,-59.82,56.36,-9.59,-0.72
2024/01/01 16:10:49.27,21.27,-31.58,-57.16,-59.83,56.47,-9.49,-0.80
2024/01/01 16:10:49.28,21.28,-31.57,-57.17,-59.83,56.50,-9.41,-0.91
2024/01/01 16:10:49.29,21.29,-31.58,-57.18,-59.85,56.39,-9.35,-1.03
2024/01/01 16:10:49.30,21.30,-31.60,-57.18,-59.87,56.21,-9.31,-1.10
2024/01/01 16:10:49.31,21.31,-31.62,-57.19,-59.88,56.02,-9.30,-1.04
2024/01/01 16:10:49.32,21.32,-31.63,-57.19,-59.89,55.92,-9.36,-0.89
2024/01/01 16:10:49.33,21.33,-31.64,-57.19,-59.91,55.96,-9.50,-0.79
2024/01/01 16:10:49.34,21.34,-31.65,-57.20,-59.93,56.11,-9.68,-0.77
2024/01/01 16:10:49.35,21.35,-31.66,-57.21,-59.94,56.27,-9.82,-0.81
2024/01/01 16:10:49.36,21.36,-31.68,-57.24,-59.94,56.37,-9.88,-0.88
2024/01/01 16:10:49.37,21.37,-31.69,-57.26,-59.94,56.39,-9.83,-0.98
2024/01/01 16:10:49.38,21.38,-31.71,-57.26,-59.94,56.36,-9.69,-1.06
2024/01/01 16:10:49.39,21.39,-31.73,-57.25,-59.94,56.30,-9.57,-1.05
2024/01/01 16:10:49.40,21.40,-31.76,-57.24,-59.92,56.25,-9.55,-0.91
2024/01/01 16:10:49.41,21.41,-31.77,-57.24,-59.89,56.17,-9.62,-0.74
2024/01/01 16:10:49.42,21.42,-31.78,-57.24,-59.86,56.09,-9.73,-0.65
2024/01/01 16:10:49.43,21.43,-31.76,-57.24,-59.84,56.01,-9.78,-0.64
2024/01/01 16:10:49.44,21.44,-31.73,-57.24,-59.84,55.96,-9.77,-0.63
2024/01/01 16:10:49.45,21.45,-31.71,-57.23,-59.84,55.95,-9.71,-0.67
2024/01/01 16:10:49.46,21.46,-31.71,-57.24,-59.84,55.98,-9.61,-0.81
2024/01/01 16:10:49.47,21.47,-31.72,-57.27,-59.84,56.05,-9.52,-1.00
2024/01/01 16:10:49.48,21.48,-31.73,-57.30,-59.85,56.15,-9.46,-1.12
2024/01/01 16:10:49.49,21.49,-31.73,-57.32,-59.88,56.24,-9.44,-1.10
2024/01/01 16:10:49.50,21.50,-31.73,-57.34,-59.90,56.29,-9.45,-0.96
2024/01/01 16:10:49.51,21.51,-31.72,-57.33,-59.90,56.31,-9.48,-0.80
2024/01/01 16:10:49.52,21.52,-31.70,-57.32,-59.90,56.30,-9.52,-0.74
2024/01/01 16:10:49.53,21.53,-31.68,-57.30,-59.89,56.31,-9.61,-0.80
2024/01/01 16:10:49.54,21.54,-31.66,-57.28,-59.90,56.35,-9.72,-0.88
2024/01/01 16:10:49.55,21.55,-31.64,-57.26,-59.91,56.40,-9.83,-0.94
2024/01/01 16:10:49.56,21.56,-31.63,-57.25,-59.91,56.44,-9.92,-1.03
2024/01/01 16:10:49.57,21.57,-31.63,-57.23,-59.91,56.43,-9.95,-1.11
2024/01/01 16:10:49.58,21.58,-31.65,-57.23,-59.90,56.37,-9.92,-1.11
2024/01/01 16:10:49.59,21.59,-31.69,-57.24,-59.87,56.32,-9.84,-1.03
2024/01/01 16:10:49.60,21.60,-31.72,-57.27,-59.85,56.30,-9.75,-0.88
2024/01/01 16:10:49.61,21.61,-31.73,-57.30,-59.84,56.33,-9.67,-0.74
2024/01/01 16:10:49.62,21.62,-31.72,-57.33,-59.82,56.35,-9.63,-0.63
2024/01/01 16:10:49.63,21.63,-31.70,-57.35,-59.83,56.29,-9.60,-0.55
2024/01/01 16:10:49.64,21.64,-31.69,-57.35,-59.85,56.15,-9.61,-0.58
2024/01/01 16:10:49.65,21.65,-31.69,-57.32,-59.89,56.01,-9.64,-0.75
2024/01/01 16:10:49.66,21.66,-31.68,-57.28,-59.95,55.92,-9.68,-0.95
2024/01/01 16:10:49.67,21.67,-31.67,-57.25,-60.00,55.91,-9.74,-1.13
2024/01/01 16:10:49.68,21.68,-31.67,-57.22,-60.05,55.93,-9.83,-1.26
2024/01/01 16:10:49.69,21.69,-31.65,-57.21,-60.08,55.96,-9.88,-1.34
2024/01/01 16:10:49.70,21.70,-31.64,-57.20,-60.10,56.01,-9.88,-1.34
2024/01/01 16:10:49.71,21.71,-31.64,-57.20,-60.10,56.10,-9.84,-1.25
2024/01/01 16:10:49.72,21.72,-31.65,-57.19,-60.08,56.24,-9.75,-1.13
2024/01/01 16:10:49.73,21.73,-31.67,-57.18,-60.05,56.37,-9.59,-1.05
2024/01/01 16:10:49.74,21.74,-31.69,-57.19,-60.02,56.42,-9.37,-0.99
2024/01/01 16:10:49.75,21.75,-31.70,-57.20,-59.98,56.37,-9.17,-0.93
2024/01/01 16:10:49.76,21.76,-31.69,-57.22,-59.96,56.29,-9.08,-0.88
2024/01/01 16:10:49.77,21.77,-31.67,-57.22,-59.94,56.24,-9.14,-0.86
2024/01/01 16:10:49.78,21.78,-31.63,-57.21,-59.91,56.29,-9.31,-0.85
2024/01/01 16:10:49.79,21.79,-31.59,-57.20,-59.89,56.37,-9.52,-0.88
2024/01/01 16:10:49.80,21.80,-31.57,-57.19,-59.87,56.44,-9.68,-0.97
2024/01/01 16:10:49.81,21.81,-31.55,-57.19,-59.87,56.45,-9.71,-1.06
2024/01/01 16:10:49.82,21.82,-31.55,-57.20,-59.89,56.41,-9.66,-1.09
2024/01/01 16:10:49.83,21.83,-31.55,-57.21,-59.90,56.33,-9.61,-1.04
2024/01/01 16:10:49.84,21.84,-31.57,-57.22,-59.90,56.26,-9.62,-0.95
2024/01/01 16:10:49.85,21.85,-31.60,-57.23,-59.89,56.23,-9.66,-0.88
2024/01/01 16:10:49.86,21.86,-31.62,-57.23,-59.86,56.21,-9.70,-0.86
2024/01/01 16:10:49.87,21.87,-31.64,-57.21,-59.84,56.23,-9.70,-0.81
2024/01/01 16:10:49.88,21.88,-31.65,-57.20,-59.83,56.27,-9.66,-0.73
2024/01/01 16:10:49.89,21.89,-31.65,-57.19,-59.83,56.31,-9.61,-0.68
2024/01/01 16:10:49.90,21.90,-31.65,-57.20,-59.84,56.34,-9.61,-0.72
2024/01/01 16:10:49.91,21.91,-31.66,-57.21,-59.86,56.32,-9.65,-0.81
2024/01/01 16:10:49.92,21.92,-31.67,-57.21,-59.88,56.27,-9.72,-0.89
2024/01/01 16:10:49.93,21.93,-31.68,-57.20,-59.89,56.20,-9.78,-0.98
2024/01/01 16:10:49.94,21.94,-31.71,-57.20,-59.88,56.15,-9.77,-1.05
2024/01/01 16:10:49.95,21.95,-31.75,-57.20,-59.88,56.11,-9.68,-1.09
2024/01/01 16:10:49.96,21.96,-31.78,-57.20,-59.89,56.10,-9.56,-1.09
2024/01/01 16:10:49.97,21.97,-31.79,-57.20,-59.90,56.11,-9.42,-0.97
2024/01/01 16:10:49.98,21.98,-31.78,-57.19,-59.88,56.11,-9.36,-0.71
2024/01/01 16:10:49.99,21.99,-31.75,-57.18,-59.85,56.10,-9.39,-0.55
2024/01/01 16:10:50.00,22.00,-31.72,-57.18,-59.82,56.11,-9.42,-0.63
2024/01/01 16:10:50.01,22.01,-31.70,-57.16,-59.80,56.15,-9.37,-0.78
2024/01/01 16:10:50.02,22.02,-31.69,-57.15,-59.79,56.21,-9.27,-0.89
2024/01/01 16:10:50.03,22.03,-31.69,-57.14,-59.79,56.24,-9.19,-0.97
2024/01/01 16:10:50.04,22.04,-31.69,-57.14,-59.79,56.25,-9.22,-1.01
2024/01/01 16:10:50.05,22.05,-31.69,-57.14,-59.77,56.26,-9.39,-0.95
2024/01/01 16:10:50.06,22.06,-31.70,-57.14,-59.75,56.27,-9.65,-0.83
2024/01/01 16:10:50.07,22.07,-31.69,-57.15,-59.72,56.32,-9.90,-0.67
2024/01/01 16:10:50.08,22.08,-31.68,-57.16,-59.70,56.37,-10.04,-0.52
2024/01/01 16:10:50.09,22.09,-31.66,-57.17,-59.69,56.39,-10.00,-0.44
2024/01/01 16:10:50.10,22.10,-31.64,-57.19,-59.70,56.36,-9.82,-0.48
2024/01/01 16:10:50.11,22.11,-31.62,-57.20,-59.73,56.29,-9.57,-0.60
2024/01/01 16:10:50.12,22.12,-31.61,-57.20,-59.76,56.21,-9.38,-0.77
2024/01/01 16:10:50.13,22.13,-31.61,-57.19,-59.79,56.14,-9.30,-0.91
2024/01/01 16:10:50.14,22.14,-31.63,-57.17,-59.83,56.10,-9.32,-0.99
2024/01/01 16:10:50.15,22.15,-31.65,-57.17,-59.86,56.10,-9.41,-1.02
2024/01/01 16:10:50.16,22.16,-31.68,-57.18,-59.88,56.12,-9.55,-1.02
2024/01/01 16:10:50.17,22.17,-31.70,-57.21,-59.90,56.15,-9.69,-0.95
2024/01/01 16:10:50.18,22.18,-31.71,-57.23,-59.90,56.20,-9.81,-0.86
2024/01/01 16:10:50.19,22.19,-31.71,-57.26,-59.91,56.26,-9.89,-0.83
2024/01/01 16:10:50.20,22.20,-31.71,-57.28,-59.91,56.29,-9.90,-0.83
2024/01/01 16:10:50.21,22.21,-31.70,-57.30,-59.93,56.31,-9.86,-0.84
2024/01/01 16:10:50.22,22.22,-31.69,-57.31,-59.95,56.32,-9.77,-0.85
2024/01/01 16:10:50.23,22.23,-31.67,-57.31,-59.98,56.35,-9.64,-0.88
2024/01/01 16:10:50.24,22.24,-31.64,-57.30,-60.01,56.39,-9.49,-0.93
2024/01/01 16:10:50.25,22.25,-31.59,-57.29,-60.05,56.42,-9.41,-1.01
2024/01/01 16:10:50.26,22.26,-31.55,-57.27,-60.07,56.43,-9.42,-1.16
2024/01/01 16:10:50.27,22.27,-31.53,-57.24,-60.07,56.39,-9.51,-1.30
2024/01/01 16:10:50.28,22.28,-31.54,-57.20,-60.06,56.33,-9.61,-1.39
2024/01/01 16:10:50.29,22.29,-31.56,-57.17,-60.05,56.26,-9.69,-1.37
2024/01/01 16:10:50.30,22.30,-31.57,-57.14,-60.04,56.21,-9.75,-1.26
2024/01/01 16:10:50.31,22.31,-31.56,-57.12,-60.05,56.17,-9.74,-1.05
2024/01/01 16:10:50.32,22.32,-31.53,-57.11,-60.05,56.16,-9.68,-0.82
2024/01/01 16:10:50.33,22.33,-31.50,-57.11,-60.05,56.22,-9.59,-0.70
2024/01/01 16:10:50.34,22.34,-31.49,-57.12,-60.07,56.35,-9.49,-0.79
2024/01/01 16:10:50.35,22.35,-31.49,-57.15,-60.09,56.53,-9.41,-1.02
2024/01/01 16:10:50.36,22.36,-31.52,-57.18,-60.12,56.71,-9.34,-1.24
2024/01/01 16:10:50.37,22.37,-31.55,-57.20,-60.14,56.77,-9.28,-1.42
2024/01/01 16:10:50.38,22.38,-31.59,-57.21,-60.16,56.70,-9.25,-1.53
2024/01/01 16:10:50.39,22.39,-31.60,-57.22,-60.16,56.53,-9.29,-1.49
2024/01/01 16:10:50.40,22.40,-31.60,-57.22,-60.14,56.33,-9.39,-1.24
2024/01/01 16:10:50.41,22.41,-31.60,-57.21,-60.09,56.18,-9.53,-0.94
2024/01/01 16:10:50.42,22.42,-31.58,-57.19,-60.04,56.09,-9.66,-0.80
2024/01/01 16:10:50.43,22.43,-31.57,-57.18,-60.00,56.04,-9.74,-0.81
2024/01/01 16:10:50.44,22.44,-31.56,-57.16,-59.98,56.02,-9.75,-0.87
2024/01/01 16:10:50.45,22.45,-31.57,-57.16,-59.96,56.00,-9.76,-0.93
2024/01/01 16:10:50.46,22.46,-31.60,-57.18,-59.94,56.01,-9.79,-1.00
2024/01/01 16:10:50.47,22.47,-31.65,-57.19,-59.93,56.08,-9.81,-1.06
2024/01/01 16:10:50.48,22.48,-31.70,-57.21,-59.93,56.21,-9.79,-1.08
2024/01/01 16:10:50.49,22.49,-31.75,-57.24,-59.93,56.33,-9.73,-1.02
2024/01/01 16:10:50.50,22.50,-31.78,-57.26,-59.92,56.33,-9.63,-0.89
2024/01/01 16:10:50.51,22.51,-31.80,-57.28,-59.90,56.21,-9.55,-0.77
2024/01/01 16:10:50.52,22.52,-31.78,-57.29,-59.87,56.03,-9.52,-0.68
2024/01/01 16:10:50.53,22.53,-31.74,-57.29,-59.85,55.90,-9.53,-0.63
2024/01/01 16:10:50.54,22.54,-31.71,-57.28,-59.82,55.90,-9.59,-0.67
2024/01/01 16:10:50.55,22.55,-31.69,-57.27,-59.80,56.03,-9.65,-0.81
2024/01/01 16:10:50.56,22.56,-31.68,-57.25,-59.79,56.24,-9.65,-0.97
2024/01/01 16:10:50.57,22.57,-31.68,-57.23,-59.79,56.43,-9.60,-1.05
2024/01/01 16:10:50.58,22.58,-31.68,-57.21,-59.79,56.51,-9.58,-0.99
2024/01/01 16:10:50.59,22.59,-31.68,-57.19,-59.79,56.44,-9.62,-0.87
2024/01/01 16:10:50.60,22.60,-31.67,-57.19,-59.78,56.29,-9.68,-0.76
2024/01/01 16:10:50.61,22.61,-31.66,-57.20,-59.76,56.15,-9.73,-0.66
2024/01/01 16:10:50.62,22.62,-31.65,-57.23,-59.74,56.08,-9.73,-0.62
2024/01/01 16:10:50.63,22.63,-31.66,-57.25,-59.72,56.11,-9.67,-0.67
2024/01/01 16:10:50.64,22.64,-31.68,-57.27,-59.71,56.18,-9.58,-0.76
2024/01/01 16:10:50.65,22.65,-31.71,-57.29,-59.71,56.21,-9.52,-0.81
2024/01/01 16:10:50.66,22.66,-31.73,-57.30,-59.72,56.18,-9.53,-0.78
2024/01/01 16:10:50.67,22.67,-31.73,-57.31,-59.74,56.15,-9.63,-0.70
2024/01/01 16:10:50.68,22.68,-31.70,-57.33,-59.76,56.15,-9.76,-0.62
2024/01/01 16:10:50.69,22.69,-31.67,-57.34,-59.77,56.24,-9.86,-0.59
2024/01/01 16:10:50.70,22.70,-31.65,-57.36,-59.79,56.38,-9.91,-0.64
2024/01/01 16:10:50.71,22.71,-31.64,-57.38,-59.82,56.51,-9.88,-0.79
2024/01/01 16:10:50.72,22.72,-31.63,-57.37,-59.84,56.57,-9.79,-0.98
2024/01/01 16:10:50.73,22.73,-31.62,-57.36,-59.88,56.54,-9.66,-1.12
2024/01/01 16:10:50.74,22.74,-31.59,-57.35,-59.93,56.46,-9.53,-1.20
2024/01/01 16:10:50.75,22.75,-31.54,-57.32,-59.98,56.40,-9.44,-1.19
2024/01/01 16:10:50.76,22.76,-31.50,-57.28,-60.02,56.36,-9.38,-1.08
2024/01/01 16:10:50.77,22.77,-31.47,-57.25,-60.05,56.35,-9.41,-0.98
2024/01/01 16:10:50.78,22.78,-31.45,-57.23,-60.07,56.36,-9.53,-1.02
2024/01/01 16:10:50.79,22.79,-31.45,-57.21,-60.09,56.38,-9.69,-1.18
2024/01/01 16:10:50.80,22.80,-31.45,-57.20,-60.12,56.37,-9.85,-1.28
2024/01/01 16:10:50.81,22.81,-31.45,-57.20,-60.15,56.34,-9.97,-1.27
2024/01/01 16:10:50.82,22.82,-31.45,-57.20,-60.18,56.34,-10.00,-1.18
2024/01/01 16:10:50.83,22.83,-31.46,-57.20,-60.19,56.40,-9.92,-1.09
2024/01/01 16:10:50.84,22.84,-31.48,-57.21,-60.19,56.52,-9.78,-1.05
2024/01/01 16:10:50.85,22.85,-31.49,-57.21,-60.18,56.65,-9.63,-1.07
2024/01/01 16:10:50.86,22.86,-31.50,-57.21,-60.15,56.73,-9.50,-1.13
2024/01/01 16:10:50.87,22.87,-31.50,-57.21,-60.11,56.70,-9.41,-1.23
2024/01/01 16:10:50.88,22.88,-31.48,-57.21,-60.08,56.56,-9.35,-1.29
2024/01/01 16:10:50.89,22.89,-31.47,-57.23,-60.07,56.40,-9.31,-1.26
2024/01/01 16:10:50.90,22.90,-31.46,-57.23,-60.06,56.30,-9.28,-1.12
2024/01/01 16:10:50.91,22.91,-31.46,-57.22,-60.05,56.28,-9.29,-0.94
2024/01/01 16:10:50.92,22.92,-31.46,-57.18,-60.04,56.29,-9.32,-0.85
2024/01/01 16:10:50.93,22.93,-31.46,-57.14,-60.01,56.29,-9.37,-0.90
2024/01/01 16:10:50.94,22.94,-31.49,-57.09,-59.98,56.24,-9.46,-1.02
2024/01/01 16:10:50.95,22.95,-31.53,-57.06,-59.95,56.17,-9.58,-1.12
2024/01/01 16:10:50.96,22.96,-31.56,-57.04,-59.93,56.14,-9.69,-1.19
2024/01/01 16:10:50.97,22.97,-31.57,-57.03,-59.90,56.17,-9.78,-1.15
2024/01/01 16:10:50.98,22.98,-31.58,-57.05,-59.86,56.27,-9.82,-0.97
2024/01/01 16:10:50.99,22.99,-31.58,-57.08,-59.80,56.36,-9.76,-0.79
2024/01/01 16:10:51.00,23.00,-31.60,-57.12,-59.74,56.40,-9.61,-0.71
2024/01/01 16:10:51.01,23.01,-31.62,-57.15,-59.69,56.42,-9.39,-0.70
2024/01/01 16:10:51.02,23.02,-31.64,-57.18,-59.65,56.43,-9.20,-0.67
2024/01/01 16:10:51.03,23.03,-31.65,-57.20,-59.62,56.42,-9.15,-0.59
2024/01/01 16:10:51.04,23.04,-31.64,-57.22,-59.60,56.39,-9.24,-0.52
2024/01/01 16:10:51.05,23.05,-31.61,-57.22,-59.61,56.33,-9.41,-0.47
2024/01/01 16:10:51.06,23.06,-31.59,-57.22,-59.63,56.30,-9.61,-0.41
2024/01/01 16:10:51.07,23.07,-31.58,-57.22,-59.64,56.30,-9.78,-0.39
2024/01/01 16:10:51.08,23.08,-31.60,-57.22,-59.66,56.33,-9.87,-0.53
2024/01/01 16:10:51.09,23.09,-31.62,-57.22,-59.69,56.36,-9.84,-0.80
2024/01/01 16:10:51.10,23.10,-31.63,-57.22,-59.75,56.35,-9.70,-0.98
2024/01/01 16:10:51.11,23.11,-31.63,-57.22,-59.80,56.31,-9.55,-0.97
2024/01/01 16:10:51.12,23.12,-31.64,-57.22,-59.85,56.27,-9.46,-0.85
2024/01/01 16:10:51.13,23.13,-31.64,-57.23,-59.87,56.27,-9.44,-0.78
2024/01/01 16:10:51.14,23.14,-31.65,-57.23,-59.87,56.32,-9.49,-0.77
2024/01/01 16:10:51.15,23.15,-31.66,-57.22,-59.85,56.36,-9.57,-0.76
2024/01/01 16:10:51.16,23.16,-31.67,-57.23,-59.84,56.33,-9.68,-0.80
2024/01/01 16:10:51.17,23.17,-31.68,-57.23,-59.82,56.20,-9.76,-0.93
2024/01/01 16:10:51.18,23.18,-31.68,-57.23,-59.82,56.02,-9.77,-1.03
2024/01/01 16:10:51.19,23.19,-31.67,-57.24,-59.83,55.89,-9.75,-1.00
2024/01/01 16:10:51.20,23.20,-31.67,-57.26,-59.84,55.88,-9.75,-0.86
2024/01/01 16:10:51.21,23.21,-31.68,-57.28,-59.85,55.96,-9.75,-0.72
2024/01/01 16:10:51.22,23.22,-31.71,-57.32,-59.86,56.09,-9.73,-0.68
2024/01/01 16:10:51.23,23.23,-31.73,-57.35,-59.89,56.26,-9.68,-0.76
2024/01/01 16:10:51.24,23.24,-31.74,-57.36,-59.92,56.40,-9.59,-0.90
2024/01/01 16:10:51.25,23.25,-31.73,-57.35,-59.96,56.46,-9.49,-1.01
2024/01/01 16:10:51.26,23.26,-31.70,-57.33,-59.98,56.44,-9.45,-1.09
2024/01/01 16:10:51.27,23.27,-31.66,-57.30,-60.00,56.38,-9.49,-1.14
2024/01/01 16:10:51.28,23.28,-31.63,-57.28,-60.02,56.35,-9.57,-1.14
2024/01/01 16:10:51.29,23.29,-31.61,-57.27,-60.02,56.33,-9.66,-1.09
2024/01/01 16:10:51.30,23.30,-31.61,-57.27,-60.03,56.31,-9.71,-1.04
2024/01/01 16:10:51.31,23.31,-31.61,-57.27,-60.05,56.26,-9.71,-1.05
2024/01/01 16:10:51.32,23.32,-31.59,-57.28,-60.07,56.17,-9.73,-1.12
2024/01/01 16:10:51.33,23.33,-31.56,-57.28,-60.09,56.08,-9.80,-1.19
2024/01/01 16:10:51.34,23.34,-31.55,-57.27,-60.09,56.04,-9.94,-1.20
2024/01/01 16:10:51.35,23.35,-31.55,-57.27,-60.08,56.12,-10.07,-1.22
2024/01/01 16:10:51.36,23.36,-31.57,-57.26,-60.07,56.31,-10.09,-1.22
2024/01/01 16:10:51.37,23.37,-31.59,-57.27,-60.05,56.50,-9.98,-1.10
2024/01/01 16:10:51.38,23.38,-31.62,-57.28,-60.01,56.57,-9.83,-0.92
2024/01/01 16:10:51.39,23.39,-31.65,-57.29,-59.96,56.50,-9.68,-0.85
2024/01/01 16:10:51.40,23.40,-31.68,-57.29,-59.91,56.36,-9.53,-0.89
2024/01/01 16:10:51.41,23.41,-31.68,-57.29,-59.88,56.25,-9.42,-0.91
2024/01/01 16:10:51.42,23.42,-31.68,-57.27,-59.87,56.23,-9.38,-0.82
2024/01/01 16:10:51.43,23.43,-31.68,-57.25,-59.85,56.29,-9.38,-0.72
2024/01/01 16:10:51.44,23.44,-31.68,-57.22,-59.82,56.33,-9.38,-0.68
2024/01/01 16:10:51.45,23.45,-31.69,-57.21,-59.80,56.30,-9.42,-0.74
2024/01/01 16:10:51.46,23.46,-31.70,-57.20,-59.79,56.21,-9.52,-0.81
2024/01/01 16:10:51.47,23.47,-31.70,-57.20,-59.79,56.10,-9.63,-0.83
2024/01/01 16:10:51.48,23.48,-31.69,-57.21,-59.79,56.00,-9.70,-0.82
2024/01/01 16:10:51.49,23.49,-31.70,-57.21,-59.79,55.96,-9.69,-0.83
2024/01/01 16:10:51.50,23.50,-31.71,-57.21,-59.77,56.03,-9.60,-0.86
2024/01/01 16:10:51.51,23.51,-31.73,-57.20,-59.74,56.18,-9.46,-0.85
2024/01/01 16:10:51.52,23.52,-31.75,-57.19,-59.70,56.32,-9.37,-0.81
2024/01/01 16:10:51.53,23.53,-31.76,-57.19,-59.68,56.39,-9.37,-0.75
2024/01/01 16:10:51.54,23.54,-31.76,-57.18,-59.65,56.35,-9.45,-0.62
2024/01/01 16:10:51.55,23.55,-31.74,-57.16,-59.64,56.18,-9.59,-0.47
2024/01/01 16:10:51.56,23.56,-31.72,-57.15,-59.64,55.99,-9.77,-0.43
2024/01/01 16:10:51.57,23.57,-31.70,-57.15,-59.66,55.88,-9.92,-0.47
2024/01/01 16:10:51.58,23.58,-31.69,-57.17,-59.68,55.87,-10.00,-0.54
2024/01/01 16:10:51.59,23.59,-31.71,-57.21,-59.70,55.96,-10.01,-0.66
2024/01/01 16:10:51.60,23.60,-31.72,-57.25,-59.73,56.10,-9.93,-0.87
2024/01/01 16:10:51.61,23.61,-31.74,-57.29,-59.78,56.25,-9.78,-1.03
2024/01/01 16:10:51.62,23.62,-31.74,-57.31,-59.83,56.37,-9.60,-1.03
2024/01/01 16:10:51.63,23.63,-31.74,-57.31,-59.89,56.44,-9.47,-0.90
2024/01/01 16:10:51.64,23.64,-31.73,-57.29,-59.93,56.44,-9.41,-0.78
2024/01/01 16:10:51.65,23.65,-31.71,-57.27,-59.96,56.35,-9.38,-0.75
2024/01/01 16:10:51.66,23.66,-31.68,-57.25,-59.99,56.22,-9.37,-0.81
2024/01/01 16:10:51.67,23.67,-31.64,-57.24,-60.03,56.09,-9.38,-0.95
2024/01/01 16:10:51.68,23.68,-31.59,-57.24,-60.07,56.02,-9.40,-1.08
2024/01/01 16:10:51.69,23.69,-31.57,-57.25,-60.10,56.06,-9.45,-1.20
2024/01/01 16:10:51.70,23.70,-31.56,-57.25,-60.11,56.21,-9.57,-1.32
2024/01/01 16:10:51.71,23.71,-31.56,-57.25,-60.13,56.42,-9.72,-1.43
2024/01/01 16:10:51.72,23.72,-31.57,-57.26,-60.15,56.55,-9.82,-1.45
2024/01/01 16:10:51.73,23.73,-31.58,-57.26,-60.16,56.56,-9.87,-1.29
2024/01/01 16:10:51.74,23.74,-31.59,-57.27,-60.13,56.46,-9.84,-1.06
2024/01/01 16:10:51.75,23.75,-31.61,-57.27,-60.08,56.36,-9.78,-0.95
2024/01/01 16:10:51.76,23.76,-31.63,-57.26,-60.01,56.35,-9.72,-0.98
2024/01/01 16:10:51.77,23.77,-31.64,-57.25,-59.95,56.41,-9.68,-1.01
2024/01/01 16:10:51.78,23.78,-31.62,-57.23,-59.91,56.45,-9.68,-0.94
2024/01/01 16:10:51.79,23.79,-31.60,-57.22,-59.89,56.39,-9.71,-0.80
2024/01/01 16:10:51.80,23.80,-31.60,-57.20,-59.87,56.25,-9.71,-0.69
2024/01/01 16:10:51.81,23.81,-31.61,-57.18,-59.87,56.13,-9.68,-0.67
2024/01/01 16:10:51.82,23.82,-31.63,-57.15,-59.88,56.13,-9.66,-0.73
2024/01/01 16:10:51.83,23.83,-31.65,-57.13,-59.90,56.24,-9.67,-0.82
2024/01/01 16:10:51.84,23.84,-31.68,-57.11,-59.90,56.34,-9.67,-0.94
2024/01/01 16:10:51.85,23.85,-31.70,-57.08,-59.91,56.35,-9.64,-1.10
2024/01/01 16:10:51.86,23.86,-31.71,-57.06,-59.93,56.25,-9.52,-1.19
2024/01/01 16:10:51.87,23.87,-31.72,-57.05,-59.96,56.16,-9.33,-1.13
2024/01/01 16:10:51.88,23.88,-31.71,-57.04,-59.96,56.12,-9.14,-0.93
2024/01/01 16:10:51.89,23.89,-31.70,-57.05,-59.95,56.14,-9.00,-0.76
2024/01/01 16:10:51.90,23.90,-31.67,-57.07,-59.94,56.18,-8.91,-0.77
2024/01/01 16:10:51.91,23.91,-31.64,-57.10,-59.96,56.18,-8.87,-0.90
2024/01/01 16:10:51.92,23.92,-31.61,-57.14,-59.98,56.13,-8.89,-1.04
2024/01/01 16:10:51.93,23.93,-31.59,-57.17,-59.99,56.06,-9.00,-1.13
2024/01/01 16:10:51.94,23.94,-31.58,-57.19,-60.00,56.05,-9.16,-1.20
2024/01/01 16:10:51.95,23.95,-31.59,-57.20,-59.99,56.10,-9.37,-1.27
2024/01/01 16:10:51.96,23.96,-31.59,-57.19,-59.96,56.19,-9.60,-1.25
2024/01/01 16:10:51.97,23.97,-31.59,-57.20,-59.92,56.27,-9.82,-1.08
2024/01/01 16:10:51.98,23.98,-31.60,-57.22,-59.87,56.32,-10.02,-0.87
2024/01/01 16:10:51.99,23.99,-31.61,-57.25,-59.80,56.33,-10.17,-0.73
2024/01/01 16:10:52.00,24.00,-31.64,-57.27,-59.73,56.33,-10.27,-0.63
2024/01/01 16:10:52.01,24.01,-31.67,-57.28,-59.68,56.36,-10.34,-0.62
2024/01/01 16:10:52.02,24.02,-31.70,-57.29,-59.64,56.43,-10.36,-0.66
2024/01/01 16:10:52.03,24.03,-31.73,-57.30,-59.61,56.48,-10.28,-0.61
2024/01/01 16:10:52.04,24.04,-31.75,-57.31,-59.60,56.47,-10.11,-0.49
2024/01/01 16:10:52.05,24.05,-31.76,-57.32,-59.59,56.41,-9.89,-0.43
2024/01/01 16:10:52.06,24.06,-31.77,-57.32,-59.58,56.34,-9.67,-0.44
2024/01/01 16:10:52.07,24.07,-31.78,-57.32,-59.58,56.26,-9.53,-0.47
2024/01/01 16:10:52.08,24.08,-31.79,-57.32,-59.59,56.19,-9.53,-0.52
2024/01/01 16:10:52.09,24.09,-31.81,-57.32,-59.61,56.12,-9.59,-0.58
2024/01/01 16:10:52.10,24.10,-31.84,-57.32,-59.63,56.04,-9.63,-0.60
2024/01/01 16:10:52.11,24.11,-31.86,-57.33,-59.64,55.95,-9.60,-0.57
2024/01/01 16:10:52.12,24.12,-31.88,-57.35,-59.66,55.88,-9.53,-0.55
2024/01/01 16:10:52.13,24.13,-31.88,-57.37,-59.69,55.88,-9.45,-0.57
2024/01/01 16:10:52.14,24.14,-31.85,-57.38,-59.74,55.92,-9.36,-0.60
2024/01/01 16:10:52.15,24.15,-31.82,-57.39,-59.77,55.95,-9.30,-0.65
2024/01/01 16:10:52.16,24.16,-31.79,-57.38,-59.79,55.94,-9.28,-0.77
2024/01/01 16:10:52.17,24.17,-31.78,-57.36,-59.82,55.91,-9.32,-0.96
2024/01/01 16:10:52.18,24.18,-31.77,-57.32,-59.86,55.90,-9.43,-1.11
2024/01/01 16:10:52.19,24.19,-31.76,-57.28,-59.89,55.93,-9.64,-1.12
2024/01/01 16:10:52.20,24.20,-31.75,-57.23,-59.91,55.98,-9.90,-1.04
2024/01/01 16:10:52.21,24.21,-31.73,-57.19,-59.90,56.04,-10.14,-1.02
2024/01/01 16:10:52.22,24.22,-31.72,-57.16,-59.89,56.08,-10.25,-1.06
2024/01/01 16:10:52.23,24.23,-31.70,-57.14,-59.89,56.14,-10.17,-1.03
2024/01/01 16:10:52.24,24.24,-31.68,-57.12,-59.90,56.25,-9.99,-0.92
2024/01/01 16:10:52.25,24.25,-31.65,-57.13,-59.92,56.39,-9.82,-0.85
2024/01/01 16:10:52.26,24.26,-31.62,-57.15,-59.94,56.51,-9.69,-0.89
2024/01/01 16:10:52.27,24.27,-31.59,-57.17,-59.98,56.58,-9.58,-0.97
2024/01/01 16:10:52.28,24.28,-31.56,-57.18,-60.02,56.62,-9.46,-1.06
2024/01/01 16:10:52.29,24.29,-31.52,-57.18,-60.07,56.66,-9.31,-1.14
2024/01/01 16:10:52.30,24.30,-31.50,-57.16,-60.12,56.69,-9.16,-1.19
2024/01/01 16:10:52.31,24.31,-31.48,-57.13,-60.15,56.66,-9.06,-1.24
2024/01/01 16:10:52.32,24.32,-31.47,-57.10,-60.18,56.56,-9.06,-1.34
2024/01/01 16:10:52.33,24.33,-31.46,-57.07,-60.19,56.43,-9.13,-1.40
2024/01/01 16:10:52.34,24.34,-31.45,-57.04,-60.19,56.31,-9.24,-1.32
2024/01/01 16:10:52.35,24.35,-31.42,-57.02,-60.18,56.30,-9.36,-1.21
2024/01/01 16:10:52.36,24.36,-31.37,-57.02,-60.19,56.43,-9.45,-1.20
2024/01/01 16:10:52.37,24.37,-31.32,-57.05,-60.21,56.60,-9.47,-1.19
2024/01/01 16:10:52.38,24.38,-31.28,-57.08,-60.23,56.67,-9.45,-1.14
2024/01/01 16:10:52.39,24.39,-31.28,-57.09,-60.24,56.61,-9.45,-1.20
2024/01/01 16:10:52.40,24.40,-31.30,-57.08,-60.24,56.51,-9.45,-1.35
2024/01/01 16:10:52.41,24.41,-31.34,-57.07,-60.25,56.42,-9.46,-1.45
2024/01/01 16:10:52.42,24.42,-31.39,-57.09,-60.25,56.38,-9.50,-1.43
2024/01/01 16:10:52.43,24.43,-31.43,-57.12,-60.23,56.37,-9.54,-1.33
2024/01/01 16:10:52.44,24.44,-31.47,-57.14,-60.20,56.39,-9.56,-1.23
2024/01/01 16:10:52.45,24.45,-31.49,-57.15,-60.15,56.41,-9.54,-1.14
2024/01/01 16:10:52.46,24.46,-31.51,-57.15,-60.10,56.48,-9.53,-1.02
2024/01/01 16:10:52.47,24.47,-31.52,-57.16,-60.05,56.61,-9.56,-0.88
2024/01/01 16:10:52.48,24.48,-31.53,-57.19,-60.01,56.70,-9.61,-0.81
2024/01/01 16:10:52.49,24.49,-31.55,-57.22,-59.96,56.67,-9.65,-0.76
2024/01/01 16:10:52.50,24.50,-31.58,-57.26,-59.92,56.50,-9.69,-0.71
2024/01/01 16:10:52.51,24.51,-31.62,-57.30,-59.87,56.28,-9.73,-0.73
2024/01/01 16:10:52.52,24.52,-31.65,-57.34,-59.83,56.11,-9.74,-0.84
2024/01/01 16:10:52.53,24.53,-31.69,-57.36,-59.80,56.05,-9.67,-0.91
2024/01/01 16:10:52.54,24.54,-31.72,-57.37,-59.76,56.07,-9.56,-0.87
2024/01/01 16:10:52.55,24.55,-31.75,-57.37,-59.73,56.08,-9.47,-0.77
2024/01/01 16:10:52.56,24.56,-31.77,-57.36,-59.69,56.04,-9.43,-0.66
2024/01/01 16:10:52.57,24.57,-31.79,-57.35,-59.66,55.93,-9.47,-0.57
2024/01/01 16:10:52.58,24.58,-31.80,-57.35,-59.63,55.84,-9.63,-0.51
2024/01/01 16:10:52.59,24.59,-31.81,-57.34,-59.60,55.82,-9.89,-0.50
2024/01/01 16:10:52.60,24.60,-31.81,-57.31,-59.60,55.85,-10.15,-0.52
2024/01/01 16:10:52.61,24.61,-31.81,-57.28,-59.62,55.90,-10.33,-0.59
2024/01/01 16:10:52.62,24.62,-31.79,-57.24,-59.66,55.96,-10.37,-0.67
2024/01/01 16:10:52.63,24.63,-31.78,-57.21,-59.71,56.03,-10.24,-0.70
2024/01/01 16:10:52.64,24.64,-31.76,-57.22,-59.76,56.09,-9.99,-0.71
2024/01/01 16:10:52.65,24.65,-31.75,-57.24,-59.82,56.15,-9.69,-0.81
2024/01/01 16:10:52.66,24.66,-31.73,-57.27,-59.88,56.21,-9.40,-0.94
2024/01/01 16:10:52.67,24.67,-31.71,-57.28,-59.93,56.26,-9.18,-1.04
2024/01/01 16:10:52.68,24.68,-31.69,-57.28,-59.98,56.29,-9.10,-1.12
2024/01/01 16:10:52.69,24.69,-31.65,-57.27,-60.01,56.30,-9.15,-1.20
2024/01/01 16:10:52.70,24.70,-31.61,-57.25,-60.02,56.33,-9.27,-1.24
2024/01/01 16:10:52.71,24.71,-31.57,-57.23,-60.03,56.39,-9.44,-1.19
2024/01/01 16:10:52.72,24.72,-31.54,-57.21,-60.03,56.44,-9.62,-1.09
2024/01/01 16:10:52.73,24.73,-31.50,-57.19,-60.03,56.50,-9.75,-1.02
2024/01/01 16:10:52.74,24.74,-31.47,-57.19,-60.03,56.56,-9.78,-0.99
2024/01/01 16:10:52.75,24.75,-31.45,-57.19,-60.03,56.61,-9.74,-0.97
2024/01/01 16:10:52.76,24.76,-31.44,-57.18,-60.02,56.63,-9.67,-0.94
2024/01/01 16:10:52.77,24.77,-31.43,-57.18,-60.03,56.59,-9.59,-0.97
2024/01/01 16:10:52.78,24.78,-31.42,-57.18,-60.02,56.53,-9.52,-1.05
2024/01/01 16:10:52.79,24.79,-31.42,-57.18,-60.00,56.52,-9.48,-1.11
2024/01/01 16:10:52.80,24.80,-31.43,-57.18,-59.96,56.55,-9.46,-1.11
2024/01/01 16:10:52.81,24.81,-31.44,-57.18,-59.93,56.58,-9.50,-1.11
2024/01/01 16:10:52.82,24.82,-31.44,-57.18,-59.90,56.57,-9.58,-1.08
2024/01/01 16:10:52.83,24.83,-31.44,-57.18,-59.87,56.54,-9.66,-0.98
2024/01/01 16:10:52.84,24.84,-31.47,-57.17,-59.83,56.47,-9.73,-0.85
2024/01/01 16:10:52.85,24.85,-31.51,-57.17,-59.79,56.38,-9.74,-0.78
2024/01/01 16:10:52.86,24.86,-31.56,-57.18,-59.75,56.30,-9.67,-0.79
2024/01/01 16:10:52.87,24.87,-31.61,-57.17,-59.71,56.25,-9.54,-0.79
2024/01/01 16:10:52.88,24.88,-31.66,-57.17,-59.67,56.20,-9.42,-0.72
2024/01/01 16:10:52.89,24.89,-31.68,-57.17,-59.63,56.13,-9.37,-0.64
2024/01/01 16:10:52.90,24.90,-31.69,-57.16,-59.61,56.04,-9.36,-0.62
2024/01/01 16:10:52.91,24.91,-31.69,-57.15,-59.60,55.98,-9.38,-0.59
2024/01/01 16:10:52.92,24.92,-31.69,-57.14,-59.60,55.99,-9.40,-0.51
2024/01/01 16:10:52.93,24.93,-31.69,-57.13,-59.61,56.08,-9.43,-0.48
2024/01/01 16:10:52.94,24.94,-31.70,-57.13,-59.64,56.24,-9.46,-0.55
2024/01/01 16:10:52.95,24.95,-31.71,-57.15,-59.69,56.42,-9.49,-0.64
2024/01/01 16:10:52.96,24.96,-31.72,-57.16,-59.75,56.51,-9.56,-0.64
2024/01/01 16:10:52.97,24.97,-31.72,-57.17,-59.80,56.47,-9.64,-0.62
2024/01/01 16:10:52.98,24.98,-31.72,-57.17,-59.83,56.35,-9.69,-0.72
2024/01/01 16:10:52.99,24.99,-31.71,-57.17,-59.86,56.23,-9.66,-0.89
2024/01/01 16:10:53.00,25.00,-31.70,-57.18,-59.87,56.19,-9.59,-0.99
2024/01/01 16:10:53.01,25.01,-31.68,-57.19,-59.87,56.22,-9.54,-0.97
2024/01/01 16:10:53.02,25.02,-31.66,-57.20,-59.88,56.23,-9.55,-0.91
2024/01/01 16:10:53.03,25.03,-31.65,-57.23,-59.87,56.19,-9.58,-0.87
2024/01/01 16:10:53.04,25.04,-31.66,-57.25,-59.85,56.11,-9.64,-0.84
2024/01/01 16:10:53.05,25.05,-31.67,-57.29,-59.84,56.06,-9.72,-0.82
2024/01/01 16:10:53.06,25.06,-31.68,-57.31,-59.84,56.11,-9.76,-0.85
2024/01/01 16:10:53.07,25.07,-31.67,-57.32,-59.85,56.22,-9.73,-0.92
2024/01/01 16:10:53.08,25.08,-31.64,-57.32,-59.86,56.32,-9.66,-0.93
2024/01/01 16:10:53.09,25.09,-31.61,-57.32,-59.87,56.35,-9.61,-0.88
2024/01/01 16:10:53.10,25.10,-31.58,-57.31,-59.88,56.29,-9.57,-0.84
2024/01/01 16:10:53.11,25.11,-31.55,-57.29,-59.88,56.20,-9.59,-0.87
2024/01/01 16:10:53.12,25.12,-31.55,-57.28,-59.88,56.17,-9.68,-0.91
2024/01/01 16:10:53.13,25.13,-31.57,-57.27,-59.86,56.21,-9.84,-0.98
2024/01/01 16:10:53.14,25.14,-31.62,-57.27,-59.82,56.29,-9.97,-1.04
2024/01/01 16:10:53.15,25.15,-31.67,-57.28,-59.78,56.33,-9.97,-1.04
2024/01/01 16:10:53.16,25.16,-31.70,-57.30,-59.74,56.32,-9.85,-0.94
2024/01/01 16:10:53.17,25.17,-31.68,-57.32,-59.72,56.31,-9.70,-0.74
2024/01/01 16:10:53.18,25.18,-31.63,-57.34,-59.71,56.33,-9.57,-0.44
2024/01/01 16:10:53.19,25.19,-31.59,-57.35,-59.70,56.39,-9.49,-0.23
2024/01/01 16:10:53.20,25.20,-31.58,-57.34,-59.69,56.46,-9.49,-0.27
2024/01/01 16:10:53.21,25.21,-31.61,-57.32,-59.69,56.53,-9.52,-0.52
2024/01/01 16:10:53.22,25.22,-31.63,-57.30,-59.72,56.54,-9.60,-0.82
2024/01/01 16:10:53.23,25.23,-31.63,-57.28,-59.78,56.44,-9.76,-1.04
2024/01/01 16:10:53.24,25.24,-31.62,-57.26,-59.83,56.26,-9.93,-1.09
2024/01/01 16:10:53.25,25.25,-31.61,-57.26,-59.88,56.10,-10.04,-1.03
2024/01/01 16:10:53.26,25.26,-31.62,-57.26,-59.92,56.09,-10.04,-0.97
2024/01/01 16:10:53.27,25.27,-31.65,-57.25,-59.94,56.26,-9.93,-0.94
2024/01/01 16:10:53.28,25.28,-31.68,-57.23,-59.94,56.48,-9.73,-0.87
2024/01/01 16:10:53.29,25.29,-31.71,-57.21,-59.93,56.55,-9.52,-0.83
2024/01/01 16:10:53.30,25.30,-31.73,-57.21,-59.94,56.39,-9.33,-0.93
2024/01/01 16:10:53.31,25.31,-31.74,-57.22,-59.95,56.08,-9.19,-1.03
2024/01/01 16:10:53.32,25.32,-31.74,-57.23,-59.95,55.82,-9.16,-0.96
2024/01/01 16:10:53.33,25.33,-31.74,-57.22,-59.96,55.79,-9.24,-0.87
2024/01/01 16:10:53.34,25.34,-31.73,-57.19,-59.98,56.04,-9.37,-0.90
2024/01/01 16:10:53.35,25.35,-31.74,-57.16,-60.01,56.37,-9.46,-1.00
2024/01/01 16:10:53.36,25.36,-31.75,-57.14,-60.05,56.52,-9.53,-1.03
2024/01/01 16:10:53.37,25.37,-31.74,-57.13,-60.08,56.40,-9.61,-1.04
2024/01/01 16:10:53.38,25.38,-31.75,-57.14,-60.07,56.15,-9.66,-1.08
2024/01/01 16:10:53.39,25.39,-31.77,-57.16,-60.03,55.97,-9.69,-1.13
2024/01/01 16:10:53.40,25.40,-31.80,-57.18,-60.01,55.96,-9.74,-1.18
2024/01/01 16:10:53.41,25.41,-31.82,-57.21,-59.99,56.08,-9.82,-1.22
2024/01/01 16:10:53.42,25.42,-31.83,-57.24,-59.99,56.14,-9.85,-1.14
2024/01/01 16:10:53.43,25.43,-31.84,-57.28,-59.99,55.98,-9.80,-0.91
2024/01/01 16:10:53.44,25.44,-31.82,-57.29,-60.00,55.70,-9.71,-0.74
2024/01/01 16:10:53.45,25.45,-31.79,-57.29,-60.01,55.54,-9.63,-0.73
2024/01/01 16:10:53.46,25.46,-31.76,-57.29,-60.04,55.63,-9.59,-0.82
2024/01/01 16:10:53.47,25.47,-31.75,-57.31,-60.09,55.89,-9.62,-0.98
2024/01/01 16:10:53.48,25.48,-31.74,-57.35,-60.15,56.16,-9.70,-1.19
2024/01/01 16:10:53.49,25.49,-31.72,-57.37,-60.20,56.33,-9.76,-1.36
2024/01/01 16:10:53.50,25.50,-31.70,-57.39,-60.22,56.35,-9.75,-1.44
2024/01/01 16:10:53.51,25.51,-31.68,-57.39,-60.20,56.31,-9.72,-1.47
2024/01/01 16:10:53.52,25.52,-31.68,-57.37,-60.15,56.34,-9.70,-1.44
2024/01/01 16:10:53.53,25.53,-31.69,-57.34,-60.10,56.44,-9.72,-1.32
2024/01/01 16:10:53.54,25.54,-31.70,-57.31,-60.04,56.50,-9.76,-1.09
2024/01/01 16:10:53.55,25.55,-31.71,-57.27,-59.96,56.42,-9.80,-0.80
2024/01/01 16:10:53.56,25.56,-31.71,-57.23,-59.88,56.21,-9.79,-0.59
2024/01/01 16:10:53.57,25.57,-31.70,-57.19,-59.82,56.02,-9.74,-0.54
2024/01/01 16:10:53.58,25.58,-31.68,-57.17,-59.80,55.97,-9.69,-0.53
2024/01/01 16:10:53.59,25.59,-31.66,-57.15,-59.81,56.06,-9.67,-0.52
2024/01/01 16:10:53.60,25.60,-31.63,-57.14,-59.84,56.24,-9.68,-0.63
2024/01/01 16:10:53.61,25.61,-31.60,-57.15,-59.89,56.39,-9.67,-0.88
2024/01/01 16:10:53.62,25.62,-31.59,-57.18,-59.94,56.44,-9.61,-1.14
2024/01/01 16:10:53.63,25.63,-31.62,-57.20,-59.97,56.42,-9.54,-1.32
2024/01/01 16:10:53.64,25.64,-31.66,-57.21,-59.99,56.39,-9.49,-1.41
2024/01/01 16:10:53.65,25.65,-31.69,-57.18,-60.00,56.35,-9.46,-1.40
2024/01/01 16:10:53.66,25.66,-31.71,-57.15,-59.98,56.27,-9.43,-1.23
2024/01/01 16:10:53.67,25.67,-31.70,-57.10,-59.93,56.16,-9.38,-0.90
2024/01/01 16:10:53.68,25.68,-31.66,-57.06,-59.88,56.07,-9.26,-0.63
2024/01/01 16:10:53.69,25.69,-31.61,-57.03,-59.84,56.04,-9.11,-0.54
2024/01/01 16:10:53.70,25.70,-31.58,-57.03,-59.81,56.07,-9.04,-0.57
2024/01/01 16:10:53.71,25.71,-31.56,-57.04,-59.80,56.13,-9.14,-0.69
2024/01/01 16:10:53.72,25.72,-31.57,-57.06,-59.82,56.19,-9.37,-0.89
2024/01/01 16:10:53.73,25.73,-31.60,-57.10,-59.83,56.22,-9.59,-1.04
2024/01/01 16:10:53.74,25.74,-31.63,-57.14,-59.84,56.25,-9.73,-1.06
2024/01/01 16:10:53.75,25.75,-31.65,-57.18,-59.85,56.30,-9.78,-1.03
2024/01/01 16:10:53.76,25.76,-31.66,-57.20,-59.87,56.37,-9.78,-0.94
2024/01/01 16:10:53.77,25.77,-31.64,-57.21,-59.88,56.41,-9.76,-0.78
2024/01/01 16:10:53.78,25.78,-31.60,-57.24,-59.88,56.38,-9.72,-0.66
2024/01/01 16:10:53.79,25.79,-31.55,-57.26,-59.85,56.34,-9.63,-0.69
2024/01/01 16:10:53.80,25.80,-31.52,-57.29,-59.83,56.32,-9.49,-0.80
2024/01/01 16:10:53.81,25.81,-31.50,-57.32,-59.83,56.31,-9.36,-0.94
2024/01/01 16:10:53.82,25.82,-31.49,-57.33,-59.85,56.30,-9.34,-1.09
2024/01/01 16:10:53.83,25.83,-31.49,-57.32,-59.89,56.34,-9.47,-1.16
2024/01/01 16:10:53.84,25.84,-31.49,-57.29,-59.92,56.46,-9.68,-1.12
2024/01/01 16:10:53.85,25.85,-31.48,-57.24,-59.94,56.62,-9.88,-1.08
2024/01/01 16:10:53.86,25.86,-31.48,-57.19,-59.95,56.80,-10.00,-1.05
2024/01/01 16:10:53.87,25.87,-31.47,-57.17,-59.97,56.93,-10.00,-1.05
2024/01/01 16:10:53.88,25.88,-31.47,-57.18,-59.97,56.91,-9.95,-1.03
2024/01/01 16:10:53.89,25.89,-31.48,-57.22,-59.96,56.72,-9.88,-0.96
2024/01/01 16:10:53.90,25.90,-31.48,-57.24,-59.97,56.46,-9.76,-0.91
2024/01/01 16:10:53.91,25.91,-31.48,-57.25,-59.99,56.26,-9.56,-0.93
2024/01/01 16:10:53.92,25.92,-31.49,-57.24,-60.01,56.19,-9.32,-0.87
2024/01/01 16:10:53.93,25.93,-31.50,-57.22,-60.02,56.21,-9.15,-0.79
2024/01/01 16:10:53.94,25.94,-31.50,-57.21,-60.02,56.27,-9.08,-0.87
2024/01/01 16:10:53.95,25.95,-31.48,-57.18,-60.04,56.31,-9.09,-1.08
2024/01/01 16:10:53.96,25.96,-31.43,-57.14,-60.09,56.28,-9.20,-1.22
2024/01/01 16:10:53.97,25.97,-31.37,-57.09,-60.14,56.20,-9.39,-1.20
2024/01/01 16:10:53.98,25.98,-31.32,-57.05,-60.18,56.19,-9.59,-1.19
2024/01/01 16:10:53.99,25.99,-31.31,-57.03,-60.22,56.29,-9.71,-1.30
2024/01/01 16:10:54.00,26.00,-31.35,-57.04,-60.24,56.45,-9.72,-1.46
2024/01/01 16:10:54.01,26.01,-31.42,-57.07,-60.24,56.62,-9.64,-1.55
2024/01/01 16:10:54.02,26.02,-31.48,-57.10,-60.22,56.75,-9.51,-1.53
2024/01/01 16:10:54.03,26.03,-31.51,-57.12,-60.17,56.79,-9.35,-1.44
2024/01/01 16:10:54.04,26.04,-31.52,-57.12,-60.09,56.76,-9.22,-1.25
2024/01/01 16:10:54.05,26.05,-31.53,-57.12,-59.99,56.69,-9.16,-0.93
2024/01/01 16:10:54.06,26.06,-31.53,-57.13,-59.87,56.58,-9.18,-0.64
2024/01/01 16:10:54.07,26.07,-31.55,-57.16,-59.76,56.44,-9.25,-0.50
2024/01/01 16:10:54.08,26.08,-31.58,-57.19,-59.69,56.26,-9.33,-0.44
2024/01/01 16:10:54.09,26.09,-31.60,-57.25,-59.65,56.09,-9.46,-0.48
2024/01/01 16:10:54.10,26.10,-31.62,-57.31,-59.62,56.02,-9.65,-0.57
2024/01/01 16:10:54.11,26.11,-31.65,-57.36,-59.61,56.04,-9.88,-0.60
2024/01/01 16:10:54.12,26.12,-31.66,-57.39,-59.62,56.13,-10.13,-0.62
2024/01/01 16:10:54.13,26.13,-31.66,-57.37,-59.65,56.28,-10.31,-0.69
2024/01/01 16:10:54.14,26.14,-31.65,-57.34,-59.68,56.42,-10.33,-0.71
2024/01/01 16:10:54.15,26.15,-31.64,-57.31,-59.70,56.44,-10.19,-0.68
2024/01/01 16:10:54.16,26.16,-31.64,-57.28,-59.70,56.33,-9.97,-0.71
2024/01/01 16:10:54.17,26.17,-31.65,-57.25,-59.68,56.17,-9.74,-0.80
2024/01/01 16:10:54.18,26.18,-31.68,-57.20,-59.68,56.05,-9.55,-0.89
2024/01/01 16:10:54.19,26.19,-31.71,-57.15,-59.70,55.98,-9.48,-0.90
2024/01/01 16:10:54.20,26.20,-31.72,-57.13,-59.73,55.96,-9.52,-0.83
2024/01/01 16:10:54.21,26.21,-31.72,-57.14,-59.76,56.00,-9.57,-0.72
2024/01/01 16:10:54.22,26.22,-31.70,-57.18,-59.79,56.08,-9.57,-0.65
2024/01/01 16:10:54.23,26.23,-31.69,-57.23,-59.80,56.21,-9.54,-0.63
2024/01/01 16:10:54.24,26.24,-31.68,-57.27,-59.80,56.36,-9.54,-0.65
2024/01/01 16:10:54.25,26.25,-31.70,-57.29,-59.80,56.51,-9.57,-0.74
2024/01/01 16:10:54.26,26.26,-31.72,-57.31,-59.81,56.59,-9.56,-0.89
2024/01/01 16:10:54.27,26.27,-31.74,-57.30,-59.82,56.55,-9.49,-0.97
2024/01/01 16:10:54.28,26.28,-31.74,-57.28,-59.85,56.41,-9.38,-0.91
2024/01/01 16:10:54.29,26.29,-31.72,-57.24,-59.87,56.23,-9.32,-0.80
2024/01/01 16:10:54.30,26.30,-31.70,-57.21,-59.88,56.10,-9.34,-0.70
2024/01/01 16:10:54.31,26.31,-31.68,-57.19,-59.88,56.05,-9.47,-0.64
2024/01/01 16:10:54.32,26.32,-31.66,-57.19,-59.90,56.05,-9.71,-0.72
2024/01/01 16:10:54.33,26.33,-31.64,-57.20,-59.91,56.11,-9.94,-0.93
2024/01/01 16:10:54.34,26.34,-31.64,-57.22,-59.93,56.20,-10.06,-1.10
2024/01/01 16:10:54.35,26.35,-31.64,-57.25,-59.93,56.29,-9.99,-1.17
2024/01/01 16:10:54.36,26.36,-31.64,-57.28,-59.95,56.40,-9.78,-1.21
2024/01/01 16:10:54.37,26.37,-31.62,-57.29,-59.99,56.50,-9.51,-1.18
2024/01/01 16:10:54.38,26.38,-31.58,-57.28,-60.04,56.48,-9.31,-0.98
2024/01/01 16:10:54.39,26.39,-31.53,-57.27,-60.06,56.29,-9.29,-0.74
2024/01/01 16:10:54.40,26.40,-31.50,-57.26,-60.04,56.03,-9.41,-0.70
2024/01/01 16:10:54.41,26.41,-31.49,-57.26,-60.03,55.86,-9.55,-0.95
2024/01/01 16:10:54.42,26.42,-31.49,-57.27,-60.04,55.89,-9.62,-1.36
2024/01/01 16:10:54.43,26.43,-31.51,-57.30,-60.06,56.08,-9.63,-1.60
2024/01/01 16:10:54.44,26.44,-31.56,-57.33,-60.06,56.32,-9.60,-1.56
2024/01/01 16:10:54.45,26.45,-31.60,-57.32,-60.04,56.49,-9.55,-1.38
2024/01/01 16:10:54.46,26.46,-31.63,-57.25,-60.01,56.57,-9.54,-1.14
2024/01/01 16:10:54.47,26.47,-31.63,-57.18,-60.01,56.61,-9.62,-0.80
2024/01/01 16:10:54.48,26.48,-31.61,-57.14,-60.00,56.65,-9.80,-0.44
2024/01/01 16:10:54.49,26.49,-31.60,-57.14,-59.97,56.65,-9.99,-0.31
2024/01/01 16:10:54.50,26.50,-31.59,-57.16,-59.93,56.55,-10.10,-0.54
2024/01/01 16:10:54.51,26.51,-31.60,-57.18,-59.92,56.41,-10.07,-0.99
2024/01/01 16:10:54.52,26.52,-31.62,-57.19,-59.94,56.31,-9.94,-1.32
2024/01/01 16:10:54.53,26.53,-31.67,-57.19,-59.95,56.24,-9.77,-1.31
2024/01/01 16:10:54.54,26.54,-31.72,-57.19,-59.96,56.19,-9.60,-1.08
2024/01/01 16:10:54.55,26.55,-31.72,-57.18,-59.99,56.15,-9.44,-0.90
2024/01/01 16:10:54.56,26.56,-31.66,-57.18,-60.05,56.10,-9.30,-0.79
2024/01/01 16:10:54.57,26.57,-31.59,-57.19,-60.12,56.04,-9.25,-0.71
2024/01/01 16:10:54.58,26.58,-31.53,-57.20,-60.18,55.99,-9.32,-0.82
2024/01/01 16:10:54.59,26.59,-31.52,-57.21,-60.22,56.01,-9.40,-1.27
2024/01/01 16:10:54.60,26.60,-31.56,-57.20,-60.25,56.13,-9.40,-1.84
2024/01/01 16:10:54.61,26.61,-31.62,-57.18,-60.26,56.23,-9.35,-2.08
2024/01/01 16:10:54.62,26.62,-31.68,-57.16,-60.24,56.24,-9.37,-1.90
2024/01/01 16:10:54.63,26.63,-31.70,-57.13,-60.20,56.19,-9.49,-1.50
2024/01/01 16:10:54.64,26.64,-31.69,-57.10,-60.13,56.21,-9.64,-1.03
2024/01/01 16:10:54.65,26.65,-31.67,-57.09,-60.04,56.29,-9.79,-0.56
2024/01/01 16:10:54.66,26.66,-31.65,-57.12,-59.93,56.40,-9.89,-0.27
2024/01/01 16:10:54.67,26.67,-31.65,-57.18,-59.81,56.43,-9.90,-0.28
2024/01/01 16:10:54.68,26.68,-31.68,-57.25,-59.71,56.32,-9.73,-0.55
2024/01/01 16:10:54.69,26.69,-31.70,-57.30,-59.65,56.14,-9.40,-0.85
2024/01/01 16:10:54.70,26.70,-31.72,-57.33,-59.65,56.03,-9.08,-0.94
2024/01/01 16:10:54.71,26.71,-31.69,-57.34,-59.68,56.08,-8.95,-0.83
2024/01/01 16:10:54.72,26.72,-31.65,-57.32,-59.70,56.24,-9.11,-0.65
2024/01/01 16:10:54.73,26.73,-31.62,-57.29,-59.71,56.42,-9.51,-0.49
2024/01/01 16:10:54.74,26.74,-31.61,-57.25,-59.71,56.53,-10.01,-0.47
2024/01/01 16:10:54.75,26.75,-31.62,-57.20,-59.73,56.55,-10.41,-0.67
2024/01/01 16:10:54.76,26.76,-31.63,-57.15,-59.79,56.45,-10.55,-0.93
2024/01/01 16:10:54.77,26.77,-31.63,-57.12,-59.86,56.24,-10.40,-1.09
2024/01/01 16:10:54.78,26.78,-31.60,-57.13,-59.95,56.00,-10.03,-1.16
2024/01/01 16:10:54.79,26.79,-31.59,-57.18,-60.03,55.85,-9.58,-1.18
2024/01/01 16:10:54.80,26.80,-31.59,-57.25,-60.08,55.85,-9.17,-1.14
2024/01/01 16:10:54.81,26.81,-31.63,-57.30,-60.08,56.01,-8.93,-1.13
2024/01/01 16:10:54.82,26.82,-31.68,-57.33,-60.03,56.30,-8.90,-1.22
2024/01/01 16:10:54.83,26.83,-31.72,-57.32,-59.96,56.56,-9.05,-1.28
2024/01/01 16:10:54.84,26.84,-31.73,-57.29,-59.91,56.60,-9.33,-1.17
2024/01/01 16:10:54.85,26.85,-31.71,-57.25,-59.85,56.39,-9.64,-0.85
2024/01/01 16:10:54.86,26.86,-31.70,-57.22,-59.78,56.14,-9.89,-0.48
2024/01/01 16:10:54.87,26.87,-31.69,-57.22,-59.71,56.05,-10.03,-0.22
2024/01/01 16:10:54.88,26.88,-31.69,-57.26,-59.67,56.17,-10.02,-0.20
2024/01/01 16:10:54.89,26.89,-31.69,-57.34,-59.65,56.41,-9.89,-0.34
2024/01/01 16:10:54.90,26.90,-31.69,-57.41,-59.65,56.57,-9.77,-0.49
2024/01/01 16:10:54.91,26.91,-31.72,-57.42,-59.65,56.50,-9.75,-0.68
2024/01/01 16:10:54.92,26.92,-31.75,-57.39,-59.67,56.27,-9.79,-0.94
2024/01/01 16:10:54.93,26.93,-31.78,-57.33,-59.68,56.06,-9.84,-1.08
2024/01/01 16:10:54.94,26.94,-31.80,-57.29,-59.66,56.03,-9.81,-0.95
2024/01/01 16:10:54.95,26.95,-31.81,-57.28,-59.62,56.13,-9.71,-0.71
2024/01/01 16:10:54.96,26.96,-31.82,-57.28,-59.59,56.21,-9.60,-0.53
2024/01/01 16:10:54.97,26.97,-31.79,-57.27,-59.59,56.17,-9.54,-0.41
2024/01/01 16:10:54.98,26.98,-31.74,-57.24,-59.62,56.03,-9.52,-0.35
2024/01/01 16:10:54.99,26.99,-31.69,-57.21,-59.66,55.87,-9.58,-0.39
2024/01/01 16:10:55.00,27.00,-31.65,-57.21,-59.71,55.78,-9.67,-0.59
2024/01/01 16:10:55.01,27.01,-31.63,-57.23,-59.81,55.83,-9.77,-0.95
2024/01/01 16:10:55.02,27.02,-31.59,-57.25,-59.96,56.07,-9.83,-1.33
2024/01/01 16:10:55.03,27.03,-31.55,-57.27,-60.10,56.39,-9.84,-1.43
2024/01/01 16:10:55.04,27.04,-31.52,-57.25,-60.18,56.63,-9.78,-1.32
2024/01/01 16:10:55.05,27.05,-31.52,-57.21,-60.20,56.74,-9.66,-1.32
2024/01/01 16:10:55.06,27.06,-31.56,-57.14,-60.18,56.76,-9.41,-1.48
2024/01/01 16:10:55.07,27.07,-31.59,-57.07,-60.15,56.71,-9.09,-1.57
2024/01/01 16:10:55.08,27.08,-31.58,-57.02,-60.11,56.58,-8.92,-1.44
2024/01/01 16:10:55.09,27.09,-31.53,-56.97,-60.07,56.40,-8.93,-1.14
2024/01/01 16:10:55.10,27.10,-31.47,-56.94,-60.03,56.20,-9.09,-0.86
2024/01/01 16:10:55.11,27.11,-31.41,-56.93,-59.99,56.11,-9.38,-0.74
2024/01/01 16:10:55.12,27.12,-31.38,-56.95,-59.96,56.18,-9.71,-0.70
2024/01/01 16:10:55.13,27.13,-31.36,-56.99,-59.97,56.38,-9.96,-0.73
2024/01/01 16:10:55.14,27.14,-31.36,-57.03,-60.01,56.60,-10.06,-0.93
2024/01/01 16:10:55.15,27.15,-31.35,-57.06,-60.07,56.71,-9.92,-1.19
2024/01/01 16:10:55.16,27.16,-31.37,-57.10,-60.14,56.69,-9.58,-1.29
2024/01/01 16:10:55.17,27.17,-31.40,-57.13,-60.17,56.60,-9.22,-1.32
2024/01/01 16:10:55.18,27.18,-31.43,-57.14,-60.15,56.52,-8.95,-1.38
2024/01/01 16:10:55.19,27.19,-31.45,-57.13,-60.13,56.50,-8.80,-1.37
2024/01/01 16:10:55.20,27.20,-31.44,-57.12,-60.13,56.53,-8.81,-1.26
2024/01/01 16:10:55.21,27.21,-31.42,-57.10,-60.12,56.54,-8.88,-1.10
2024/01/01 16:10:55.22,27.22,-31.41,-57.10,-60.07,56.52,-8.93,-0.91
2024/01/01 16:10:55.23,27.23,-31.41,-57.12,-60.00,56.51,-9.03,-0.87
2024/01/01 16:10:55.24,27.24,-31.41,-57.15,-59.93,56.56,-9.23,-0.98
2024/01/01 16:10:55.25,27.25,-31.42,-57.18,-59.89,56.61,-9.56,-1.01
2024/01/01 16:10:55.26,27.26,-31.43,-57.22,-59.88,56.54,-9.99,-0.84
2024/01/01 16:10:55.27,27.27,-31.45,-57.26,-59.88,56.30,-10.31,-0.68
2024/01/01 16:10:55.28,27.28,-31.48,-57.30,-59.87,56.03,-10.32,-0.66
2024/01/01 16:10:55.29,27.29,-31.54,-57.32,-59.86,55.92,-10.08,-0.73
2024/01/01 16:10:55.30,27.30,-31.58,-57.34,-59.86,56.06,-9.77,-0.80
2024/01/01 16:10:55.31,27.31,-31.58,-57.34,-59.85,56.34,-9.61,-0.83
2024/01/01 16:10:55.32,27.32,-31.56,-57.32,-59.85,56.56,-9.67,-0.90
2024/01/01 16:10:55.33,27.33,-31.52,-57.29,-59.87,56.57,-9.87,-1.05
2024/01/01 16:10:55.34,27.34,-31.48,-57.26,-59.88,56.39,-10.04,-1.12
2024/01/01 16:10:55.35,27.35,-31.48,-57.25,-59.90,56.21,-10.09,-1.10
2024/01/01 16:10:55.36,27.36,-31.51,-57.26,-59.91,56.18,-9.97,-1.15
2024/01/01 16:10:55.37,27.37,-31.56,-57.28,-59.91,56.31,-9.77,-1.26
2024/01/01 16:10:55.38,27.38,-31.61,-57.30,-59.92,56.44,-9.61,-1.27
2024/01/01 16:10:55.39,27.39,-31.66,-57.34,-59.92,56.44,-9.51,-1.10
2024/01/01 16:10:55.40,27.40,-31.69,-57.37,-59.90,56.35,-9.44,-0.75
2024/01/01 16:10:55.41,27.41,-31.72,-57.38,-59.86,56.30,-9.33,-0.41
2024/01/01 16:10:55.42,27.42,-31.74,-57.37,-59.80,56.41,-9.17,-0.29
2024/01/01 16:10:55.43,27.43,-31.76,-57.35,-59.76,56.62,-9.08,-0.39
2024/01/01 16:10:55.44,27.44,-31.76,-57.32,-59.76,56.75,-9.17,-0.57
2024/01/01 16:10:55.45,27.45,-31.76,-57.28,-59.77,56.59,-9.41,-0.77
2024/01/01 16:10:55.46,27.46,-31.75,-57.24,-59.80,56.21,-9.65,-0.91
2024/01/01 16:10:55.47,27.47,-31.75,-57.19,-59.81,55.83,-9.85,-0.93
2024/01/01 16:10:55.48,27.48,-31.77,-57.13,-59.80,55.59,-9.99,-0.89
2024/01/01 16:10:55.49,27.49,-31.81,-57.07,-59.76,55.52,-10.10,-0.81
2024/01/01 16:10:55.50,27.50,-31.87,-57.03,-59.71,55.57,-10.19,-0.72
2024/01/01 16:10:55.51,27.51,-31.91,-57.01,-59.69,55.65,-10.20,-0.65
2024/01/01 16:10:55.52,27.52,-31.92,-57.01,-59.73,55.72,-10.09,-0.56
2024/01/01 16:10:55.53,27.53,-31.91,-57.04,-59.79,55.72,-9.88,-0.47
2024/01/01 16:10:55.54,27.54,-31.90,-57.12,-59.86,55.71,-9.60,-0.50
2024/01/01 16:10:55.55,27.55,-31.91,-57.22,-59.89,55.78,-9.28,-0.71
2024/01/01 16:10:55.56,27.56,-31.95,-57.34,-59.93,55.97,-9.02,-1.03
2024/01/01 16:10:55.57,27.57,-31.99,-57.43,-59.97,56.26,-8.88,-1.33
2024/01/01 16:10:55.58,27.58,-31.98,-57.47,-60.00,56.54,-8.80,-1.43
2024/01/01 16:10:55.59,27.59,-31.90,-57.49,-60.01,56.66,-8.80,-1.27
2024/01/01 16:10:55.60,27.60,-31.79,-57.47,-59.99,56.52,-8.95,-1.01
2024/01/01 16:10:55.61,27.61,-31.66,-57.41,-59.95,56.17,-9.29,-0.83
2024/01/01 16:10:55.62,27.62,-31.56,-57.33,-59.89,55.83,-9.80,-0.77
2024/01/01 16:10:55.63,27.63,-31.51,-57.27,-59.80,55.72,-10.34,-0.81
2024/01/01 16:10:55.64,27.64,-31.50,-57.25,-59.76,55.89,-10.67,-0.91
2024/01/01 16:10:55.65,27.65,-31.48,-57.25,-59.78,56.25,-10.69,-1.05
2024/01/01 16:10:55.66,27.66,-31.44,-57.25,-59.82,56.59,-10.46,-1.08
2024/01/01 16:10:55.67,27.67,-31.41,-57.23,-59.84,56.78,-10.16,-0.91
2024/01/01 16:10:55.68,27.68,-31.40,-57.19,-59.84,56.84,-9.96,-0.75
2024/01/01 16:10:55.69,27.69,-31.41,-57.15,-59.85,56.87,-9.88,-0.82
2024/01/01 16:10:55.70,27.70,-31.45,-57.15,-59.84,56.91,-9.86,-0.89
2024/01/01 16:10:55.71,27.71,-31.49,-57.18,-59.84,56.89,-9.83,-0.82
2024/01/01 16:10:55.72,27.72,-31.48,-57.21,-59.85,56.70,-9.75,-0.82
2024/01/01 16:10:55.73,27.73,-31.48,-57.22,-59.88,56.33,-9.59,-0.90
2024/01/01 16:10:55.74,27.74,-31.49,-57.21,-59.90,55.93,-9.38,-0.84
2024/01/01 16:10:55.75,27.75,-31.54,-57.18,-59.87,55.73,-9.17,-0.67
2024/01/01 16:10:55.76,27.76,-31.60,-57.14,-59.82,55.93,-8.99,-0.65
2024/01/01 16:10:55.77,27.77,-31.66,-57.11,-59.81,56.46,-8.84,-0.83
2024/01/01 16:10:55.78,27.78,-31.69,-57.08,-59.85,56.99,-8.76,-0.99
2024/01/01 16:10:55.79,27.79,-31.70,-57.07,-59.89,57.14,-8.86,-0.94
2024/01/01 16:10:55.80,27.80,-31.70,-57.05,-59.88,56.85,-9.15,-0.75
2024/01/01 16:10:55.81,27.81,-31.72,-57.03,-59.84,56.32,-9.51,-0.66
2024/01/01 16:10:55.82,27.82,-31.76,-56.98,-59.80,55.87,-9.74,-0.73
2024/01/01 16:10:55.83,27.83,-31.78,-56.94,-59.78,55.69,-9.75,-0.74
2024/01/01 16:10:55.84,27.84,-31.78,-56.93,-59.79,55.73,-9.60,-0.69
2024/01/01 16:10:55.85,27.85,-31.75,-56.97,-59.79,55.80,-9.36,-0.75
2024/01/01 16:10:55.86,27.86,-31.72,-57.02,-59.79,55.74,-9.13,-0.89
2024/01/01 16:10:55.87,27.87,-31.70,-57.08,-59.78,55.60,-9.05,-0.96
2024/01/01 16:10:55.88,27.88,-31.70,-57.12,-59.79,55.57,-9.16,-0.97
2024/01/01 16:10:55.89,27.89,-31.72,-57.15,-59.78,55.76,-9.34,-0.96
2024/01/01 16:10:55.90,27.90,-31.76,-57.17,-59.73,56.09,-9.49,-0.94
2024/01/01 16:10:55.91,27.91,-31.80,-57.21,-59.66,56.40,-9.56,-0.97
2024/01/01 16:10:55.92,27.92,-31.84,-57.25,-59.58,56.54,-9.57,-0.96
2024/01/01 16:10:55.93,27.93,-31.83,-57.30,-59.56,56.43,-9.62,-0.73
2024/01/01 16:10:55.94,27.94,-31.75,-57.35,-59.58,56.13,-9.78,-0.38
2024/01/01 16:10:55.95,27.95,-31.63,-57.40,-59.62,55.87,-10.02,-0.07
2024/01/01 16:10:55.96,27.96,-31.54,-57.41,-59.63,55.84,-10.21,0.05
2024/01/01 16:10:55.97,27.97,-31.52,-57.39,-59.65,56.09,-10.22,-0.20
2024/01/01 16:10:55.98,27.98,-31.57,-57.37,-59.70,56.54,-10.08,-0.75
2024/01/01 16:10:55.99,27.99,-31.65,-57.38,-59.79,56.98,-9.90,-1.23
2024/01/01 16:10:56.00,28.00,-31.70,-57.39,-59.90,57.16,-9.74,-1.38
2024/01/01 16:10:56.01,28.01,-31.69,-57.38,-60.00,56.98,-9.64,-1.29
2024/01/01 16:10:56.02,28.02,-31.63,-57.34,-60.06,56.60,-9.58,-1.08
2024/01/01 16:10:56.03,28.03,-31.57,-57.28,-60.08,56.27,-9.58,-0.86
2024/01/01 16:10:56.04,28.04,-31.52,-57.22,-60.10,56.23,-9.67,-0.80
2024/01/01 16:10:56.05,28.05,-31.49,-57.17,-60.15,56.43,-9.77,-0.94
2024/01/01 16:10:56.06,28.06,-31.49,-57.16,-60.22,56.64,-9.80,-1.19
2024/01/01 16:10:56.07,28.07,-31.49,-57.16,-60.28,56.56,-9.76,-1.46
2024/01/01 16:10:56.08,28.08,-31.49,-57.18,-60.31,56.21,-9.74,-1.70
2024/01/01 16:10:56.09,28.09,-31.49,-57.21,-60.30,55.90,-9.72,-1.76
2024/01/01 16:10:56.10,28.10,-31.48,-57.23,-60.28,55.92,-9.70,-1.59
2024/01/01 16:10:56.11,28.11,-31.49,-57.26,-60.26,56.29,-9.69,-1.31
2024/01/01 16:10:56.12,28.12,-31.52,-57.31,-60.21,56.73,-9.63,-1.08
2024/01/01 16:10:56.13,28.13,-31.56,-57.36,-60.13,56.88,-9.51,-0.93
2024/01/01 16:10:56.14,28.14,-31.57,-57.39,-60.04,56.59,-9.33,-0.87
2024/01/01 16:10:56.15,28.15,-31.59,-57.40,-59.94,56.13,-9.14,-0.83
2024/01/01 16:10:56.16,28.16,-31.61,-57.41,-59.86,55.85,-9.04,-0.60
2024/01/01 16:10:56.17,28.17,-31.61,-57.42,-59.83,55.90,-9.11,-0.34
2024/01/01 16:10:56.18,28.18,-31.58,-57.43,-59.85,56.19,-9.35,-0.41
2024/01/01 16:10:56.19,28.19,-31.54,-57.42,-59.87,56.46,-9.61,-0.65
2024/01/01 16:10:56.20,28.20,-31.53,-57.39,-59.89,56.54,-9.85,-0.86
2024/01/01 16:10:56.21,28.21,-31.57,-57.37,-59.91,56.47,-10.06,-1.20
2024/01/01 16:10:56.22,28.22,-31.61,-57.35,-59.94,56.41,-10.24,-1.55
2024/01/01 16:10:56.23,28.23,-31.66,-57.35,-59.96,56.40,-10.35,-1.52
2024/01/01 16:10:56.24,28.24,-31.70,-57.37,-59.91,56.38,-10.41,-1.12
2024/01/01 16:10:56.25,28.25,-31.74,-57.38,-59.79,56.26,-10.44,-0.73
2024/01/01 16:10:56.26,28.26,-31.80,-57.37,-59.64,56.08,-10.38,-0.59
2024/01/01 16:10:56.27,28.27,-31.87,-57.37,-59.53,55.94,-10.19,-0.63
2024/01/01 16:10:56.28,28.28,-31.91,-57.38,-59.49,55.89,-9.95,-0.58
2024/01/01 16:10:56.29,28.29,-31.89,-57.38,-59.49,55.87,-9.73,-0.38
2024/01/01 16:10:56.30,28.30,-31.85,-57.35,-59.50,55.78,-9.56,-0.22
2024/01/01 16:10:56.31,28.31,-31.81,-57.29,-59.52,55.63,-9.49,-0.24
2024/01/01 16:10:56.32,28.32,-31.78,-57.22,-59.59,55.64,-9.51,-0.46
2024/01/01 16:10:56.33,28.33,-31.77,-57.17,-59.69,55.96,-9.60,-0.80
2024/01/01 16:10:56.34,28.34,-31.79,-57.17,-59.76,56.44,-9.72,-1.04
2024/01/01 16:10:56.35,28.35,-31.81,-57.19,-59.81,56.76,-9.80,-1.15
2024/01/01 16:10:56.36,28.36,-31.83,-57.21,-59.84,56.73,-9.73,-1.28
2024/01/01 16:10:56.37,28.37,-31.87,-57.21,-59.84,56.39,-9.53,-1.31
2024/01/01 16:10:56.38,28.38,-31.90,-57.20,-59.81,55.96,-9.27,-0.97
2024/01/01 16:10:56.39,28.39,-31.87,-57.17,-59.77,55.68,-9.04,-0.46
2024/01/01 16:10:56.40,28.40,-31.80,-57.15,-59.74,55.71,-8.90,-0.20
2024/01/01 16:10:56.41,28.41,-31.72,-57.14,-59.75,56.00,-8.80,-0.22
2024/01/01 16:10:56.42,28.42,-31.65,-57.17,-59.76,56.28,-8.71,-0.38
2024/01/01 16:10:56.43,28.43,-31.63,-57.22,-59.76,56.40,-8.72,-0.69
2024/01/01 16:10:56.44,28.44,-31.62,-57.25,-59.78,56.46,-8.89,-1.16
2024/01/01 16:10:56.45,28.45,-31.61,-57.24,-59.81,56.52,-9.23,-1.52
2024/01/01 16:10:56.46,28.46,-31.58,-57.20,-59.84,56.52,-9.77,-1.47
2024/01/01 16:10:56.47,28.47,-31.52,-57.19,-59.87,56.39,-10.44,-1.10
2024/01/01 16:10:56.48,28.48,-31.44,-57.21,-59.92,56.17,-11.03,-0.74
2024/01/01 16:10:56.49,28.49,-31.37,-57.24,-59.96,55.99,-11.27,-0.50
2024/01/01 16:10:56.50,28.50,-31.33,-57.26,-59.98,55.96,-11.13,-0.35
2024/01/01 16:10:56.51,28.51,-31.33,-57.26,-59.97,56.14,-10.77,-0.50
2024/01/01 16:10:56.52,28.52,-31.34,-57.25,-59.99,56.49,-10.24,-1.11
2024/01/01 16:10:56.53,28.53,-31.33,-57.24,-60.06,56.83,-9.56,-1.77
2024/01/01 16:10:56.54,28.54,-31.28,-57.22,-60.19,56.99,-8.87,-1.94
2024/01/01 16:10:56.55,28.55,-31.22,-57.17,-60.30,57.03,-8.41,-1.56
2024/01/01 16:10:56.56,28.56,-31.18,-57.11,-60.36,57.06,-8.34,-1.04
2024/01/01 16:10:56.57,28.57,-31.17,-57.04,-60.37,57.15,-8.61,-0.89
2024/01/01 16:10:56.58,28.58,-31.18,-56.98,-60.35,57.29,-9.00,-1.19
2024/01/01 16:10:56.59,28.59,-31.16,-56.95,-60.36,57.39,-9.34,-1.54
2024/01/01 16:10:56.60,28.60,-31.12,-56.96,-60.40,57.28,-9.49,-1.71
2024/01/01 16:10:56.61,28.61,-31.06,-56.99,-60.42,56.90,-9.44,-1.74
2024/01/01 16:10:56.62,28.62,-31.01,-56.99,-60.43,56.41,-9.25,-1.70
2024/01/01 16:10:56.63,28.63,-31.02,-56.94,-60.42,56.13,-9.00,-1.61
2024/01/01 16:10:56.64,28.64,-31.12,-56.88,-60.34,56.20,-8.82,-1.45
2024/01/01 16:10:56.65,28.65,-31.30,-56.86,-60.18,56.47,-8.83,-1.25
2024/01/01 16:10:56.66,28.66,-31.49,-56.86,-60.00,56.73,-9.00,-1.18
2024/01/01 16:10:56.67,28.67,-31.64,-56.83,-59.84,56.81,-9.12,-1.23
2024/01/01 16:10:56.68,28.68,-31.74,-56.79,-59.71,56.64,-9.19,-0.92
2024/01/01 16:10:56.69,28.69,-31.78,-56.76,-59.59,56.25,-9.30,-0.15
2024/01/01 16:10:56.70,28.70,-31.81,-56.79,-59.46,55.87,-9.49,0.49
2024/01/01 16:10:56.71,28.71,-31.85,-56.89,-59.39,55.74,-9.69,0.60
2024/01/01 16:10:56.72,28.72,-31.90,-57.03,-59.40,55.84,-9.84,0.31
2024/01/01 16:10:56.73,28.73,-31.97,-57.19,-59.48,55.89,-9.93,-0.09
2024/01/01 16:10:56.74,28.74,-32.03,-57.35,-59.57,55.70,-10.07,-0.43
2024/01/01 16:10:56.75,28.75,-32.06,-57.51,-59.65,55.34,-10.19,-0.70
2024/01/01 16:10:56.76,28.76,-32.08,-57.66,-59.73,55.05,-10.13,-0.94
2024/01/01 16:10:56.77,28.77,-32.10,-57.77,-59.80,55.08,-9.82,-1.04
2024/01/01 16:10:56.78,28.78,-32.12,-57.83,-59.86,55.44,-9.40,-1.01
2024/01/01 16:10:56.79,28.79,-32.15,-57.82,-59.88,55.87,-8.98,-1.02
2024/01/01 16:10:56.80,28.80,-32.14,-57.75,-59.85,56.10,-8.66,-1.13
2024/01/01 16:10:56.81,28.81,-32.08,-57.64,-59.78,56.01,-8.62,-1.17
2024/01/01 16:10:56.82,28.82,-31.98,-57.54,-59.69,55.77,-9.02,-1.04
2024/01/01 16:10:56.83,28.83,-31.89,-57.49,-59.64,55.64,-9.86,-0.87
2024/01/01 16:10:56.84,28.84,-31.82,-57.45,-59.65,55.79,-10.86,-0.76
2024/01/01 16:10:56.85,28.85,-31.78,-57.42,-59.70,56.13,-11.73,-0.69
2024/01/01 16:10:56.86,28.86,-31.75,-57.41,-59.70,56.48,-12.26,-0.56
2024/01/01 16:10:56.87,28.87,-31.75,-57.42,-59.68,56.63,-12.37,-0.41
2024/01/01 16:10:56.88,28.88,-31.78,-57.47,-59.64,56.51,-12.07,-0.43
2024/01/01 16:10:56.89,28.89,-31.85,-57.51,-59.61,56.24,-11.41,-0.59
2024/01/01 16:10:56.90,28.90,-31.92,-57.54,-59.60,56.03,-10.50,-0.61
2024/01/01 16:10:56.91,28.91,-31.94,-57.54,-59.65,55.99,-9.56,-0.50
2024/01/01 16:10:56.92,28.92,-31.88,-57.50,-59.73,56.14,-8.80,-0.45
2024/01/01 16:10:56.93,28.93,-31.77,-57.40,-59.83,56.37,-8.31,-0.51
2024/01/01 16:10:56.94,28.94,-31.68,-57.28,-59.89,56.53,-8.17,-0.60
2024/01/01 16:10:56.95,28.95,-31.66,-57.16,-59.90,56.58,-8.36,-0.85
2024/01/01 16:10:56.96,28.96,-31.69,-57.07,-59.94,56.55,-8.71,-1.35
2024/01/01 16:10:56.97,28.97,-31.74,-57.02,-60.01,56.47,-9.03,-1.93
2024/01/01 16:10:56.98,28.98,-31.79,-56.97,-60.06,56.36,-9.23,-2.11
2024/01/01 16:10:56.99,28.99,-31.79,-56.92,-60.07,56.23,-9.33,-1.60
2024/01/01 16:10:57.00,29.00,-31.73,-56.86,-60.06,56.04,-9.38,-0.77
2024/01/01 16:10:57.01,29.01,-31.66,-56.82,-60.02,55.81,-9.38,-0.21
2024/01/01 16:10:57.02,29.02,-31.61,-56.80,-59.95,55.62,-9.28,0.04
2024/01/01 16:10:57.03,29.03,-31.62,-56.81,-59.88,55.55,-9.10,-0.08
2024/01/01 16:10:57.04,29.04,-31.68,-56.84,-59.87,55.67,-8.91,-0.75
2024/01/01 16:10:57.05,29.05,-31.75,-56.90,-59.92,55.98,-8.71,-1.60
2024/01/01 16:10:57.06,29.06,-31.81,-56.97,-59.96,56.36,-8.61,-1.90
2024/01/01 16:10:57.07,29.07,-31.85,-57.05,-59.92,56.61,-8.74,-1.54
2024/01/01 16:10:57.08,29.08,-31.81,-57.12,-59.89,56.59,-9.10,-1.02
2024/01/01 16:10:57.09,29.09,-31.72,-57.14,-59.92,56.30,-9.51,-0.68
2024/01/01 16:10:57.10,29.10,-31.62,-57.13,-59.93,55.91,-9.87,-0.35
2024/01/01 16:10:57.11,29.11,-31.56,-57.08,-59.89,55.64,-10.22,0.03
2024/01/01 16:10:57.12,29.12,-31.51,-57.01,-59.86,55.64,-10.46,-0.12
2024/01/01 16:10:57.13,29.13,-31.45,-56.95,-59.92,55.88,-10.46,-1.00
2024/01/01 16:10:57.14,29.14,-31.40,-56.91,-60.04,56.19,-10.27,-1.78
2024/01/01 16:10:57.15,29.15,-31.37,-56.91,-60.15,56.41,-10.04,-1.84
2024/01/01 16:10:57.16,29.16,-31.37,-56.96,-60.25,56.57,-9.76,-1.69
2024/01/01 16:10:57.17,29.17,-31.38,-57.04,-60.33,56.90,-9.34,-1.84
2024/01/01 16:10:57.18,29.18,-31.41,-57.13,-60.39,57.44,-8.78,-1.92
2024/01/01 16:10:57.19,29.19,-31.45,-57.20,-60.37,57.90,-8.36,-1.59
2024/01/01 16:10:57.20,29.20,-31.49,-57.21,-60.26,57.90,-8.31,-1.20
2024/01/01 16:10:57.21,29.21,-31.52,-57.16,-60.08,57.24,-8.53,-1.13
2024/01/01 16:10:57.22,29.22,-31.54,-57.09,-59.92,56.14,-8.86,-1.16
2024/01/01 16:10:57.23,29.23,-31.57,-57.05,-59.81,55.24,-9.27,-0.89
2024/01/01 16:10:57.24,29.24,-31.58,-57.05,-59.75,55.04,-9.62,-0.30
2024/01/01 16:10:57.25,29.25,-31.59,-57.08,-59.73,55.47,-9.78,0.14
2024/01/01 16:10:57.26,29.26,-31.60,-57.09,-59.72,56.10,-9.76,0.03
2024/01/01 16:10:57.27,29.27,-31.62,-57.10,-59.71,56.55,-9.77,-0.44
2024/01/01 16:10:57.28,29.28,-31.66,-57.12,-59.71,56.66,-9.99,-0.86
2024/01/01 16:10:57.29,29.29,-31.75,-57.17,-59.72,56.48,-10.33,-1.10
2024/01/01 16:10:57.30,29.30,-31.85,-57.23,-59.74,56.21,-10.46,-1.11
2024/01/01 16:10:57.31,29.31,-31.92,-57.28,-59.78,56.05,-10.23,-0.83
2024/01/01 16:10:57.32,29.32,-31.93,-57.29,-59.82,55.97,-9.78,-0.40
2024/01/01 16:10:57.33,29.33,-31.91,-57.27,-59.87,55.72,-9.32,-0.13
2024/01/01 16:10:57.34,29.34,-31.87,-57.23,-59.92,55.26,-9.00,-0.16
2024/01/01 16:10:57.35,29.35,-31.84,-57.21,-59.98,54.89,-8.90,-0.47
2024/01/01 16:10:57.36,29.36,-31.81,-57.20,-60.05,54.98,-8.98,-0.99
2024/01/01 16:10:57.37,29.37,-31.78,-57.22,-60.18,55.58,-9.13,-1.64
2024/01/01 16:10:57.38,29.38,-31.76,-57.30,-60.30,56.36,-9.28,-2.18
2024/01/01 16:10:57.39,29.39,-31.76,-57.41,-60.37,56.93,-9.46,-2.34
2024/01/01 16:10:57.40,29.40,-31.75,-57.50,-60.37,57.13,-9.74,-2.06
2024/01/01 16:10:57.41,29.41,-31.71,-57.53,-60.33,56.98,-10.05,-1.61
2024/01/01 16:10:57.42,29.42,-31.62,-57.53,-60.28,56.64,-10.27,-1.13
2024/01/01 16:10:57.43,29.43,-31.52,-57.53,-60.21,56.33,-10.33,-0.69
2024/01/01 16:10:57.44,29.44,-31.47,-57.54,-60.09,56.16,-10.23,-0.45
2024/01/01 16:10:57.45,29.45,-31.46,-57.57,-59.94,56.07,-10.13,-0.59
2024/01/01 16:10:57.46,29.46,-31.44,-57.59,-59.84,56.05,-10.19,-0.99
2024/01/01 16:10:57.47,29.47,-31.39,-57.58,-59.81,56.15,-10.39,-1.25
2024/01/01 16:10:57.48,29.48,-31.30,-57.58,-59.82,56.41,-10.62,-1.07
2024/01/01 16:10:57.49,29.49,-31.20,-57.58,-59.86,56.82,-10.70,-0.75
2024/01/01 16:10:57.50,29.50,-31.15,-57.57,-59.90,57.32,-10.46,-0.76
2024/01/01 16:10:57.51,29.51,-31.18,-57.55,-59.94,57.77,-9.96,-1.06
2024/01/01 16:10:57.52,29.52,-31.24,-57.47,-59.99,58.00,-9.46,-1.30
2024/01/01 16:10:57.53,29.53,-31.28,-57.36,-60.03,57.83,-9.27,-1.44
2024/01/01 16:10:57.54,29.54,-31.30,-57.23,-60.04,57.26,-9.36,-1.55
2024/01/01 16:10:57.55,29.55,-31.29,-57.11,-60.03,56.50,-9.55,-1.46
2024/01/01 16:10:57.56,29.56,-31.26,-57.02,-60.03,55.92,-9.70,-1.19
2024/01/01 16:10:57.57,29.57,-31.25,-56.96,-60.04,55.83,-9.73,-0.95
2024/01/01 16:10:57.58,29.58,-31.32,-56.91,-60.03,56.19,-9.54,-0.75
2024/01/01 16:10:57.59,29.59,-31.42,-56.88,-60.00,56.71,-9.22,-0.71
2024/01/01 16:10:57.60,29.60,-31.51,-56.84,-59.96,57.08,-8.90,-1.01
2024/01/01 16:10:57.61,29.61,-31.55,-56.83,-59.94,57.06,-8.61,-1.31
2024/01/01 16:10:57.62,29.62,-31.57,-56.83,-59.94,56.59,-8.47,-1.19
2024/01/01 16:10:57.63,29.63,-31.62,-56.86,-59.97,55.83,-8.54,-0.82
2024/01/01 16:10:57.64,29.64,-31.68,-56.90,-60.01,55.15,-8.83,-0.52
2024/01/01 16:10:57.65,29.65,-31.74,-56.96,-60.04,54.83,-9.26,-0.40
2024/01/01 16:10:57.66,29.66,-31.78,-57.01,-60.06,54.84,-9.64,-0.50
2024/01/01 16:10:57.67,29.67,-31.79,-57.04,-60.08,55.08,-9.83,-0.82
2024/01/01 16:10:57.68,29.68,-31.78,-57.07,-60.10,55.51,-9.79,-1.25
2024/01/01 16:10:57.69,29.69,-31.76,-57.11,-60.09,56.01,-9.55,-1.59
2024/01/01 16:10:57.70,29.70,-31.76,-57.15,-60.04,56.53,-9.26,-1.65
2024/01/01 16:10:57.71,29.71,-31.80,-57.18,-59.94,56.99,-9.15,-1.46
2024/01/01 16:10:57.72,29.72,-31.85,-57.20,-59.83,57.24,-9.18,-1.19
2024/01/01 16:10:57.73,29.73,-31.90,-57.22,-59.70,57.16,-9.23,-0.83
2024/01/01 16:10:57.74,29.74,-31.93,-57.23,-59.56,56.75,-9.32,-0.42
2024/01/01 16:10:57.75,29.75,-31.93,-57.26,-59.40,56.13,-9.45,-0.12
2024/01/01 16:10:57.76,29.76,-31.88,-57.31,-59.25,55.48,-9.61,0.04
2024/01/01 16:10:57.77,29.77,-31.78,-57.36,-59.15,55.02,-9.86,0.13
2024/01/01 16:10:57.78,29.78,-31.64,-57.41,-59.13,54.86,-10.19,0.19
2024/01/01 16:10:57.79,29.79,-31.52,-57.45,-59.18,55.06,-10.51,0.15
2024/01/01 16:10:57.80,29.80,-31.47,-57.49,-59.27,55.57,-10.69,-0.05
2024/01/01 16:10:57.81,29.81,-31.52,-57.56,-59.34,56.20,-10.63,-0.38
2024/01/01 16:10:57.82,29.82,-31.60,-57.61,-59.42,56.79,-10.45,-0.72
2024/01/01 16:10:57.83,29.83,-31.69,-57.61,-59.54,57.21,-10.28,-1.05
2024/01/01 16:10:57.84,29.84,-31.73,-57.57,-59.68,57.37,-10.16,-1.23
2024/01/01 16:10:57.85,29.85,-31.72,-57.49,-59.80,57.26,-10.02,-1.10
2024/01/01 16:10:57.86,29.86,-31.66,-57.40,-59.88,56.98,-9.83,-0.82
2024/01/01 16:10:57.87,29.87,-31.56,-57.32,-59.94,56.73,-9.59,-0.69
2024/01/01 16:10:57.88,29.88,-31.44,-57.22,-60.00,56.68,-9.34,-0.75
2024/01/01 16:10:57.89,29.89,-31.31,-57.11,-60.06,56.84,-9.20,-0.90
2024/01/01 16:10:57.90,29.90,-31.24,-57.03,-60.11,57.07,-9.22,-1.09
2024/01/01 16:10:57.91,29.91,-31.23,-57.01,-60.15,57.22,-9.26,-1.35
2024/01/01 16:10:57.92,29.92,-31.26,-57.06,-60.20,57.18,-9.18,-1.62
2024/01/01 16:10:57.93,29.93,-31.29,-57.14,-60.24,56.96,-9.00,-1.69
2024/01/01 16:10:57.94,29.94,-31.28,-57.15,-60.22,56.61,-8.91,-1.35
2024/01/01 16:10:57.95,29.95,-31.23,-57.07,-60.15,56.23,-9.04,-0.84
2024/01/01 16:10:57.96,29.96,-31.15,-56.92,-60.06,55.88,-9.34,-0.59
2024/01/01 16:10:57.97,29.97,-31.10,-56.78,-60.01,55.56,-9.59,-0.63
2024/01/01 16:10:57.98,29.98,-31.10,-56.72,-60.00,55.33,-9.62,-0.68
2024/01/01 16:10:57.99,29.99,-31.15,-56.74,-60.02,55.31,-9.46,-0.78
2024/01/01 16:10:58.00,30.00,-31.24,-56.80,-60.06,55.62,-9.16,-1.10
2024/01/01 16:10:58.01,30.01,-31.34,-56.88,-60.10,56.25,-8.84,-1.51
2024/01/01 16:10:58.02,30.02,-31.44,-56.96,-60.12,57.05,-8.67,-1.78
2024/01/01 16:10:58.03,30.03,-31.51,-57.03,-60.12,57.74,-8.69,-1.81
2024/01/01 16:10:58.04,30.04,-31.55,-57.10,-60.09,58.06,-8.80,-1.59
2024/01/01 16:10:58.05,30.05,-31.53,-57.16,-60.06,57.86,-8.88,-1.20
2024/01/01 16:10:58.06,30.06,-31.46,-57.17,-60.05,57.33,-8.96,-0.75
2024/01/01 16:10:58.07,30.07,-31.34,-57.13,-60.05,56.75,-9.15,-0.37
2024/01/01 16:10:58.08,30.08,-31.25,-57.08,-60.00,56.27,-9.46,-0.24
2024/01/01 16:10:58.09,30.09,-31.24,-57.06,-59.90,55.95,-9.81,-0.45
2024/01/01 16:10:58.10,30.10,-31.29,-57.08,-59.81,55.84,-10.09,-0.92
2024/01/01 16:10:58.11,30.11,-31.38,-57.15,-59.78,55.90,-10.23,-1.46
2024/01/01 16:10:58.12,30.12,-31.49,-57.24,-59.80,56.09,-10.24,-1.73
2024/01/01 16:10:58.13,30.13,-31.57,-57.33,-59.84,56.33,-10.20,-1.46
2024/01/01 16:10:58.14,30.14,-31.61,-57.41,-59.86,56.53,-10.31,-0.90
2024/01/01 16:10:58.15,30.15,-31.65,-57.48,-59.83,56.68,-10.52,-0.47
2024/01/01 16:10:58.16,30.16,-31.73,-57.54,-59.81,56.76,-10.58,-0.27
2024/01/01 16:10:58.17,30.17,-31.81,-57.59,-59.82,56.65,-10.34,-0.26
2024/01/01 16:10:58.18,30.18,-31.85,-57.68,-59.86,56.32,-9.94,-0.42
2024/01/01 16:10:58.19,30.19,-31.84,-57.77,-59.93,55.88,-9.56,-0.64
2024/01/01 16:10:58.20,30.20,-31.80,-57.81,-60.01,55.45,-9.39,-0.86
2024/01/01 16:10:58.21,30.21,-31.79,-57.78,-60.09,55.23,-9.48,-1.09
2024/01/01 16:10:58.22,30.22,-31.82,-57.72,-60.14,55.39,-9.71,-1.28
2024/01/01 16:10:58.23,30.23,-31.84,-57.65,-60.17,55.90,-9.96,-1.41
2024/01/01 16:10:58.24,30.24,-31.83,-57.56,-60.17,56.48,-10.13,-1.50
2024/01/01 16:10:58.25,30.25,-31.78,-57.45,-60.15,56.85,-10.15,-1.55
2024/01/01 16:10:58.26,30.26,-31.75,-57.31,-60.09,56.83,-10.00,-1.47
2024/01/01 16:10:58.27,30.27,-31.73,-57.19,-60.02,56.51,-9.81,-1.34
2024/01/01 16:10:58.28,30.28,-31.69,-57.10,-59.95,56.13,-9.74,-1.25
2024/01/01 16:10:58.29,30.29,-31.65,-57.08,-59.89,55.88,-9.83,-1.01
2024/01/01 16:10:58.30,30.30,-31.61,-57.13,-59.83,55.79,-10.06,-0.54
2024/01/01 16:10:58.31,30.31,-31.60,-57.20,-59.79,55.80,-10.25,-0.28
2024/01/01 16:10:58.32,30.32,-31.60,-57.30,-59.78,55.83,-10.18,-0.45
2024/01/01 16:10:58.33,30.33,-31.58,-57.40,-59.83,55.87,-9.90,-0.70
2024/01/01 16:10:58.34,30.34,-31.55,-57.48,-59.91,55.93,-9.56,-0.83
2024/01/01 16:10:58.35,30.35,-31.53,-57.52,-59.94,56.08,-9.23,-0.97
2024/01/01 16:10:58.36,30.36,-31.55,-57.54,-59.90,56.28,-8.98,-1.22
2024/01/01 16:10:58.37,30.37,-31.58,-57.53,-59.82,56.46,-8.90,-1.46
2024/01/01 16:10:58.38,30.38,-31.58,-57.47,-59.76,56.59,-9.03,-1.46
2024/01/01 16:10:58.39,30.39,-31.53,-57.36,-59.75,56.67,-9.36,-1.09
2024/01/01 16:10:58.40,30.40,-31.47,-57.24,-59.73,56.70,-9.83,-0.59
2024/01/01 16:10:58.41,30.41,-31.44,-57.15,-59.72,56.66,-10.27,-0.31
2024/01/01 16:10:58.42,30.42,-31.43,-57.09,-59.73,56.64,-10.54,-0.37
2024/01/01 16:10:58.43,30.43,-31.44,-57.06,-59.77,56.76,-10.56,-0.64
2024/01/01 16:10:58.44,30.44,-31.50,-57.07,-59.79,57.04,-10.30,-0.85
2024/01/01 16:10:58.45,30.45,-31.60,-57.07,-59.79,57.33,-9.83,-0.90
2024/01/01 16:10:58.46,30.46,-31.69,-57.05,-59.76,57.43,-9.27,-1.01
2024/01/01 16:10:58.47,30.47,-31.76,-57.03,-59.72,57.23,-8.71,-1.11
2024/01/01 16:10:58.48,30.48,-31.81,-56.99,-59.65,56.70,-8.21,-0.78
2024/01/01 16:10:58.49,30.49,-31.82,-56.95,-59.55,55.93,-7.92,-0.15
2024/01/01 16:10:58.50,30.50,-31.80,-56.90,-59.44,55.22,-7.99,0.25
2024/01/01 16:10:58.51,30.51,-31.76,-56.88,-59.43,54.89,-8.38,0.23
2024/01/01 16:10:58.52,30.52,-31.71,-56.90,-59.53,54.99,-8.97,-0.09
2024/01/01 16:10:58.53,30.53,-31.69,-56.94,-59.65,55.24,-9.71,-0.50
2024/01/01 16:10:58.54,30.54,-31.69,-56.96,-59.75,55.43,-10.41,-0.85
2024/01/01 16:10:58.55,30.55,-31.66,-56.95,-59.88,55.54,-10.77,-1.25
2024/01/01 16:10:58.56,30.56,-31.58,-56.90,-60.07,55.70,-10.63,-1.72
2024/01/01 16:10:58.57,30.57,-31.50,-56.85,-60.29,56.01,-10.09,-1.88
2024/01/01 16:10:58.58,30.58,-31.46,-56.83,-60.47,56.35,-9.42,-1.61
2024/01/01 16:10:58.59,30.59,-31.46,-56.80,-60.57,56.56,-8.89,-1.41
2024/01/01 16:10:58.60,30.60,-31.50,-56.77,-60.57,56.61,-8.64,-1.61
2024/01/01 16:10:58.61,30.61,-31.54,-56.74,-60.52,56.54,-8.69,-1.86
2024/01/01 16:10:58.62,30.62,-31.51,-56.77,-60.46,56.46,-9.03,-1.80
2024/01/01 16:10:58.63,30.63,-31.43,-56.88,-60.41,56.46,-9.44,-1.47
2024/01/01 16:10:58.64,30.64,-31.35,-57.03,-60.33,56.55,-9.53,-1.08
2024/01/01 16:10:58.65,30.65,-31.31,-57.20,-60.22,56.69,-9.20,-0.84
2024/01/01 16:10:58.66,30.66,-31.30,-57.36,-60.13,56.88,-8.71,-0.85
2024/01/01 16:10:58.67,30.67,-31.30,-57.49,-60.08,57.08,-8.34,-1.00
2024/01/01 16:10:58.68,30.68,-31.31,-57.58,-60.03,57.15,-8.28,-1.11
2024/01/01 16:10:58.69,30.69,-31.34,-57.62,-59.96,56.98,-8.59,-1.17
2024/01/01 16:10:58.70,30.70,-31.35,-57.61,-59.89,56.69,-9.16,-1.21
2024/01/01 16:10:58.71,30.71,-31.38,-57.57,-59.82,56.56,-9.80,-1.17
2024/01/01 16:10:58.72,30.72,-31.43,-57.53,-59.71,56.73,-10.52,-0.99
2024/01/01 16:10:58.73,30.73,-31.50,-57.48,-59.53,57.07,-11.25,-0.73
2024/01/01 16:10:58.74,30.74,-31.60,-57.42,-59.31,57.28,-11.79,-0.58
2024/01/01 16:10:58.75,30.75,-31.69,-57.36,-59.10,57.13,-12.04,-0.48
2024/01/01 16:10:58.76,30.76,-31.76,-57.33,-59.00,56.56,-11.92,-0.19
2024/01/01 16:10:58.77,30.77,-31.77,-57.30,-59.02,55.80,-11.46,0.34
2024/01/01 16:10:58.78,30.78,-31.76,-57.28,-59.10,55.29,-10.81,0.90
2024/01/01 16:10:58.79,30.79,-31.77,-57.25,-59.16,55.28,-10.10,1.25
2024/01/01 16:10:58.80,30.80,-31.84,-57.22,-59.22,55.62,-9.47,1.07
2024/01/01 16:10:58.81,30.81,-31.95,-57.19,-59.32,55.96,-9.03,0.13
2024/01/01 16:10:58.82,30.82,-32.07,-57.18,-59.49,56.07,-8.72,-1.05
2024/01/01 16:10:58.83,30.83,-32.19,-57.16,-59.68,55.92,-8.40,-1.61
2024/01/01 16:10:58.84,30.84,-32.28,-57.15,-59.83,55.61,-8.11,-1.39
2024/01/01 16:10:58.85,30.85,-32.29,-57.13,-59.88,55.40,-7.93,-0.88
2024/01/01 16:10:58.86,30.86,-32.25,-57.11,-59.86,55.56,-7.96,-0.51
2024/01/01 16:10:58.87,30.87,-32.18,-57.11,-59.85,56.00,-8.20,-0.39
2024/01/01 16:10:58.88,30.88,-32.09,-57.12,-59.89,56.38,-8.71,-0.39
2024/01/01 16:10:58.89,30.89,-32.03,-57.13,-59.95,56.42,-9.39,-0.45
2024/01/01 16:10:58.90,30.90,-32.04,-57.14,-59.95,56.01,-9.93,-0.68
2024/01/01 16:10:58.91,30.91,-32.10,-57.15,-59.88,55.31,-10.23,-1.10
2024/01/01 16:10:58.92,30.92,-32.12,-57.17,-59.83,54.73,-10.42,-1.57
2024/01/01 16:10:58.93,30.93,-32.03,-57.22,-59.85,54.52,-10.54,-1.76
2024/01/01 16:10:58.94,30.94,-31.86,-57.30,-59.93,54.70,-10.59,-1.40
2024/01/01 16:10:58.95,30.95,-31.69,-57.38,-59.98,55.07,-10.55,-0.78
2024/01/01 16:10:58.96,30.96,-31.61,-57.46,-59.94,55.48,-10.30,-0.51
2024/01/01 16:10:58.97,30.97,-31.61,-57.55,-59.87,55.96,-9.84,-0.81
2024/01/01 16:10:58.98,30.98,-31.62,-57.65,-59.82,56.58,-9.40,-1.32
2024/01/01 16:10:58.99,30.99,-31.58,-57.73,-59.80,57.18,-9.20,-1.56
2024/01/01 16:10:59.00,31.00,-31.50,-57.75,-59.78,57.48,-9.38,-1.41
2024/01/01 16:10:59.01,31.01,-31.42,-57.73,-59.74,57.35,-9.84,-1.14
2024/01/01 16:10:59.02,31.02,-31.35,-57.68,-59.70,56.93,-10.36,-0.90
2024/01/01 16:10:59.03,31.03,-31.28,-57.65,-59.67,56.58,-10.83,-0.54
2024/01/01 16:10:59.04,31.04,-31.19,-57.64,-59.66,56.66,-11.12,-0.07
2024/01/01 16:10:59.05,31.05,-31.10,-57.62,-59.66,57.08,-11.08,0.10
2024/01/01 16:10:59.06,31.06,-31.04,-57.56,-59.66,57.45,-10.70,-0.36
2024/01/01 16:10:59.07,31.07,-31.05,-57.44,-59.71,57.49,-10.15,-1.15
2024/01/01 16:10:59.08,31.08,-31.11,-57.27,-59.82,57.22,-9.61,-1.67
2024/01/01 16:10:59.09,31.09,-31.20,-57.12,-59.96,56.96,-9.24,-1.58
2024/01/01 16:10:59.10,31.10,-31.32,-57.01,-60.04,56.93,-9.15,-1.00
2024/01/01 16:10:59.11,31.11,-31.45,-56.95,-60.06,57.09,-9.30,-0.46
2024/01/01 16:10:59.12,31.12,-31.58,-56.91,-60.05,57.20,-9.53,-0.46
2024/01/01 16:10:59.13,31.13,-31.70,-56.88,-60.06,57.12,-9.57,-0.81
2024/01/01 16:10:59.14,31.14,-31.81,-56.86,-60.08,56.79,-9.31,-0.94
2024/01/01 16:10:59.15,31.15,-31.92,-56.85,-60.09,56.33,-8.97,-0.82
2024/01/01 16:10:59.16,31.16,-32.03,-56.84,-60.06,55.90,-8.72,-0.71
2024/01/01 16:10:59.17,31.17,-32.15,-56.84,-59.98,55.53,-8.62,-0.68
2024/01/01 16:10:59.18,31.18,-32.23,-56.85,-59.91,55.19,-8.63,-0.67
2024/01/01 16:10:59.19,31.19,-32.26,-56.89,-59.87,54.91,-8.70,-0.71
2024/01/01 16:10:59.20,31.20,-32.26,-56.95,-59.81,54.76,-8.77,-0.71
2024/01/01 16:10:59.21,31.21,-32.25,-57.02,-59.75,54.77,-8.87,-0.56
2024/01/01 16:10:59.22,31.22,-32.25,-57.09,-59.70,54.84,-8.99,-0.48
2024/01/01 16:10:59.23,31.23,-32.26,-57.18,-59.66,54.86,-9.18,-0.67
2024/01/01 16:10:59.24,31.24,-32.29,-57.28,-59.64,54.77,-9.46,-0.85
2024/01/01 16:10:59.25,31.25,-32.31,-57.38,-59.65,54.64,-9.69,-0.83
2024/01/01 16:10:59.26,31.26,-32.33,-57.46,-59.66,54.63,-9.71,-0.77
2024/01/01 16:10:59.27,31.27,-32.33,-57.56,-59.69,54.86,-9.59,-0.77
2024/01/01 16:10:59.28,31.28,-32.31,-57.66,-59.71,55.26,-9.45,-0.86
2024/01/01 16:10:59.29,31.29,-32.27,-57.74,-59.67,55.70,-9.49,-1.04
2024/01/01 16:10:59.30,31.30,-32.20,-57.78,-59.60,56.12,-9.78,-1.08
2024/01/01 16:10:59.31,31.31,-32.10,-57.79,-59.57,56.43,-10.27,-0.91
2024/01/01 16:10:59.32,31.32,-31.97,-57.77,-59.58,56.60,-10.83,-0.66
2024/01/01 16:10:59.33,31.33,-31.80,-57.73,-59.59,56.68,-11.35,-0.27
2024/01/01 16:10:59.34,31.34,-31.64,-57.65,-59.62,56.64,-11.73,0.17
2024/01/01 16:10:59.35,31.35,-31.53,-57.55,-59.65,56.52,-11.93,0.16
2024/01/01 16:10:59.36,31.36,-31.50,-57.48,-59.69,56.42,-11.90,-0.38
2024/01/01 16:10:59.37,31.37,-31.51,-57.46,-59.83,56.40,-11.62,-1.04
2024/01/01 16:10:59.38,31.38,-31.52,-57.49,-60.06,56.51,-11.16,-1.66
2024/01/01 16:10:59.39,31.39,-31.53,-57.52,-60.26,56.75,-10.53,-2.10
2024/01/01 16:10:59.40,31.40,-31.55,-57.50,-60.33,56.99,-9.78,-2.08
2024/01/01 16:10:59.41,31.41,-31.58,-57.39,-60.32,57.12,-9.15,-1.78
2024/01/01 16:10:59.42,31.42,-31.60,-57.24,-60.26,57.11,-8.85,-1.54
2024/01/01 16:10:59.43,31.43,-31.58,-57.09,-60.19,56.96,-8.80,-1.16
2024/01/01 16:10:59.44,31.44,-31.51,-56.95,-60.16,56.66,-8.85,-0.59
2024/01/01 16:10:59.45,31.45,-31.39,-56.80,-60.19,56.22,-8.78,-0.32
2024/01/01 16:10:59.46,31.46,-31.26,-56.66,-60.30,55.83,-8.49,-0.55
2024/01/01 16:10:59.47,31.47,-31.18,-56.52,-60.46,55.70,-8.03,-1.03
2024/01/01 16:10:59.48,31.48,-31.20,-56.41,-60.59,55.92,-7.68,-1.60
2024/01/01 16:10:59.49,31.49,-31.30,-56.36,-60.69,56.47,-7.64,-2.26
2024/01/01 16:10:59.50,31.50,-31.41,-56.39,-60.74,57.12,-7.82,-2.83
2024/01/01 16:10:59.51,31.51,-31.50,-56.46,-60.70,57.52,-7.97,-2.97
2024/01/01 16:10:59.52,31.52,-31.56,-56.51,-60.54,57.49,-8.14,-2.43
2024/01/01 16:10:59.53,31.53,-31.57,-56.50,-60.30,57.07,-8.46,-1.48
2024/01/01 16:10:59.54,31.54,-31.55,-56.47,-60.02,56.44,-8.87,-0.72
2024/01/01 16:10:59.55,31.55,-31.53,-56.46,-59.77,55.83,-9.27,-0.21
2024/01/01 16:10:59.56,31.56,-31.52,-56.56,-59.61,55.30,-9.61,0.28
2024/01/01 16:10:59.57,31.57,-31.54,-56.75,-59.51,54.82,-9.78,0.52
2024/01/01 16:10:59.58,31.58,-31.59,-56.99,-59.42,54.50,-9.77,0.31
2024/01/01 16:10:59.59,31.59,-31.68,-57.21,-59.35,54.51,-9.67,-0.19
2024/01/01 16:10:59.60,31.60,-31.79,-57.39,-59.36,54.98,-9.65,-0.84
2024/01/01 16:10:59.61,31.61,-31.89,-57.51,-59.44,55.89,-9.77,-1.31
2024/01/01 16:10:59.62,31.62,-31.99,-57.59,-59.49,56.84,-9.90,-1.14
2024/01/01 16:10:59.63,31.63,-32.09,-57.62,-59.48,57.37,-9.94,-0.50
2024/01/01 16:10:59.64,31.64,-32.15,-57.62,-59.43,57.36,-9.96,-0.12
2024/01/01 16:10:59.65,31.65,-32.13,-57.60,-59.44,57.03,-9.98,-0.16
2024/01/01 16:10:59.66,31.66,-32.02,-57.57,-59.52,56.50,-10.05,-0.16
2024/01/01 16:10:59.67,31.67,-31.87,-57.54,-59.65,55.87,-10.29,0.03
2024/01/01 16:10:59.68,31.68,-31.74,-57.49,-59.77,55.35,-10.54,-0.02
2024/01/01 16:10:59.69,31.69,-31.69,-57.42,-59.90,55.13,-10.48,-0.72
2024/01/01 16:10:59.70,31.70,-31.74,-57.32,-60.05,55.31,-9.99,-1.75
2024/01/01 16:10:59.71,31.71,-31.79,-57.21,-60.24,55.77,-9.37,-2.32
2024/01/01 16:10:59.72,31.72,-31.78,-57.10,-60.44,56.24,-9.02,-2.18
2024/01/01 16:10:59.73,31.73,-31.72,-57.00,-60.55,56.46,-9.18,-1.73
2024/01/01 16:10:59.74,31.74,-31.69,-56.91,-60.54,56.40,-9.72,-1.29
2024/01/01 16:10:59.75,31.75,-31.72,-56.85,-60.45,56.26,-10.31,-1.03
2024/01/01 16:10:59.76,31.76,-31.80,-56.83,-60.31,56.32,-10.58,-1.10
2024/01/01 16:10:59.77,31.77,-31.88,-56.82,-60.18,56.61,-10.30,-1.31
2024/01/01 16:10:59.78,31.78,-31.92,-56.83,-60.04,56.78,-9.56,-1.32
2024/01/01 16:10:59.79,31.79,-31.92,-56.85,-59.90,56.51,-8.70,-1.11
2024/01/01 16:10:59.80,31.80,-31.88,-56.88,-59.77,55.93,-8.11,-0.75
2024/01/01 16:10:59.81,31.81,-31.80,-56.92,-59.74,55.44,-7.87,-0.26
2024/01/01 16:10:59.82,31.82,-31.66,-56.98,-59.81,55.38,-7.90,0.21
2024/01/01 16:10:59.83,31.83,-31.51,-57.03,-59.90,55.81,-8.21,0.38
2024/01/01 16:10:59.84,31.84,-31.41,-57.09,-59.93,56.39,-8.64,0.00
2024/01/01 16:10:59.85,31.85,-31.42,-57.14,-59.91,56.59,-8.88,-1.11
2024/01/01 16:10:59.86,31.86,-31.48,-57.16,-59.89,56.23,-8.81,-2.55
2024/01/01 16:10:59.87,31.87,-31.51,-57.14,-59.94,55.65,-8.67,-3.21
2024/01/01 16:10:59.88,31.88,-31.43,-57.11,-60.04,55.31,-8.72,-2.55
2024/01/01 16:10:59.89,31.89,-31.27,-57.08,-60.09,55.38,-9.14,-1.12
2024/01/01 16:10:59.90,31.90,-31.16,-57.05,-60.00,55.77,-9.75,0.01
2024/01/01 16:10:59.91,31.91,-31.15,-57.02,-59.82,56.35,-10.27,0.08
2024/01/01 16:10:59.92,31.92,-31.16,-57.01,-59.73,57.09,-10.61,-0.75
2024/01/01 16:10:59.93,31.93,-31.15,-57.04,-59.74,57.83,-10.85,-1.55
2024/01/01 16:10:59.94,31.94,-31.12,-57.11,-59.77,58.25,-11.04,-1.69
2024/01/01 16:10:59.95,31.95,-31.07,-57.18,-59.78,58.11,-11.11,-1.45
2024/01/01 16:10:59.96,31.96,-31.02,-57.24,-59.80,57.59,-10.96,-1.30
2024/01/01 16:10:59.97,31.97,-30.98,-57.25,-59.80,57.18,-10.59,-1.09
2024/01/01 16:10:59.98,31.98,-30.99,-57.24,-59.75,57.22,-10.17,-0.46
2024/01/01 16:10:59.99,31.99,-31.02,-57.23,-59.66,57.64,-9.89,0.14
2024/01/01 16:11:00.00,32.00,-31.04,-57.23,-59.57,58.09,-9.65,-0.01
2024/01/01 16:11:00.01,32.01,-31.09,-57.27,-59.49,58.15,-9.31,-0.62
2024/01/01 16:11:00.02,32.02,-31.13,-57.30,-59.46,57.61,-9.03,-0.91
2024/01/01 16:11:00.03,32.03,-31.13,-57.28,-59.50,56.77,-8.95,-0.75
2024/01/01 16:11:00.04,32.04,-31.11,-57.22,-59.56,56.24,-8.83,-0.43
2024/01/01 16:11:00.05,32.05,-31.16,-57.12,-59.56,56.27,-8.50,-0.01
2024/01/01 16:11:00.06,32.06,-31.31,-57.03,-59.46,56.62,-8.14,0.20
2024/01/01 16:11:00.07,32.07,-31.51,-56.94,-59.38,56.86,-7.93,-0.20
2024/01/01 16:11:00.08,32.08,-31.67,-56.86,-59.37,56.74,-7.94,-0.90
2024/01/01 16:11:00.09,32.09,-31.75,-56.80,-59.35,56.25,-8.31,-0.97
2024/01/01 16:11:00.10,32.10,-31.77,-56.78,-59.31,55.60,-9.11,-0.25
2024/01/01 16:11:00.11,32.11,-31.76,-56.82,-59.28,55.12,-10.06,0.30
2024/01/01 16:11:00.12,32.12,-31.80,-56.88,-59.29,55.06,-10.55,0.15
2024/01/01 16:11:00.13,32.13,-31.90,-56.92,-59.37,55.26,-10.31,-0.02
2024/01/01 16:11:00.14,32.14,-32.00,-56.97,-59.52,55.46,-9.66,0.11
2024/01/01 16:11:00.15,32.15,-32.06,-57.07,-59.69,55.53,-9.09,0.06
2024/01/01 16:11:00.16,32.16,-32.09,-57.23,-59.84,55.39,-8.75,-0.44
2024/01/01 16:11:00.17,32.17,-32.08,-57.43,-59.97,55.08,-8.63,-1.15
2024/01/01 16:11:00.18,32.18,-32.04,-57.61,-60.06,54.88,-8.87,-1.66
2024/01/01 16:11:00.19,32.19,-32.02,-57.74,-60.10,55.08,-9.53,-1.62
2024/01/01 16:11:00.20,32.20,-32.03,-57.80,-60.11,55.60,-10.26,-1.28
2024/01/01 16:11:00.21,32.21,-32.05,-57.83,-60.05,56.15,-10.69,-1.15
2024/01/01 16:11:00.22,32.22,-32.07,-57.86,-59.93,56.47,-10.80,-1.17
2024/01/01 16:11:00.23,32.23,-32.05,-57.89,-59.78,56.50,-10.76,-1.07
2024/01/01 16:11:00.24,32.24,-31.97,-57.92,-59.67,56.35,-10.75,-0.84
2024/01/01 16:11:00.25,32.25,-31.84,-57.96,-59.60,56.29,-10.91,-0.48
2024/01/01 16:11:00.26,32.26,-31.69,-57.98,-59.55,56.56,-11.27,0.06
2024/01/01 16:11:00.27,32.27,-31.54,-58.00,-59.52,57.04,-11.62,0.40
2024/01/01 16:11:00.28,32.28,-31.45,-58.01,-59.52,57.32,-11.65,0.06
2024/01/01 16:11:00.29,32.29,-31.44,-57.99,-59.55,57.07,-11.33,-0.70
2024/01/01 16:11:00.30,32.30,-31.47,-57.96,-59.61,56.43,-10.87,-1.25
2024/01/01 16:11:00.31,32.31,-31.52,-57.91,-59.70,55.93,-10.44,-1.44
2024/01/01 16:11:00.32,32.32,-31.58,-57.83,-59.78,55.99,-10.07,-1.42
2024/01/01 16:11:00.33,32.33,-31.66,-57.71,-59.82,56.54,-9.80,-1.20
2024/01/01 16:11:00.34,32.34,-31.76,-57.58,-59.83,57.17,-9.71,-0.83
2024/01/01 16:11:00.35,32.35,-31.86,-57.46,-59.82,57.51,-9.78,-0.52
2024/01/01 16:11:00.36,32.36,-31.93,-57.33,-59.76,57.32,-9.80,-0.30
2024/01/01 16:11:00.37,32.37,-31.93,-57.20,-59.71,56.60,-9.75,-0.19
2024/01/01 16:11:00.38,32.38,-31.86,-57.08,-59.77,55.76,-9.69,-0.36
2024/01/01 16:11:00.39,32.39,-31.76,-56.95,-59.95,55.30,-9.60,-0.72
2024/01/01 16:11:00.40,32.40,-31.69,-56.82,-60.13,55.34,-9.42,-0.90
2024/01/01 16:11:00.41,32.41,-31.68,-56.74,-60.24,55.59,-9.15,-0.96
2024/01/01 16:11:00.42,32.42,-31.73,-56.73,-60.34,55.79,-8.85,-1.46
2024/01/01 16:11:00.43,32.43,-31.77,-56.78,-60.48,55.85,-8.47,-2.23
2024/01/01 16:11:00.44,32.44,-31.81,-56.85,-60.56,55.71,-8.03,-2.36
2024/01/01 16:11:00.45,32.45,-31.83,-56.92,-60.56,55.40,-7.80,-1.60
2024/01/01 16:11:00.46,32.46,-31.82,-56.96,-60.56,55.20,-7.94,-0.88
2024/01/01 16:11:00.47,32.47,-31.77,-57.00,-60.59,55.37,-8.32,-0.84
2024/01/01 16:11:00.48,32.48,-31.68,-57.05,-60.60,55.80,-8.84,-0.96
2024/01/01 16:11:00.49,32.49,-31.59,-57.10,-60.55,56.13,-9.55,-0.89
2024/01/01 16:11:00.50,32.50,-31.52,-57.16,-60.48,56.21,-10.35,-1.21
2024/01/01 16:11:00.51,32.51,-31.47,-57.24,-60.43,56.11,-10.85,-2.05
2024/01/01 16:11:00.52,32.52,-31.44,-57.28,-60.39,55.98,-10.84,-2.50
2024/01/01 16:11:00.53,32.53,-31.43,-57.29,-60.34,56.06,-10.58,-2.11
2024/01/01 16:11:00.54,32.54,-31.46,-57.30,-60.24,56.46,-10.33,-1.56
2024/01/01 16:11:00.55,32.55,-31.51,-57.36,-60.08,57.00,-10.11,-1.41
2024/01/01 16:11:00.56,32.56,-31.56,-57.45,-59.92,57.37,-9.84,-1.41
2024/01/01 16:11:00.57,32.57,-31.63,-57.55,-59.74,57.49,-9.56,-1.18
2024/01/01 16:11:00.58,32.58,-31.67,-57.64,-59.55,57.43,-9.28,-0.71
2024/01/01 16:11:00.59,32.59,-31.62,-57.70,-59.41,57.21,-9.07,-0.34
2024/01/01 16:11:00.60,32.60,-31.51,-57.70,-59.37,56.86,-9.08,-0.27
2024/01/01 16:11:00.61,32.61,-31.40,-57.66,-59.40,56.51,-9.38,-0.16
2024/01/01 16:11:00.62,32.62,-31.36,-57.61,-59.44,56.13,-9.92,0.13
2024/01/01 16:11:00.63,32.63,-31.42,-57.57,-59.46,55.68,-10.51,0.06
2024/01/01 16:11:00.64,32.64,-31.56,-57.54,-59.47,55.38,-10.95,-0.61
2024/01/01 16:11:00.65,32.65,-31.73,-57.49,-59.51,55.55,-11.17,-1.27
2024/01/01 16:11:00.66,32.66,-31.88,-57.40,-59.59,56.08,-11.16,-1.33
2024/01/01 16:11:00.67,32.67,-32.00,-57.29,-59.68,56.51,-10.96,-0.92
2024/01/01 16:11:00.68,32.68,-32.11,-57.18,-59.73,56.43,-10.60,-0.39
2024/01/01 16:11:00.69,32.69,-32.23,-57.13,-59.70,55.96,-10.12,0.03
2024/01/01 16:11:00.70,32.70,-32.32,-57.14,-59.64,55.58,-9.59,0.21
2024/01/01 16:11:00.71,32.71,-32.37,-57.20,-59.62,55.61,-9.16,0.12
2024/01/01 16:11:00.72,32.72,-32.36,-57.29,-59.64,55.92,-8.95,-0.09
2024/01/01 16:11:00.73,32.73,-32.30,-57.37,-59.67,56.17,-8.84,-0.32
2024/01/01 16:11:00.74,32.74,-32.19,-57.39,-59.71,56.13,-8.77,-0.56
2024/01/01 16:11:00.75,32.75,-32.06,-57.36,-59.71,55.81,-8.70,-0.75
2024/01/01 16:11:00.76,32.76,-31.95,-57.29,-59.72,55.45,-8.70,-0.83
2024/01/01 16:11:00.77,32.77,-31.86,-57.22,-59.79,55.29,-8.82,-0.87
2024/01/01 16:11:00.78,32.78,-31.79,-57.19,-59.89,55.36,-9.08,-1.00
2024/01/01 16:11:00.79,32.79,-31.74,-57.17,-59.93,55.45,-9.39,-1.08
2024/01/01 16:11:00.80,32.80,-31.69,-57.17,-59.92,55.33,-9.62,-0.98
2024/01/01 16:11:00.81,32.81,-31.61,-57.15,-59.92,55.10,-9.67,-1.15
2024/01/01 16:11:00.82,32.82,-31.49,-57.17,-59.96,55.22,-9.54,-1.65
2024/01/01 16:11:00.83,32.83,-31.36,-57.22,-60.04,55.98,-9.42,-1.79
2024/01/01 16:11:00.84,32.84,-31.23,-57.33,-60.12,57.07,-9.51,-1.46
2024/01/01 16:11:00.85,32.85,-31.13,-57.43,-60.17,58.00,-9.89,-1.29
2024/01/01 16:11:00.86,32.86,-31.03,-57.46,-60.19,58.45,-10.41,-1.41
2024/01/01 16:11:00.87,32.87,-30.95,-57.42,-60.15,58.32,-10.89,-1.45
2024/01/01 16:11:00.88,32.88,-30.94,-57.34,-60.03,57.73,-11.23,-1.36
2024/01/01 16:11:00.89,32.89,-30.97,-57.23,-59.91,57.08,-11.26,-1.24
2024/01/01 16:11:00.90,32.90,-31.00,-57.12,-59.88,56.66,-10.73,-1.26
2024/01/01 16:11:00.91,32.91,-31.00,-57.06,-59.95,56.59,-9.75,-1.43
2024/01/01 16:11:00.92,32.92,-31.00,-57.04,-60.01,56.82,-8.77,-1.33
2024/01/01 16:11:00.93,32.93,-31.03,-57.02,-60.03,57.16,-8.19,-0.93
2024/01/01 16:11:00.94,32.94,-31.09,-56.98,-60.07,57.46,-8.16,-0.89
2024/01/01 16:11:00.95,32.95,-31.17,-56.94,-60.14,57.67,-8.58,-1.24
2024/01/01 16:11:00.96,32.96,-31.26,-56.98,-60.22,57.78,-9.17,-1.27
2024/01/01 16:11:00.97,32.97,-31.36,-57.07,-60.26,57.71,-9.67,-0.99
2024/01/01 16:11:00.98,32.98,-31.44,-57.14,-60.27,57.44,-9.88,-1.06
2024/01/01 16:11:00.99,32.99,-31.56,-57.12,-60.21,57.10,-9.66,-1.37
2024/01/01 16:11:01.00,33.00,-31.76,-56.99,-60.07,56.69,-9.17,-1.29
2024/01/01 16:11:01.01,33.01,-31.97,-56.85,-59.89,56.11,-8.81,-0.77
2024/01/01 16:11:01.02,33.02,-32.13,-56.77,-59.70,55.33,-8.74,-0.20
2024/01/01 16:11:01.03,33.03,-32.17,-56.75,-59.56,54.43,-8.77,0.28
2024/01/01 16:11:01.04,33.04,-32.14,-56.77,-59.50,53.65,-8.81,0.66
2024/01/01 16:11:01.05,33.05,-32.13,-56.84,-59.46,53.32,-8.93,0.64
2024/01/01 16:11:01.06,33.06,-32.24,-56.97,-59.43,53.60,-9.21,0.09
2024/01/01 16:11:01.07,33.07,-32.48,-57.16,-59.38,54.38,-9.61,-0.74
2024/01/01 16:11:01.08,33.08,-32.77,-57.39,-59.30,55.36,-9.93,-1.33
2024/01/01 16:11:01.09,33.09,-33.03,-57.63,-59.20,56.16,-9.92,-1.21
2024/01/01 16:11:01.10,33.10,-33.15,-57.80,-59.08,56.39,-9.56,-0.46
2024/01/01 16:11:01.11,33.11,-33.07,-57.88,-59.02,55.97,-9.15,0.37
2024/01/01 16:11:01.12,33.12,-32.82,-57.89,-58.99,55.20,-9.02,1.01
2024/01/01 16:11:01.13,33.13,-32.52,-57.85,-58.94,54.52,-9.33,1.48
2024/01/01 16:11:01.14,33.14,-32.27,-57.80,-58.86,54.19,-10.09,1.55
2024/01/01 16:11:01.15,33.15,-32.15,-57.78,-58.87,54.22,-10.94,0.74
2024/01/01 16:11:01.16,33.16,-32.12,-57.76,-58.98,54.58,-11.44,-0.65
2024/01/01 16:11:01.17,33.17,-32.09,-57.72,-59.17,55.11,-11.54,-1.61
2024/01/01 16:11:01.18,33.18,-31.99,-57.63,-59.39,55.60,-11.45,-1.75
2024/01/01 16:11:01.19,33.19,-31.82,-57.52,-59.60,55.98,-11.41,-1.47
2024/01/01 16:11:01.20,33.20,-31.70,-57.39,-59.77,56.34,-11.49,-1.09
2024/01/01 16:11:01.21,33.21,-31.68,-57.30,-59.85,56.77,-11.56,-0.66
2024/01/01 16:11:01.22,33.22,-31.70,-57.27,-59.89,57.26,-11.37,-0.45
2024/01/01 16:11:01.23,33.23,-31.71,-57.27,-59.96,57.67,-10.88,-0.70
2024/01/01 16:11:01.24,33.24,-31.69,-57.29,-60.06,57.67,-10.21,-1.20
2024/01/01 16:11:01.25,33.25,-31.66,-57.30,-60.14,57.09,-9.55,-1.51
2024/01/01 16:11:01.26,33.26,-31.59,-57.30,-60.21,56.24,-9.05,-1.53
2024/01/01 16:11:01.27,33.27,-31.49,-57.25,-60.29,55.76,-8.67,-1.53
2024/01/01 16:11:01.28,33.28,-31.38,-57.17,-60.39,56.04,-8.25,-1.53
2024/01/01 16:11:01.29,33.29,-31.27,-57.09,-60.47,56.91,-7.85,-1.36
2024/01/01 16:11:01.30,33.30,-31.14,-57.02,-60.52,57.78,-7.74,-1.18
2024/01/01 16:11:01.31,33.31,-31.00,-56.94,-60.57,58.05,-8.05,-1.30
2024/01/01 16:11:01.32,33.32,-30.89,-56.82,-60.63,57.58,-8.60,-1.58
2024/01/01 16:11:01.33,33.33,-30.83,-56.63,-60.73,56.67,-9.13,-1.70
2024/01/01 16:11:01.34,33.34,-30.85,-56.40,-60.83,56.00,-9.41,-1.73
2024/01/01 16:11:01.35,33.35,-31.00,-56.23,-60.82,56.04,-9.20,-1.96
2024/01/01 16:11:01.36,33.36,-31.21,-56.16,-60.70,56.64,-8.46,-2.23
2024/01/01 16:11:01.37,33.37,-31.37,-56.19,-60.59,57.21,-7.64,-2.33
2024/01/01 16:11:01.38,33.38,-31.37,-56.26,-60.55,57.40,-7.33,-2.17
2024/01/01 16:11:01.39,33.39,-31.25,-56.32,-60.49,57.21,-7.71,-1.51
2024/01/01 16:11:01.40,33.40,-31.13,-56.36,-60.36,56.78,-8.50,-0.46
2024/01/01 16:11:01.41,33.41,-31.10,-56.41,-60.21,56.37,-9.25,0.10
2024/01/01 16:11:01.42,33.42,-31.17,-56.50,-60.11,56.26,-9.57,-0.18
2024/01/01 16:11:01.43,33.43,-31.32,-56.63,-60.09,56.33,-9.31,-0.77
2024/01/01 16:11:01.44,33.44,-31.50,-56.79,-60.10,56.21,-8.77,-1.22
2024/01/01 16:11:01.45,33.45,-31.64,-56.95,-60.11,55.73,-8.39,-1.46
2024/01/01 16:11:01.46,33.46,-31.73,-57.05,-60.07,55.18,-8.35,-1.56
2024/01/01 16:11:01.47,33.47,-31.80,-57.08,-60.00,54.99,-8.56,-1.54
2024/01/01 16:11:01.48,33.48,-31.89,-57.08,-59.91,55.40,-9.00,-1.22
2024/01/01 16:11:01.49,33.49,-32.03,-57.07,-59.79,56.24,-9.55,-0.68
2024/01/01 16:11:01.50,33.50,-32.18,-57.07,-59.61,57.00,-10.06,-0.39
2024/01/01 16:11:01.51,33.51,-32.26,-57.08,-59.50,57.15,-10.42,-0.50
2024/01/01 16:11:01.52,33.52,-32.26,-57.10,-59.50,56.53,-10.57,-0.60
2024/01/01 16:11:01.53,33.53,-32.24,-57.11,-59.53,55.36,-10.63,-0.29
2024/01/01 16:11:01.54,33.54,-32.28,-57.10,-59.53,54.20,-10.69,0.28
2024/01/01 16:11:01.55,33.55,-32.38,-57.15,-59.53,53.67,-10.67,0.42
2024/01/01 16:11:01.56,33.56,-32.54,-57.28,-59.57,54.02,-10.40,-0.18
2024/01/01 16:11:01.57,33.57,-32.68,-57.48,-59.64,54.88,-9.93,-0.91
2024/01/01 16:11:01.58,33.58,-32.76,-57.69,-59.69,55.58,-9.52,-1.24
2024/01/01 16:11:01.59,33.59,-32.75,-57.87,-59.70,55.74,-9.41,-1.23
2024/01/01 16:11:01.60,33.60,-32.67,-57.98,-59.71,55.48,-9.61,-0.99
2024/01/01 16:11:01.61,33.61,-32.53,-58.01,-59.76,55.26,-9.98,-0.49
2024/01/01 16:11:01.62,33.62,-32.39,-58.00,-59.81,55.42,-10.37,0.07
2024/01/01 16:11:01.63,33.63,-32.33,-58.00,-59.79,55.84,-10.66,0.34
2024/01/01 16:11:01.64,33.64,-32.37,-58.02,-59.70,56.14,-10.69,-0.06
2024/01/01 16:11:01.65,33.65,-32.47,-58.02,-59.59,56.01,-10.39,-1.07
2024/01/01 16:11:01.66,33.66,-32.54,-57.99,-59.48,55.46,-10.02,-1.81
2024/01/01 16:11:01.67,33.67,-32.53,-57.93,-59.37,54.75,-9.97,-1.51
2024/01/01 16:11:01.68,33.68,-32.43,-57.84,-59.28,54.29,-10.28,-0.55
2024/01/01 16:11:01.69,33.69,-32.28,-57.71,-59.21,54.47,-10.68,0.32
2024/01/01 16:11:01.70,33.70,-32.13,-57.54,-59.15,55.31,-10.89,0.88
2024/01/01 16:11:01.71,33.71,-31.98,-57.42,-59.15,56.40,-10.86,1.02
2024/01/01 16:11:01.72,33.72,-31.82,-57.39,-59.26,57.24,-10.71,0.45
2024/01/01 16:11:01.73,33.73,-31.65,-57.44,-59.44,57.52,-10.57,-0.58
2024/01/01 16:11:01.74,33.74,-31.53,-57.48,-59.63,57.16,-10.60,-1.34
2024/01/01 16:11:01.75,33.75,-31.48,-57.50,-59.81,56.47,-10.82,-1.62
2024/01/01 16:11:01.76,33.76,-31.44,-57.50,-59.95,56.05,-10.96,-1.74
2024/01/01 16:11:01.77,33.77,-31.37,-57.43,-60.07,56.20,-10.75,-1.78
2024/01/01 16:11:01.78,33.78,-31.29,-57.33,-60.17,56.76,-10.20,-1.55
2024/01/01 16:11:01.79,33.79,-31.25,-57.19,-60.19,57.27,-9.53,-1.16
2024/01/01 16:11:01.80,33.80,-31.24,-57.02,-60.16,57.30,-8.87,-1.01
2024/01/01 16:11:01.81,33.81,-31.22,-56.81,-60.14,56.86,-8.25,-1.36
2024/01/01 16:11:01.82,33.82,-31.22,-56.61,-60.12,56.35,-7.76,-1.78
2024/01/01 16:11:01.83,33.83,-31.24,-56.44,-60.08,56.23,-7.52,-1.64
2024/01/01 16:11:01.84,33.84,-31.23,-56.31,-60.08,56.68,-7.52,-1.17
2024/01/01 16:11:01.85,33.85,-31.14,-56.25,-60.17,57.52,-7.61,-1.04
2024/01/01 16:11:01.86,33.86,-30.98,-56.23,-60.33,58.23,-7.70,-1.01
2024/01/01 16:11:01.87,33.87,-30.76,-56.23,-60.52,58.34,-7.85,-0.72
2024/01/01 16:11:01.88,33.88,-30.58,-56.24,-60.70,57.79,-8.08,-0.68
2024/01/01 16:11:01.89,33.89,-30.54,-56.28,-60.82,56.96,-8.17,-1.47
2024/01/01 16:11:01.90,33.90,-30.63,-56.31,-60.90,56.32,-7.97,-2.70
2024/01/01 16:11:01.91,33.91,-30.82,-56.31,-60.94,56.13,-7.67,-3.64
2024/01/01 16:11:01.92,33.92,-31.03,-56.27,-60.86,56.26,-7.56,-3.87
2024/01/01 16:11:01.93,33.93,-31.14,-56.25,-60.71,56.33,-7.70,-3.16
2024/01/01 16:11:01.94,33.94,-31.09,-56.27,-60.59,56.07,-8.15,-1.83
2024/01/01 16:11:01.95,33.95,-30.95,-56.31,-60.51,55.77,-8.93,-0.57
2024/01/01 16:11:01.96,33.96,-30.87,-56.34,-60.39,55.84,-9.85,0.31
2024/01/01 16:11:01.97,33.97,-30.92,-56.40,-60.22,56.35,-10.72,0.55
2024/01/01 16:11:01.98,33.98,-31.10,-56.55,-59.98,57.09,-11.36,-0.33
2024/01/01 16:11:01.99,33.99,-31.40,-56.78,-59.73,57.78,-11.50,-1.77
2024/01/01 16:11:02.00,34.00,-31.79,-57.07,-59.52,58.00,-10.99,-2.51
2024/01/01 16:11:02.01,34.01,-32.14,-57.37,-59.35,57.39,-10.01,-2.21
2024/01/01 16:11:02.02,34.02,-32.35,-57.59,-59.14,56.24,-9.00,-1.00
2024/01/01 16:11:02.03,34.03,-32.36,-57.73,-58.87,55.21,-8.25,0.97
2024/01/01 16:11:02.04,34.04,-32.23,-57.83,-58.64,54.74,-7.94,2.82
2024/01/01 16:11:02.05,34.05,-32.10,-57.91,-58.48,54.76,-8.16,3.50
2024/01/01 16:11:02.06,34.06,-32.09,-58.00,-58.36,54.92,-8.75,2.96
2024/01/01 16:11:02.07,34.07,-32.20,-58.07,-58.31,54.88,-9.46,1.62
2024/01/01 16:11:02.08,34.08,-32.36,-58.08,-58.39,54.71,-10.21,-0.15
2024/01/01 16:11:02.09,34.09,-32.50,-58.03,-58.57,54.75,-10.89,-1.53
2024/01/01 16:11:02.10,34.10,-32.55,-57.90,-58.80,55.15,-11.37,-1.64
2024/01/01 16:11:02.11,34.11,-32.50,-57.76,-59.01,55.81,-11.70,-0.63
2024/01/01 16:11:02.12,34.12,-32.38,-57.64,-59.17,56.52,-11.96,0.38
2024/01/01 16:11:02.13,34.13,-32.25,-57.53,-59.28,57.03,-12.12,0.72
2024/01/01 16:11:02.14,34.14,-32.20,-57.49,-59.37,57.06,-12.18,0.43
2024/01/01 16:11:02.15,34.15,-32.22,-57.55,-59.42,56.58,-12.08,-0.23
2024/01/01 16:11:02.16,34.16,-32.23,-57.67,-59.48,55.85,-11.68,-1.03
2024/01/01 16:11:02.17,34.17,-32.19,-57.79,-59.62,55.24,-10.89,-1.65
2024/01/01 16:11:02.18,34.18,-32.12,-57.86,-59.81,54.94,-9.76,-1.72
2024/01/01 16:11:02.19,34.19,-32.05,-57.88,-59.94,54.96,-8.59,-1.07
2024/01/01 16:11:02.20,34.20,-32.03,-57.86,-59.94,55.38,-7.79,-0.22
2024/01/01 16:11:02.21,34.21,-32.06,-57.82,-59.84,56.13,-7.49,-0.06
2024/01/01 16:11:02.22,34.22,-32.11,-57.75,-59.71,56.86,-7.65,-0.59
2024/01/01 16:11:02.23,34.23,-32.12,-57.69,-59.63,57.23,-8.39,-0.95
2024/01/01 16:11:02.24,34.24,-32.05,-57.66,-59.61,57.10,-9.60,-0.76
2024/01/01 16:11:02.25,34.25,-31.93,-57.63,-59.65,56.54,-10.81,-0.30
2024/01/01 16:11:02.26,34.26,-31.83,-57.58,-59.71,55.89,-11.56,0.14
2024/01/01 16:11:02.27,34.27,-31.79,-57.53,-59.81,55.58,-11.68,0.20
2024/01/01 16:11:02.28,34.28,-31.77,-57.47,-59.95,55.77,-11.26,-0.30
2024/01/01 16:11:02.29,34.29,-31.71,-57.40,-60.14,56.31,-10.58,-1.08
2024/01/01 16:11:02.30,34.30,-31.64,-57.36,-60.32,56.66,-9.82,-1.86
2024/01/01 16:11:02.31,34.31,-31.57,-57.36,-60.34,56.45,-9.25,-2.52
2024/01/01 16:11:02.32,34.32,-31.55,-57.38,-60.24,55.89,-9.15,-2.83
2024/01/01 16:11:02.33,34.33,-31.57,-57.41,-60.12,55.37,-9.46,-2.71
2024/01/01 16:11:02.34,34.34,-31.59,-57.43,-60.02,55.15,-9.93,-2.13
2024/01/01 16:11:02.35,34.35,-31.61,-57.43,-59.92,55.27,-10.30,-1.10
2024/01/01 16:11:02.36,34.36,-31.64,-57.41,-59.80,55.51,-10.33,-0.05
2024/01/01 16:11:02.37,34.37,-31.69,-57.36,-59.64,55.71,-10.11,0.44
2024/01/01 16:11:02.38,34.38,-31.73,-57.26,-59.50,55.95,-9.99,0.20
2024/01/01 16:11:02.39,34.39,-31.72,-57.15,-59.47,56.31,-10.13,-0.45
2024/01/01 16:11:02.40,34.40,-31.65,-57.05,-59.54,56.85,-10.58,-0.92
2024/01/01 16:11:02.41,34.41,-31.58,-57.01,-59.64,57.45,-11.08,-0.85
2024/01/01 16:11:02.42,34.42,-31.58,-56.99,-59.69,57.81,-11.08,-0.53
2024/01/01 16:11:02.43,34.43,-31.68,-56.98,-59.68,57.83,-10.34,-0.49
2024/01/01 16:11:02.44,34.44,-31.84,-56.98,-59.65,57.66,-9.13,-0.62
2024/01/01 16:11:02.45,34.45,-31.99,-56.96,-59.60,57.29,-7.99,-0.43
2024/01/01 16:11:02.46,34.46,-32.07,-56.88,-59.57,56.54,-7.34,-0.06
2024/01/01 16:11:02.47,34.47,-32.12,-56.76,-59.54,55.46,-7.17,-0.06
2024/01/01 16:11:02.48,34.48,-32.19,-56.66,-59.45,54.36,-7.14,-0.36
2024/01/01 16:11:02.49,34.49,-32.24,-56.58,-59.32,53.64,-7.22,-0.39
2024/01/01 16:11:02.50,34.50,-32.14,-56.53,-59.28,53.59,-7.55,-0.16
2024/01/01 16:11:02.51,34.51,-31.91,-56.51,-59.41,54.23,-8.15,-0.00
2024/01/01 16:11:02.52,34.52,-31.69,-56.56,-59.64,55.16,-8.90,0.14
2024/01/01 16:11:02.53,34.53,-31.62,-56.71,-59.88,55.82,-9.65,0.18
2024/01/01 16:11:02.54,34.54,-31.73,-56.91,-60.12,56.20,-10.20,-0.58
2024/01/01 16:11:02.55,34.55,-31.94,-57.06,-60.33,56.67,-10.31,-2.07
2024/01/01 16:11:02.56,34.56,-32.08,-57.13,-60.52,57.19,-9.89,-3.12
2024/01/01 16:11:02.57,34.57,-32.05,-57.14,-60.68,57.25,-9.36,-3.13
2024/01/01 16:11:02.58,34.58,-31.94,-57.09,-60.77,56.51,-9.12,-2.58
2024/01/01 16:11:02.59,34.59,-31.82,-57.02,-60.76,55.16,-9.12,-1.88
2024/01/01 16:11:02.60,34.60,-31.67,-56.98,-60.72,53.93,-9.20,-1.19
2024/01/01 16:11:02.61,34.61,-31.49,-57.01,-60.68,53.76,-9.40,-0.72
2024/01/01 16:11:02.62,34.62,-31.32,-57.11,-60.63,54.96,-9.74,-0.59
2024/01/01 16:11:02.63,34.63,-31.19,-57.26,-60.56,56.69,-10.20,-0.87
2024/01/01 16:11:02.64,34.64,-31.16,-57.41,-60.48,57.87,-10.54,-1.71
2024/01/01 16:11:02.65,34.65,-31.20,-57.52,-60.42,58.24,-10.50,-2.71
2024/01/01 16:11:02.66,34.66,-31.27,-57.58,-60.35,58.19,-10.17,-3.01
2024/01/01 16:11:02.67,34.67,-31.36,-57.65,-60.20,58.14,-9.77,-2.41
2024/01/01 16:11:02.68,34.68,-31.42,-57.76,-59.96,58.22,-9.42,-1.56
2024/01/01 16:11:02.69,34.69,-31.43,-57.89,-59.69,58.20,-9.34,-0.87
2024/01/01 16:11:02.70,34.70,-31.38,-57.95,-59.47,57.66,-9.70,-0.12
2024/01/01 16:11:02.71,34.71,-31.30,-57.88,-59.28,56.49,-10.47,0.82
2024/01/01 16:11:02.72,34.72,-31.21,-57.71,-59.11,55.34,-11.42,1.61
2024/01/01 16:11:02.73,34.73,-31.16,-57.55,-59.04,54.99,-12.11,1.80
2024/01/01 16:11:02.74,34.74,-31.19,-57.42,-59.09,55.62,-12.08,1.22
2024/01/01 16:11:02.75,34.75,-31.30,-57.32,-59.22,56.77,-11.33,0.23
2024/01/01 16:11:02.76,34.76,-31.43,-57.33,-59.39,57.71,-10.23,-0.77
2024/01/01 16:11:02.77,34.77,-31.54,-57.40,-59.64,57.93,-9.17,-1.61
2024/01/01 16:11:02.78,34.78,-31.59,-57.45,-59.94,57.49,-8.43,-2.05
2024/01/01 16:11:02.79,34.79,-31.61,-57.45,-60.14,56.69,-8.09,-1.70
2024/01/01 16:11:02.80,34.80,-31.66,-57.40,-60.17,55.88,-8.16,-0.98
2024/01/01 16:11:02.81,34.81,-31.78,-57.32,-60.09,55.33,-8.45,-0.88
2024/01/01 16:11:02.82,34.82,-31.94,-57.21,-60.02,55.15,-8.75,-1.59
2024/01/01 16:11:02.83,34.83,-32.09,-57.10,-60.05,55.32,-9.06,-2.16
2024/01/01 16:11:02.84,34.84,-32.16,-57.01,-60.12,55.75,-9.52,-1.81
2024/01/01 16:11:02.85,34.85,-32.18,-56.97,-60.05,56.14,-10.09,-0.83
2024/01/01 16:11:02.86,34.86,-32.21,-57.01,-59.83,56.23,-10.52,0.03
2024/01/01 16:11:02.87,34.87,-32.24,-57.08,-59.67,56.08,-10.52,0.33
2024/01/01 16:11:02.88,34.88,-32.20,-57.18,-59.68,56.05,-10.06,0.03
2024/01/01 16:11:02.89,34.89,-32.10,-57.29,-59.76,56.20,-9.41,-0.25
2024/01/01 16:11:02.90,34.90,-32.00,-57.43,-59.79,56.14,-8.86,-0.32
2024/01/01 16:11:02.91,34.91,-31.94,-57.56,-59.74,55.64,-8.52,-0.92
2024/01/01 16:11:02.92,34.92,-31.92,-57.60,-59.72,54.89,-8.49,-1.95
2024/01/01 16:11:02.93,34.93,-31.90,-57.53,-59.78,54.29,-8.86,-2.15
2024/01/01 16:11:02.94,34.94,-31.80,-57.41,-59.92,54.07,-9.68,-1.29
2024/01/01 16:11:02.95,34.95,-31.62,-57.32,-60.09,54.36,-10.79,-0.43
2024/01/01 16:11:02.96,34.96,-31.47,-57.24,-60.20,55.13,-11.56,-0.36
2024/01/01 16:11:02.97,34.97,-31.41,-57.17,-60.27,56.06,-11.57,-0.92
2024/01/01 16:11:02.98,34.98,-31.42,-57.14,-60.33,56.82,-11.14,-1.73
2024/01/01 16:11:02.99,34.99,-31.46,-57.15,-60.40,57.37,-10.62,-2.41
2024/01/01 16:11:03.00,35.00,-31.47,-57.16,-60.50,57.78,-10.03,-2.64
2024/01/01 16:11:03.01,35.01,-31.43,-57.16,-60.58,58.09,-9.44,-2.55
2024/01/01 16:11:03.02,35.02,-31.37,-57.14,-60.65,58.20,-8.97,-2.39
2024/01/01 16:11:03.03,35.03,-31.31,-57.12,-60.71,57.98,-8.56,-2.00
2024/01/01 16:11:03.04,35.04,-31.27,-57.10,-60.70,57.44,-8.32,-1.49
2024/01/01 16:11:03.05,35.05,-31.20,-57.11,-60.58,56.86,-8.48,-1.15
2024/01/01 16:11:03.06,35.06,-31.11,-57.18,-60.41,56.48,-8.88,-0.99
2024/01/01 16:11:03.07,35.07,-31.05,-57.23,-60.25,56.23,-9.14,-1.09
2024/01/01 16:11:03.08,35.08,-31.07,-57.15,-60.12,55.95,-9.04,-1.38
2024/01/01 16:11:03.09,35.09,-31.13,-56.92,-60.06,55.69,-8.71,-1.40
2024/01/01 16:11:03.10,35.10,-31.16,-56.68,-60.07,55.72,-8.47,-1.12
2024/01/01 16:11:03.11,35.11,-31.21,-56.52,-60.06,56.17,-8.65,-0.67
2024/01/01 16:11:03.12,35.12,-31.31,-56.43,-60.07,56.71,-9.36,-0.13
2024/01/01 16:11:03.13,35.13,-31.46,-56.40,-60.12,56.97,-10.31,-0.10
2024/01/01 16:11:03.14,35.14,-31.62,-56.41,-60.12,56.86,-11.04,-0.78
2024/01/01 16:11:03.15,35.15,-31.74,-56.46,-60.07,56.56,-11.30,-1.34
2024/01/01 16:11:03.16,35.16,-31.79,-56.53,-60.08,56.31,-11.05,-1.39
2024/01/01 16:11:03.17,35.17,-31.79,-56.62,-60.12,56.24,-10.29,-1.32
2024/01/01 16:11:03.18,35.18,-31.82,-56.68,-60.09,56.32,-9.10,-1.18
2024/01/01 16:11:03.19,35.19,-31.90,-56.72,-59.96,56.33,-7.58,-0.84
2024/01/01 16:11:03.20,35.20,-31.99,-56.77,-59.84,56.12,-5.96,-0.63
2024/01/01 16:11:03.21,35.21,-32.04,-56.86,-59.80,55.90,-4.81,-0.64
2024/01/01 16:11:03.22,35.22,-32.05,-57.01,-59.83,55.80,-4.59,-0.56
2024/01/01 16:11:03.23,35.23,-32.01,-57.24,-59.93,55.64,-5.53,-0.42
2024/01/01 16:11:03.24,35.24,-31.96,-57.49,-60.01,55.22,-7.51,-0.50
2024/01/01 16:11:03.25,35.25,-31.97,-57.70,-60.01,54.65,-9.88,-0.80
2024/01/01 16:11:03.26,35.26,-32.04,-57.84,-59.99,54.29,-11.65,-1.17
2024/01/01 16:11:03.27,35.27,-32.10,-57.89,-60.06,54.61,-12.35,-1.68
2024/01/01 16:11:03.28,35.28,-32.06,-57.86,-60.20,55.67,-12.09,-1.99
2024/01/01 16:11:03.29,35.29,-31.92,-57.79,-60.29,56.81,-11.38,-1.66
2024/01/01 16:11:03.30,35.30,-31.70,-57.72,-60.28,57.32,-10.95,-1.00
2024/01/01 16:11:03.31,35.31,-31.46,-57.66,-60.25,57.12,-11.19,-0.81
2024/01/01 16:11:03.32,35.32,-31.27,-57.61,-60.27,56.60,-11.94,-1.11
2024/01/01 16:11:03.33,35.33,-31.19,-57.57,-60.38,56.27,-12.87,-1.33
2024/01/01 16:11:03.34,35.34,-31.23,-57.55,-60.49,56.38,-13.66,-1.49
2024/01/01 16:11:03.35,35.35,-31.34,-57.55,-60.55,56.65,-13.86,-1.93
2024/01/01 16:11:03.36,35.36,-31.42,-57.65,-60.62,56.67,-13.21,-2.39
2024/01/01 16:11:03.37,35.37,-31.37,-57.82,-60.74,56.39,-11.94,-2.44
2024/01/01 16:11:03.38,35.38,-31.16,-57.98,-60.89,56.18,-10.46,-2.13
2024/01/01 16:11:03.39,35.39,-30.90,-58.03,-61.06,56.47,-9.08,-1.60
2024/01/01 16:11:03.40,35.40,-30.74,-57.96,-61.25,57.24,-8.10,-1.12
2024/01/01 16:11:03.41,35.41,-30.73,-57.80,-61.41,58.09,-7.60,-1.24
2024/01/01 16:11:03.42,35.42,-30.92,-57.59,-61.41,58.54,-7.46,-1.97
2024/01/01 16:11:03.43,35.43,-31.24,-57.37,-61.24,58.32,-7.57,-2.88
2024/01/01 16:11:03.44,35.44,-31.55,-57.14,-61.01,57.53,-7.79,-3.77
2024/01/01 16:11:03.45,35.45,-31.74,-56.91,-60.80,56.68,-7.89,-4.17
2024/01/01 16:11:03.46,35.46,-31.77,-56.77,-60.61,56.31,-7.84,-3.32
2024/01/01 16:11:03.47,35.47,-31.66,-56.70,-60.38,56.47,-7.86,-1.20
2024/01/01 16:11:03.48,35.48,-31.56,-56.63,-60.05,56.78,-8.10,1.05
2024/01/01 16:11:03.49,35.49,-31.59,-56.59,-59.69,56.85,-8.56,2.07
2024/01/01 16:11:03.50,35.50,-31.76,-56.67,-59.35,56.44,-9.29,1.48
2024/01/01 16:11:03.51,35.51,-32.02,-56.82,-59.12,55.56,-10.31,0.10
2024/01/01 16:11:03.52,35.52,-32.23,-56.99,-59.02,54.40,-11.26,-1.02
2024/01/01 16:11:03.53,35.53,-32.30,-57.14,-58.99,53.44,-11.61,-1.45
2024/01/01 16:11:03.54,35.54,-32.29,-57.26,-58.93,53.24,-11.17,-1.12
2024/01/01 16:11:03.55,35.55,-32.30,-57.32,-58.88,53.89,-10.21,-0.15
2024/01/01 16:11:03.56,35.56,-32.31,-57.35,-58.93,55.00,-9.27,0.74
2024/01/01 16:11:03.57,35.57,-32.31,-57.41,-59.03,55.96,-8.72,1.00
2024/01/01 16:11:03.58,35.58,-32.35,-57.49,-59.07,56.18,-8.65,0.76
2024/01/01 16:11:03.59,35.59,-32.43,-57.58,-59.05,55.63,-9.12,0.12
2024/01/01 16:11:03.60,35.60,-32.47,-57.68,-59.05,54.95,-9.94,-0.93
2024/01/01 16:11:03.61,35.61,-32.36,-57.77,-59.13,54.80,-10.51,-1.56
2024/01/01 16:11:03.62,35.62,-32.03,-57.82,-59.30,55.37,-10.46,-0.94
2024/01/01 16:11:03.63,35.63,-31.54,-57.79,-59.50,56.34,-10.00,0.23
2024/01/01 16:11:03.64,35.64,-31.03,-57.68,-59.65,57.06,-9.39,0.63
2024/01/01 16:11:03.65,35.65,-30.70,-57.55,-59.78,57.14,-8.91,-0.02
2024/01/01 16:11:03.66,35.66,-30.59,-57.47,-59.89,56.85,-8.85,-1.23
2024/01/01 16:11:03.67,35.67,-30.64,-57.50,-59.91,56.84,-9.38,-2.34
2024/01/01 16:11:03.68,35.68,-30.71,-57.62,-59.86,57.35,-10.54,-2.74
2024/01/01 16:11:03.69,35.69,-30.70,-57.76,-59.89,57.95,-11.87,-2.53
2024/01/01 16:11:03.70,35.70,-30.63,-57.81,-60.04,58.15,-12.60,-1.87
2024/01/01 16:11:03.71,35.71,-30.60,-57.73,-60.15,57.87,-12.28,-0.45
2024/01/01 16:11:03.72,35.72,-30.63,-57.56,-60.13,57.47,-11.12,1.07
2024/01/01 16:11:03.73,35.73,-30.65,-57.36,-60.06,57.49,-9.74,1.10
2024/01/01 16:11:03.74,35.74,-30.63,-57.17,-59.99,58.17,-8.94,-0.36
2024/01/01 16:11:03.75,35.75,-30.55,-57.02,-60.05,58.94,-9.12,-1.77
2024/01/01 16:11:03.76,35.76,-30.40,-56.95,-60.29,58.91,-10.08,-2.42
2024/01/01 16:11:03.77,35.77,-30.35,-56.95,-60.55,58.07,-11.18,-2.64
2024/01/01 16:11:03.78,35.78,-30.49,-56.93,-60.72,57.22,-11.58,-2.33
2024/01/01 16:11:03.79,35.79,-30.74,-56.84,-60.80,57.03,-10.87,-1.60
2024/01/01 16:11:03.80,35.80,-30.95,-56.72,-60.84,57.75,-9.28,-1.36
2024/01/01 16:11:03.81,35.81,-31.02,-56.63,-60.82,58.76,-7.34,-1.72
2024/01/01 16:11:03.82,35.82,-30.96,-56.60,-60.75,58.88,-5.67,-1.88
2024/01/01 16:11:03.83,35.83,-30.85,-56.65,-60.64,57.66,-4.79,-1.73
2024/01/01 16:11:03.84,35.84,-30.76,-56.73,-60.52,55.92,-4.74,-1.54
2024/01/01 16:11:03.85,35.85,-30.78,-56.75,-60.36,54.81,-5.35,-1.26
2024/01/01 16:11:03.86,35.86,-30.97,-56.71,-60.10,54.82,-6.44,-1.10
2024/01/01 16:11:03.87,35.87,-31.33,-56.64,-59.75,55.60,-7.72,-1.27
2024/01/01 16:11:03.88,35.88,-31.76,-56.61,-59.38,56.40,-8.88,-1.32
2024/01/01 16:11:03.89,35.89,-32.07,-56.67,-59.02,56.62,-9.65,-0.97
2024/01/01 16:11:03.90,35.90,-32.16,-56.79,-58.72,56.08,-10.01,-0.12
2024/01/01 16:11:03.91,35.91,-32.06,-56.92,-58.50,55.18,-10.43,1.29
2024/01/01 16:11:03.92,35.92,-31.95,-56.99,-58.24,54.59,-11.23,2.53
2024/01/01 16:11:03.93,35.93,-31.99,-57.01,-57.89,54.59,-12.08,2.87
2024/01/01 16:11:03.94,35.94,-32.19,-57.05,-57.63,55.03,-12.44,2.39
2024/01/01 16:11:03.95,35.95,-32.47,-57.18,-57.59,55.62,-12.10,1.36
2024/01/01 16:11:03.96,35.96,-32.68,-57.32,-57.74,56.02,-11.19,0.51
2024/01/01 16:11:03.97,35.97,-32.75,-57.35,-57.94,56.00,-10.11,0.61
2024/01/01 16:11:03.98,35.98,-32.63,-57.25,-58.19,55.64,-9.35,1.02
2024/01/01 16:11:03.99,35.99,-32.37,-57.12,-58.54,55.37,-9.15,0.81
2024/01/01 16:11:04.00,36.00,-32.08,-57.09,-58.99,55.61,-9.40,0.49
2024/01/01 16:11:04.01,36.01,-31.90,-57.15,-59.38,56.23,-9.71,0.61
2024/01/01 16:11:04.02,36.02,-31.86,-57.21,-59.64,56.70,-9.62,0.34
2024/01/01 16:11:04.03,36.03,-31.94,-57.19,-59.87,56.66,-8.90,-1.16
2024/01/01 16:11:04.04,36.04,-32.04,-57.05,-60.13,56.04,-7.87,-3.04
2024/01/01 16:11:04.05,36.05,-32.08,-56.88,-60.37,55.14,-7.29,-3.71
2024/01/01 16:11:04.06,36.06,-32.02,-56.76,-60.59,54.56,-7.54,-2.76
2024/01/01 16:11:04.07,36.07,-31.84,-56.73,-60.82,54.77,-8.27,-1.28
2024/01/01 16:11:04.08,36.08,-31.60,-56.78,-60.99,55.83,-8.92,-0.54
2024/01/01 16:11:04.09,36.09,-31.44,-56.90,-61.07,57.26,-9.22,-0.63
2024/01/01 16:11:04.10,36.10,-31.42,-57.13,-61.07,58.25,-9.37,-1.01
2024/01/01 16:11:04.11,36.11,-31.53,-57.39,-61.01,58.27,-9.60,-1.66
2024/01/01 16:11:04.12,36.12,-31.68,-57.56,-60.85,57.45,-9.77,-2.62
2024/01/01 16:11:04.13,36.13,-31.82,-57.60,-60.63,56.40,-9.87,-3.19
2024/01/01 16:11:04.14,36.14,-31.89,-57.56,-60.47,55.59,-10.21,-2.86
2024/01/01 16:11:04.15,36.15,-31.92,-57.46,-60.33,55.07,-10.80,-1.86
2024/01/01 16:11:04.16,36.16,-31.92,-57.36,-60.14,54.66,-11.43,-0.46
2024/01/01 16:11:04.17,36.17,-31.92,-57.32,-59.90,54.38,-12.05,0.72
2024/01/01 16:11:04.18,36.18,-31.96,-57.30,-59.70,54.48,-12.52,0.80
2024/01/01 16:11:04.19,36.19,-32.00,-57.28,-59.64,55.01,-12.55,-0.13
2024/01/01 16:11:04.20,36.20,-32.04,-57.27,-59.73,55.76,-11.94,-1.15
2024/01/01 16:11:04.21,36.21,-32.07,-57.36,-59.92,56.50,-10.70,-1.78
2024/01/01 16:11:04.22,36.22,-32.09,-57.50,-60.09,57.09,-9.16,-1.94
2024/01/01 16:11:04.23,36.23,-32.07,-57.58,-60.17,57.28,-7.80,-1.75
2024/01/01 16:11:04.24,36.24,-31.99,-57.51,-60.18,56.96,-6.90,-1.51
2024/01/01 16:11:04.25,36.25,-31.86,-57.36,-60.22,56.33,-6.54,-1.55
2024/01/01 16:11:04.26,36.26,-31.68,-57.22,-60.36,55.60,-6.68,-1.73
2024/01/01 16:11:04.27,36.27,-31.54,-57.08,-60.50,54.80,-7.33,-1.59
2024/01/01 16:11:04.28,36.28,-31.50,-56.95,-60.53,54.07,-8.34,-1.14
2024/01/01 16:11:04.29,36.29,-31.54,-56.82,-60.50,53.93,-9.30,-1.14
2024/01/01 16:11:04.30,36.30,-31.63,-56.73,-60.51,54.78,-9.98,-1.88
2024/01/01 16:11:04.31,36.31,-31.74,-56.73,-60.56,56.39,-10.29,-2.45
2024/01/01 16:11:04.32,36.32,-31.86,-56.89,-60.53,58.01,-10.18,-2.15
2024/01/01 16:11:04.33,36.33,-31.96,-57.14,-60.42,58.89,-9.85,-1.50
2024/01/01 16:11:04.34,36.34,-32.03,-57.36,-60.31,58.76,-9.70,-1.17
2024/01/01 16:11:04.35,36.35,-32.04,-57.45,-60.21,57.84,-9.98,-0.86
2024/01/01 16:11:04.36,36.36,-31.96,-57.41,-60.14,56.62,-10.72,-0.12
2024/01/01 16:11:04.37,36.37,-31.84,-57.30,-60.06,55.77,-11.60,0.43
2024/01/01 16:11:04.38,36.38,-31.81,-57.15,-59.91,55.55,-11.97,0.06
2024/01/01 16:11:04.39,36.39,-31.86,-57.03,-59.76,55.52,-11.54,-0.82
2024/01/01 16:11:04.40,36.40,-31.87,-56.99,-59.76,55.29,-10.71,-1.53
2024/01/01 16:11:04.41,36.41,-31.79,-57.00,-59.90,55.02,-9.97,-1.71
2024/01/01 16:11:04.42,36.42,-31.64,-57.04,-60.07,54.84,-9.41,-1.25
2024/01/01 16:11:04.43,36.43,-31.48,-57.12,-60.20,54.73,-9.04,-0.70
2024/01/01 16:11:04.44,36.44,-31.41,-57.21,-60.32,54.93,-8.83,-0.94
2024/01/01 16:11:04.45,36.45,-31.48,-57.26,-60.40,55.57,-8.49,-1.83
2024/01/01 16:11:04.46,36.46,-31.65,-57.26,-60.43,56.24,-7.86,-2.44
2024/01/01 16:11:04.47,36.47,-31.84,-57.22,-60.43,56.57,-7.33,-2.45
2024/01/01 16:11:04.48,36.48,-31.96,-57.15,-60.40,56.56,-7.22,-2.30
2024/01/01 16:11:04.49,36.49,-31.95,-57.09,-60.31,56.30,-7.51,-1.92
2024/01/01 16:11:04.50,36.50,-31.78,-57.09,-60.18,55.93,-8.19,-1.08
2024/01/01 16:11:04.51,36.51,-31.50,-57.11,-60.09,55.82,-9.07,-0.19
2024/01/01 16:11:04.52,36.52,-31.20,-57.09,-60.06,56.34,-9.73,0.31
2024/01/01 16:11:04.53,36.53,-31.00,-57.04,-60.08,57.37,-9.98,0.36
2024/01/01 16:11:04.54,36.54,-30.93,-57.02,-60.15,58.16,-9.94,-0.24
2024/01/01 16:11:04.55,36.55,-30.93,-57.04,-60.22,58.18,-9.84,-1.44
2024/01/01 16:11:04.56,36.56,-30.96,-57.05,-60.24,57.36,-10.02,-2.64
2024/01/01 16:11:04.57,36.57,-31.04,-57.09,-60.23,56.14,-10.51,-3.18
2024/01/01 16:11:04.58,36.58,-31.15,-57.14,-60.28,55.35,-11.06,-2.91
2024/01/01 16:11:04.59,36.59,-31.26,-57.16,-60.30,55.62,-11.32,-2.12
2024/01/01 16:11:04.60,36.60,-31.36,-57.11,-60.17,56.58,-11.10,-0.92
2024/01/01 16:11:04.61,36.61,-31.49,-57.07,-59.97,57.43,-10.51,0.34
2024/01/01 16:11:04.62,36.62,-31.62,-57.13,-59.77,57.68,-9.91,0.76
2024/01/01 16:11:04.63,36.63,-31.72,-57.35,-59.64,57.46,-9.60,0.21
2024/01/01 16:11:04.64,36.64,-31.76,-57.69,-59.61,57.10,-9.63,-0.34
2024/01/01 16:11:04.65,36.65,-31.77,-58.04,-59.67,56.83,-9.81,-0.47
2024/01/01 16:11:04.66,36.66,-31.80,-58.30,-59.70,56.79,-9.82,-0.57
2024/01/01 16:11:04.67,36.67,-31.82,-58.42,-59.66,56.86,-9.51,-0.72
2024/01/01 16:11:04.68,36.68,-31.79,-58.40,-59.64,56.75,-9.09,-0.73
2024/01/01 16:11:04.69,36.69,-31.74,-58.27,-59.62,56.41,-8.76,-0.65
2024/01/01 16:11:04.70,36.70,-31.70,-58.09,-59.57,55.89,-8.71,-0.45
2024/01/01 16:11:04.71,36.71,-31.63,-57.92,-59.50,55.17,-9.14,-0.21
2024/01/01 16:11:04.72,36.72,-31.53,-57.79,-59.46,54.45,-10.05,-0.34
2024/01/01 16:11:04.73,36.73,-31.44,-57.62,-59.47,54.22,-11.02,-0.74
2024/01/01 16:11:04.74,36.74,-31.33,-57.40,-59.54,54.63,-11.67,-0.88
2024/01/01 16:11:04.75,36.75,-31.21,-57.24,-59.54,55.42,-12.03,-0.87
2024/01/01 16:11:04.76,36.76,-31.19,-57.24,-59.42,56.22,-12.11,-0.92
2024/01/01 16:11:04.77,36.77,-31.32,-57.37,-59.29,56.79,-11.74,-1.02
2024/01/01 16:11:04.78,36.78,-31.50,-57.56,-59.24,57.07,-10.99,-1.21
2024/01/01 16:11:04.79,36.79,-31.63,-57.71,-59.16,57.25,-10.28,-1.10
2024/01/01 16:11:04.80,36.80,-31.67,-57.79,-59.03,57.45,-10.01,-0.14
2024/01/01 16:11:04.81,36.81,-31.62,-57.77,-58.92,57.54,-10.28,0.97
2024/01/01 16:11:04.82,36.82,-31.50,-57.65,-58.89,57.40,-10.65,1.15
2024/01/01 16:11:04.83,36.83,-31.42,-57.47,-58.89,57.08,-10.36,0.86
2024/01/01 16:11:04.84,36.84,-31.41,-57.35,-58.93,56.74,-9.36,0.88
2024/01/01 16:11:04.85,36.85,-31.43,-57.33,-59.01,56.62,-8.33,0.55
2024/01/01 16:11:04.86,36.86,-31.48,-57.32,-59.07,56.80,-7.72,-0.47
2024/01/01 16:11:04.87,36.87,-31.61,-57.26,-59.11,57.05,-7.59,-1.20
2024/01/01 16:11:04.88,36.88,-31.73,-57.14,-59.24,57.06,-8.07,-1.13
2024/01/01 16:11:04.89,36.89,-31.79,-57.04,-59.49,56.74,-9.10,-0.84
2024/01/01 16:11:04.90,36.90,-31.81,-57.01,-59.74,56.33,-10.13,-0.54
2024/01/01 16:11:04.91,36.91,-31.81,-56.95,-59.89,56.05,-10.64,-0.06
2024/01/01 16:11:04.92,36.92,-31.83,-56.84,-59.94,56.09,-10.43,0.02
2024/01/01 16:11:04.93,36.93,-31.93,-56.74,-59.93,56.47,-9.46,-0.76
2024/01/01 16:11:04.94,36.94,-32.08,-56.70,-59.89,56.82,-8.11,-1.75
2024/01/01 16:11:04.95,36.95,-32.19,-56.74,-59.82,56.70,-7.09,-2.07
2024/01/01 16:11:04.96,36.96,-32.20,-56.83,-59.68,56.02,-6.75,-1.56
2024/01/01 16:11:04.97,36.97,-32.12,-56.99,-59.48,55.14,-7.06,-0.68
2024/01/01 16:11:04.98,36.98,-31.94,-57.18,-59.35,54.54,-7.86,0.01
2024/01/01 16:11:04.99,36.99,-31.74,-57.36,-59.32,54.45,-8.88,0.35
2024/01/01 16:11:05.00,37.00,-31.58,-57.51,-59.34,54.85,-9.90,0.69
2024/01/01 16:11:05.01,37.01,-31.54,-57.61,-59.38,55.41,-10.81,0.90
2024/01/01 16:11:05.02,37.02,-31.59,-57.65,-59.36,55.61,-11.33,0.20
2024/01/01 16:11:05.03,37.03,-31.67,-57.62,-59.32,55.37,-11.42,-1.29
2024/01/01 16:11:05.04,37.04,-31.64,-57.54,-59.37,55.13,-11.37,-2.36
2024/01/01 16:11:05.05,37.05,-31.53,-57.42,-59.53,55.33,-11.32,-2.29
2024/01/01 16:11:05.06,37.06,-31.37,-57.27,-59.79,56.12,-11.18,-1.27
2024/01/01 16:11:05.07,37.07,-31.24,-57.14,-60.01,57.24,-11.04,-0.02
2024/01/01 16:11:05.08,37.08,-31.22,-57.04,-60.03,58.22,-10.92,0.59
2024/01/01 16:11:05.09,37.09,-31.26,-56.99,-59.93,58.68,-10.74,0.34
2024/01/01 16:11:05.10,37.10,-31.26,-56.92,-59.94,58.55,-10.50,-0.39
2024/01/01 16:11:05.11,37.11,-31.17,-56.84,-60.09,58.02,-10.18,-1.30
2024/01/01 16:11:05.12,37.12,-31.09,-56.82,-60.23,57.42,-9.71,-1.75
2024/01/01 16:11:05.13,37.13,-31.07,-56.84,-60.28,56.98,-9.02,-1.53
2024/01/01 16:11:05.14,37.14,-31.04,-56.81,-60.28,56.83,-8.14,-1.50
2024/01/01 16:11:05.15,37.15,-30.91,-56.67,-60.31,57.03,-7.27,-1.92
2024/01/01 16:11:05.16,37.16,-30.79,-56.49,-60.38,57.41,-6.71,-1.99
2024/01/01 16:11:05.17,37.17,-30.83,-56.37,-60.37,57.59,-6.82,-1.51
2024/01/01 16:11:05.18,37.18,-31.08,-56.32,-60.26,57.34,-7.42,-1.28
2024/01/01 16:11:05.19,37.19,-31.37,-56.33,-60.13,56.78,-7.76,-1.64
2024/01/01 16:11:05.20,37.20,-31.54,-56.36,-60.00,56.24,-7.50,-1.78
2024/01/01 16:11:05.21,37.21,-31.61,-56.38,-59.83,55.93,-7.09,-0.86
2024/01/01 16:11:05.22,37.22,-31.70,-56.44,-59.62,55.80,-7.12,0.52
2024/01/01 16:11:05.23,37.23,-31.81,-56.58,-59.47,55.58,-7.70,1.00
2024/01/01 16:11:05.24,37.24,-31.89,-56.72,-59.47,55.23,-8.55,0.53
2024/01/01 16:11:05.25,37.25,-31.95,-56.82,-59.55,54.94,-9.45,0.20
2024/01/01 16:11:05.26,37.26,-32.07,-56.93,-59.59,54.74,-10.33,0.34
2024/01/01 16:11:05.27,37.27,-32.24,-57.11,-59.53,54.57,-11.09,0.05
2024/01/01 16:11:05.28,37.28,-32.42,-57.33,-59.41,54.66,-11.37,-1.01
2024/01/01 16:11:05.29,37.29,-32.54,-57.56,-59.40,55.08,-11.06,-1.94
2024/01/01 16:11:05.30,37.30,-32.57,-57.71,-59.57,55.54,-10.57,-1.83
2024/01/01 16:11:05.31,37.31,-32.54,-57.75,-59.77,55.69,-10.26,-0.90
2024/01/01 16:11:05.32,37.32,-32.49,-57.70,-59.87,55.42,-10.09,-0.03
2024/01/01 16:11:05.33,37.33,-32.45,-57.64,-59.92,55.00,-10.06,0.15
2024/01/01 16:11:05.34,37.34,-32.44,-57.65,-59.91,54.83,-10.28,-0.48
2024/01/01 16:11:05.35,37.35,-32.48,-57.76,-59.82,54.88,-10.83,-1.31
2024/01/01 16:11:05.36,37.36,-32.53,-57.95,-59.76,54.99,-11.58,-1.73
2024/01/01 16:11:05.37,37.37,-32.49,-58.09,-59.84,55.18,-12.16,-1.80
2024/01/01 16:11:05.38,37.38,-32.37,-58.14,-59.97,55.53,-12.24,-1.56
2024/01/01 16:11:05.39,37.39,-32.22,-58.11,-60.10,55.97,-11.89,-0.68
2024/01/01 16:11:05.40,37.40,-32.02,-58.04,-60.28,56.27,-11.46,0.19
2024/01/01 16:11:05.41,37.41,-31.78,-57.94,-60.52,56.45,-11.10,0.07
2024/01/01 16:11:05.42,37.42,-31.55,-57.88,-60.69,56.74,-10.67,-0.77
2024/01/01 16:11:05.43,37.43,-31.42,-57.86,-60.71,57.19,-10.13,-1.69
2024/01/01 16:11:05.44,37.44,-31.37,-57.86,-60.64,57.68,-9.72,-2.79
2024/01/01 16:11:05.45,37.45,-31.34,-57.81,-60.64,58.09,-9.32,-3.93
2024/01/01 16:11:05.46,37.46,-31.25,-57.64,-60.74,58.11,-8.66,-4.13
2024/01/01 16:11:05.47,37.47,-31.08,-57.34,-60.86,57.50,-8.10,-2.84
2024/01/01 16:11:05.48,37.48,-30.89,-57.03,-60.90,56.58,-8.10,-1.00
2024/01/01 16:11:05.49,37.49,-30.75,-56.75,-60.87,55.96,-8.51,-0.14
2024/01/01 16:11:05.50,37.50,-30.71,-56.53,-60.90,55.90,-9.11,-0.50
2024/01/01 16:11:05.51,37.51,-30.84,-56.38,-60.96,56.18,-9.86,-1.18
2024/01/01 16:11:05.52,37.52,-31.18,-56.31,-60.94,56.35,-10.44,-1.76
2024/01/01 16:11:05.53,37.53,-31.59,-56.27,-60.83,56.16,-10.49,-2.63
2024/01/01 16:11:05.54,37.54,-31.89,-56.27,-60.74,55.82,-9.75,-3.67
2024/01/01 16:11:05.55,37.55,-31.99,-56.37,-60.80,55.82,-8.28,-3.63
2024/01/01 16:11:05.56,37.56,-31.87,-56.59,-60.95,56.37,-6.87,-1.88
2024/01/01 16:11:05.57,37.57,-31.60,-56.87,-61.02,57.19,-6.38,0.09
2024/01/01 16:11:05.58,37.58,-31.36,-57.11,-60.96,57.71,-6.73,0.46
2024/01/01 16:11:05.59,37.59,-31.28,-57.20,-60.83,57.61,-7.46,-0.75
2024/01/01 16:11:05.60,37.60,-31.28,-57.12,-60.69,57.02,-8.29,-2.50
2024/01/01 16:11:05.61,37.61,-31.24,-56.98,-60.61,56.23,-9.05,-3.84
2024/01/01 16:11:05.62,37.62,-31.16,-56.94,-60.63,55.32,-9.55,-4.10
2024/01/01 16:11:05.63,37.63,-31.09,-57.04,-60.68,54.47,-9.66,-3.25
2024/01/01 16:11:05.64,37.64,-31.10,-57.15,-60.64,54.06,-9.57,-1.93
2024/01/01 16:11:05.65,37.65,-31.18,-57.17,-60.42,54.43,-9.78,-0.88
2024/01/01 16:11:05.66,37.66,-31.25,-57.07,-60.14,55.53,-10.50,-0.62
2024/01/01 16:11:05.67,37.67,-31.23,-56.94,-59.95,57.00,-11.40,-0.94
2024/01/01 16:11:05.68,37.68,-31.20,-56.88,-59.84,58.11,-11.92,-0.98
2024/01/01 16:11:05.69,37.69,-31.20,-56.92,-59.71,58.13,-11.72,-0.34
2024/01/01 16:11:05.70,37.70,-31.23,-57.03,-59.67,57.15,-10.91,0.13
2024/01/01 16:11:05.71,37.71,-31.30,-57.22,-59.73,56.18,-9.83,-0.19
2024/01/01 16:11:05.72,37.72,-31.37,-57.51,-59.73,56.22,-8.98,-0.35
2024/01/01 16:11:05.73,37.73,-31.39,-57.82,-59.63,57.24,-8.92,0.17
2024/01/01 16:11:05.74,37.74,-31.37,-58.03,-59.51,58.39,-9.56,0.29
2024/01/01 16:11:05.75,37.75,-31.39,-58.05,-59.41,58.77,-10.13,-0.48
2024/01/01 16:11:05.76,37.76,-31.42,-57.93,-59.38,57.90,-10.19,-1.09
2024/01/01 16:11:05.77,37.77,-31.37,-57.80,-59.41,56.34,-10.01,-0.90
2024/01/01 16:11:05.78,37.78,-31.29,-57.73,-59.42,55.29,-9.90,-0.35
2024/01/01 16:11:05.79,37.79,-31.25,-57.76,-59.39,55.34,-9.83,0.01
2024/01/01 16:11:05.80,37.80,-31.32,-57.82,-59.35,56.04,-9.67,-0.04
2024/01/01 16:11:05.81,37.81,-31.46,-57.83,-59.29,56.68,-9.53,-0.17
2024/01/01 16:11:05.82,37.82,-31.59,-57.80,-59.26,56.90,-9.61,0.00
2024/01/01 16:11:05.83,37.83,-31.80,-57.71,-59.19,56.58,-9.77,0.12
2024/01/01 16:11:05.84,37.84,-32.14,-57.55,-59.05,56.01,-9.78,-0.35
2024/01/01 16:11:05.85,37.85,-32.53,-57.37,-58.98,55.76,-9.70,-0.92
2024/01/01 16:11:05.86,37.86,-32.80,-57.23,-59.03,55.99,-9.72,-0.72
2024/01/01 16:11:05.87,37.87,-32.81,-57.18,-59.11,56.18,-9.93,0.39
2024/01/01 16:11:05.88,37.88,-32.56,-57.29,-59.15,55.89,-10.20,1.76
2024/01/01 16:11:05.89,37.89,-32.19,-57.52,-59.20,55.20,-10.43,2.16
2024/01/01 16:11:05.90,37.90,-31.94,-57.77,-59.24,54.53,-10.47,0.95
2024/01/01 16:11:05.91,37.91,-31.91,-57.93,-59.27,54.18,-10.16,-1.03
2024/01/01 16:11:05.92,37.92,-32.00,-58.02,-59.29,54.25,-9.58,-2.76
2024/01/01 16:11:05.93,37.93,-32.05,-58.03,-59.28,54.76,-9.13,-3.70
2024/01/01 16:11:05.94,37.94,-31.98,-57.93,-59.27,55.62,-9.01,-3.14
2024/01/01 16:11:05.95,37.95,-31.79,-57.76,-59.31,56.46,-9.25,-1.11
2024/01/01 16:11:05.96,37.96,-31.59,-57.62,-59.29,56.91,-10.07,1.03
2024/01/01 16:11:05.97,37.97,-31.48,-57.55,-59.07,57.00,-11.20,2.30
2024/01/01 16:11:05.98,37.98,-31.51,-57.47,-58.69,57.01,-11.89,2.52
2024/01/01 16:11:05.99,37.99,-31.59,-57.38,-58.39,57.10,-11.64,1.52
2024/01/01 16:11:06.00,38.00,-31.60,-57.33,-58.37,57.27,-10.52,-0.15
2024/01/01 16:11:06.01,38.01,-31.51,-57.27,-58.61,57.27,-9.20,-1.13
2024/01/01 16:11:06.02,38.02,-31.40,-57.11,-58.90,56.97,-8.68,-0.75
2024/01/01 16:11:06.03,38.03,-31.34,-56.89,-59.18,56.73,-9.39,0.37
2024/01/01 16:11:06.04,38.04,-31.36,-56.72,-59.42,57.04,-10.79,1.07
2024/01/01 16:11:06.05,38.05,-31.41,-56.67,-59.62,57.95,-12.02,0.82
2024/01/01 16:11:06.06,38.06,-31.46,-56.73,-59.81,58.91,-12.32,-0.04
2024/01/01 16:11:06.07,38.07,-31.58,-56.80,-59.97,59.16,-11.23,-1.24
2024/01/01 16:11:06.08,38.08,-31.81,-56.81,-59.97,58.26,-9.10,-2.52
2024/01/01 16:11:06.09,38.09,-32.04,-56.74,-59.86,56.44,-7.07,-2.98
2024/01/01 16:11:06.10,38.10,-32.20,-56.62,-59.76,54.54,-6.15,-2.20
2024/01/01 16:11:06.11,38.11,-32.26,-56.45,-59.68,53.54,-6.39,-0.83
2024/01/01 16:11:06.12,38.12,-32.26,-56.30,-59.63,53.75,-7.01,0.43
2024/01/01 16:11:06.13,38.13,-32.26,-56.23,-59.62,54.58,-7.26,1.15
2024/01/01 16:11:06.14,38.14,-32.31,-56.28,-59.66,55.18,-7.13,0.91
2024/01/01 16:11:06.15,38.15,-32.36,-56.39,-59.74,55.21,-7.09,-0.20
2024/01/01 16:11:06.16,38.16,-32.41,-56.46,-59.88,54.81,-7.50,-1.59
2024/01/01 16:11:06.17,38.17,-32.50,-56.43,-60.03,54.25,-8.49,-2.62
2024/01/01 16:11:06.18,38.18,-32.63,-56.35,-60.13,53.94,-9.69,-2.74
2024/01/01 16:11:06.19,38.19,-32.79,-56.36,-60.06,54.08,-10.26,-1.82
2024/01/01 16:11:06.20,38.20,-32.98,-56.51,-59.79,54.39,-9.67,-0.32
2024/01/01 16:11:06.21,38.21,-33.11,-56.72,-59.45,54.56,-8.36,0.96
2024/01/01 16:11:06.22,38.22,-33.10,-56.92,-59.17,54.62,-7.25,1.44
2024/01/01 16:11:06.23,38.23,-32.99,-57.06,-59.00,54.48,-7.07,1.31
2024/01/01 16:11:06.24,38.24,-32.89,-57.16,-58.89,54.03,-8.12,1.11
2024/01/01 16:11:06.25,38.25,-32.90,-57.27,-58.82,53.53,-9.89,0.85
2024/01/01 16:11:06.26,38.26,-32.99,-57.37,-58.81,53.37,-11.27,0.27
2024/01/01 16:11:06.27,38.27,-33.09,-57.49,-58.91,53.86,-11.81,-0.30
2024/01/01 16:11:06.28,38.28,-33.13,-57.72,-59.15,54.99,-11.92,-0.38
2024/01/01 16:11:06.29,38.29,-33.04,-58.03,-59.47,56.27,-11.96,-0.19
2024/01/01 16:11:06.30,38.30,-32.79,-58.18,-59.86,57.08,-12.11,-0.06
2024/01/01 16:11:06.31,38.31,-32.43,-58.07,-60.33,57.11,-12.37,-0.16
2024/01/01 16:11:06.32,38.32,-32.04,-57.78,-60.79,56.58,-12.46,-0.84
2024/01/01 16:11:06.33,38.33,-31.68,-57.49,-61.18,56.18,-12.09,-2.06
2024/01/01 16:11:06.34,38.34,-31.42,-57.28,-61.47,56.30,-11.36,-3.37
2024/01/01 16:11:06.35,38.35,-31.25,-57.14,-61.70,56.65,-10.53,-4.71
2024/01/01 16:11:06.36,38.36,-31.07,-57.06,-61.98,56.83,-9.79,-5.81
2024/01/01 16:11:06.37,38.37,-30.83,-57.01,-62.37,56.66,-9.36,-6.01
2024/01/01 16:11:06.38,38.38,-30.56,-57.01,-62.77,56.16,-9.37,-5.15
2024/01/01 16:11:06.39,38.39,-30.40,-57.04,-62.95,55.65,-9.45,-3.61
2024/01/01 16:11:06.40,38.40,-30.46,-57.07,-62.80,55.77,-8.94,-2.42
2024/01/01 16:11:06.41,38.41,-30.73,-57.11,-62.43,56.86,-7.77,-2.57
2024/01/01 16:11:06.42,38.42,-31.11,-57.16,-62.04,58.59,-6.63,-3.61
2024/01/01 16:11:06.43,38.43,-31.43,-57.17,-61.78,59.99,-6.09,-4.07
2024/01/01 16:11:06.44,38.44,-31.54,-57.10,-61.59,60.22,-6.28,-3.24
2024/01/01 16:11:06.45,38.45,-31.44,-57.00,-61.31,59.29,-7.02,-1.64
2024/01/01 16:11:06.46,38.46,-31.25,-56.97,-60.92,57.89,-8.14,-0.16
2024/01/01 16:11:06.47,38.47,-31.09,-57.01,-60.59,56.83,-9.45,0.57
2024/01/01 16:11:06.48,38.48,-31.00,-57.11,-60.39,56.67,-10.65,0.45
2024/01/01 16:11:06.49,38.49,-31.03,-57.23,-60.20,57.02,-11.37,-0.02
2024/01/01 16:11:06.50,38.50,-31.14,-57.32,-59.93,56.72,-11.46,-0.59
2024/01/01 16:11:06.51,38.51,-31.26,-57.34,-59.71,55.26,-11.07,-1.46
2024/01/01 16:11:06.52,38.52,-31.37,-57.24,-59.70,53.31,-10.35,-2.37
2024/01/01 16:11:06.53,38.53,-31.51,-57.06,-59.79,51.88,-9.39,-2.35
2024/01/01 16:11:06.54,38.54,-31.68,-56.90,-59.84,51.70,-8.49,-1.16
2024/01/01 16:11:06.55,38.55,-31.82,-56.88,-59.82,52.92,-8.06,-0.08
2024/01/01 16:11:06.56,38.56,-31.91,-57.01,-59.80,54.87,-8.25,-0.26
2024/01/01 16:11:06.57,38.57,-32.02,-57.21,-59.76,56.43,-8.97,-1.10
2024/01/01 16:11:06.58,38.58,-32.21,-57.41,-59.67,56.98,-10.23,-1.51
2024/01/01 16:11:06.59,38.59,-32.40,-57.57,-59.63,56.91,-11.96,-1.46
2024/01/01 16:11:06.60,38.60,-32.47,-57.69,-59.70,56.91,-13.66,-1.27
2024/01/01 16:11:06.61,38.61,-32.44,-57.75,-59.79,57.07,-14.40,-0.76
2024/01/01 16:11:06.62,38.62,-32.31,-57.78,-59.83,57.06,-13.63,0.27
2024/01/01 16:11:06.63,38.63,-32.09,-57.81,-59.87,56.73,-11.70,1.07
2024/01/01 16:11:06.64,38.64,-31.84,-57.78,-59.85,56.23,-9.42,0.64
2024/01/01 16:11:06.65,38.65,-31.62,-57.68,-59.74,55.86,-7.58,-0.52
2024/01/01 16:11:06.66,38.66,-31.39,-57.52,-59.72,55.85,-6.70,-1.53
2024/01/01 16:11:06.67,38.67,-31.14,-57.38,-59.88,56.16,-6.74,-2.59
2024/01/01 16:11:06.68,38.68,-30.99,-57.28,-60.07,56.59,-7.32,-3.31
2024/01/01 16:11:06.69,38.69,-30.91,-57.20,-60.20,56.93,-7.99,-2.66
2024/01/01 16:11:06.70,38.70,-30.82,-57.09,-60.32,57.20,-8.56,-1.39
2024/01/01 16:11:06.71,38.71,-30.77,-56.91,-60.35,57.68,-9.17,-0.76
2024/01/01 16:11:06.72,38.72,-30.85,-56.75,-60.29,58.16,-9.85,-0.39
2024/01/01 16:11:06.73,38.73,-30.97,-56.73,-60.24,57.90,-10.36,-0.13
2024/01/01 16:11:06.74,38.74,-31.08,-56.87,-60.17,56.78,-10.61,-0.83
2024/01/01 16:11:06.75,38.75,-31.23,-57.09,-60.04,55.64,-10.50,-2.06
2024/01/01 16:11:06.76,38.76,-31.39,-57.28,-59.97,55.19,-9.85,-2.62
2024/01/01 16:11:06.77,38.77,-31.49,-57.37,-59.94,55.46,-9.17,-2.46
2024/01/01 16:11:06.78,38.78,-31.53,-57.36,-59.81,56.39,-9.20,-1.95
2024/01/01 16:11:06.79,38.79,-31.49,-57.35,-59.61,57.53,-9.75,-0.94
2024/01/01 16:11:06.80,38.80,-31.35,-57.38,-59.45,58.06,-10.15,0.16
2024/01/01 16:11:06.81,38.81,-31.19,-57.43,-59.33,57.77,-10.26,0.83
2024/01/01 16:11:06.82,38.82,-31.06,-57.43,-59.22,57.12,-10.11,1.27
2024/01/01 16:11:06.83,38.83,-30.94,-57.38,-59.20,56.59,-9.69,1.09
2024/01/01 16:11:06.84,38.84,-30.84,-57.25,-59.28,56.25,-9.22,0.02
2024/01/01 16:11:06.85,38.85,-30.88,-57.12,-59.43,55.85,-8.86,-0.85
2024/01/01 16:11:06.86,38.86,-31.08,-57.05,-59.54,55.35,-8.76,-0.98
2024/01/01 16:11:06.87,38.87,-31.29,-57.05,-59.56,55.16,-8.98,-1.18
2024/01/01 16:11:06.88,38.88,-31.46,-57.10,-59.51,55.72,-9.20,-1.52
2024/01/01 16:11:06.89,38.89,-31.65,-57.17,-59.46,57.08,-9.24,-1.33
2024/01/01 16:11:06.90,38.90,-31.73,-57.27,-59.47,58.65,-9.20,-0.58
2024/01/01 16:11:06.91,38.91,-31.63,-57.42,-59.54,59.46,-9.08,0.22
2024/01/01 16:11:06.92,38.92,-31.41,-57.60,-59.58,58.92,-8.89,0.83
2024/01/01 16:11:06.93,38.93,-31.18,-57.68,-59.53,57.35,-8.86,1.05
2024/01/01 16:11:06.94,38.94,-31.06,-57.64,-59.39,55.79,-9.22,0.52
2024/01/01 16:11:06.95,38.95,-31.06,-57.55,-59.28,55.19,-9.73,-0.74
2024/01/01 16:11:06.96,38.96,-31.10,-57.48,-59.26,55.65,-10.05,-2.07
2024/01/01 16:11:06.97,38.97,-31.12,-57.45,-59.36,56.57,-10.37,-2.74
2024/01/01 16:11:06.98,38.98,-31.09,-57.44,-59.54,57.16,-10.84,-2.47
2024/01/01 16:11:06.99,38.99,-31.06,-57.38,-59.72,57.14,-11.31,-1.35
2024/01/01 16:11:07.00,39.00,-31.14,-57.26,-59.80,56.86,-11.79,0.22
2024/01/01 16:11:07.01,39.01,-31.35,-57.13,-59.78,56.75,-12.17,1.40
2024/01/01 16:11:07.02,39.02,-31.53,-57.03,-59.77,57.14,-12.00,1.25
2024/01/01 16:11:07.03,39.03,-31.54,-56.96,-59.90,57.97,-11.14,-0.17
2024/01/01 16:11:07.04,39.04,-31.37,-56.90,-60.22,58.40,-9.68,-1.67
2024/01/01 16:11:07.05,39.05,-31.11,-56.85,-60.61,57.78,-7.89,-2.50
2024/01/01 16:11:07.06,39.06,-30.82,-56.81,-60.91,56.70,-6.47,-2.92
2024/01/01 16:11:07.07,39.07,-30.57,-56.83,-61.09,56.15,-5.94,-3.18
2024/01/01 16:11:07.08,39.08,-30.36,-56.88,-61.19,56.38,-6.38,-3.16
2024/01/01 16:11:07.09,39.09,-30.11,-56.94,-61.33,57.07,-7.50,-2.87
2024/01/01 16:11:07.10,39.10,-29.86,-57.02,-61.44,57.60,-8.74,-2.45
2024/01/01 16:11:07.11,39.11,-29.70,-57.08,-61.46,57.53,-9.57,-2.07
2024/01/01 16:11:07.12,39.12,-29.68,-57.15,-61.41,56.95,-9.76,-2.22
2024/01/01 16:11:07.13,39.13,-29.81,-57.27,-61.32,56.33,-9.38,-3.14
2024/01/01 16:11:07.14,39.14,-30.04,-57.36,-61.17,56.30,-8.74,-3.93
2024/01/01 16:11:07.15,39.15,-30.25,-57.32,-61.02,56.95,-8.13,-3.70
2024/01/01 16:11:07.16,39.16,-30.40,-57.17,-60.82,57.78,-7.75,-2.81
2024/01/01 16:11:07.17,39.17,-30.56,-56.97,-60.43,58.47,-7.97,-1.74
2024/01/01 16:11:07.18,39.18,-30.79,-56.77,-59.88,59.01,-8.90,-0.42
2024/01/01 16:11:07.19,39.19,-31.08,-56.60,-59.25,59.34,-10.27,0.73
2024/01/01 16:11:07.20,39.20,-31.42,-56.46,-58.62,59.39,-11.81,1.32
2024/01/01 16:11:07.21,39.21,-31.72,-56.45,-58.15,58.97,-13.07,1.77
2024/01/01 16:11:07.22,39.22,-31.82,-56.66,-57.95,58.04,-13.56,2.21
2024/01/01 16:11:07.23,39.23,-31.80,-57.05,-57.90,56.90,-12.94,2.50
2024/01/01 16:11:07.24,39.24,-31.79,-57.46,-57.89,55.86,-11.12,2.90
2024/01/01 16:11:07.25,39.25,-31.84,-57.73,-57.90,55.07,-8.70,3.02
2024/01/01 16:11:07.26,39.26,-31.92,-57.82,-57.99,54.51,-6.74,2.15
2024/01/01 16:11:07.27,39.27,-32.05,-57.81,-58.16,54.00,-5.91,0.86
2024/01/01 16:11:07.28,39.28,-32.17,-57.73,-58.40,53.41,-6.34,-0.12
2024/01/01 16:11:07.29,39.29,-32.28,-57.59,-58.56,52.89,-7.71,-0.91
2024/01/01 16:11:07.30,39.30,-32.44,-57.43,-58.56,52.87,-9.29,-1.21
2024/01/01 16:11:07.31,39.31,-32.62,-57.31,-58.48,53.73,-10.65,-0.50
2024/01/01 16:11:07.32,39.32,-32.76,-57.25,-58.46,55.24,-11.69,0.59
2024/01/01 16:11:07.33,39.33,-32.87,-57.27,-58.50,56.64,-12.18,1.33
2024/01/01 16:11:07.34,39.34,-32.98,-57.37,-58.48,57.20,-11.83,1.87
2024/01/01 16:11:07.35,39.35,-33.10,-57.55,-58.42,56.72,-10.80,2.06
2024/01/01 16:11:07.36,39.36,-33.09,-57.78,-58.44,55.77,-9.73,1.61
2024/01/01 16:11:07.37,39.37,-32.84,-58.00,-58.66,55.24,-9.21,0.93
2024/01/01 16:11:07.38,39.38,-32.41,-58.23,-58.97,55.32,-9.41,0.46
2024/01/01 16:11:07.39,39.39,-31.99,-58.41,-59.22,55.68,-10.18,0.13
2024/01/01 16:11:07.40,39.40,-31.73,-58.48,-59.51,55.94,-10.99,-0.44
2024/01/01 16:11:07.41,39.41,-31.68,-58.37,-59.90,55.97,-11.23,-1.53
2024/01/01 16:11:07.42,39.42,-31.78,-58.09,-60.23,55.88,-10.89,-2.58
2024/01/01 16:11:07.43,39.43,-31.87,-57.74,-60.49,55.78,-10.28,-2.70
2024/01/01 16:11:07.44,39.44,-31.87,-57.55,-60.80,55.49,-9.83,-2.39
2024/01/01 16:11:07.45,39.45,-31.82,-57.58,-61.05,55.05,-10.09,-2.66
2024/01/01 16:11:07.46,39.46,-31.82,-57.72,-61.16,54.79,-11.03,-3.09
2024/01/01 16:11:07.47,39.47,-31.90,-57.83,-61.25,55.00,-11.99,-3.00
2024/01/01 16:11:07.48,39.48,-32.02,-57.85,-61.37,55.94,-12.61,-2.98
2024/01/01 16:11:07.49,39.49,-32.06,-57.78,-61.50,57.45,-12.56,-3.15
2024/01/01 16:11:07.50,39.50,-31.95,-57.71,-61.66,58.49,-11.61,-2.59
2024/01/01 16:11:07.51,39.51,-31.73,-57.73,-61.79,58.19,-10.45,-1.70
2024/01/01 16:11:07.52,39.52,-31.56,-57.82,-61.83,56.92,-9.78,-1.52
2024/01/01 16:11:07.53,39.53,-31.54,-57.88,-61.82,55.75,-9.41,-1.93
2024/01/01 16:11:07.54,39.54,-31.63,-57.85,-61.74,55.55,-9.17,-2.54
2024/01/01 16:11:07.55,39.55,-31.76,-57.71,-61.47,56.42,-8.94,-3.16
2024/01/01 16:11:07.56,39.56,-31.77,-57.51,-61.15,57.47,-8.41,-3.37
2024/01/01 16:11:07.57,39.57,-31.50,-57.33,-61.06,57.53,-7.71,-3.33
2024/01/01 16:11:07.58,39.58,-31.06,-57.21,-61.15,56.31,-7.42,-2.96
2024/01/01 16:11:07.59,39.59,-30.70,-57.09,-61.20,54.66,-8.07,-1.29
2024/01/01 16:11:07.60,39.60,-30.59,-56.94,-61.09,53.74,-9.75,0.72
2024/01/01 16:11:07.61,39.61,-30.75,-56.83,-60.86,54.18,-11.68,0.32
2024/01/01 16:11:07.62,39.62,-31.12,-56.71,-60.57,55.73,-12.73,-2.28
2024/01/01 16:11:07.63,39.63,-31.51,-56.53,-60.41,57.31,-12.52,-4.04
2024/01/01 16:11:07.64,39.64,-31.74,-56.43,-60.37,57.75,-11.24,-3.84
2024/01/01 16:11:07.65,39.65,-31.73,-56.44,-60.35,57.01,-9.27,-2.66
2024/01/01 16:11:07.66,39.66,-31.56,-56.46,-60.31,56.10,-7.18,-1.05
2024/01/01 16:11:07.67,39.67,-31.49,-56.51,-60.16,55.99,-5.80,0.53
2024/01/01 16:11:07.68,39.68,-31.65,-56.63,-59.87,56.93,-5.79,1.36
2024/01/01 16:11:07.69,39.69,-31.98,-56.79,-59.52,58.28,-7.02,1.26
2024/01/01 16:11:07.70,39.70,-32.36,-56.98,-59.14,58.84,-8.55,0.45
2024/01/01 16:11:07.71,39.71,-32.62,-57.22,-58.86,57.87,-9.70,-0.50
2024/01/01 16:11:07.72,39.72,-32.58,-57.44,-58.83,55.69,-10.15,-0.77
2024/01/01 16:11:07.73,39.73,-32.29,-57.53,-58.99,53.49,-9.77,-0.10
2024/01/01 16:11:07.74,39.74,-32.00,-57.51,-59.16,52.47,-8.95,1.17
2024/01/01 16:11:07.75,39.75,-31.84,-57.48,-59.28,53.09,-8.38,2.32
2024/01/01 16:11:07.76,39.76,-31.81,-57.54,-59.41,54.95,-8.35,2.10
2024/01/01 16:11:07.77,39.77,-31.90,-57.66,-59.57,56.86,-8.63,0.12
2024/01/01 16:11:07.78,39.78,-32.10,-57.73,-59.68,57.30,-8.94,-2.27
2024/01/01 16:11:07.79,39.79,-32.40,-57.66,-59.73,55.77,-9.42,-3.66
2024/01/01 16:11:07.80,39.80,-32.70,-57.50,-59.76,53.53,-10.44,-3.95
2024/01/01 16:11:07.81,39.81,-32.83,-57.33,-59.75,52.43,-11.92,-3.09
2024/01/01 16:11:07.82,39.82,-32.72,-57.26,-59.65,53.16,-13.48,-0.92
2024/01/01 16:11:07.83,39.83,-32.44,-57.37,-59.50,54.96,-14.58,1.34
2024/01/01 16:11:07.84,39.84,-32.17,-57.67,-59.37,56.78,-14.61,2.07
2024/01/01 16:11:07.85,39.85,-32.08,-58.02,-59.20,57.69,-13.46,1.32
2024/01/01 16:11:07.86,39.86,-32.16,-58.24,-58.99,57.22,-11.71,0.07
2024/01/01 16:11:07.87,39.87,-32.23,-58.26,-58.95,56.10,-10.19,-1.17
2024/01/01 16:11:07.88,39.88,-32.11,-58.12,-59.25,55.53,-9.25,-2.02
2024/01/01 16:11:07.89,39.89,-31.75,-57.92,-59.70,55.66,-8.74,-1.70
2024/01/01 16:11:07.90,39.90,-31.30,-57.71,-60.02,55.85,-8.63,-0.10
2024/01/01 16:11:07.91,39.91,-31.05,-57.53,-60.14,55.90,-8.95,1.14
2024/01/01 16:11:07.92,39.92,-31.13,-57.32,-60.14,56.20,-9.32,0.23
2024/01/01 16:11:07.93,39.93,-31.38,-57.11,-60.17,56.95,-9.40,-2.18
2024/01/01 16:11:07.94,39.94,-31.59,-56.94,-60.37,57.91,-9.36,-3.83
2024/01/01 16:11:07.95,39.95,-31.62,-56.87,-60.79,58.61,-9.28,-3.80
2024/01/01 16:11:07.96,39.96,-31.42,-56.90,-61.24,58.72,-8.83,-2.75
2024/01/01 16:11:07.97,39.97,-31.03,-56.98,-61.53,58.24,-8.02,-1.38
2024/01/01 16:11:07.98,39.98,-30.62,-57.08,-61.63,57.75,-7.32,-0.39
2024/01/01 16:11:07.99,39.99,-30.33,-57.15,-61.54,57.97,-7.12,-0.45
2024/01/01 16:11:08.00,40.00,-30.23,-57.10,-61.37,58.81,-7.38,-1.62
2024/01/01 16:11:08.01,40.01,-30.28,-56.90,-61.24,59.12,-7.59,-3.36
2024/01/01 16:11:08.02,40.02,-30.49,-56.69,-61.09,58.25,-7.51,-4.97
2024/01/01 16:11:08.03,40.03,-30.76,-56.60,-60.83,56.82,-7.60,-5.50
2024/01/01 16:11:08.04,40.04,-30.93,-56.62,-60.50,55.69,-8.35,-4.21
2024/01/01 16:11:08.05,40.05,-30.92,-56.62,-60.08,55.30,-9.77,-1.63
2024/01/01 16:11:08.06,40.06,-30.87,-56.59,-59.58,55.84,-11.53,1.08
2024/01/01 16:11:08.07,40.07,-30.93,-56.63,-59.11,56.78,-13.00,2.91
2024/01/01 16:11:08.08,40.08,-31.12,-56.74,-58.75,57.21,-13.33,2.93
2024/01/01 16:11:08.09,40.09,-31.38,-56.85,-58.50,56.71,-12.00,1.42
2024/01/01 16:11:08.10,40.10,-31.74,-56.91,-58.33,55.56,-9.32,0.02
2024/01/01 16:11:08.11,40.11,-32.16,-56.91,-58.17,54.40,-6.64,-0.61
2024/01/01 16:11:08.12,40.12,-32.45,-56.86,-58.03,53.79,-5.32,-1.02
2024/01/01 16:11:08.13,40.13,-32.49,-56.87,-58.02,53.78,-5.56,-0.82
2024/01/01 16:11:08.14,40.14,-32.32,-56.97,-58.19,54.29,-6.83,0.72
2024/01/01 16:11:08.15,40.15,-32.18,-57.07,-58.30,55.29,-8.39,2.80
2024/01/01 16:11:08.16,40.16,-32.22,-57.14,-58.18,56.38,-9.49,3.68
2024/01/01 16:11:08.17,40.17,-32.32,-57.21,-58.06,57.05,-9.85,2.28
2024/01/01 16:11:08.18,40.18,-32.36,-57.24,-58.19,57.30,-9.68,-0.65
2024/01/01 16:11:08.19,40.19,-32.36,-57.23,-58.41,57.31,-9.32,-2.59
2024/01/01 16:11:08.20,40.20,-32.35,-57.20,-58.51,56.87,-9.34,-1.99
2024/01/01 16:11:08.21,40.21,-32.25,-57.08,-58.60,56.04,-10.00,-0.29
2024/01/01 16:11:08.22,40.22,-32.08,-56.87,-58.80,55.44,-10.64,0.74
2024/01/01 16:11:08.23,40.23,-31.88,-56.67,-59.06,55.40,-10.89,1.49
2024/01/01 16:11:08.24,40.24,-31.72,-56.60,-59.24,55.46,-11.36,2.37
2024/01/01 16:11:08.25,40.25,-31.72,-56.73,-59.25,55.26,-12.27,2.00
2024/01/01 16:11:08.26,40.26,-31.93,-57.02,-59.19,55.11,-12.89,-0.28
2024/01/01 16:11:08.27,40.27,-32.17,-57.38,-59.35,55.32,-12.65,-2.66
2024/01/01 16:11:08.28,40.28,-32.26,-57.65,-59.68,55.95,-11.67,-3.22
2024/01/01 16:11:08.29,40.29,-32.27,-57.78,-59.90,56.89,-10.38,-1.73
2024/01/01 16:11:08.30,40.30,-32.23,-57.78,-59.98,57.53,-9.07,0.52
2024/01/01 16:11:08.31,40.31,-32.11,-57.71,-60.04,57.24,-7.92,1.58
2024/01/01 16:11:08.32,40.32,-31.90,-57.64,-60.05,56.33,-7.27,1.21
2024/01/01 16:11:08.33,40.33,-31.59,-57.64,-60.04,55.40,-7.27,0.64
2024/01/01 16:11:08.34,40.34,-31.17,-57.64,-60.13,54.56,-7.64,-0.38
2024/01/01 16:11:08.35,40.35,-30.82,-57.46,-60.37,53.95,-8.11,-2.54
2024/01/01 16:11:08.36,40.36,-30.71,-57.09,-60.74,53.87,-8.74,-4.40
2024/01/01 16:11:08.37,40.37,-30.81,-56.67,-61.11,54.34,-9.50,-4.67
2024/01/01 16:11:08.38,40.38,-30.97,-56.26,-61.37,55.43,-10.16,-4.03
2024/01/01 16:11:08.39,40.39,-31.05,-55.93,-61.48,57.22,-10.23,-3.27
2024/01/01 16:11:08.40,40.40,-31.04,-55.68,-61.51,59.26,-9.39,-2.42
2024/01/01 16:11:08.41,40.41,-30.97,-55.54,-61.48,60.77,-8.28,-1.86
2024/01/01 16:11:08.42,40.42,-30.92,-55.52,-61.41,61.07,-7.78,-1.77
2024/01/01 16:11:08.43,40.43,-30.97,-55.63,-61.28,59.88,-7.98,-1.85
2024/01/01 16:11:08.44,40.44,-31.08,-55.84,-61.12,57.84,-8.56,-2.04
2024/01/01 16:11:08.45,40.45,-31.10,-56.04,-61.02,56.22,-8.95,-2.13
2024/01/01 16:11:08.46,40.46,-30.98,-56.13,-61.07,55.87,-8.57,-1.76
2024/01/01 16:11:08.47,40.47,-30.80,-56.17,-61.17,56.47,-7.66,-1.10
2024/01/01 16:11:08.48,40.48,-30.73,-56.20,-61.04,57.22,-6.89,-0.73
2024/01/01 16:11:08.49,40.49,-30.89,-56.19,-60.62,57.72,-6.66,-0.85
2024/01/01 16:11:08.50,40.50,-31.26,-56.18,-60.13,57.79,-7.22,-1.43
2024/01/01 16:11:08.51,40.51,-31.60,-56.20,-59.80,57.26,-8.25,-2.07
2024/01/01 16:11:08.52,40.52,-31.69,-56.22,-59.64,56.26,-8.93,-1.91
2024/01/01 16:11:08.53,40.53,-31.65,-56.24,-59.55,55.00,-8.90,-0.61
2024/01/01 16:11:08.54,40.54,-31.73,-56.31,-59.45,53.95,-8.53,0.86
2024/01/01 16:11:08.55,40.55,-32.04,-56.44,-59.30,53.80,-8.24,1.37
2024/01/01 16:11:08.56,40.56,-32.48,-56.53,-59.07,54.68,-8.29,0.92
2024/01/01 16:11:08.57,40.57,-32.87,-56.55,-58.80,55.86,-8.90,0.07
2024/01/01 16:11:08.58,40.58,-33.10,-56.65,-58.52,56.29,-10.00,-0.67
2024/01/01 16:11:08.59,40.59,-33.13,-56.95,-58.29,55.10,-10.94,-0.73
2024/01/01 16:11:08.60,40.60,-33.01,-57.37,-58.25,52.64,-11.20,0.07
2024/01/01 16:11:08.61,40.61,-32.91,-57.76,-58.31,50.64,-11.02,1.40
2024/01/01 16:11:08.62,40.62,-32.97,-57.99,-58.29,50.69,-10.69,2.71
2024/01/01 16:11:08.63,40.63,-33.19,-58.08,-58.23,52.65,-10.30,3.14
2024/01/01 16:11:08.64,40.64,-33.48,-58.13,-58.17,55.07,-9.96,1.93
2024/01/01 16:11:08.65,40.65,-33.73,-58.17,-58.16,56.40,-9.62,-0.20
2024/01/01 16:11:08.66,40.66,-33.81,-58.16,-58.29,55.85,-9.28,-1.59
2024/01/01 16:11:08.67,40.67,-33.72,-58.16,-58.59,53.95,-9.46,-1.61
2024/01/01 16:11:08.68,40.68,-33.52,-58.18,-58.92,52.50,-10.57,-0.53
2024/01/01 16:11:08.69,40.69,-33.27,-58.12,-59.16,53.07,-12.22,1.04
2024/01/01 16:11:08.70,40.70,-32.97,-57.97,-59.39,55.59,-13.71,1.79
2024/01/01 16:11:08.71,40.71,-32.58,-57.83,-59.80,58.61,-14.30,1.03
2024/01/01 16:11:08.72,40.72,-32.14,-57.72,-60.30,60.29,-13.47,-0.28
2024/01/01 16:11:08.73,40.73,-31.66,-57.59,-60.79,59.62,-11.50,-1.35
2024/01/01 16:11:08.74,40.74,-31.11,-57.50,-61.35,57.25,-9.43,-2.77
2024/01/01 16:11:08.75,40.75,-30.54,-57.54,-61.89,54.95,-8.14,-4.93
2024/01/01 16:11:08.76,40.76,-30.18,-57.70,-62.11,54.14,-7.94,-6.31
2024/01/01 16:11:08.77,40.77,-30.13,-57.86,-62.03,54.86,-8.68,-5.92
2024/01/01 16:11:08.78,40.78,-30.24,-57.91,-61.88,56.25,-9.80,-5.15
2024/01/01 16:11:08.79,40.79,-30.35,-57.80,-61.70,57.39,-10.51,-4.68
2024/01/01 16:11:08.80,40.80,-30.40,-57.63,-61.37,57.74,-10.21,-3.16
2024/01/01 16:11:08.81,40.81,-30.42,-57.50,-60.96,57.55,-9.21,-0.77
2024/01/01 16:11:08.82,40.82,-30.49,-57.35,-60.55,57.84,-8.34,0.48
2024/01/01 16:11:08.83,40.83,-30.63,-57.18,-60.15,59.03,-7.72,0.43
2024/01/01 16:11:08.84,40.84,-30.80,-57.03,-59.77,60.46,-7.21,0.37
2024/01/01 16:11:08.85,40.85,-30.94,-56.91,-59.53,61.21,-7.31,0.41
2024/01/01 16:11:08.86,40.86,-31.04,-56.82,-59.54,60.66,-8.22,0.04
2024/01/01 16:11:08.87,40.87,-31.08,-56.83,-59.70,58.80,-9.24,-0.28
2024/01/01 16:11:08.88,40.88,-31.08,-56.94,-59.85,56.50,-10.13,0.01
2024/01/01 16:11:08.89,40.89,-31.08,-57.07,-59.94,55.03,-11.12,0.39
2024/01/01 16:11:08.90,40.90,-31.09,-57.10,-60.05,55.06,-11.80,-0.29
2024/01/01 16:11:08.91,40.91,-31.17,-56.97,-60.28,56.12,-11.49,-2.00
2024/01/01 16:11:08.92,40.92,-31.40,-56.75,-60.50,56.85,-10.29,-3.01
2024/01/01 16:11:08.93,40.93,-31.70,-56.59,-60.60,56.33,-8.90,-2.42
2024/01/01 16:11:08.94,40.94,-31.82,-56.50,-60.61,54.79,-7.89,-1.63
2024/01/01 16:11:08.95,40.95,-31.76,-56.51,-60.58,53.18,-7.36,-1.75
2024/01/01 16:11:08.96,40.96,-31.67,-56.67,-60.54,52.53,-7.38,-1.86
2024/01/01 16:11:08.97,40.97,-31.56,-57.01,-60.53,53.39,-8.17,-1.56
2024/01/01 16:11:08.98,40.98,-31.43,-57.36,-60.61,55.45,-9.53,-1.86
2024/01/01 16:11:08.99,40.99,-31.41,-57.57,-60.72,57.53,-10.89,-2.53
2024/01/01 16:11:09.00,41.00,-31.50,-57.69,-60.73,58.32,-11.88,-2.30
2024/01/01 16:11:09.01,41.01,-31.61,-57.79,-60.46,57.70,-12.60,-1.36
2024/01/01 16:11:09.02,41.02,-31.67,-57.85,-59.99,56.73,-12.74,-0.78
2024/01/01 16:11:09.03,41.03,-31.66,-57.81,-59.57,56.23,-11.60,-0.65
2024/01/01 16:11:09.04,41.04,-31.66,-57.81,-59.21,56.28,-9.55,-0.24
2024/01/01 16:11:09.05,41.05,-31.77,-57.96,-58.72,56.43,-7.81,0.81
2024/01/01 16:11:09.06,41.06,-31.92,-58.13,-58.14,56.24,-6.90,1.82
2024/01/01 16:11:09.07,41.07,-31.98,-58.22,-57.64,55.74,-6.85,1.64
2024/01/01 16:11:09.08,41.08,-31.99,-58.24,-57.24,55.28,-7.63,1.00
2024/01/01 16:11:09.09,41.09,-32.02,-58.31,-56.98,55.22,-8.97,1.65
2024/01/01 16:11:09.10,41.10,-32.07,-58.45,-56.83,55.91,-10.52,2.95
2024/01/01 16:11:09.11,41.11,-32.14,-58.57,-56.77,57.24,-11.82,3.15
2024/01/01 16:11:09.12,41.12,-32.18,-58.50,-56.87,58.45,-12.22,2.73
2024/01/01 16:11:09.13,41.13,-32.05,-58.24,-57.12,58.85,-11.95,2.60
2024/01/01 16:11:09.14,41.14,-31.73,-58.02,-57.42,58.23,-11.77,2.34
2024/01/01 16:11:09.15,41.15,-31.42,-57.96,-57.78,56.80,-11.83,1.59
2024/01/01 16:11:09.16,41.16,-31.24,-57.96,-58.27,55.10,-11.95,0.33
2024/01/01 16:11:09.17,41.17,-31.20,-57.88,-58.79,53.98,-11.92,-1.18
2024/01/01 16:11:09.18,41.18,-31.22,-57.65,-59.17,54.17,-11.68,-1.96
2024/01/01 16:11:09.19,41.19,-31.22,-57.33,-59.48,55.46,-11.44,-1.73
2024/01/01 16:11:09.20,41.20,-31.20,-56.99,-59.82,56.80,-11.20,-1.65
2024/01/01 16:11:09.21,41.21,-31.27,-56.69,-60.17,57.43,-10.62,-2.07
2024/01/01 16:11:09.22,41.22,-31.37,-56.48,-60.46,57.46,-9.75,-1.79
2024/01/01 16:11:09.23,41.23,-31.39,-56.41,-60.71,57.26,-8.81,-0.67
2024/01/01 16:11:09.24,41.24,-31.32,-56.54,-60.91,57.19,-7.91,-0.03
2024/01/01 16:11:09.25,41.25,-31.18,-56.81,-61.10,57.74,-7.21,-0.38
2024/01/01 16:11:09.26,41.26,-30.96,-57.10,-61.35,58.94,-6.79,-1.14
2024/01/01 16:11:09.27,41.27,-30.77,-57.41,-61.57,59.91,-6.74,-1.91
2024/01/01 16:11:09.28,41.28,-30.72,-57.71,-61.58,59.82,-7.13,-2.60
2024/01/01 16:11:09.29,41.29,-30.77,-57.94,-61.39,58.70,-7.61,-3.35
2024/01/01 16:11:09.30,41.30,-30.80,-57.97,-61.13,57.33,-7.78,-4.08
2024/01/01 16:11:09.31,41.31,-30.75,-57.76,-60.91,56.62,-7.86,-3.96
2024/01/01 16:11:09.32,41.32,-30.61,-57.39,-60.72,56.73,-8.31,-2.67
2024/01/01 16:11:09.33,41.33,-30.41,-57.04,-60.51,56.90,-9.25,-1.44
2024/01/01 16:11:09.34,41.34,-30.27,-56.81,-60.21,56.65,-10.46,-1.21
2024/01/01 16:11:09.35,41.35,-30.33,-56.69,-59.87,56.21,-11.47,-1.20
2024/01/01 16:11:09.36,41.36,-30.53,-56.66,-59.56,55.86,-11.95,-0.98
2024/01/01 16:11:09.37,41.37,-30.68,-56.69,-59.44,55.81,-12.08,-1.38
2024/01/01 16:11:09.38,41.38,-30.74,-56.79,-59.59,56.30,-12.02,-2.06
2024/01/01 16:11:09.39,41.39,-30.92,-56.94,-59.77,56.92,-11.76,-1.63
2024/01/01 16:11:09.40,41.40,-31.29,-57.04,-59.72,56.96,-11.53,-0.24
2024/01/01 16:11:09.41,41.41,-31.69,-57.04,-59.54,56.41,-11.37,0.62
2024/01/01 16:11:09.42,41.42,-32.02,-57.07,-59.44,56.01,-10.92,0.31
2024/01/01 16:11:09.43,41.43,-32.25,-57.18,-59.37,56.17,-10.20,-0.20
2024/01/01 16:11:09.44,41.44,-32.39,-57.27,-59.24,56.37,-9.65,0.16
2024/01/01 16:11:09.45,41.45,-32.50,-57.29,-59.11,55.95,-9.34,0.60
2024/01/01 16:11:09.46,41.46,-32.65,-57.31,-59.09,55.03,-9.01,-0.08
2024/01/01 16:11:09.47,41.47,-32.84,-57.33,-59.21,54.28,-8.43,-0.88
2024/01/01 16:11:09.48,41.48,-33.06,-57.34,-59.31,54.14,-7.86,-0.25
2024/01/01 16:11:09.49,41.49,-33.27,-57.34,-59.33,54.51,-7.88,1.02
2024/01/01 16:11:09.50,41.50,-33.41,-57.34,-59.33,55.00,-8.38,1.16
2024/01/01 16:11:09.51,41.51,-33.46,-57.31,-59.40,55.16,-8.69,0.31
2024/01/01 16:11:09.52,41.52,-33.40,-57.23,-59.53,54.75,-8.89,-0.04
2024/01/01 16:11:09.53,41.53,-33.19,-57.13,-59.70,53.99,-9.45,0.24
2024/01/01 16:11:09.54,41.54,-32.84,-57.06,-59.84,53.22,-10.00,0.12
2024/01/01 16:11:09.55,41.55,-32.48,-57.00,-59.91,52.55,-10.10,-0.68
2024/01/01 16:11:09.56,41.56,-32.24,-57.03,-60.04,52.13,-10.04,-1.56
2024/01/01 16:11:09.57,41.57,-32.11,-57.18,-60.36,52.37,-10.13,-2.16
2024/01/01 16:11:09.58,41.58,-32.05,-57.41,-60.71,53.44,-10.11,-2.50
2024/01/01 16:11:09.59,41.59,-32.00,-57.62,-60.86,54.97,-9.74,-2.45
2024/01/01 16:11:09.60,41.60,-31.93,-57.76,-60.86,56.48,-9.29,-2.18
2024/01/01 16:11:09.61,41.61,-31.77,-57.82,-60.83,57.72,-9.13,-2.44
2024/01/01 16:11:09.62,41.62,-31.45,-57.82,-60.82,58.51,-9.17,-3.06
2024/01/01 16:11:09.63,41.63,-31.00,-57.84,-60.90,58.70,-9.26,-2.81
2024/01/01 16:11:09.64,41.64,-30.67,-57.90,-60.94,58.57,-9.56,-1.72
2024/01/01 16:11:09.65,41.65,-30.63,-57.91,-60.80,58.70,-10.08,-0.97
2024/01/01 16:11:09.66,41.66,-30.77,-57.90,-60.60,59.25,-10.36,-1.23
2024/01/01 16:11:09.67,41.67,-30.78,-57.86,-60.57,59.67,-10.48,-2.18
2024/01/01 16:11:09.68,41.68,-30.57,-57.72,-60.65,59.44,-11.03,-2.44
2024/01/01 16:11:09.69,41.69,-30.35,-57.52,-60.60,58.45,-11.86,-1.10
2024/01/01 16:11:09.70,41.70,-30.35,-57.35,-60.34,57.10,-12.24,0.27
2024/01/01 16:11:09.71,41.71,-30.60,-57.19,-60.03,56.31,-11.91,-0.36
2024/01/01 16:11:09.72,41.72,-30.93,-56.93,-59.88,56.64,-10.98,-2.07
2024/01/01 16:11:09.73,41.73,-31.18,-56.67,-59.82,57.53,-9.73,-2.36
2024/01/01 16:11:09.74,41.74,-31.32,-56.60,-59.68,57.87,-8.72,-0.84
2024/01/01 16:11:09.75,41.75,-31.39,-56.70,-59.45,57.05,-8.20,0.67
2024/01/01 16:11:09.76,41.76,-31.45,-56.89,-59.27,55.60,-7.84,0.92
2024/01/01 16:11:09.77,41.77,-31.52,-57.09,-59.27,54.74,-7.38,0.52
2024/01/01 16:11:09.78,41.78,-31.57,-57.19,-59.43,55.12,-6.97,0.50
2024/01/01 16:11:09.79,41.79,-31.63,-57.13,-59.65,56.14,-6.95,0.64
2024/01/01 16:11:09.80,41.80,-31.77,-56.95,-59.81,56.54,-7.36,0.02
2024/01/01 16:11:09.81,41.81,-32.00,-56.70,-59.91,55.73,-7.81,-1.42
2024/01/01 16:11:09.82,41.82,-32.16,-56.41,-60.05,54.35,-7.99,-2.59
2024/01/01 16:11:09.83,41.83,-32.13,-56.13,-60.24,53.64,-8.14,-2.61
2024/01/01 16:11:09.84,41.84,-31.94,-55.95,-60.32,54.32,-8.51,-1.76
2024/01/01 16:11:09.85,41.85,-31.73,-55.97,-60.30,56.02,-9.01,-0.84
2024/01/01 16:11:09.86,41.86,-31.57,-56.21,-60.33,57.67,-9.49,-0.65
2024/01/01 16:11:09.87,41.87,-31.53,-56.52,-60.45,58.42,-9.80,-1.44
2024/01/01 16:11:09.88,41.88,-31.62,-56.82,-60.63,58.29,-9.88,-2.10
2024/01/01 16:11:09.89,41.89,-31.71,-57.07,-60.81,57.69,-9.80,-1.78
2024/01/01 16:11:09.90,41.90,-31.67,-57.25,-60.93,57.00,-9.70,-1.44
2024/01/01 16:11:09.91,41.91,-31.48,-57.27,-61.00,56.32,-9.62,-1.76
2024/01/01 16:11:09.92,41.92,-31.23,-57.20,-61.09,55.49,-9.54,-2.35
2024/01/01 16:11:09.93,41.93,-31.11,-57.16,-61.07,54.45,-9.56,-2.87
2024/01/01 16:11:09.94,41.94,-31.23,-57.18,-60.81,53.61,-9.91,-2.81
2024/01/01 16:11:09.95,41.95,-31.58,-57.20,-60.40,53.52,-10.45,-2.14
2024/01/01 16:11:09.96,41.96,-32.02,-57.18,-60.00,54.26,-10.86,-1.91
2024/01/01 16:11:09.97,41.97,-32.41,-57.28,-59.76,55.26,-11.12,-2.14
2024/01/01 16:11:09.98,41.98,-32.71,-57.63,-59.67,55.82,-11.47,-1.37
2024/01/01 16:11:09.99,41.99,-32.94,-58.14,-59.56,55.90,-12.03,0.61
2024/01/01 16:11:10.00,42.00,-33.00,-58.54,-59.39,56.08,-12.34,2.32
2024/01/01 16:11:10.01,42.01,-32.87,-58.66,-59.30,56.70,-11.72,2.54
2024/01/01 16:11:10.02,42.02,-32.75,-58.50,-59.28,57.40,-10.39,1.22
2024/01/01 16:11:10.03,42.03,-32.78,-58.17,-59.26,57.38,-9.27,-0.66
2024/01/01 16:11:10.04,42.04,-32.92,-57.82,-59.27,56.23,-8.84,-2.19
2024/01/01 16:11:10.05,42.05,-33.07,-57.55,-59.37,54.52,-9.03,-3.02
2024/01/01 16:11:10.06,42.06,-33.14,-57.34,-59.53,53.30,-9.70,-2.58
2024/01/01 16:11:10.07,42.07,-33.02,-57.18,-59.70,53.21,-10.67,-0.62
2024/01/01 16:11:10.08,42.08,-32.75,-57.09,-59.76,54.22,-11.67,1.47
2024/01/01 16:11:10.09,42.09,-32.48,-57.08,-59.57,55.70,-12.12,2.13
2024/01/01 16:11:10.10,42.10,-32.33,-57.03,-59.23,56.75,-11.36,1.38
2024/01/01 16:11:10.11,42.11,-32.31,-56.93,-59.14,56.72,-9.53,-0.05
2024/01/01 16:11:10.12,42.12,-32.39,-56.81,-59.44,55.69,-7.48,-1.48
2024/01/01 16:11:10.13,42.13,-32.40,-56.67,-59.82,54.32,-5.80,-1.96
2024/01/01 16:11:10.14,42.14,-32.25,-56.59,-60.04,53.37,-5.01,-1.20
2024/01/01 16:11:10.15,42.15,-32.08,-56.72,-60.04,53.44,-5.40,-0.23
2024/01/01 16:11:10.16,42.16,-32.00,-56.96,-59.82,54.80,-6.46,0.00
2024/01/01 16:11:10.17,42.17,-31.91,-57.04,-59.47,56.91,-7.50,-0.48
2024/01/01 16:11:10.18,42.18,-31.74,-56.92,-59.16,58.58,-8.37,-1.18
2024/01/01 16:11:10.19,42.19,-31.55,-56.80,-58.91,58.84,-9.06,-1.43
2024/01/01 16:11:10.20,42.20,-31.27,-56.74,-58.81,57.52,-9.40,-0.53
2024/01/01 16:11:10.21,42.21,-30.79,-56.66,-59.03,55.34,-9.38,1.16
2024/01/01 16:11:10.22,42.22,-30.21,-56.62,-59.45,53.65,-9.37,2.20
2024/01/01 16:11:10.23,42.23,-29.78,-56.72,-59.83,53.53,-9.86,2.04
2024/01/01 16:11:10.24,42.24,-29.68,-56.90,-60.04,54.91,-10.78,0.67
2024/01/01 16:11:10.25,42.25,-29.90,-57.04,-60.19,56.95,-11.30,-2.38
2024/01/01 16:11:10.26,42.26,-30.21,-57.12,-60.56,59.07,-10.94,-6.12
2024/01/01 16:11:10.27,42.27,-30.34,-57.20,-61.19,60.64,-10.04,-7.95
2024/01/01 16:11:10.28,42.28,-30.26,-57.27,-61.67,61.00,-9.50,-6.51
2024/01/01 16:11:10.29,42.29,-30.08,-57.27,-61.71,60.44,-10.00,-3.20
2024/01/01 16:11:10.30,42.30,-29.90,-57.18,-61.50,59.96,-11.06,-0.81
2024/01/01 16:11:10.31,42.31,-29.80,-57.06,-61.34,60.08,-11.67,-0.49
2024/01/01 16:11:10.32,42.32,-29.79,-56.98,-61.27,60.41,-11.62,-0.79
2024/01/01 16:11:10.33,42.33,-29.77,-56.97,-61.19,60.08,-11.31,-0.68
2024/01/01 16:11:10.34,42.34,-29.68,-57.01,-61.10,58.80,-10.74,-1.25
2024/01/01 16:11:10.35,42.35,-29.60,-57.08,-61.02,57.20,-9.64,-2.98
2024/01/01 16:11:10.36,42.36,-29.63,-57.15,-61.03,56.18,-8.43,-4.23
2024/01/01 16:11:10.37,42.37,-29.79,-57.19,-61.11,56.36,-8.07,-3.79
2024/01/01 16:11:10.38,42.38,-30.06,-57.15,-61.16,57.89,-8.48,-2.54
2024/01/01 16:11:10.39,42.39,-30.43,-57.06,-61.03,59.85,-8.60,-1.34
2024/01/01 16:11:10.40,42.40,-30.86,-56.97,-60.75,60.67,-8.10,-0.35
2024/01/01 16:11:10.41,42.41,-31.24,-56.96,-60.43,59.69,-7.29,-0.09
2024/01/01 16:11:10.42,42.42,-31.57,-57.06,-60.09,57.52,-6.34,-0.51
2024/01/01 16:11:10.43,42.43,-31.90,-57.22,-59.76,55.12,-5.83,-0.70
2024/01/01 16:11:10.44,42.44,-32.27,-57.28,-59.55,53.27,-6.37,-0.44
2024/01/01 16:11:10.45,42.45,-32.70,-57.20,-59.33,52.62,-7.71,-0.02
2024/01/01 16:11:10.46,42.46,-33.20,-57.04,-58.94,53.05,-9.36,0.63
2024/01/01 16:11:10.47,42.47,-33.63,-56.90,-58.52,53.63,-10.90,1.33
2024/01/01 16:11:10.48,42.48,-33.84,-56.90,-58.29,53.68,-12.09,1.44
2024/01/01 16:11:10.49,42.49,-33.84,-57.02,-58.21,53.33,-13.04,1.23
2024/01/01 16:11:10.50,42.50,-33.78,-57.18,-58.20,52.80,-13.55,1.49
2024/01/01 16:11:10.51,42.51,-33.79,-57.33,-58.24,52.28,-13.15,1.62
2024/01/01 16:11:10.52,42.52,-33.89,-57.46,-58.38,52.17,-12.05,0.66
2024/01/01 16:11:10.53,42.53,-34.03,-57.53,-58.65,52.56,-10.58,-0.35
2024/01/01 16:11:10.54,42.54,-34.09,-57.57,-58.92,53.06,-9.03,-0.38
2024/01/01 16:11:10.55,42.55,-34.02,-57.62,-59.11,53.43,-8.13,-0.09
2024/01/01 16:11:10.56,42.56,-33.78,-57.70,-59.40,53.55,-8.31,-0.23
2024/01/01 16:11:10.57,42.57,-33.30,-57.79,-59.84,53.53,-9.28,-0.67
2024/01/01 16:11:10.58,42.58,-32.62,-57.80,-60.25,53.92,-10.55,-0.81
2024/01/01 16:11:10.59,42.59,-31.93,-57.74,-60.57,54.93,-11.65,-0.25
2024/01/01 16:11:10.60,42.60,-31.39,-57.71,-60.96,56.12,-12.13,-0.27
2024/01/01 16:11:10.61,42.61,-31.11,-57.82,-61.43,57.11,-11.74,-2.12
2024/01/01 16:11:10.62,42.62,-31.08,-58.04,-61.80,57.60,-10.49,-4.40
2024/01/01 16:11:10.63,42.63,-31.08,-58.20,-62.10,57.55,-8.86,-5.47
2024/01/01 16:11:10.64,42.64,-30.99,-58.09,-62.41,57.40,-7.49,-6.05
2024/01/01 16:11:10.65,42.65,-30.84,-57.74,-62.61,57.82,-6.67,-6.33
2024/01/01 16:11:10.66,42.66,-30.72,-57.38,-62.53,59.10,-6.60,-5.09
2024/01/01 16:11:10.67,42.67,-30.58,-57.13,-62.24,60.75,-7.71,-2.85
2024/01/01 16:11:10.68,42.68,-30.38,-57.02,-61.92,61.92,-9.98,-1.60
2024/01/01 16:11:10.69,42.69,-30.24,-57.06,-61.61,61.98,-12.33,-1.48
2024/01/01 16:11:10.70,42.70,-30.21,-57.12,-61.26,60.57,-13.62,-1.52
2024/01/01 16:11:10.71,42.71,-30.20,-57.15,-60.95,58.19,-13.80,-1.87
2024/01/01 16:11:10.72,42.72,-30.19,-57.18,-60.78,56.03,-13.10,-2.92
2024/01/01 16:11:10.73,42.73,-30.27,-57.20,-60.63,54.67,-11.37,-3.73
2024/01/01 16:11:10.74,42.74,-30.50,-57.18,-60.48,53.95,-9.24,-3.22
2024/01/01 16:11:10.75,42.75,-30.78,-57.17,-60.47,53.83,-7.78,-1.97
2024/01/01 16:11:10.76,42.76,-30.99,-57.17,-60.47,54.34,-7.14,-1.19
2024/01/01 16:11:10.77,42.77,-31.10,-57.09,-60.29,55.11,-6.92,-0.64
2024/01/01 16:11:10.78,42.78,-31.14,-56.92,-60.13,55.79,-7.16,0.02
2024/01/01 16:11:10.79,42.79,-31.07,-56.67,-60.21,56.52,-7.88,-0.18
2024/01/01 16:11:10.80,42.80,-30.89,-56.34,-60.41,57.46,-8.57,-1.03
2024/01/01 16:11:10.81,42.81,-30.68,-56.05,-60.57,58.07,-8.61,-0.89
2024/01/01 16:11:10.82,42.82,-30.55,-55.86,-60.65,58.04,-8.13,-0.61
2024/01/01 16:11:10.83,42.83,-30.58,-55.67,-60.63,58.07,-7.66,-2.11
2024/01/01 16:11:10.84,42.84,-30.76,-55.53,-60.58,58.36,-7.35,-3.99
2024/01/01 16:11:10.85,42.85,-30.96,-55.58,-60.55,58.20,-7.31,-3.95
2024/01/01 16:11:10.86,42.86,-31.13,-55.79,-60.47,57.34,-7.83,-2.49
2024/01/01 16:11:10.87,42.87,-31.29,-56.10,-60.21,56.34,-8.49,-0.95
2024/01/01 16:11:10.88,42.88,-31.51,-56.44,-59.75,55.61,-8.70,0.27
2024/01/01 16:11:10.89,42.89,-31.74,-56.75,-59.22,55.26,-8.49,0.97
2024/01/01 16:11:10.90,42.90,-31.82,-57.04,-58.72,55.50,-8.08,1.18
2024/01/01 16:11:10.91,42.91,-31.74,-57.35,-58.29,56.19,-7.75,1.42
2024/01/01 16:11:10.92,42.92,-31.59,-57.65,-58.02,56.37,-7.80,1.87
2024/01/01 16:11:10.93,42.93,-31.43,-57.89,-57.97,55.57,-8.30,1.93
2024/01/01 16:11:10.94,42.94,-31.33,-58.03,-58.03,54.71,-9.27,1.23
2024/01/01 16:11:10.95,42.95,-31.35,-58.03,-58.07,54.73,-10.52,0.47
2024/01/01 16:11:10.96,42.96,-31.43,-57.96,-58.07,55.66,-11.83,0.08
2024/01/01 16:11:10.97,42.97,-31.57,-57.92,-58.03,57.04,-13.25,-0.19
2024/01/01 16:11:10.98,42.98,-31.67,-57.90,-58.07,58.23,-14.17,-0.30
2024/01/01 16:11:10.99,42.99,-31.66,-57.87,-58.19,58.63,-13.66,-0.05
2024/01/01 16:11:11.00,43.00,-31.56,-57.80,-58.31,58.11,-12.03,0.57
2024/01/01 16:11:11.01,43.01,-31.53,-57.72,-58.40,57.06,-10.38,1.38
2024/01/01 16:11:11.02,43.02,-31.64,-57.68,-58.40,56.25,-9.33,1.62
2024/01/01 16:11:11.03,43.03,-31.76,-57.70,-58.36,56.24,-9.02,0.87
2024/01/01 16:11:11.04,43.04,-31.70,-57.76,-58.41,56.65,-9.11,-0.13
2024/01/01 16:11:11.05,43.05,-31.54,-57.81,-58.55,56.69,-9.27,-0.64
2024/01/01 16:11:11.06,43.06,-31.42,-57.79,-58.74,56.23,-9.51,-0.33
2024/01/01 16:11:11.07,43.07,-31.34,-57.69,-58.94,55.65,-9.75,0.63
2024/01/01 16:11:11.08,43.08,-31.12,-57.63,-59.16,55.51,-10.02,1.32
2024/01/01 16:11:11.09,43.09,-30.80,-57.67,-59.44,56.17,-10.64,1.02
2024/01/01 16:11:11.10,43.10,-30.54,-57.75,-59.62,57.26,-11.33,0.02
2024/01/01 16:11:11.11,43.11,-30.48,-57.74,-59.60,57.93,-11.45,-1.06
2024/01/01 16:11:11.12,43.12,-30.56,-57.65,-59.58,57.74,-10.71,-2.20
2024/01/01 16:11:11.13,43.13,-30.78,-57.56,-59.52,57.00,-9.22,-3.20
2024/01/01 16:11:11.14,43.14,-31.05,-57.49,-59.29,56.60,-7.64,-2.79
2024/01/01 16:11:11.15,43.15,-31.14,-57.39,-59.09,57.07,-6.90,-0.55
2024/01/01 16:11:11.16,43.16,-30.97,-57.21,-59.07,58.14,-7.27,1.70
2024/01/01 16:11:11.17,43.17,-30.76,-56.90,-59.01,59.25,-8.37,2.81
2024/01/01 16:11:11.18,43.18,-30.75,-56.59,-58.78,59.80,-9.73,3.23
2024/01/01 16:11:11.19,43.19,-30.91,-56.47,-58.61,59.44,-10.69,2.31
2024/01/01 16:11:11.20,43.20,-31.08,-56.59,-58.69,58.59,-10.73,-0.20
2024/01/01 16:11:11.21,43.21,-31.21,-56.81,-58.97,57.74,-9.96,-1.95
2024/01/01 16:11:11.22,43.22,-31.26,-57.02,-59.16,56.92,-9.00,-1.35
2024/01/01 16:11:11.23,43.23,-31.30,-57.16,-59.18,56.22,-8.51,0.02
2024/01/01 16:11:11.24,43.24,-31.41,-57.17,-59.20,56.08,-8.71,0.37
2024/01/01 16:11:11.25,43.25,-31.53,-57.05,-59.33,56.60,-9.19,0.04
2024/01/01 16:11:11.26,43.26,-31.64,-56.90,-59.48,57.07,-9.76,0.29
2024/01/01 16:11:11.27,43.27,-31.82,-56.86,-59.41,56.78,-10.60,1.07
2024/01/01 16:11:11.28,43.28,-32.11,-56.91,-59.05,55.72,-11.16,0.70
2024/01/01 16:11:11.29,43.29,-32.31,-56.93,-58.75,54.35,-10.63,-1.32
2024/01/01 16:11:11.30,43.30,-32.24,-56.91,-58.93,53.22,-9.38,-2.69
2024/01/01 16:11:11.31,43.31,-31.98,-56.90,-59.46,52.78,-8.42,-1.67
2024/01/01 16:11:11.32,43.32,-31.67,-56.86,-59.95,52.88,-8.24,0.48
2024/01/01 16:11:11.33,43.33,-31.45,-56.67,-60.32,53.08,-8.81,1.42
2024/01/01 16:11:11.34,43.34,-31.43,-56.39,-60.67,53.47,-9.55,0.03
2024/01/01 16:11:11.35,43.35,-31.69,-56.12,-60.99,54.37,-9.88,-2.59
2024/01/01 16:11:11.36,43.36,-32.09,-56.00,-61.23,55.69,-9.93,-4.46
2024/01/01 16:11:11.37,43.37,-32.37,-56.14,-61.46,56.86,-10.04,-5.33
2024/01/01 16:11:11.38,43.38,-32.39,-56.48,-61.72,57.46,-10.01,-5.42
2024/01/01 16:11:11.39,43.39,-32.24,-56.82,-61.91,57.67,-9.63,-3.82
2024/01/01 16:11:11.40,43.40,-32.04,-57.09,-61.97,57.83,-9.04,-0.93
2024/01/01 16:11:11.41,43.41,-31.91,-57.28,-61.90,58.03,-8.33,0.91
2024/01/01 16:11:11.42,43.42,-31.91,-57.39,-61.70,58.39,-7.40,0.35
2024/01/01 16:11:11.43,43.43,-32.05,-57.42,-61.41,58.63,-6.39,-1.87
2024/01/01 16:11:11.44,43.44,-32.18,-57.41,-61.23,57.91,-5.85,-4.28
2024/01/01 16:11:11.45,43.45,-32.18,-57.38,-61.17,56.01,-6.28,-5.70
2024/01/01 16:11:11.46,43.46,-32.12,-57.30,-60.96,53.72,-7.77,-5.18
2024/01/01 16:11:11.47,43.47,-32.10,-57.18,-60.39,52.32,-9.66,-2.63
2024/01/01 16:11:11.48,43.48,-32.09,-57.17,-59.66,52.92,-11.10,0.24
2024/01/01 16:11:11.49,43.49,-32.15,-57.38,-59.07,55.17,-11.68,1.55
2024/01/01 16:11:11.50,43.50,-32.37,-57.65,-58.65,57.19,-11.51,1.78
2024/01/01 16:11:11.51,43.51,-32.77,-57.80,-58.30,57.22,-11.08,2.15
2024/01/01 16:11:11.52,43.52,-33.22,-57.82,-58.00,55.24,-11.21,2.22
2024/01/01 16:11:11.53,43.53,-33.52,-57.84,-57.78,52.86,-12.25,1.55
2024/01/01 16:11:11.54,43.54,-33.64,-57.91,-57.65,51.50,-13.70,1.28
2024/01/01 16:11:11.55,43.55,-33.67,-58.07,-57.58,51.42,-14.84,2.09
2024/01/01 16:11:11.56,43.56,-33.72,-58.28,-57.58,52.22,-15.04,2.73
2024/01/01 16:11:11.57,43.57,-33.79,-58.48,-57.70,53.36,-13.83,2.33
2024/01/01 16:11:11.58,43.58,-33.89,-58.56,-57.82,54.33,-11.39,1.63
2024/01/01 16:11:11.59,43.59,-33.97,-58.50,-57.75,54.80,-8.82,1.46
2024/01/01 16:11:11.60,43.60,-33.88,-58.32,-57.68,54.87,-7.30,1.68
2024/01/01 16:11:11.61,43.61,-33.63,-58.03,-57.85,54.75,-7.09,1.52
2024/01/01 16:11:11.62,43.62,-33.38,-57.71,-58.13,54.38,-7.51,1.12
2024/01/01 16:11:11.63,43.63,-33.16,-57.48,-58.41,53.75,-8.10,1.48
2024/01/01 16:11:11.64,43.64,-32.96,-57.44,-58.77,53.46,-8.84,1.95
2024/01/01 16:11:11.65,43.65,-32.88,-57.53,-59.06,54.18,-9.28,0.87
2024/01/01 16:11:11.66,43.66,-32.90,-57.53,-59.24,55.71,-9.00,-0.77
2024/01/01 16:11:11.67,43.67,-32.83,-57.31,-59.50,57.10,-8.54,-1.42
2024/01/01 16:11:11.68,43.68,-32.65,-56.98,-59.83,57.75,-8.66,-2.02
2024/01/01 16:11:11.69,43.69,-32.48,-56.70,-60.00,57.75,-9.42,-2.65
2024/01/01 16:11:11.70,43.70,-32.28,-56.57,-60.09,57.22,-10.35,-1.88
2024/01/01 16:11:11.71,43.71,-31.94,-56.62,-60.24,56.51,-11.19,-0.66
2024/01/01 16:11:11.72,43.72,-31.52,-56.80,-60.29,56.35,-11.89,-0.44
2024/01/01 16:11:11.73,43.73,-31.20,-56.99,-60.21,56.54,-12.21,-0.36
2024/01/01 16:11:11.74,43.74,-30.97,-57.16,-60.20,56.26,-12.06,-0.55
2024/01/01 16:11:11.75,43.75,-30.78,-57.37,-60.34,55.74,-11.62,-2.06
2024/01/01 16:11:11.76,43.76,-30.69,-57.59,-60.47,55.73,-10.77,-3.13
2024/01/01 16:11:11.77,43.77,-30.68,-57.70,-60.62,56.08,-9.62,-2.48
2024/01/01 16:11:11.78,43.78,-30.67,-57.69,-60.84,56.62,-8.70,-2.33
2024/01/01 16:11:11.79,43.79,-30.68,-57.66,-61.06,57.67,-8.09,-3.34
2024/01/01 16:11:11.80,43.80,-30.78,-57.69,-61.14,59.01,-7.71,-3.36
2024/01/01 16:11:11.81,43.81,-30.93,-57.76,-61.03,59.81,-7.93,-2.25
2024/01/01 16:11:11.82,43.82,-31.01,-57.77,-60.88,59.73,-8.56,-1.67
2024/01/01 16:11:11.83,43.83,-30.94,-57.70,-60.88,58.81,-8.95,-1.76
2024/01/01 16:11:11.84,43.84,-30.85,-57.63,-61.10,57.07,-9.20,-1.64
2024/01/01 16:11:11.85,43.85,-30.94,-57.68,-61.31,55.17,-9.83,-1.26
2024/01/01 16:11:11.86,43.86,-31.26,-57.80,-61.31,54.25,-10.71,-1.39
2024/01/01 16:11:11.87,43.87,-31.63,-57.84,-61.23,54.92,-11.32,-2.54
2024/01/01 16:11:11.88,43.88,-31.83,-57.61,-61.26,56.77,-11.46,-4.05
2024/01/01 16:11:11.89,43.89,-31.80,-57.15,-61.37,58.59,-11.39,-4.31
2024/01/01 16:11:11.90,43.90,-31.57,-56.62,-61.42,58.96,-11.44,-2.85
2024/01/01 16:11:11.91,43.91,-31.27,-56.26,-61.37,57.54,-11.51,-1.43
2024/01/01 16:11:11.92,43.92,-31.07,-56.23,-61.26,55.49,-11.16,-1.44
2024/01/01 16:11:11.93,43.93,-31.08,-56.48,-61.18,54.24,-10.30,-1.97
2024/01/01 16:11:11.94,43.94,-31.23,-56.84,-61.18,54.19,-9.46,-2.04
2024/01/01 16:11:11.95,43.95,-31.37,-57.15,-61.27,54.77,-8.97,-1.97
2024/01/01 16:11:11.96,43.96,-31.42,-57.29,-61.43,55.26,-8.30,-2.14
2024/01/01 16:11:11.97,43.97,-31.45,-57.13,-61.49,55.41,-7.06,-2.37
2024/01/01 16:11:11.98,43.98,-31.53,-56.72,-61.38,55.64,-5.83,-2.33
2024/01/01 16:11:11.99,43.99,-31.60,-56.30,-61.21,56.54,-5.40,-2.09
2024/01/01 16:11:12.00,44.00,-31.60,-56.12,-61.09,58.24,-5.71,-2.14
2024/01/01 16:11:12.01,44.01,-31.56,-56.23,-60.95,60.21,-6.26,-2.42
2024/01/01 16:11:12.02,44.02,-31.59,-56.44,-60.62,61.17,-6.97,-2.23
2024/01/01 16:11:12.03,44.03,-31.71,-56.57,-60.10,59.97,-7.90,-1.57
2024/01/01 16:11:12.04,44.04,-31.88,-56.61,-59.57,56.97,-8.79,-1.06
2024/01/01 16:11:12.05,44.05,-31.91,-56.72,-59.14,53.96,-9.19,-0.58
2024/01/01 16:11:12.06,44.06,-31.73,-56.99,-58.81,52.43,-8.91,0.65
2024/01/01 16:11:12.07,44.07,-31.46,-57.40,-58.62,52.39,-8.30,2.38
2024/01/01 16:11:12.08,44.08,-31.22,-57.85,-58.65,53.00,-7.77,3.00
2024/01/01 16:11:12.09,44.09,-31.11,-58.22,-58.80,53.64,-7.52,1.59
2024/01/01 16:11:12.10,44.10,-31.18,-58.47,-58.82,54.18,-8.14,-0.42
2024/01/01 16:11:12.11,44.11,-31.39,-58.58,-58.77,54.59,-10.32,-1.57
2024/01/01 16:11:12.12,44.12,-31.69,-58.46,-58.81,55.04,-13.50,-2.50
2024/01/01 16:11:12.13,44.13,-31.99,-58.13,-58.99,55.77,-16.24,-3.59
2024/01/01 16:11:12.14,44.14,-32.21,-57.76,-59.28,56.55,-17.79,-3.29
2024/01/01 16:11:12.15,44.15,-32.33,-57.50,-59.50,57.03,-18.27,-1.07
2024/01/01 16:11:12.16,44.16,-32.41,-57.37,-59.38,57.45,-17.87,1.48
2024/01/01 16:11:12.17,44.17,-32.51,-57.35,-59.10,58.29,-16.46,2.77
2024/01/01 16:11:12.18,44.18,-32.57,-57.41,-59.15,59.54,-14.24,2.19
2024/01/01 16:11:12.19,44.19,-32.48,-57.47,-59.68,60.51,-11.87,0.45
2024/01/01 16:11:12.20,44.20,-32.35,-57.42,-60.30,60.17,-9.68,-0.51
2024/01/01 16:11:12.21,44.21,-32.34,-57.27,-60.72,58.05,-7.45,-0.05
2024/01/01 16:11:12.22,44.22,-32.37,-57.07,-61.03,55.21,-5.18,-0.38
2024/01/01 16:11:12.23,44.23,-32.32,-56.90,-61.37,53.57,-3.27,-2.57
2024/01/01 16:11:12.24,44.24,-32.11,-56.78,-61.77,53.73,-2.29,-4.17
2024/01/01 16:11:12.25,44.25,-31.64,-56.71,-62.26,54.57,-2.58,-3.86
2024/01/01 16:11:12.26,44.26,-31.00,-56.56,-62.79,54.93,-3.84,-3.62
2024/01/01 16:11:12.27,44.27,-30.40,-56.27,-63.25,54.57,-5.16,-4.41
2024/01/01 16:11:12.28,44.28,-29.95,-55.89,-63.53,53.97,-5.93,-5.28
2024/01/01 16:11:12.29,44.29,-29.71,-55.55,-63.63,53.91,-6.30,-5.86
2024/01/01 16:11:12.30,44.30,-29.70,-55.30,-63.64,54.93,-6.64,-6.57
2024/01/01 16:11:12.31,44.31,-29.85,-55.13,-63.60,56.66,-7.14,-7.51
2024/01/01 16:11:12.32,44.32,-30.07,-55.04,-63.40,58.06,-7.94,-7.78
2024/01/01 16:11:12.33,44.33,-30.32,-55.03,-63.02,58.34,-9.24,-6.42
2024/01/01 16:11:12.34,44.34,-30.51,-55.15,-62.50,57.77,-10.85,-3.96
2024/01/01 16:11:12.35,44.35,-30.59,-55.47,-61.87,57.38,-12.16,-1.71
2024/01/01 16:11:12.36,44.36,-30.53,-55.94,-61.21,57.79,-12.61,-0.12
2024/01/01 16:11:12.37,44.37,-30.35,-56.38,-60.71,58.88,-12.03,0.70
2024/01/01 16:11:12.38,44.38,-30.22,-56.66,-60.40,59.85,-10.31,0.44
2024/01/01 16:11:12.39,44.39,-30.26,-56.83,-60.23,59.70,-7.57,-0.60
2024/01/01 16:11:12.40,44.40,-30.43,-56.92,-60.03,58.27,-4.76,-1.62
2024/01/01 16:11:12.41,44.41,-30.56,-56.90,-59.76,56.75,-3.32,-2.26
2024/01/01 16:11:12.42,44.42,-30.52,-56.82,-59.53,56.26,-3.97,-2.32
2024/01/01 16:11:12.43,44.43,-30.36,-56.78,-59.39,56.84,-6.39,-1.75
2024/01/01 16:11:12.44,44.44,-30.23,-56.79,-59.25,57.78,-9.63,-0.68
2024/01/01 16:11:12.45,44.45,-30.28,-56.74,-59.12,58.42,-12.48,0.47
2024/01/01 16:11:12.46,44.46,-30.45,-56.58,-59.09,58.48,-13.92,1.15
2024/01/01 16:11:12.47,44.47,-30.64,-56.42,-59.11,58.03,-13.68,1.22
2024/01/01 16:11:12.48,44.48,-30.81,-56.46,-59.09,57.19,-12.23,0.85
2024/01/01 16:11:12.49,44.49,-30.96,-56.72,-59.06,56.30,-10.19,0.24
2024/01/01 16:11:12.50,44.50,-31.09,-57.01,-59.08,55.84,-8.02,-0.28
2024/01/01 16:11:12.51,44.51,-31.25,-57.16,-59.07,56.05,-6.30,-0.20
2024/01/01 16:11:12.52,44.52,-31.46,-57.19,-58.84,56.77,-5.58,0.70
2024/01/01 16:11:12.53,44.53,-31.60,-57.15,-58.44,57.47,-6.05,1.58
2024/01/01 16:11:12.54,44.54,-31.56,-57.13,-58.07,57.59,-7.61,1.51
2024/01/01 16:11:12.55,44.55,-31.52,-57.20,-57.71,56.88,-9.89,1.19
2024/01/01 16:11:12.56,44.56,-31.63,-57.42,-57.30,55.65,-12.22,1.77
2024/01/01 16:11:12.57,44.57,-31.78,-57.74,-57.00,54.78,-13.75,2.67
2024/01/01 16:11:12.58,44.58,-31.91,-58.06,-56.86,55.10,-13.76,2.66
2024/01/01 16:11:12.59,44.59,-32.00,-58.29,-56.84,56.37,-12.27,2.46
2024/01/01 16:11:12.60,44.60,-32.03,-58.43,-56.91,57.22,-10.25,2.94
2024/01/01 16:11:12.61,44.61,-32.01,-58.57,-56.97,56.67,-8.77,2.91
2024/01/01 16:11:12.62,44.62,-31.94,-58.73,-57.02,55.05,-8.24,1.71
2024/01/01 16:11:12.63,44.63,-31.80,-58.82,-57.23,53.27,-8.60,0.65
2024/01/01 16:11:12.64,44.64,-31.62,-58.81,-57.57,52.46,-9.75,0.47
2024/01/01 16:11:12.65,44.65,-31.51,-58.72,-57.81,53.31,-11.37,0.88
2024/01/01 16:11:12.66,44.66,-31.58,-58.59,-57.90,55.11,-12.81,1.31
2024/01/01 16:11:12.67,44.67,-31.76,-58.40,-58.01,56.66,-13.50,0.77
2024/01/01 16:11:12.68,44.68,-31.88,-58.09,-58.33,57.71,-13.17,-0.62
2024/01/01 16:11:12.69,44.69,-31.84,-57.80,-58.79,58.53,-11.96,-1.01
2024/01/01 16:11:12.70,44.70,-31.67,-57.69,-59.23,59.29,-10.76,0.09
2024/01/01 16:11:12.71,44.71,-31.49,-57.77,-59.47,60.00,-10.23,0.83
2024/01/01 16:11:12.72,44.72,-31.31,-57.99,-59.64,60.60,-10.25,0.13
2024/01/01 16:11:12.73,44.73,-31.08,-58.23,-59.99,60.97,-10.61,-1.15
2024/01/01 16:11:12.74,44.74,-30.74,-58.42,-60.56,60.58,-11.02,-1.95
2024/01/01 16:11:12.75,44.75,-30.40,-58.48,-61.06,58.99,-10.96,-1.93
2024/01/01 16:11:12.76,44.76,-30.18,-58.41,-61.31,56.69,-10.32,-1.87
2024/01/01 16:11:12.77,44.77,-30.19,-58.25,-61.36,54.63,-9.20,-2.75
2024/01/01 16:11:12.78,44.78,-30.33,-57.98,-61.43,53.69,-7.79,-3.94
2024/01/01 16:11:12.79,44.79,-30.45,-57.61,-61.54,54.21,-6.96,-4.26
2024/01/01 16:11:12.80,44.80,-30.50,-57.25,-61.47,55.59,-7.48,-3.75
2024/01/01 16:11:12.81,44.81,-30.48,-57.02,-61.19,57.13,-8.93,-2.95
2024/01/01 16:11:12.82,44.82,-30.44,-56.90,-60.98,58.38,-10.13,-2.38
2024/01/01 16:11:12.83,44.83,-30.45,-56.80,-61.01,58.84,-10.48,-2.08
2024/01/01 16:11:12.84,44.84,-30.56,-56.62,-61.06,58.65,-10.44,-1.40
2024/01/01 16:11:12.85,44.85,-30.67,-56.34,-60.98,58.39,-10.46,-0.41
2024/01/01 16:11:12.86,44.86,-30.61,-56.13,-60.92,58.37,-10.53,-0.41
2024/01/01 16:11:12.87,44.87,-30.38,-56.16,-61.06,58.53,-10.55,-1.68
2024/01/01 16:11:12.88,44.88,-30.24,-56.35,-61.19,58.29,-10.10,-2.58
2024/01/01 16:11:12.89,44.89,-30.37,-56.50,-61.09,57.29,-8.87,-2.32
2024/01/01 16:11:12.90,44.90,-30.63,-56.50,-60.93,56.31,-7.51,-2.41
2024/01/01 16:11:12.91,44.91,-30.83,-56.38,-60.79,56.29,-6.44,-3.55
2024/01/01 16:11:12.92,44.92,-30.98,-56.23,-60.45,56.98,-5.62,-3.87
2024/01/01 16:11:12.93,44.93,-31.22,-56.11,-59.77,57.21,-5.54,-1.98
2024/01/01 16:11:12.94,44.94,-31.59,-56.06,-58.97,56.26,-6.16,0.56
2024/01/01 16:11:12.95,44.95,-31.95,-56.05,-58.37,54.73,-6.62,1.74
2024/01/01 16:11:12.96,44.96,-32.22,-56.02,-58.05,53.78,-7.05,2.38
2024/01/01 16:11:12.97,44.97,-32.44,-56.09,-57.85,53.90,-8.25,3.91
2024/01/01 16:11:12.98,44.98,-32.59,-56.34,-57.76,54.70,-10.05,4.89
2024/01/01 16:11:12.99,44.99,-32.63,-56.65,-57.90,55.41,-11.44,3.36
2024/01/01 16:11:13.00,45.00,-32.58,-56.93,-58.18,55.63,-11.65,0.71
2024/01/01 16:11:13.01,45.01,-32.46,-57.18,-58.40,55.74,-11.06,-0.46
2024/01/01 16:11:13.02,45.02,-32.31,-57.42,-58.59,56.19,-10.47,-0.37
2024/01/01 16:11:13.03,45.03,-32.15,-57.65,-58.86,56.76,-9.77,-0.84
2024/01/01 16:11:13.04,45.04,-31.99,-57.95,-59.12,56.75,-8.78,-1.76
2024/01/01 16:11:13.05,45.05,-31.89,-58.24,-59.18,55.77,-8.29,-1.66
2024/01/01 16:11:13.06,45.06,-31.94,-58.41,-59.17,54.02,-8.79,-0.55
2024/01/01 16:11:13.07,45.07,-32.09,-58.39,-59.25,52.25,-9.69,-0.18
2024/01/01 16:11:13.08,45.08,-32.25,-58.21,-59.39,51.59,-10.37,-0.82
2024/01/01 16:11:13.09,45.09,-32.31,-58.03,-59.53,52.67,-11.03,-0.94
2024/01/01 16:11:13.10,45.10,-32.35,-58.04,-59.63,54.86,-11.91,-0.49
2024/01/01 16:11:13.11,45.11,-32.46,-58.20,-59.68,56.86,-12.79,-0.58
2024/01/01 16:11:13.12,45.12,-32.50,-58.43,-59.80,57.81,-13.33,-1.04
2024/01/01 16:11:13.13,45.13,-32.31,-58.74,-60.11,57.89,-13.51,-1.31
2024/01/01 16:11:13.14,45.14,-32.03,-59.05,-60.35,57.90,-13.72,-1.12
2024/01/01 16:11:13.15,45.15,-31.88,-59.23,-60.25,58.05,-14.06,-0.31
2024/01/01 16:11:13.16,45.16,-31.85,-59.32,-59.98,57.77,-13.82,0.01
2024/01/01 16:11:13.17,45.17,-31.85,-59.42,-59.81,57.06,-12.41,-1.16
2024/01/01 16:11:13.18,45.18,-31.86,-59.46,-59.60,56.59,-10.26,-2.24
2024/01/01 16:11:13.19,45.19,-31.87,-59.35,-59.26,56.42,-8.33,-1.23
2024/01/01 16:11:13.20,45.20,-31.81,-59.20,-58.95,56.02,-7.40,0.64
2024/01/01 16:11:13.21,45.21,-31.70,-59.05,-58.72,55.49,-7.74,1.31
2024/01/01 16:11:13.22,45.22,-31.64,-58.89,-58.48,55.41,-9.05,1.74
2024/01/01 16:11:13.23,45.23,-31.72,-58.74,-58.19,55.78,-11.00,3.03
2024/01/01 16:11:13.24,45.24,-31.84,-58.65,-58.03,56.48,-13.06,3.24
2024/01/01 16:11:13.25,45.25,-31.86,-58.66,-58.24,57.70,-14.12,1.22
2024/01/01 16:11:13.26,45.26,-31.80,-58.70,-58.80,58.99,-13.56,-1.13
2024/01/01 16:11:13.27,45.27,-31.76,-58.68,-59.39,59.29,-12.37,-1.84
2024/01/01 16:11:13.28,45.28,-31.80,-58.58,-59.87,58.29,-11.92,-1.15
2024/01/01 16:11:13.29,45.29,-31.89,-58.42,-60.28,56.77,-12.10,-0.79
2024/01/01 16:11:13.30,45.30,-32.00,-58.19,-60.56,55.77,-12.10,-1.42
2024/01/01 16:11:13.31,45.31,-32.11,-57.92,-60.61,55.55,-11.96,-1.87
2024/01/01 16:11:13.32,45.32,-32.16,-57.68,-60.57,55.61,-12.04,-1.95
2024/01/01 16:11:13.33,45.33,-32.11,-57.47,-60.59,55.30,-12.08,-2.77
2024/01/01 16:11:13.34,45.34,-32.00,-57.28,-60.68,54.60,-11.57,-3.76
2024/01/01 16:11:13.35,45.35,-31.86,-57.05,-60.75,54.08,-10.48,-3.23
2024/01/01 16:11:13.36,45.36,-31.77,-56.87,-60.64,54.30,-9.45,-1.56
2024/01/01 16:11:13.37,45.37,-31.84,-56.84,-60.28,55.26,-8.85,-0.43
2024/01/01 16:11:13.38,45.38,-32.05,-56.97,-59.87,56.32,-8.23,-0.65
2024/01/01 16:11:13.39,45.39,-32.30,-57.14,-59.66,56.66,-7.49,-1.68
2024/01/01 16:11:13.40,45.40,-32.54,-57.28,-59.62,56.06,-7.35,-2.09
2024/01/01 16:11:13.41,45.41,-32.73,-57.32,-59.53,54.93,-7.93,-1.01
2024/01/01 16:11:13.42,45.42,-32.86,-57.24,-59.34,53.96,-8.59,0.52
2024/01/01 16:11:13.43,45.43,-32.91,-57.03,-59.06,53.93,-9.14,1.05
2024/01/01 16:11:13.44,45.44,-32.90,-56.81,-58.74,55.05,-9.57,1.07
2024/01/01 16:11:13.45,45.45,-32.83,-56.68,-58.54,56.29,-9.62,1.73
2024/01/01 16:11:13.46,45.46,-32.71,-56.64,-58.50,56.47,-9.31,2.58
2024/01/01 16:11:13.47,45.47,-32.66,-56.58,-58.43,55.40,-8.71,2.51
2024/01/01 16:11:13.48,45.48,-32.85,-56.38,-58.27,53.74,-7.74,1.61
2024/01/01 16:11:13.49,45.49,-33.27,-56.06,-58.10,52.57,-6.74,0.26
2024/01/01 16:11:13.50,45.50,-33.67,-55.80,-58.02,52.65,-6.33,-1.22
2024/01/01 16:11:13.51,45.51,-33.89,-55.73,-58.14,53.77,-6.77,-1.68
2024/01/01 16:11:13.52,45.52,-33.90,-55.89,-58.29,55.04,-7.75,-0.33
2024/01/01 16:11:13.53,45.53,-33.72,-56.15,-58.16,55.76,-8.81,1.83
2024/01/01 16:11:13.54,45.54,-33.37,-56.36,-57.82,55.79,-9.75,3.15
2024/01/01 16:11:13.55,45.55,-33.01,-56.42,-57.46,55.44,-10.57,2.82
2024/01/01 16:11:13.56,45.56,-32.81,-56.36,-57.18,55.18,-11.19,1.68
2024/01/01 16:11:13.57,45.57,-32.74,-56.27,-57.14,55.07,-11.52,1.46
2024/01/01 16:11:13.58,45.58,-32.69,-56.23,-57.36,54.66,-11.37,2.23
2024/01/01 16:11:13.59,45.59,-32.58,-56.24,-57.63,53.79,-10.56,2.59
2024/01/01 16:11:13.60,45.60,-32.32,-56.34,-58.01,52.82,-9.22,2.50
2024/01/01 16:11:13.61,45.61,-31.96,-56.57,-58.62,52.38,-7.95,2.29
2024/01/01 16:11:13.62,45.62,-31.70,-56.84,-59.24,53.00,-7.39,1.30
2024/01/01 16:11:13.63,45.63,-31.62,-57.10,-59.85,54.63,-7.57,-0.41
2024/01/01 16:11:13.64,45.64,-31.70,-57.39,-60.68,56.47,-7.90,-2.41
2024/01/01 16:11:13.65,45.65,-31.85,-57.66,-61.55,57.90,-7.81,-4.51
2024/01/01 16:11:13.66,45.66,-31.93,-57.79,-62.16,58.87,-7.38,-5.19
2024/01/01 16:11:13.67,45.67,-31.76,-57.69,-62.53,59.45,-6.97,-3.87
2024/01/01 16:11:13.68,45.68,-31.42,-57.34,-62.65,59.83,-7.14,-2.96
2024/01/01 16:11:13.69,45.69,-31.16,-56.91,-62.51,60.16,-8.33,-3.49
2024/01/01 16:11:13.70,45.70,-31.03,-56.73,-62.36,60.00,-10.13,-3.76
2024/01/01 16:11:13.71,45.71,-30.93,-56.93,-62.41,58.86,-11.65,-3.44
2024/01/01 16:11:13.72,45.72,-30.87,-57.22,-62.50,57.21,-12.27,-3.50
2024/01/01 16:11:13.73,45.73,-30.92,-57.29,-62.50,55.82,-11.78,-3.66
2024/01/01 16:11:13.74,45.74,-31.09,-57.13,-62.40,54.99,-10.81,-3.97
2024/01/01 16:11:13.75,45.75,-31.40,-56.83,-62.13,54.84,-10.48,-5.03
2024/01/01 16:11:13.76,45.76,-31.81,-56.47,-61.62,55.20,-10.83,-5.64
2024/01/01 16:11:13.77,45.77,-32.12,-56.20,-61.07,55.43,-10.96,-4.54
2024/01/01 16:11:13.78,45.78,-32.29,-56.12,-60.63,55.21,-10.44,-2.77
2024/01/01 16:11:13.79,45.79,-32.46,-56.27,-60.25,54.69,-9.47,-0.97
2024/01/01 16:11:13.80,45.80,-32.65,-56.56,-60.00,53.82,-8.47,1.22
2024/01/01 16:11:13.81,45.81,-32.89,-56.79,-59.85,52.73,-7.96,2.65
2024/01/01 16:11:13.82,45.82,-33.24,-56.85,-59.66,52.21,-8.02,2.46
2024/01/01 16:11:13.83,45.83,-33.58,-56.75,-59.47,52.81,-8.13,1.54
2024/01/01 16:11:13.84,45.84,-33.79,-56.60,-59.49,54.32,-7.93,-0.05
2024/01/01 16:11:13.85,45.85,-33.90,-56.47,-59.64,56.27,-7.44,-2.24
2024/01/01 16:11:13.86,45.86,-33.87,-56.41,-59.70,57.86,-6.86,-3.02
2024/01/01 16:11:13.87,45.87,-33.58,-56.44,-59.65,58.33,-6.68,-1.68
2024/01/01 16:11:13.88,45.88,-33.15,-56.55,-59.52,57.73,-7.30,0.06
2024/01/01 16:11:13.89,45.89,-32.80,-56.57,-59.34,56.62,-8.42,1.44
2024/01/01 16:11:13.90,45.90,-32.63,-56.38,-59.17,55.25,-9.15,2.69
2024/01/01 16:11:13.91,45.91,-32.54,-56.07,-59.10,53.73,-9.06,2.82
2024/01/01 16:11:13.92,45.92,-32.52,-55.83,-59.17,52.33,-8.39,1.26
2024/01/01 16:11:13.93,45.93,-32.52,-55.76,-59.35,51.26,-7.59,-0.78
2024/01/01 16:11:13.94,45.94,-32.40,-55.89,-59.74,50.57,-7.20,-2.39
2024/01/01 16:11:13.95,45.95,-32.16,-56.14,-60.28,50.54,-7.55,-3.27
2024/01/01 16:11:13.96,45.96,-31.98,-56.35,-60.55,51.55,-8.37,-2.82
2024/01/01 16:11:13.97,45.97,-32.03,-56.55,-60.45,53.41,-9.38,-1.57
2024/01/01 16:11:13.98,45.98,-32.28,-56.86,-60.43,55.32,-10.62,-1.34
2024/01/01 16:11:13.99,45.99,-32.60,-57.25,-60.64,56.74,-11.66,-2.41
2024/01/01 16:11:14.00,46.00,-32.85,-57.57,-60.82,57.52,-11.92,-2.78
2024/01/01 16:11:14.01,46.01,-32.91,-57.73,-60.84,57.51,-11.58,-1.71
2024/01/01 16:11:14.02,46.02,-32.75,-57.74,-60.76,57.21,-11.08,-1.18
2024/01/01 16:11:14.03,46.03,-32.46,-57.63,-60.72,57.42,-10.45,-2.01
2024/01/01 16:11:14.04,46.04,-32.09,-57.48,-60.77,58.16,-9.66,-2.31
2024/01/01 16:11:14.05,46.05,-31.75,-57.39,-60.75,58.77,-9.16,-1.29
2024/01/01 16:11:14.06,46.06,-31.53,-57.39,-60.64,58.70,-9.38,-0.74
2024/01/01 16:11:14.07,46.07,-31.45,-57.42,-60.63,57.74,-10.14,-1.90
2024/01/01 16:11:14.08,46.08,-31.41,-57.41,-60.76,56.23,-10.78,-3.85
2024/01/01 16:11:14.09,46.09,-31.31,-57.33,-60.84,55.05,-11.04,-4.58
2024/01/01 16:11:14.10,46.10,-31.21,-57.17,-60.80,54.80,-10.94,-3.38
2024/01/01 16:11:14.11,46.11,-31.24,-57.03,-60.71,55.37,-10.43,-2.01
2024/01/01 16:11:14.12,46.12,-31.40,-57.00,-60.62,56.23,-9.37,-1.85
2024/01/01 16:11:14.13,46.13,-31.59,-57.08,-60.59,56.82,-7.91,-1.62
2024/01/01 16:11:14.14,46.14,-31.76,-57.16,-60.49,56.74,-6.66,-0.41
2024/01/01 16:11:14.15,46.15,-31.84,-57.18,-60.28,55.90,-6.28,0.50
2024/01/01 16:11:14.16,46.16,-31.78,-57.17,-60.06,54.83,-6.86,0.16
2024/01/01 16:11:14.17,46.17,-31.70,-57.20,-59.90,54.38,-8.22,-0.62
2024/01/01 16:11:14.18,46.18,-31.68,-57.26,-59.81,54.78,-10.15,-0.80
2024/01/01 16:11:14.19,46.19,-31.69,-57.21,-59.72,55.59,-11.91,-0.65
2024/01/01 16:11:14.20,46.20,-31.69,-57.01,-59.51,56.31,-12.43,-0.98
2024/01/01 16:11:14.21,46.21,-31.69,-56.86,-59.23,56.66,-11.50,-1.39
2024/01/01 16:11:14.22,46.22,-31.68,-56.87,-58.87,56.77,-9.94,-0.72
2024/01/01 16:11:14.23,46.23,-31.66,-56.97,-58.35,56.83,-8.69,1.09
2024/01/01 16:11:14.24,46.24,-31.64,-57.06,-57.83,56.65,-8.19,2.85
2024/01/01 16:11:14.25,46.25,-31.61,-57.05,-57.58,56.10,-8.35,3.33
2024/01/01 16:11:14.26,46.26,-31.60,-56.91,-57.57,55.46,-9.00,2.61
2024/01/01 16:11:14.27,46.27,-31.69,-56.70,-57.66,54.73,-9.88,1.91
2024/01/01 16:11:14.28,46.28,-31.85,-56.50,-57.81,53.79,-10.52,1.62
2024/01/01 16:11:14.29,46.29,-31.95,-56.32,-58.05,53.24,-10.52,0.97
2024/01/01 16:11:14.30,46.30,-31.98,-56.16,-58.39,53.95,-9.84,0.06
2024/01/01 16:11:14.31,46.31,-31.95,-56.15,-58.82,55.84,-8.99,-0.08
2024/01/01 16:11:14.32,46.32,-31.83,-56.25,-59.28,57.96,-8.72,0.24
2024/01/01 16:11:14.33,46.33,-31.57,-56.35,-59.69,59.28,-8.95,-0.02
2024/01/01 16:11:14.34,46.34,-31.21,-56.41,-60.02,59.44,-9.03,-0.91
2024/01/01 16:11:14.35,46.35,-30.87,-56.47,-60.34,58.80,-8.99,-1.87
2024/01/01 16:11:14.36,46.36,-30.67,-56.60,-60.68,57.98,-9.10,-2.40
2024/01/01 16:11:14.37,46.37,-30.55,-56.78,-60.98,57.44,-8.68,-2.52
2024/01/01 16:11:14.38,46.38,-30.39,-56.94,-61.16,57.53,-7.13,-2.85
2024/01/01 16:11:14.39,46.39,-30.21,-56.98,-61.22,58.35,-5.29,-3.63
2024/01/01 16:11:14.40,46.40,-30.16,-56.99,-61.18,59.49,-4.35,-4.09
2024/01/01 16:11:14.41,46.41,-30.19,-57.02,-60.97,60.20,-4.91,-3.61
2024/01/01 16:11:14.42,46.42,-30.21,-57.01,-60.63,59.97,-6.89,-2.37
2024/01/01 16:11:14.43,46.43,-30.19,-56.87,-60.25,58.95,-9.42,-0.95
2024/01/01 16:11:14.44,46.44,-30.17,-56.67,-59.99,57.79,-11.59,-0.13
2024/01/01 16:11:14.45,46.45,-30.22,-56.59,-59.98,56.94,-13.15,-0.19
2024/01/01 16:11:14.46,46.46,-30.44,-56.67,-60.19,56.36,-13.79,-0.46
2024/01/01 16:11:14.47,46.47,-30.82,-56.84,-60.43,56.06,-13.18,-0.52
2024/01/01 16:11:14.48,46.48,-31.17,-57.04,-60.64,56.21,-11.56,-0.76
2024/01/01 16:11:14.49,46.49,-31.41,-57.27,-60.77,56.54,-9.42,-1.63
2024/01/01 16:11:14.50,46.50,-31.59,-57.44,-60.72,56.59,-7.50,-2.74
2024/01/01 16:11:14.51,46.51,-31.78,-57.49,-60.55,56.23,-6.57,-3.16
2024/01/01 16:11:14.52,46.52,-31.94,-57.47,-60.44,55.65,-6.77,-2.70
2024/01/01 16:11:14.53,46.53,-32.00,-57.45,-60.44,55.11,-7.91,-1.71
2024/01/01 16:11:14.54,46.54,-32.04,-57.40,-60.38,54.65,-9.70,-0.09
2024/01/01 16:11:14.55,46.55,-32.18,-57.33,-60.22,54.17,-11.22,1.49
2024/01/01 16:11:14.56,46.56,-32.35,-57.23,-60.17,53.84,-11.54,1.30
2024/01/01 16:11:14.57,46.57,-32.43,-57.11,-60.27,54.11,-10.57,-0.56
2024/01/01 16:11:14.58,46.58,-32.37,-56.98,-60.40,54.95,-8.90,-1.82
2024/01/01 16:11:14.59,46.59,-32.27,-56.89,-60.56,55.72,-7.73,-1.92
2024/01/01 16:11:14.60,46.60,-32.21,-56.92,-60.72,56.14,-8.01,-2.39
2024/01/01 16:11:14.61,46.61,-32.22,-57.00,-60.81,56.43,-9.57,-3.10
2024/01/01 16:11:14.62,46.62,-32.23,-57.00,-60.77,56.47,-11.52,-2.68
2024/01/01 16:11:14.63,46.63,-32.14,-56.96,-60.65,56.17,-13.31,-1.56
2024/01/01 16:11:14.64,46.64,-31.94,-57.05,-60.56,55.94,-14.31,-1.02
2024/01/01 16:11:14.65,46.65,-31.75,-57.26,-60.55,55.92,-13.47,-1.07
2024/01/01 16:11:14.66,46.66,-31.72,-57.44,-60.57,55.83,-10.71,-0.95
2024/01/01 16:11:14.67,46.67,-31.86,-57.58,-60.52,55.67,-7.41,-0.63
2024/01/01 16:11:14.68,46.68,-32.03,-57.68,-60.33,55.83,-4.83,-0.97
2024/01/01 16:11:14.69,46.69,-32.07,-57.72,-60.10,56.43,-3.60,-2.11
2024/01/01 16:11:14.70,46.70,-32.00,-57.74,-60.00,56.92,-4.19,-2.97
2024/01/01 16:11:14.71,46.71,-31.85,-57.80,-59.98,56.77,-6.38,-2.48
2024/01/01 16:11:14.72,46.72,-31.62,-57.93,-59.97,56.05,-9.17,-0.67
2024/01/01 16:11:14.73,46.73,-31.29,-58.17,-60.00,55.27,-11.62,0.80
2024/01/01 16:11:14.74,46.74,-30.98,-58.42,-60.07,55.10,-13.22,0.42
2024/01/01 16:11:14.75,46.75,-30.89,-58.53,-60.12,55.89,-14.14,-0.97
2024/01/01 16:11:14.76,46.76,-31.03,-58.46,-60.10,57.11,-14.83,-2.04
2024/01/01 16:11:14.77,46.77,-31.25,-58.35,-60.14,57.67,-15.21,-2.94
2024/01/01 16:11:14.78,46.78,-31.39,-58.31,-60.32,56.93,-14.89,-3.42
2024/01/01 16:11:14.79,46.79,-31.41,-58.29,-60.42,55.35,-13.91,-2.68
2024/01/01 16:11:14.80,46.80,-31.33,-58.22,-60.26,54.05,-12.69,-1.09
2024/01/01 16:11:14.81,46.81,-31.24,-58.19,-60.02,53.98,-11.49,-0.24
2024/01/01 16:11:14.82,46.82,-31.18,-58.28,-59.93,55.41,-10.38,-0.90
2024/01/01 16:11:14.83,46.83,-31.28,-58.44,-59.92,57.37,-9.62,-1.52
2024/01/01 16:11:14.84,46.84,-31.60,-58.52,-59.83,58.30,-9.61,-0.76
2024/01/01 16:11:14.85,46.85,-32.08,-58.49,-59.69,57.87,-10.01,-0.06
2024/01/01 16:11:14.86,46.86,-32.56,-58.37,-59.61,56.79,-9.96,-0.62
2024/01/01 16:11:14.87,46.87,-32.83,-58.15,-59.54,55.85,-9.51,-0.98
2024/01/01 16:11:14.88,46.88,-32.81,-57.89,-59.26,55.84,-9.54,0.09
2024/01/01 16:11:14.89,46.89,-32.55,-57.65,-58.87,56.86,-10.29,1.63
2024/01/01 16:11:14.90,46.90,-32.20,-57.41,-58.67,57.99,-10.83,2.00
2024/01/01 16:11:14.91,46.91,-31.86,-57.19,-58.72,58.61,-10.32,1.12
2024/01/01 16:11:14.92,46.92,-31.57,-57.08,-58.78,58.76,-8.98,0.79
2024/01/01 16:11:14.93,46.93,-31.34,-57.13,-58.80,58.51,-7.77,1.26
2024/01/01 16:11:14.94,46.94,-31.13,-57.21,-58.89,57.86,-7.10,0.50
2024/01/01 16:11:14.95,46.95,-30.96,-57.26,-59.10,56.93,-6.73,-1.53
2024/01/01 16:11:14.96,46.96,-30.81,-57.29,-59.35,55.83,-6.86,-2.38
2024/01/01 16:11:14.97,46.97,-30.65,-57.31,-59.48,54.73,-7.66,-1.55
2024/01/01 16:11:14.98,46.98,-30.54,-57.28,-59.49,53.82,-8.49,-0.90
2024/01/01 16:11:14.99,46.99,-30.57,-57.21,-59.47,53.54,-8.83,-1.22
2024/01/01 16:11:15.00,47.00,-30.68,-57.17,-59.48,54.19,-8.78,-1.45
2024/01/01 16:11:15.01,47.01,-30.78,-57.20,-59.53,55.49,-8.65,-0.72
2024/01/01 16:11:15.02,47.02,-30.89,-57.30,-59.69,56.69,-8.92,0.28
2024/01/01 16:11:15.03,47.03,-31.01,-57.46,-59.93,57.41,-9.79,0.39
2024/01/01 16:11:15.04,47.04,-31.04,-57.69,-60.21,58.06,-10.97,-0.16
2024/01/01 16:11:15.05,47.05,-31.00,-57.98,-60.51,59.25,-12.28,-0.57
2024/01/01 16:11:15.06,47.06,-30.90,-58.27,-60.76,60.78,-13.55,-1.19
2024/01/01 16:11:15.07,47.07,-30.74,-58.50,-60.89,61.78,-14.29,-2.44
2024/01/01 16:11:15.08,47.08,-30.53,-58.73,-60.91,61.65,-14.16,-3.65
2024/01/01 16:11:15.09,47.09,-30.29,-59.01,-60.85,60.27,-13.31,-3.79
2024/01/01 16:11:15.10,47.10,-30.17,-59.25,-60.78,57.84,-12.20,-2.82
2024/01/01 16:11:15.11,47.11,-30.24,-59.37,-60.75,55.09,-11.31,-1.58
2024/01/01 16:11:15.12,47.12,-30.32,-59.37,-60.84,53.10,-10.94,-0.87
2024/01/01 16:11:15.13,47.13,-30.30,-59.24,-60.93,52.79,-11.06,-0.91
2024/01/01 16:11:15.14,47.14,-30.34,-59.06,-60.88,54.19,-11.41,-1.30
2024/01/01 16:11:15.15,47.15,-30.56,-58.90,-60.85,56.21,-11.47,-1.80
2024/01/01 16:11:15.16,47.16,-30.79,-58.79,-61.01,57.77,-11.03,-2.96
2024/01/01 16:11:15.17,47.17,-30.92,-58.69,-61.23,58.84,-10.45,-4.09
2024/01/01 16:11:15.18,47.18,-31.01,-58.62,-61.27,59.57,-10.41,-3.30
2024/01/01 16:11:15.19,47.19,-31.17,-58.53,-61.02,59.78,-11.33,-1.32
2024/01/01 16:11:15.20,47.20,-31.48,-58.36,-60.53,59.62,-12.49,-0.53
2024/01/01 16:11:15.21,47.21,-31.83,-58.19,-59.97,59.30,-12.46,-0.72
2024/01/01 16:11:15.22,47.22,-32.03,-58.08,-59.50,58.63,-11.12,-0.45
2024/01/01 16:11:15.23,47.23,-32.11,-57.94,-59.02,57.39,-9.53,0.33
2024/01/01 16:11:15.24,47.24,-32.17,-57.71,-58.46,55.77,-8.12,1.09
2024/01/01 16:11:15.25,47.25,-32.22,-57.50,-57.98,54.27,-7.18,1.32
2024/01/01 16:11:15.26,47.26,-32.23,-57.36,-57.83,53.34,-7.23,0.86
2024/01/01 16:11:15.27,47.27,-32.15,-57.28,-58.03,52.90,-8.27,0.98
2024/01/01 16:11:15.28,47.28,-32.07,-57.31,-58.30,52.41,-9.92,2.33
2024/01/01 16:11:15.29,47.29,-32.12,-57.37,-58.25,51.76,-11.57,2.84
2024/01/01 16:11:15.30,47.30,-32.30,-57.24,-58.00,51.90,-12.41,1.00
2024/01/01 16:11:15.31,47.31,-32.46,-56.94,-57.99,53.63,-12.14,-1.69
2024/01/01 16:11:15.32,47.32,-32.44,-56.62,-58.31,56.28,-11.15,-3.07
2024/01/01 16:11:15.33,47.33,-32.26,-56.38,-58.66,58.27,-9.73,-2.07
2024/01/01 16:11:15.34,47.34,-32.06,-56.16,-58.78,58.44,-8.16,0.50
2024/01/01 16:11:15.35,47.35,-31.87,-55.91,-58.69,56.79,-6.85,2.19
2024/01/01 16:11:15.36,47.36,-31.65,-55.64,-58.65,54.62,-6.11,1.89
2024/01/01 16:11:15.37,47.37,-31.48,-55.49,-58.80,53.71,-6.24,1.12
2024/01/01 16:11:15.38,47.38,-31.37,-55.54,-59.01,54.63,-7.26,1.04
2024/01/01 16:11:15.39,47.39,-31.37,-55.74,-59.23,56.44,-8.51,0.72
2024/01/01 16:11:15.40,47.40,-31.52,-56.03,-59.54,58.06,-8.93,-0.88
2024/01/01 16:11:15.41,47.41,-31.65,-56.31,-59.98,59.07,-8.19,-3.00
2024/01/01 16:11:15.42,47.42,-31.56,-56.53,-60.44,59.39,-7.12,-3.78
2024/01/01 16:11:15.43,47.43,-31.31,-56.69,-60.70,59.27,-6.74,-2.61
2024/01/01 16:11:15.44,47.44,-31.07,-56.86,-60.73,59.20,-7.10,-1.08
2024/01/01 16:11:15.45,47.45,-30.92,-57.06,-60.80,59.24,-7.53,-0.70
2024/01/01 16:11:15.46,47.46,-30.85,-57.23,-61.08,58.96,-7.79,-0.95
2024/01/01 16:11:15.47,47.47,-30.79,-57.35,-61.32,57.91,-8.27,-0.86
2024/01/01 16:11:15.48,47.48,-30.70,-57.37,-61.28,56.21,-9.30,-0.87
2024/01/01 16:11:15.49,47.49,-30.60,-57.33,-61.18,54.76,-10.59,-2.09
2024/01/01 16:11:15.50,47.50,-30.54,-57.29,-61.30,54.35,-11.62,-4.37
2024/01/01 16:11:15.51,47.51,-30.51,-57.23,-61.58,54.97,-12.15,-5.77
2024/01/01 16:11:15.52,47.52,-30.53,-57.15,-61.85,55.97,-12.06,-4.94
2024/01/01 16:11:15.53,47.53,-30.59,-57.09,-61.98,56.66,-11.39,-3.31
2024/01/01 16:11:15.54,47.54,-30.80,-57.12,-61.86,56.84,-10.49,-2.66
2024/01/01 16:11:15.55,47.55,-31.29,-57.23,-61.53,56.77,-9.84,-2.48
2024/01/01 16:11:15.56,47.56,-31.92,-57.27,-61.19,56.51,-9.77,-1.90
2024/01/01 16:11:15.57,47.57,-32.42,-57.13,-61.02,56.18,-10.13,-1.40
2024/01/01 16:11:15.58,47.58,-32.67,-56.94,-61.02,56.15,-10.30,-1.17
2024/01/01 16:11:15.59,47.59,-32.78,-56.89,-61.07,56.37,-9.78,-0.43
2024/01/01 16:11:15.60,47.60,-32.86,-56.96,-61.05,56.43,-8.77,0.66
2024/01/01 16:11:15.61,47.61,-32.91,-56.97,-61.06,56.12,-7.69,0.66
2024/01/01 16:11:15.62,47.62,-32.89,-56.82,-61.23,55.43,-6.79,-1.03
2024/01/01 16:11:15.63,47.63,-32.74,-56.57,-61.40,54.56,-6.53,-3.10
2024/01/01 16:11:15.64,47.64,-32.60,-56.17,-61.27,53.73,-7.45,-3.90
2024/01/01 16:11:15.65,47.65,-32.63,-55.64,-60.86,52.96,-9.11,-3.47
2024/01/01 16:11:15.66,47.66,-32.79,-55.22,-60.53,52.29,-10.24,-3.22
2024/01/01 16:11:15.67,47.67,-32.94,-55.12,-60.48,51.94,-10.23,-3.30
2024/01/01 16:11:15.68,47.68,-33.01,-55.31,-60.52,51.91,-9.46,-2.06
2024/01/01 16:11:15.69,47.69,-32.93,-55.62,-60.50,51.99,-8.70,0.37
2024/01/01 16:11:15.70,47.70,-32.80,-55.86,-60.55,52.34,-8.02,1.09
2024/01/01 16:11:15.71,47.71,-32.74,-55.86,-60.65,53.35,-6.93,-0.79
2024/01/01 16:11:15.72,47.72,-32.69,-55.66,-60.74,55.08,-5.76,-2.48
2024/01/01 16:11:15.73,47.73,-32.55,-55.42,-60.79,57.08,-5.53,-2.36
2024/01/01 16:11:15.74,47.74,-32.35,-55.30,-60.79,58.49,-6.32,-2.09
2024/01/01 16:11:15.75,47.75,-32.10,-55.35,-60.76,58.63,-7.22,-2.79
2024/01/01 16:11:15.76,47.76,-31.85,-55.61,-60.67,57.62,-7.82,-3.26
2024/01/01 16:11:15.77,47.77,-31.79,-56.02,-60.34,56.28,-8.47,-2.51
2024/01/01 16:11:15.78,47.78,-31.90,-56.40,-59.79,55.47,-9.37,-1.25
2024/01/01 16:11:15.79,47.79,-31.95,-56.64,-59.32,55.39,-10.27,-0.50
2024/01/01 16:11:15.80,47.80,-31.80,-56.86,-59.03,55.78,-10.69,-0.11
2024/01/01 16:11:15.81,47.81,-31.54,-57.16,-58.73,56.32,-10.45,0.90
2024/01/01 16:11:15.82,47.82,-31.27,-57.47,-58.42,56.69,-9.73,2.41
2024/01/01 16:11:15.83,47.83,-31.09,-57.72,-58.20,56.89,-8.70,2.72
2024/01/01 16:11:15.84,47.84,-31.04,-57.92,-58.11,57.42,-7.77,1.49
2024/01/01 16:11:15.85,47.85,-31.18,-58.02,-58.14,58.42,-7.95,0.80
2024/01/01 16:11:15.86,47.86,-31.43,-57.95,-58.27,58.93,-9.67,1.03
2024/01/01 16:11:15.87,47.87,-31.76,-57.75,-58.42,57.99,-11.79,0.32
2024/01/01 16:11:15.88,47.88,-32.18,-57.51,-58.50,56.09,-12.95,-1.16
2024/01/01 16:11:15.89,47.89,-32.63,-57.24,-58.36,54.51,-12.93,-1.62
2024/01/01 16:11:15.90,47.90,-32.91,-56.94,-58.10,54.23,-12.36,-0.62
2024/01/01 16:11:15.91,47.91,-32.99,-56.73,-58.07,55.32,-11.68,0.92
2024/01/01 16:11:15.92,47.92,-32.94,-56.68,-58.22,56.68,-10.97,2.20
2024/01/01 16:11:15.93,47.93,-32.79,-56.69,-58.30,56.91,-10.51,3.29
2024/01/01 16:11:15.94,47.94,-32.63,-56.70,-58.35,55.79,-10.36,4.15
2024/01/01 16:11:15.95,47.95,-32.50,-56.72,-58.58,54.41,-9.90,3.33
2024/01/01 16:11:15.96,47.96,-32.38,-56.78,-59.00,53.89,-8.45,0.36
2024/01/01 16:11:15.97,47.97,-32.39,-56.88,-59.45,54.32,-6.28,-2.38
2024/01/01 16:11:15.98,47.98,-32.57,-56.97,-59.80,54.81,-4.46,-3.17
2024/01/01 16:11:15.99,47.99,-32.75,-56.93,-60.05,54.50,-3.61,-3.11
2024/01/01 16:11:16.00,48.00,-32.75,-56.76,-60.22,53.40,-3.58,-2.99
2024/01/01 16:11:16.01,48.01,-32.54,-56.69,-60.36,52.22,-4.35,-1.83
2024/01/01 16:11:16.02,48.02,-32.22,-56.81,-60.49,51.84,-6.38,0.17
2024/01/01 16:11:16.03,48.03,-32.03,-56.98,-60.64,52.69,-9.50,1.17
2024/01/01 16:11:16.04,48.04,-32.05,-57.08,-60.91,54.09,-12.32,0.40
2024/01/01 16:11:16.05,48.05,-32.07,-57.16,-61.29,55.36,-13.73,-1.47
2024/01/01 16:11:16.06,48.06,-31.89,-57.29,-61.61,56.86,-13.80,-3.47
2024/01/01 16:11:16.07,48.07,-31.53,-57.42,-61.85,58.77,-12.92,-4.61
2024/01/01 16:11:16.08,48.08,-31.11,-57.50,-62.03,60.38,-11.61,-4.85
2024/01/01 16:11:16.09,48.09,-30.66,-57.47,-62.12,61.03,-10.76,-4.63
2024/01/01 16:11:16.10,48.10,-30.18,-57.37,-62.03,60.45,-10.86,-3.67
2024/01/01 16:11:16.11,48.11,-29.77,-57.29,-61.82,58.97,-11.74,-2.18
2024/01/01 16:11:16.12,48.12,-29.53,-57.34,-61.61,57.34,-12.64,-1.38
2024/01/01 16:11:16.13,48.13,-29.51,-57.52,-61.46,56.23,-12.52,-1.81
2024/01/01 16:11:16.14,48.14,-29.72,-57.79,-61.27,55.93,-11.31,-2.81
2024/01/01 16:11:16.15,48.15,-30.11,-57.95,-61.02,56.34,-9.71,-3.66
2024/01/01 16:11:16.16,48.16,-30.46,-57.93,-60.80,56.84,-8.10,-4.09
2024/01/01 16:11:16.17,48.17,-30.58,-57.86,-60.63,57.09,-6.81,-3.63
2024/01/01 16:11:16.18,48.18,-30.55,-57.83,-60.31,57.58,-6.22,-1.73
2024/01/01 16:11:16.19,48.19,-30.55,-57.81,-59.79,58.47,-6.15,0.94
2024/01/01 16:11:16.20,48.20,-30.60,-57.76,-59.26,59.17,-6.60,2.51
2024/01/01 16:11:16.21,48.21,-30.59,-57.69,-58.90,59.26,-7.81,1.94
2024/01/01 16:11:16.22,48.22,-30.55,-57.66,-58.73,58.70,-9.49,0.63
2024/01/01 16:11:16.23,48.23,-30.53,-57.65,-58.62,57.65,-11.25,0.55
2024/01/01 16:11:16.24,48.24,-30.55,-57.58,-58.52,56.60,-12.64,1.05
2024/01/01 16:11:16.25,48.25,-30.65,-57.38,-58.48,56.02,-12.82,0.41
2024/01/01 16:11:16.26,48.26,-30.85,-57.14,-58.50,56.21,-11.66,-0.93
2024/01/01 16:11:16.27,48.27,-31.09,-56.99,-58.59,56.95,-10.12,-1.36
2024/01/01 16:11:16.28,48.28,-31.28,-57.01,-58.69,57.34,-9.11,-0.51
2024/01/01 16:11:16.29,48.29,-31.43,-57.21,-58.65,56.81,-8.91,0.68
2024/01/01 16:11:16.30,48.30,-31.59,-57.52,-58.43,55.80,-9.30,1.43
2024/01/01 16:11:16.31,48.31,-31.75,-57.83,-58.20,55.24,-9.81,1.52
2024/01/01 16:11:16.32,48.32,-31.98,-58.12,-57.99,55.58,-10.28,1.09
2024/01/01 16:11:16.33,48.33,-32.31,-58.44,-57.84,56.46,-10.60,0.86
2024/01/01 16:11:16.34,48.34,-32.67,-58.71,-57.89,57.19,-10.43,1.32
2024/01/01 16:11:16.35,48.35,-32.97,-58.82,-58.07,57.21,-9.78,2.01
2024/01/01 16:11:16.36,48.36,-33.10,-58.88,-58.20,56.44,-9.10,2.49
2024/01/01 16:11:16.37,48.37,-33.02,-59.01,-58.28,55.36,-8.90,2.63
2024/01/01 16:11:16.38,48.38,-32.84,-59.10,-58.43,54.84,-9.56,2.03
2024/01/01 16:11:16.39,48.39,-32.71,-59.09,-58.68,55.26,-11.04,0.64
2024/01/01 16:11:16.40,48.40,-32.66,-59.04,-58.90,56.01,-12.85,-0.58
2024/01/01 16:11:16.41,48.41,-32.65,-59.02,-58.96,56.24,-14.60,-1.06
2024/01/01 16:11:16.42,48.42,-32.60,-58.99,-58.93,55.67,-15.69,-1.32
2024/01/01 16:11:16.43,48.43,-32.47,-58.95,-59.00,54.62,-15.44,-1.51
2024/01/01 16:11:16.44,48.44,-32.28,-58.90,-59.18,53.85,-14.02,-1.08
2024/01/01 16:11:16.45,48.45,-32.13,-58.87,-59.26,53.81,-12.37,-0.01
2024/01/01 16:11:16.46,48.46,-32.07,-58.86,-59.30,54.06,-11.46,0.89
2024/01/01 16:11:16.47,48.47,-32.02,-58.81,-59.55,54.02,-11.56,0.51
2024/01/01 16:11:16.48,48.48,-32.02,-58.72,-59.85,53.76,-11.85,-1.26
2024/01/01 16:11:16.49,48.49,-32.11,-58.62,-60.01,53.87,-11.69,-2.48
2024/01/01 16:11:16.50,48.50,-32.17,-58.61,-60.21,54.66,-11.49,-2.36
2024/01/01 16:11:16.51,48.51,-32.13,-58.64,-60.55,56.04,-11.50,-2.65
2024/01/01 16:11:16.52,48.52,-32.02,-58.57,-60.85,57.64,-11.31,-3.25
2024/01/01 16:11:16.53,48.53,-31.80,-58.32,-61.05,58.82,-10.74,-2.35
2024/01/01 16:11:16.54,48.54,-31.50,-58.02,-61.21,59.10,-10.07,-0.92
2024/01/01 16:11:16.55,48.55,-31.31,-57.82,-61.28,58.77,-9.34,-0.57
2024/01/01 16:11:16.56,48.56,-31.23,-57.74,-61.21,58.29,-8.24,-0.81
2024/01/01 16:11:16.57,48.57,-31.06,-57.57,-61.11,57.97,-7.15,-1.49
2024/01/01 16:11:16.58,48.58,-30.77,-57.21,-61.03,58.10,-7.02,-2.86
2024/01/01 16:11:16.59,48.59,-30.58,-56.78,-60.91,58.54,-7.89,-3.85
2024/01/01 16:11:16.60,48.60,-30.59,-56.45,-60.78,58.71,-8.85,-3.53
2024/01/01 16:11:16.61,48.61,-30.68,-56.28,-60.51,58.61,-9.34,-2.60
2024/01/01 16:11:16.62,48.62,-30.76,-56.19,-60.06,58.69,-9.08,-1.71
2024/01/01 16:11:16.63,48.63,-30.83,-56.15,-59.53,58.57,-8.20,-0.71
2024/01/01 16:11:16.64,48.64,-30.87,-56.28,-59.07,57.38,-7.73,0.17
2024/01/01 16:11:16.65,48.65,-30.90,-56.59,-58.77,55.24,-8.23,0.85
2024/01/01 16:11:16.66,48.66,-30.96,-56.93,-58.63,53.30,-8.95,1.97
2024/01/01 16:11:16.67,48.67,-31.06,-57.20,-58.56,52.56,-9.09,2.99
2024/01/01 16:11:16.68,48.68,-31.21,-57.38,-58.56,53.33,-8.72,2.58
2024/01/01 16:11:16.69,48.69,-31.51,-57.47,-58.69,54.98,-8.14,0.81
2024/01/01 16:11:16.70,48.70,-31.96,-57.52,-58.88,56.27,-7.65,-1.07
2024/01/01 16:11:16.71,48.71,-32.48,-57.53,-58.97,56.33,-7.48,-2.06
2024/01/01 16:11:16.72,48.72,-32.85,-57.44,-58.96,55.48,-7.93,-1.92
2024/01/01 16:11:16.73,48.73,-32.98,-57.29,-59.00,54.88,-9.34,-1.11
2024/01/01 16:11:16.74,48.74,-33.03,-57.22,-58.93,55.34,-11.52,0.08
2024/01/01 16:11:16.75,48.75,-33.22,-57.26,-58.60,56.52,-13.67,1.65
2024/01/01 16:11:16.76,48.76,-33.50,-57.40,-58.24,57.37,-15.14,2.62
2024/01/01 16:11:16.77,48.77,-33.65,-57.63,-58.15,57.28,-15.43,1.92
2024/01/01 16:11:16.78,48.78,-33.58,-57.95,-58.27,56.39,-14.30,0.90
2024/01/01 16:11:16.79,48.79,-33.36,-58.31,-58.43,54.98,-12.21,1.61
2024/01/01 16:11:16.80,48.80,-33.09,-58.53,-58.64,53.56,-10.17,2.80
2024/01/01 16:11:16.81,48.81,-32.93,-58.47,-58.83,52.98,-8.72,1.98
2024/01/01 16:11:16.82,48.82,-32.98,-58.20,-58.97,53.38,-7.96,-0.09
2024/01/01 16:11:16.83,48.83,-33.16,-57.91,-59.13,53.89,-8.31,-1.26
2024/01/01 16:11:16.84,48.84,-33.37,-57.74,-59.21,53.87,-9.84,-1.54
2024/01/01 16:11:16.85,48.85,-33.47,-57.66,-59.17,53.39,-11.29,-1.65
2024/01/01 16:11:16.86,48.86,-33.30,-57.60,-59.13,52.81,-11.52,-1.48
2024/01/01 16:11:16.87,48.87,-32.85,-57.54,-59.09,52.91,-11.08,-0.93
2024/01/01 16:11:16.88,48.88,-32.27,-57.51,-59.07,54.47,-11.04,0.14
2024/01/01 16:11:16.89,48.89,-31.76,-57.55,-59.24,56.91,-11.44,1.49
2024/01/01 16:11:16.90,48.90,-31.47,-57.66,-59.59,58.60,-11.78,1.82
2024/01/01 16:11:16.91,48.91,-31.43,-57.73,-59.92,58.63,-11.65,0.61
2024/01/01 16:11:16.92,48.92,-31.54,-57.75,-60.11,57.30,-10.76,-0.97
2024/01/01 16:11:16.93,48.93,-31.64,-57.76,-60.20,55.39,-9.39,-2.33
2024/01/01 16:11:16.94,48.94,-31.76,-57.69,-60.16,53.94,-8.04,-3.63
2024/01/01 16:11:16.95,48.95,-31.91,-57.54,-59.95,53.97,-6.89,-3.79
2024/01/01 16:11:16.96,48.96,-32.01,-57.39,-59.61,55.57,-6.01,-2.31
2024/01/01 16:11:16.97,48.97,-31.95,-57.23,-59.35,57.93,-5.58,-0.80
2024/01/01 16:11:16.98,48.98,-31.67,-57.06,-59.32,60.22,-5.70,-0.02
2024/01/01 16:11:16.99,48.99,-31.21,-56.97,-59.44,61.62,-6.69,1.04
2024/01/01 16:11:17.00,49.00,-30.69,-56.95,-59.55,61.49,-9.08,2.35
2024/01/01 16:11:17.01,49.01,-30.23,-56.92,-59.61,60.19,-12.26,2.53
2024/01/01 16:11:17.02,49.02,-29.97,-56.87,-59.66,58.57,-14.46,0.72
2024/01/01 16:11:17.03,49.03,-29.93,-56.88,-59.74,57.10,-14.69,-2.36
2024/01/01 16:11:17.04,49.04,-30.05,-56.95,-59.93,56.21,-13.17,-4.74
2024/01/01 16:11:17.05,49.05,-30.29,-57.01,-60.16,55.89,-10.35,-5.04
2024/01/01 16:11:17.06,49.06,-30.58,-56.99,-60.29,55.47,-7.24,-3.60
2024/01/01 16:11:17.07,49.07,-30.84,-56.83,-60.20,54.71,-5.29,-1.79
2024/01/01 16:11:17.08,49.08,-30.98,-56.55,-59.87,54.14,-5.12,-0.61
2024/01/01 16:11:17.09,49.09,-31.03,-56.29,-59.56,54.54,-6.43,0.04
2024/01/01 16:11:17.10,49.10,-31.03,-56.19,-59.58,56.04,-8.45,0.44
2024/01/01 16:11:17.11,49.11,-31.06,-56.26,-59.83,57.81,-10.05,0.34
2024/01/01 16:11:17.12,49.12,-31.14,-56.39,-60.10,58.75,-10.62,-0.09
2024/01/01 16:11:17.13,49.13,-31.30,-56.49,-60.29,58.49,-10.52,-0.58
2024/01/01 16:11:17.14,49.14,-31.49,-56.51,-60.41,57.71,-10.32,-1.62
2024/01/01 16:11:17.15,49.15,-31.71,-56.44,-60.43,57.33,-10.29,-2.83
2024/01/01 16:11:17.16,49.16,-31.93,-56.34,-60.40,57.59,-10.50,-2.82
2024/01/01 16:11:17.17,49.17,-32.07,-56.30,-60.39,57.93,-10.79,-1.87
2024/01/01 16:11:17.18,49.18,-32.09,-56.23,-60.31,57.42,-10.72,-1.11
2024/01/01 16:11:17.19,49.19,-32.08,-56.15,-60.08,55.71,-10.00,-0.21
2024/01/01 16:11:17.20,49.20,-32.09,-56.11,-59.79,53.70,-8.59,1.00
2024/01/01 16:11:17.21,49.21,-32.12,-56.10,-59.60,52.87,-6.47,1.57
2024/01/01 16:11:17.22,49.22,-32.13,-56.13,-59.57,53.68,-3.94,1.12
2024/01/01 16:11:17.23,49.23,-32.14,-56.29,-59.68,55.07,-2.04,-0.15
2024/01/01 16:11:17.24,49.24,-32.19,-56.54,-59.86,55.73,-1.74,-1.91
2024/01/01 16:11:17.25,49.25,-32.31,-56.78,-60.05,55.21,-3.26,-3.06
2024/01/01 16:11:17.26,49.26,-32.38,-56.98,-60.17,53.97,-6.41,-2.92
2024/01/01 16:11:17.27,49.27,-32.25,-57.07,-60.12,53.06,-10.54,-2.33
2024/01/01 16:11:17.28,49.28,-31.99,-57.06,-59.94,53.28,-14.27,-1.80
2024/01/01 16:11:17.29,49.29,-31.75,-57.17,-59.81,54.31,-16.56,-1.09
2024/01/01 16:11:17.30,49.30,-31.56,-57.49,-59.83,55.21,-16.91,-0.54
2024/01/01 16:11:17.31,49.31,-31.40,-57.81,-59.94,55.45,-15.21,-0.17
2024/01/01 16:11:17.32,49.32,-31.17,-58.01,-60.17,55.24,-12.32,0.36
2024/01/01 16:11:17.33,49.33,-30.82,-58.13,-60.51,55.28,-9.59,0.04
2024/01/01 16:11:17.34,49.34,-30.46,-58.19,-60.92,56.05,-7.81,-1.77
2024/01/01 16:11:17.35,49.35,-30.29,-58.21,-61.28,57.51,-7.07,-3.80
2024/01/01 16:11:17.36,49.36,-30.32,-58.20,-61.52,59.45,-7.23,-5.12
2024/01/01 16:11:17.37,49.37,-30.42,-58.13,-61.61,61.45,-7.98,-5.66
2024/01/01 16:11:17.38,49.38,-30.50,-58.01,-61.54,62.95,-9.16,-5.00
2024/01/01 16:11:17.39,49.39,-30.40,-57.90,-61.34,63.37,-10.56,-2.96
2024/01/01 16:11:17.40,49.40,-30.07,-57.78,-61.10,62.32,-11.79,-0.54
2024/01/01 16:11:17.41,49.41,-29.74,-57.63,-60.86,60.19,-12.43,1.00
2024/01/01 16:11:17.42,49.42,-29.71,-57.49,-60.63,57.94,-12.00,1.20
2024/01/01 16:11:17.43,49.43,-29.99,-57.40,-60.36,56.29,-10.58,0.36
2024/01/01 16:11:17.44,49.44,-30.43,-57.44,-60.05,55.46,-9.20,-0.93
2024/01/01 16:11:17.45,49.45,-30.86,-57.63,-59.75,55.34,-8.46,-2.23
2024/01/01 16:11:17.46,49.46,-31.12,-57.84,-59.54,55.53,-8.28,-3.03
2024/01/01 16:11:17.47,49.47,-31.19,-58.04,-59.56,55.84,-8.77,-2.57
2024/01/01 16:11:17.48,49.48,-31.22,-58.15,-59.70,56.24,-9.77,-0.70
2024/01/01 16:11:17.49,49.49,-31.31,-58.07,-59.76,56.82,-10.65,1.29
2024/01/01 16:11:17.50,49.50,-31.46,-57.83,-59.77,57.48,-11.05,2.00
2024/01/01 16:11:17.51,49.51,-31.70,-57.62,-59.92,57.61,-10.37,1.14
2024/01/01 16:11:17.52,49.52,-32.09,-57.54,-60.10,56.84,-8.83,-0.66
2024/01/01 16:11:17.53,49.53,-32.56,-57.59,-60.14,55.57,-8.04,-2.18
2024/01/01 16:11:17.54,49.54,-32.86,-57.65,-60.26,54.36,-8.50,-3.02
2024/01/01 16:11:17.55,49.55,-32.85,-57.61,-60.61,53.74,-9.39,-3.51
2024/01/01 16:11:17.56,49.56,-32.72,-57.47,-60.86,54.30,-10.41,-2.82
2024/01/01 16:11:17.57,49.57,-32.68,-57.27,-60.74,55.85,-11.00,-0.40
2024/01/01 16:11:17.58,49.58,-32.60,-57.05,-60.49,57.36,-10.57,1.48
2024/01/01 16:11:17.59,49.59,-32.42,-56.81,-60.45,58.27,-9.77,0.56
2024/01/01 16:11:17.60,49.60,-32.21,-56.54,-60.59,58.32,-9.01,-1.54
2024/01/01 16:11:17.61,49.61,-32.01,-56.38,-60.75,56.94,-8.49,-2.30
2024/01/01 16:11:17.62,49.62,-31.87,-56.49,-60.85,54.29,-9.09,-2.53
2024/01/01 16:11:17.63,49.63,-31.83,-56.82,-60.97,51.69,-10.54,-3.69
2024/01/01 16:11:17.64,49.64,-31.84,-57.12,-61.25,50.22,-11.39,-4.41
2024/01/01 16:11:17.65,49.65,-31.95,-57.32,-61.58,50.17,-11.46,-3.34
2024/01/01 16:11:17.66,49.66,-32.26,-57.38,-61.72,51.31,-11.34,-1.59
2024/01/01 16:11:17.67,49.67,-32.72,-57.28,-61.70,53.10,-11.00,-0.89
2024/01/01 16:11:17.68,49.68,-33.21,-57.13,-61.61,55.02,-10.50,-1.72
2024/01/01 16:11:17.69,49.69,-33.58,-57.09,-61.43,56.93,-10.22,-2.80
2024/01/01 16:11:17.70,49.70,-33.67,-57.18,-61.32,58.69,-10.15,-2.47
2024/01/01 16:11:17.71,49.71,-33.40,-57.25,-61.40,59.72,-9.85,-1.39
2024/01/01 16:11:17.72,49.72,-32.99,-57.14,-61.44,59.41,-8.78,-1.24
2024/01/01 16:11:17.73,49.73,-32.69,-56.85,-61.27,57.85,-6.96,-1.52
2024/01/01 16:11:17.74,49.74,-32.46,-56.52,-61.15,55.84,-5.59,-1.69
2024/01/01 16:11:17.75,49.75,-32.12,-56.21,-61.30,54.22,-5.80,-2.88
2024/01/01 16:11:17.76,49.76,-31.74,-55.85,-61.49,53.11,-7.04,-4.17
2024/01/01 16:11:17.77,49.77,-31.52,-55.43,-61.37,52.32,-8.21,-3.57
2024/01/01 16:11:17.78,49.78,-31.46,-55.06,-60.99,52.09,-9.22,-2.51
2024/01/01 16:11:17.79,49.79,-31.36,-54.82,-60.72,53.03,-9.72,-3.09
2024/01/01 16:11:17.80,49.80,-31.15,-54.75,-60.63,55.13,-8.88,-3.72
2024/01/01 16:11:17.81,49.81,-30.97,-54.93,-60.46,57.28,-7.30,-1.98
2024/01/01 16:11:17.82,49.82,-30.96,-55.34,-60.09,58.12,-6.46,0.82
2024/01/01 16:11:17.83,49.83,-31.15,-55.81,-59.70,57.32,-6.55,1.50
2024/01/01 16:11:17.84,49.84,-31.36,-56.23,-59.53,55.66,-6.84,-0.18
2024/01/01 16:11:17.85,49.85,-31.47,-56.60,-59.62,54.53,-7.15,-1.47
2024/01/01 16:11:17.86,49.86,-31.44,-56.85,-59.84,55.02,-7.89,-0.70
2024/01/01 16:11:17.87,49.87,-31.34,-56.94,-60.06,56.81,-9.11,0.63
2024/01/01 16:11:17.88,49.88,-31.28,-56.99,-60.25,58.43,-9.92,0.43
2024/01/01 16:11:17.89,49.89,-31.30,-57.16,-60.39,59.06,-9.90,-1.11
2024/01/01 16:11:17.90,49.90,-31.29,-57.45,-60.47,59.08,-9.76,-2.37
2024/01/01 16:11:17.91,49.91,-31.19,-57.69,-60.44,59.04,-10.04,-2.61
2024/01/01 16:11:17.92,49.92,-31.09,-57.79,-60.30,59.10,-10.53,-2.17
2024/01/01 16:11:17.93,49.93,-31.08,-57.83,-60.17,58.97,-10.85,-1.50
2024/01/01 16:11:17.94,49.94,-31.08,-57.97,-60.14,58.25,-10.92,-0.67
2024/01/01 16:11:17.95,49.95,-31.02,-58.20,-60.20,56.91,-10.90,0.23
2024/01/01 16:11:17.96,49.96,-31.00,-58.38,-60.25,55.17,-10.79,0.98
2024/01/01 16:11:17.97,49.97,-31.07,-58.49,-60.21,53.72,-10.54,0.94
2024/01/01 16:11:17.98,49.98,-31.24,-58.58,-60.11,53.49,-10.53,-0.69
2024/01/01 16:11:17.99,49.99,-31.46,-58.61,-60.03,54.27,-10.82,-3.31
2024/01/01 16:11:18.00,50.00,-31.73,-58.55,-59.97,54.92,-11.08,-4.89
2024/01/01 16:11:18.01,50.01,-31.90,-58.41,-59.88,54.87,-11.29,-4.38
2024/01/01 16:11:18.02,50.02,-31.83,-58.17,-59.74,54.62,-11.47,-2.56
2024/01/01 16:11:18.03,50.03,-31.63,-57.89,-59.53,55.11,-11.59,-0.63
2024/01/01 16:11:18.04,50.04,-31.49,-57.63,-59.24,56.66,-11.96,0.68
2024/01/01 16:11:18.05,50.05,-31.46,-57.39,-58.92,58.55,-12.40,1.10
2024/01/01 16:11:18.06,50.06,-31.45,-57.21,-58.64,59.88,-12.35,0.79
2024/01/01 16:11:18.07,50.07,-31.34,-57.14,-58.46,60.29,-12.03,0.24
2024/01/01 16:11:18.08,50.08,-31.11,-57.09,-58.55,59.56,-11.62,-0.18
2024/01/01 16:11:18.09,50.09,-30.83,-57.01,-58.89,57.71,-10.65,-0.26
2024/01/01 16:11:18.10,50.10,-30.55,-56.95,-59.27,55.65,-9.07,0.03
2024/01/01 16:11:18.11,50.11,-30.32,-56.93,-59.59,54.71,-7.66,0.65
2024/01/01 16:11:18.12,50.12,-30.24,-56.95,-59.85,55.35,-6.86,1.14
2024/01/01 16:11:18.13,50.13,-30.29,-56.97,-60.03,56.89,-6.47,0.57
2024/01/01 16:11:18.14,50.14,-30.32,-56.96,-60.26,58.22,-6.24,-1.20
2024/01/01 16:11:18.15,50.15,-30.24,-56.97,-60.60,58.49,-6.20,-3.19
2024/01/01 16:11:18.16,50.16,-30.15,-56.98,-60.83,57.54,-6.35,-4.18
2024/01/01 16:11:18.17,50.17,-30.07,-56.95,-60.82,56.09,-6.79,-3.66
2024/01/01 16:11:18.18,50.18,-30.05,-56.94,-60.68,55.43,-7.63,-2.50
2024/01/01 16:11:18.19,50.19,-30.21,-56.98,-60.43,56.42,-8.50,-1.62
2024/01/01 16:11:18.20,50.20,-30.59,-57.07,-59.99,58.55,-9.10,-0.64
2024/01/01 16:11:18.21,50.21,-31.05,-57.22,-59.50,60.32,-9.59,0.51
2024/01/01 16:11:18.22,50.22,-31.29,-57.45,-59.17,60.59,-10.30,1.01
2024/01/01 16:11:18.23,50.23,-31.17,-57.76,-59.01,59.35,-11.18,1.25
2024/01/01 16:11:18.24,50.24,-30.74,-58.10,-58.91,57.33,-11.90,2.09
2024/01/01 16:11:18.25,50.25,-30.24,-58.33,-58.83,55.87,-12.21,2.34
2024/01/01 16:11:18.26,50.26,-29.96,-58.38,-58.76,56.44,-11.98,0.81
2024/01/01 16:11:18.27,50.27,-29.97,-58.30,-58.76,58.85,-11.14,-1.32
2024/01/01 16:11:18.28,50.28,-30.16,-58.15,-58.89,61.04,-10.27,-2.70
2024/01/01 16:11:18.29,50.29,-30.30,-58.01,-59.16,61.16,-10.31,-3.17
2024/01/01 16:11:18.30,50.30,-30.26,-57.92,-59.53,58.93,-11.19,-2.80
2024/01/01 16:11:18.31,50.31,-30.03,-57.87,-59.92,55.41,-12.06,-1.65
2024/01/01 16:11:18.32,50.32,-29.80,-57.83,-60.25,52.56,-12.60,-0.25
2024/01/01 16:11:18.33,50.33,-29.72,-57.81,-60.41,52.39,-12.78,0.18
2024/01/01 16:11:18.34,50.34,-29.88,-57.81,-60.45,55.07,-12.32,-0.91
2024/01/01 16:11:18.35,50.35,-30.25,-57.84,-60.49,58.50,-11.05,-2.53
2024/01/01 16:11:18.36,50.36,-30.62,-57.85,-60.58,60.45,-9.26,-3.56
2024/01/01 16:11:18.37,50.37,-30.83,-57.76,-60.66,60.52,-7.42,-3.62
2024/01/01 16:11:18.38,50.38,-30.86,-57.60,-60.64,59.52,-6.10,-2.57
2024/01/01 16:11:18.39,50.39,-30.86,-57.46,-60.43,58.48,-5.89,-0.90
2024/01/01 16:11:18.40,50.40,-30.91,-57.42,-60.12,58.34,-6.89,0.53
2024/01/01 16:11:18.41,50.41,-31.03,-57.55,-59.81,59.09,-8.41,1.20
2024/01/01 16:11:18.42,50.42,-31.16,-57.73,-59.55,59.42,-9.60,1.03
2024/01/01 16:11:18.43,50.43,-31.19,-57.75,-59.32,58.22,-10.25,0.42
2024/01/01 16:11:18.44,50.44,-31.16,-57.54,-59.10,56.08,-10.56,-0.17
2024/01/01 16:11:18.45,50.45,-31.18,-57.24,-58.96,54.40,-10.80,-0.67
2024/01/01 16:11:18.46,50.46,-31.25,-56.98,-59.00,53.84,-10.93,-0.89
2024/01/01 16:11:18.47,50.47,-31.34,-56.89,-59.23,54.40,-10.68,-0.46
2024/01/01 16:11:18.48,50.48,-31.41,-57.02,-59.50,55.48,-10.15,0.54
2024/01/01 16:11:18.49,50.49,-31.43,-57.29,-59.66,56.02,-9.75,1.27
2024/01/01 16:11:18.50,50.50,-31.47,-57.59,-59.58,55.81,-9.48,0.58
2024/01/01 16:11:18.51,50.51,-31.50,-57.80,-59.47,55.71,-9.15,-1.55
2024/01/01 16:11:18.52,50.52,-31.46,-57.90,-59.60,56.17,-8.97,-3.60
2024/01/01 16:11:18.53,50.53,-31.47,-57.91,-59.79,56.93,-9.04,-3.99
2024/01/01 16:11:18.54,50.54,-31.72,-57.78,-59.74,57.36,-9.10,-2.43
2024/01/01 16:11:18.55,50.55,-32.01,-57.53,-59.59,56.81,-8.99,-0.20
2024/01/01 16:11:18.56,50.56,-32.11,-57.38,-59.46,55.36,-9.03,0.97
2024/01/01 16:11:18.57,50.57,-32.06,-57.46,-59.17,54.01,-9.57,1.26
2024/01/01 16:11:18.58,50.58,-32.04,-57.61,-58.79,53.53,-10.78,1.82
2024/01/01 16:11:18.59,50.59,-32.06,-57.71,-58.56,54.02,-12.68,1.79
2024/01/01 16:11:18.60,50.60,-31.96,-57.72,-58.52,55.42,-14.51,0.41
2024/01/01 16:11:18.61,50.61,-31.71,-57.65,-58.57,57.29,-14.92,-0.38
2024/01/01 16:11:18.62,50.62,-31.46,-57.58,-58.54,58.80,-13.58,0.23
2024/01/01 16:11:18.63,50.63,-31.38,-57.65,-58.33,59.38,-11.40,0.65
2024/01/01 16:11:18.64,50.64,-31.47,-57.81,-58.12,58.89,-9.39,0.45
2024/01/01 16:11:18.65,50.65,-31.68,-57.89,-58.08,57.62,-8.14,0.47
2024/01/01 16:11:18.66,50.66,-31.97,-57.82,-58.13,56.11,-8.00,0.86
2024/01/01 16:11:18.67,50.67,-32.35,-57.68,-58.11,54.79,-8.70,1.43
2024/01/01 16:11:18.68,50.68,-32.77,-57.50,-58.04,53.98,-9.38,1.60
2024/01/01 16:11:18.69,50.69,-33.16,-57.34,-57.99,54.12,-9.23,0.99
2024/01/01 16:11:18.70,50.70,-33.48,-57.28,-57.96,55.46,-8.19,0.84
2024/01/01 16:11:18.71,50.71,-33.67,-57.33,-57.90,57.37,-6.98,2.16
2024/01/01 16:11:18.72,50.72,-33.64,-57.37,-57.86,58.66,-6.58,3.39
2024/01/01 16:11:18.73,50.73,-33.43,-57.28,-57.82,58.90,-7.11,3.18
2024/01/01 16:11:18.74,50.74,-33.17,-57.11,-57.76,58.12,-8.02,2.39
2024/01/01 16:11:18.75,50.75,-32.89,-56.98,-57.67,56.06,-9.18,1.88
2024/01/01 16:11:18.76,50.76,-32.56,-56.93,-57.73,53.13,-10.79,1.27
2024/01/01 16:11:18.77,50.77,-32.25,-57.00,-58.07,50.57,-12.26,0.32
2024/01/01 16:11:18.78,50.78,-32.07,-57.11,-58.52,49.15,-12.92,-0.44
2024/01/01 16:11:18.79,50.79,-32.07,-57.15,-58.87,48.84,-12.78,-0.42
2024/01/01 16:11:18.80,50.80,-32.16,-57.15,-59.26,49.56,-11.94,-0.26
2024/01/01 16:11:18.81,50.81,-32.22,-57.22,-59.93,51.03,-10.34,-1.07
2024/01/01 16:11:18.82,50.82,-32.09,-57.50,-60.76,52.62,-8.41,-2.25
2024/01/01 16:11:18.83,50.83,-31.79,-57.99,-61.44,53.91,-7.01,-2.45
2024/01/01 16:11:18.84,50.84,-31.50,-58.47,-61.88,55.27,-6.82,-2.48
2024/01/01 16:11:18.85,50.85,-31.32,-58.64,-62.28,57.41,-7.66,-3.97
2024/01/01 16:11:18.86,50.86,-31.18,-58.45,-62.75,60.26,-8.66,-6.00
2024/01/01 16:11:18.87,50.87,-31.01,-58.07,-63.11,62.84,-9.50,-6.28
2024/01/01 16:11:18.88,50.88,-30.76,-57.70,-63.29,64.29,-10.62,-4.62
2024/01/01 16:11:18.89,50.89,-30.38,-57.38,-63.42,64.19,-11.94,-3.08
2024/01/01 16:11:18.90,50.90,-29.93,-56.99,-63.51,62.70,-12.64,-3.10
2024/01/01 16:11:18.91,50.91,-29.47,-56.50,-63.43,60.94,-12.45,-3.69
2024/01/01 16:11:18.92,50.92,-29.12,-56.12,-63.19,60.18,-11.98,-3.80
2024/01/01 16:11:18.93,50.93,-28.96,-56.00,-62.76,60.57,-11.56,-4.49
2024/01/01 16:11:18.94,50.94,-28.99,-55.99,-62.10,60.94,-10.80,-6.15
2024/01/01 16:11:18.95,50.95,-29.06,-55.95,-61.46,59.99,-9.70,-6.94
2024/01/01 16:11:18.96,50.96,-29.06,-55.97,-61.05,57.46,-8.94,-5.72
2024/01/01 16:11:18.97,50.97,-29.04,-56.17,-60.74,54.23,-8.91,-3.24
2024/01/01 16:11:18.98,50.98,-29.19,-56.52,-60.38,51.63,-9.16,-0.49
2024/01/01 16:11:18.99,50.99,-29.73,-56.89,-60.00,50.85,-8.90,1.37
2024/01/01 16:11:19.00,51.00,-30.56,-57.19,-59.66,52.33,-7.82,1.42
2024/01/01 16:11:19.01,51.01,-31.39,-57.42,-59.50,55.06,-6.17,0.50
2024/01/01 16:11:19.02,51.02,-31.96,-57.58,-59.61,57.00,-4.44,-0.11
2024/01/01 16:11:19.03,51.03,-32.20,-57.64,-59.95,57.22,-3.34,-0.17
2024/01/01 16:11:19.04,51.04,-32.14,-57.51,-60.37,56.89,-3.52,0.21
2024/01/01 16:11:19.05,51.05,-31.89,-57.22,-60.69,57.55,-4.95,0.60
2024/01/01 16:11:19.06,51.06,-31.53,-56.96,-61.01,59.53,-7.46,0.26
2024/01/01 16:11:19.07,51.07,-31.12,-56.81,-61.40,62.24,-10.79,-0.93
2024/01/01 16:11:19.08,51.08,-30.81,-56.74,-61.67,64.22,-13.90,-2.44
2024/01/01 16:11:19.09,51.09,-30.68,-56.74,-61.75,63.73,-15.74,-3.83
2024/01/01 16:11:19.10,51.10,-30.68,-56.81,-61.81,60.42,-15.90,-5.11
2024/01/01 16:11:19.11,51.11,-30.71,-56.86,-61.81,55.76,-14.10,-5.81
2024/01/01 16:11:19.12,51.12,-30.77,-56.82,-61.56,51.75,-10.85,-4.83
2024/01/01 16:11:19.13,51.13,-30.98,-56.71,-61.07,49.71,-7.60,-2.47
2024/01/01 16:11:19.14,51.14,-31.43,-56.72,-60.52,49.89,-5.22,-0.84
2024/01/01 16:11:19.15,51.15,-32.05,-57.05,-60.09,51.47,-4.00,-0.72
2024/01/01 16:11:19.16,51.16,-32.72,-57.65,-59.87,53.02,-4.41,-0.66
2024/01/01 16:11:19.17,51.17,-33.35,-58.21,-59.81,53.51,-6.71,0.21
2024/01/01 16:11:19.18,51.18,-33.82,-58.49,-59.73,53.44,-10.34,1.10
2024/01/01 16:11:19.19,51.19,-34.04,-58.45,-59.57,54.13,-13.74,1.25
2024/01/01 16:11:19.20,51.20,-34.04,-58.27,-59.54,56.01,-15.40,0.56
2024/01/01 16:11:19.21,51.21,-33.92,-58.14,-59.81,58.37,-15.22,-0.57
2024/01/01 16:11:19.22,51.22,-33.78,-58.09,-60.11,60.09,-13.92,-1.34
2024/01/01 16:11:19.23,51.23,-33.65,-57.98,-60.20,59.99,-11.99,-1.41
2024/01/01 16:11:19.24,51.24,-33.46,-57.68,-60.22,57.93,-10.41,-1.73
2024/01/01 16:11:19.25,51.25,-33.12,-57.26,-60.36,55.24,-10.11,-2.86
2024/01/01 16:11:19.26,51.26,-32.68,-56.90,-60.60,53.12,-10.59,-3.13
2024/01/01 16:11:19.27,51.27,-32.20,-56.70,-60.92,51.94,-10.86,-1.38
2024/01/01 16:11:19.28,51.28,-31.70,-56.51,-61.24,51.82,-10.54,0.11
2024/01/01 16:11:19.29,51.29,-31.32,-56.23,-61.47,52.76,-9.46,-1.12
2024/01/01 16:11:19.30,51.30,-31.18,-56.06,-61.67,54.34,-7.87,-4.29
2024/01/01 16:11:19.31,51.31,-31.17,-56.21,-61.90,55.75,-6.58,-7.11
2024/01/01 16:11:19.32,51.32,-31.13,-56.55,-62.07,56.08,-6.13,-7.97
2024/01/01 16:11:19.33,51.33,-31.08,-56.91,-62.02,54.91,-6.65,-6.25
2024/01/01 16:11:19.34,51.34,-31.09,-57.22,-61.67,52.68,-7.71,-3.24
2024/01/01 16:11:19.35,51.35,-31.06,-57.41,-61.16,50.80,-8.59,-1.16
2024/01/01 16:11:19.36,51.36,-31.04,-57.44,-60.76,51.06,-9.16,-0.38
2024/01/01 16:11:19.37,51.37,-31.18,-57.39,-60.54,53.91,-9.29,0.14
2024/01/01 16:11:19.38,51.38,-31.45,-57.30,-60.40,57.86,-8.74,0.65
2024/01/01 16:11:19.39,51.39,-31.71,-57.10,-60.32,61.36,-8.07,0.55
2024/01/01 16:11:19.40,51.40,-31.79,-56.79,-60.38,63.78,-7.63,-0.21
2024/01/01 16:11:19.41,51.41,-31.70,-56.46,-60.45,64.88,-7.15,-0.56
2024/01/01 16:11:19.42,51.42,-31.61,-56.11,-60.16,64.82,-7.06,0.41
2024/01/01 16:11:19.43,51.43,-31.61,-55.75,-59.46,64.15,-7.94,1.55
2024/01/01 16:11:19.44,51.44,-31.61,-55.52,-58.87,62.98,-9.58,0.74
2024/01/01 16:11:19.45,51.45,-31.62,-55.50,-58.71,60.65,-11.53,-1.50
2024/01/01 16:11:19.46,51.46,-31.72,-55.62,-58.72,56.24,-13.21,-2.18
2024/01/01 16:11:19.47,51.47,-31.79,-55.72,-58.50,50.23,-14.11,-0.27
2024/01/01 16:11:19.48,51.48,-31.67,-55.69,-58.06,45.22,-13.94,1.68
2024/01/01 16:11:19.49,51.49,-31.45,-55.60,-57.73,43.87,-12.25,1.80
2024/01/01 16:11:19.50,51.50,-31.40,-55.59,-57.68,46.46,-9.12,1.51
2024/01/01 16:11:19.51,51.51,-31.66,-55.74,-57.72,50.91,-5.80,1.89
2024/01/01 16:11:19.52,51.52,-32.21,-56.00,-57.65,54.59,-3.28,1.60
2024/01/01 16:11:19.53,51.53,-32.86,-56.28,-57.48,55.99,-1.82,-0.14
2024/01/01 16:11:19.54,51.54,-33.40,-56.63,-57.40,55.31,-1.66,-1.90
2024/01/01 16:11:19.55,51.55,-33.67,-57.12,-57.56,53.92,-3.48,-1.63
2024/01/01 16:11:19.56,51.56,-33.70,-57.58,-57.94,53.29,-7.25,1.07
2024/01/01 16:11:19.57,51.57,-33.58,-57.83,-58.46,54.18,-11.20,4.20
2024/01/01 16:11:19.58,51.58,-33.36,-57.90,-59.00,56.44,-13.28,5.33
2024/01/01 16:11:19.59,51.59,-33.05,-57.90,-59.49,59.37,-13.14,4.12
2024/01/01 16:11:19.60,51.60,-32.72,-57.83,-59.86,61.88,-11.61,1.69
2024/01/01 16:11:19.61,51.61,-32.47,-57.73,-60.09,62.81,-9.93,-1.14
2024/01/01 16:11:19.62,51.62,-32.24,-57.62,-60.30,61.83,-9.32,-3.92
2024/01/01 16:11:19.63,51.63,-31.90,-57.47,-60.62,59.80,-10.11,-5.78
2024/01/01 16:11:19.64,51.64,-31.38,-57.25,-60.93,57.63,-12.01,-5.71
2024/01/01 16:11:19.65,51.65,-30.73,-57.12,-61.06,55.56,-14.29,-3.66
2024/01/01 16:11:19.66,51.66,-30.08,-57.28,-60.98,53.70,-15.40,-1.51
2024/01/01 16:11:19.67,51.67,-29.69,-57.68,-60.87,52.38,-14.51,-1.33
2024/01/01 16:11:19.68,51.68,-29.70,-58.09,-60.94,51.78,-12.29,-2.57
2024/01/01 16:11:19.69,51.69,-30.13,-58.42,-61.11,51.83,-9.71,-3.43
2024/01/01 16:11:19.70,51.70,-30.83,-58.67,-61.24,52.42,-7.52,-3.67
2024/01/01 16:11:19.71,51.71,-31.54,-58.77,-61.25,53.84,-6.16,-3.83
2024/01/01 16:11:19.72,51.72,-32.20,-58.77,-61.03,56.31,-5.60,-3.37
2024/01/01 16:11:19.73,51.73,-32.77,-58.72,-60.58,59.05,-5.88,-1.60
2024/01/01 16:11:19.74,51.74,-33.08,-58.53,-60.11,60.98,-7.07,0.47
2024/01/01 16:11:19.75,51.75,-33.06,-58.20,-59.74,61.91,-8.73,1.39
2024/01/01 16:11:19.76,51.76,-32.82,-57.92,-59.41,61.77,-10.27,1.69
2024/01/01 16:11:19.77,51.77,-32.45,-57.83,-59.13,60.36,-11.58,2.62
2024/01/01 16:11:19.78,51.78,-32.03,-57.86,-58.98,58.37,-13.09,3.25
2024/01/01 16:11:19.79,51.79,-31.67,-57.82,-58.99,56.71,-14.55,2.09
2024/01/01 16:11:19.80,51.80,-31.42,-57.64,-59.14,55.33,-15.13,0.07
2024/01/01 16:11:19.81,51.81,-31.27,-57.46,-59.45,53.86,-14.80,-0.91
2024/01/01 16:11:19.82,51.82,-31.27,-57.39,-59.80,52.52,-13.83,-0.93
2024/01/01 16:11:19.83,51.83,-31.43,-57.35,-60.02,51.86,-11.75,-1.19
2024/01/01 16:11:19.84,51.84,-31.64,-57.34,-60.04,51.93,-8.67,-1.70
2024/01/01 16:11:19.85,51.85,-31.77,-57.35,-59.93,52.29,-6.02,-2.21
2024/01/01 16:11:19.86,51.86,-31.76,-57.35,-59.81,52.75,-5.27,-2.79
2024/01/01 16:11:19.87,51.87,-31.65,-57.40,-59.73,53.34,-6.47,-2.50
2024/01/01 16:11:19.88,51.88,-31.41,-57.62,-59.66,53.84,-8.46,-0.82
2024/01/01 16:11:19.89,51.89,-31.02,-57.93,-59.61,54.42,-10.22,1.11
2024/01/01 16:11:19.90,51.90,-30.65,-58.19,-59.59,55.80,-11.36,2.22
2024/01/01 16:11:19.91,51.91,-30.56,-58.39,-59.53,58.00,-11.79,1.92
2024/01/01 16:11:19.92,51.92,-30.74,-58.40,-59.34,59.85,-11.71,-0.05
2024/01/01 16:11:19.93,51.93,-30.96,-58.15,-59.11,60.26,-11.61,-2.56
2024/01/01 16:11:19.94,51.94,-31.00,-57.91,-59.04,59.30,-11.56,-3.94
2024/01/01 16:11:19.95,51.95,-30.80,-57.98,-59.19,57.99,-11.13,-3.31
2024/01/01 16:11:19.96,51.96,-30.39,-58.32,-59.44,57.55,-10.09,-0.81
2024/01/01 16:11:19.97,51.97,-29.97,-58.65,-59.48,58.55,-8.88,1.99
2024/01/01 16:11:19.98,51.98,-29.79,-58.77,-59.22,60.65,-8.28,3.00
2024/01/01 16:11:19.99,51.99,-29.85,-58.66,-58.98,62.81,-8.59,1.68
2024/01/01 16:11:20.00,52.00,-30.00,-58.40,-58.89,63.63,-9.77,-0.78
2024/01/01 16:11:20.01,52.01,-30.15,-58.15,-58.78,62.24,-11.57,-2.39
2024/01/01 16:11:20.02,52.02,-30.26,-57.95,-58.67,59.17,-12.95,-2.07
2024/01/01 16:11:20.03,52.03,-30.32,-57.86,-58.70,56.00,-13.08,-1.01
2024/01/01 16:11:20.04,52.04,-30.35,-57.92,-58.83,54.04,-12.45,-0.27
2024/01/01 16:11:20.05,52.05,-30.43,-58.12,-58.84,53.70,-11.94,0.83
2024/01/01 16:11:20.06,52.06,-30.73,-58.42,-58.71,54.56,-11.93,2.05
2024/01/01 16:11:20.07,52.07,-31.17,-58.79,-58.66,55.86,-12.00,1.66
2024/01/01 16:11:20.08,52.08,-31.60,-59.10,-58.88,56.79,-11.07,-0.19
2024/01/01 16:11:20.09,52.09,-31.99,-59.18,-59.16,56.82,-8.99,-0.94
2024/01/01 16:11:20.10,52.10,-32.27,-58.98,-59.30,56.34,-6.95,0.23
2024/01/01 16:11:20.11,52.11,-32.33,-58.49,-59.30,56.36,-5.76,1.12
2024/01/01 16:11:20.12,52.12,-32.22,-57.85,-59.31,57.26,-5.54,0.44
2024/01/01 16:11:20.13,52.13,-32.13,-57.25,-59.36,58.63,-6.58,-0.48
2024/01/01 16:11:20.14,52.14,-32.10,-56.83,-59.35,59.63,-8.83,-0.69
2024/01/01 16:11:20.15,52.15,-32.08,-56.66,-59.24,59.44,-11.54,-1.02
2024/01/01 16:11:20.16,52.16,-31.94,-56.76,-59.15,57.91,-14.07,-1.94
2024/01/01 16:11:20.17,52.17,-31.67,-57.05,-59.13,55.71,-16.24,-2.31
2024/01/01 16:11:20.18,52.18,-31.38,-57.37,-59.21,53.61,-17.93,-1.08
2024/01/01 16:11:20.19,52.19,-31.08,-57.60,-59.48,52.11,-18.53,0.69
2024/01/01 16:11:20.20,52.20,-30.80,-57.65,-59.83,51.54,-16.75,1.22
2024/01/01 16:11:20.21,52.21,-30.66,-57.51,-60.01,52.07,-12.03,0.53
2024/01/01 16:11:20.22,52.22,-30.75,-57.26,-60.01,53.53,-5.96,-0.61
2024/01/01 16:11:20.23,52.23,-31.05,-57.05,-59.89,55.25,-0.79,-2.25
2024/01/01 16:11:20.24,52.24,-31.43,-56.93,-59.67,56.50,2.47,-3.90
2024/01/01 16:11:20.25,52.25,-31.70,-56.86,-59.46,57.04,3.34,-4.14
2024/01/01 16:11:20.26,52.26,-31.72,-56.77,-59.40,57.30,1.55,-2.70
2024/01/01 16:11:20.27,52.27,-31.47,-56.69,-59.43,58.01,-2.31,-0.42
2024/01/01 16:11:20.28,52.28,-31.11,-56.60,-59.42,59.16,-7.06,2.24
2024/01/01 16:11:20.29,52.29,-30.91,-56.50,-59.33,60.15,-11.51,4.24
2024/01/01 16:11:20.30,52.30,-30.97,-56.45,-59.20,60.79,-14.79,3.83
2024/01/01 16:11:20.31,52.31,-31.19,-56.46,-59.10,61.00,-16.52,1.14
2024/01/01 16:11:20.32,52.32,-31.33,-56.56,-59.10,60.42,-16.71,-1.51
2024/01/01 16:11:20.33,52.33,-31.30,-56.76,-59.22,58.84,-15.59,-2.76
2024/01/01 16:11:20.34,52.34,-31.18,-57.06,-59.38,56.61,-13.45,-2.61
2024/01/01 16:11:20.35,52.35,-31.09,-57.35,-59.44,54.62,-11.12,-1.15
2024/01/01 16:11:20.36,52.36,-31.10,-57.57,-59.39,53.53,-9.74,0.73
2024/01/01 16:11:20.37,52.37,-31.21,-57.72,-59.31,53.40,-9.58,1.40
2024/01/01 16:11:20.38,52.38,-31.44,-57.79,-59.32,54.26,-9.94,0.38
2024/01/01 16:11:20.39,52.39,-31.67,-57.79,-59.50,55.51,-10.18,-1.28
2024/01/01 16:11:20.40,52.40,-31.75,-57.75,-59.87,56.13,-10.09,-2.43
2024/01/01 16:11:20.41,52.41,-31.67,-57.70,-60.34,55.93,-9.66,-2.65
2024/01/01 16:11:20.42,52.42,-31.54,-57.61,-60.72,55.42,-9.03,-1.97
2024/01/01 16:11:20.43,52.43,-31.40,-57.45,-60.93,55.32,-8.74,-0.94
2024/01/01 16:11:20.44,52.44,-31.25,-57.26,-61.05,56.20,-9.06,-0.55
2024/01/01 16:11:20.45,52.45,-31.17,-57.17,-61.10,57.47,-9.31,-1.09
2024/01/01 16:11:20.46,52.46,-31.12,-57.27,-61.07,58.00,-9.21,-1.96
2024/01/01 16:11:20.47,52.47,-30.93,-57.58,-61.06,57.53,-9.10,-2.88
2024/01/01 16:11:20.48,52.48,-30.64,-57.89,-61.08,56.72,-8.82,-3.61
2024/01/01 16:11:20.49,52.49,-30.43,-58.04,-61.04,56.55,-8.45,-3.53
2024/01/01 16:11:20.50,52.50,-30.40,-58.05,-60.88,57.45,-8.04,-2.54
2024/01/01 16:11:20.51,52.51,-30.47,-58.08,-60.69,58.84,-7.11,-1.22
2024/01/01 16:11:20.52,52.52,-30.55,-58.09,-60.59,59.90,-6.05,-0.27
2024/01/01 16:11:20.53,52.53,-30.64,-57.96,-60.54,59.90,-5.76,-0.09
2024/01/01 16:11:20.54,52.54,-30.78,-57.73,-60.44,58.70,-6.52,-0.52
2024/01/01 16:11:20.55,52.55,-30.99,-57.48,-60.36,57.21,-8.96,-1.23
2024/01/01 16:11:20.56,52.56,-31.20,-57.23,-60.45,56.68,-13.05,-2.31
2024/01/01 16:11:20.57,52.57,-31.30,-57.00,-60.72,57.63,-17.07,-3.17
2024/01/01 16:11:20.58,52.58,-31.33,-56.87,-61.04,59.28,-19.52,-2.63
2024/01/01 16:11:20.59,52.59,-31.43,-56.94,-61.28,60.50,-19.93,-1.11
2024/01/01 16:11:20.60,52.60,-31.65,-57.24,-61.44,60.74,-18.01,-0.45
2024/01/01 16:11:20.61,52.61,-31.85,-57.58,-61.58,59.95,-14.14,-1.13
2024/01/01 16:11:20.62,52.62,-31.85,-57.74,-61.69,58.44,-9.53,-2.09
2024/01/01 16:11:20.63,52.63,-31.64,-57.73,-61.66,56.66,-5.45,-2.66
2024/01/01 16:11:20.64,52.64,-31.44,-57.69,-61.53,54.70,-2.71,-3.31
2024/01/01 16:11:20.65,52.65,-31.42,-57.66,-61.49,52.52,-1.52,-4.24
2024/01/01 16:11:20.66,52.66,-31.51,-57.57,-61.56,50.42,-1.72,-4.61
2024/01/01 16:11:20.67,52.67,-31.59,-57.44,-61.60,48.98,-3.07,-3.83
2024/01/01 16:11:20.68,52.68,-31.71,-57.39,-61.45,48.67,-5.64,-2.57
2024/01/01 16:11:20.69,52.69,-32.00,-57.49,-61.20,49.54,-9.40,-1.84
2024/01/01 16:11:20.70,52.70,-32.49,-57.64,-61.07,51.23,-13.20,-1.95
2024/01/01 16:11:20.71,52.71,-33.10,-57.67,-60.92,53.29,-15.51,-2.11
2024/01/01 16:11:20.72,52.72,-33.68,-57.51,-60.45,55.64,-15.84,-1.40
2024/01/01 16:11:20.73,52.73,-34.13,-57.26,-59.88,58.08,-14.29,-0.42
2024/01/01 16:11:20.74,52.74,-34.32,-57.12,-59.68,59.85,-11.69,-0.54
2024/01/01 16:11:20.75,52.75,-34.15,-57.14,-59.78,60.59,-9.73,-1.10
2024/01/01 16:11:20.76,52.76,-33.79,-57.25,-59.85,60.06,-9.06,-0.11
2024/01/01 16:11:20.77,52.77,-33.49,-57.40,-59.81,58.09,-9.17,1.77
2024/01/01 16:11:20.78,52.78,-33.32,-57.56,-59.82,55.67,-9.85,1.72
2024/01/01 16:11:20.79,52.79,-33.20,-57.78,-59.96,54.19,-10.79,-0.29
2024/01/01 16:11:20.80,52.80,-33.03,-58.04,-60.17,53.92,-11.43,-1.66
2024/01/01 16:11:20.81,52.81,-32.83,-58.28,-60.34,54.21,-11.87,-2.05
2024/01/01 16:11:20.82,52.82,-32.74,-58.40,-60.44,54.03,-12.02,-2.77
2024/01/01 16:11:20.83,52.83,-32.74,-58.38,-60.52,52.82,-11.47,-3.32
2024/01/01 16:11:20.84,52.84,-32.64,-58.25,-60.64,51.33,-10.19,-2.83
2024/01/01 16:11:20.85,52.85,-32.41,-58.09,-60.80,50.88,-8.43,-1.80
2024/01/01 16:11:20.86,52.86,-32.21,-57.85,-60.97,51.78,-7.02,-1.20
2024/01/01 16:11:20.87,52.87,-32.15,-57.45,-61.08,53.03,-6.86,-1.65
2024/01/01 16:11:20.88,52.88,-32.27,-56.91,-61.17,53.64,-8.17,-2.77
2024/01/01 16:11:20.89,52.89,-32.52,-56.44,-61.34,54.03,-10.82,-3.44
2024/01/01 16:11:20.90,52.90,-32.70,-56.16,-61.60,54.91,-13.79,-3.41
2024/01/01 16:11:20.91,52.91,-32.66,-56.11,-61.88,55.98,-15.21,-2.91
2024/01/01 16:11:20.92,52.92,-32.41,-56.23,-62.26,57.06,-14.41,-2.06
2024/01/01 16:11:20.93,52.93,-32.14,-56.40,-62.68,58.09,-11.84,-1.59
2024/01/01 16:11:20.94,52.94,-32.08,-56.51,-62.82,58.15,-8.14,-2.22
2024/01/01 16:11:20.95,52.95,-32.21,-56.60,-62.61,56.86,-4.66,-3.46
2024/01/01 16:11:20.96,52.96,-32.28,-56.77,-62.37,55.30,-2.57,-4.65
2024/01/01 16:11:20.97,52.97,-32.11,-56.89,-62.20,54.66,-1.87,-5.59
2024/01/01 16:11:20.98,52.98,-31.77,-56.85,-62.04,54.96,-2.54,-5.07
2024/01/01 16:11:20.99,52.99,-31.38,-56.66,-61.87,55.40,-4.38,-2.95
2024/01/01 16:11:21.00,53.00,-31.00,-56.35,-61.67,55.70,-6.54,-1.72
2024/01/01 16:11:21.01,53.01,-30.61,-55.96,-61.44,56.35,-8.54,-2.17
2024/01/01 16:11:21.02,53.02,-30.17,-55.64,-61.21,57.48,-10.09,-2.46
2024/01/01 16:11:21.03,53.03,-29.69,-55.51,-61.00,58.40,-10.95,-2.33
2024/01/01 16:11:21.04,53.04,-29.26,-55.51,-60.73,58.64,-11.64,-2.88
2024/01/01 16:11:21.05,53.05,-29.02,-55.52,-60.42,58.38,-12.19,-3.53
2024/01/01 16:11:21.06,53.06,-29.07,-55.62,-60.05,57.88,-11.86,-3.31
2024/01/01 16:11:21.07,53.07,-29.35,-55.91,-59.67,57.58,-10.97,-2.28
2024/01/01 16:11:21.08,53.08,-29.63,-56.27,-59.34,57.67,-10.56,-0.55
2024/01/01 16:11:21.09,53.09,-29.77,-56.50,-59.08,57.46,-10.44,1.58
2024/01/01 16:11:21.10,53.10,-29.80,-56.74,-58.79,56.64,-9.90,3.11
2024/01/01 16:11:21.11,53.11,-29.85,-57.17,-58.43,56.27,-8.78,3.46
2024/01/01 16:11:21.12,53.12,-29.99,-57.70,-58.18,57.35,-7.10,2.74
2024/01/01 16:11:21.13,53.13,-30.21,-58.02,-58.19,59.83,-5.28,1.37
2024/01/01 16:11:21.14,53.14,-30.47,-58.07,-58.32,62.72,-4.37,0.42
2024/01/01 16:11:21.15,53.15,-30.76,-58.06,-58.31,64.44,-4.75,0.54
2024/01/01 16:11:21.16,53.16,-30.91,-58.01,-58.16,63.77,-6.21,0.79
2024/01/01 16:11:21.17,53.17,-30.77,-57.87,-58.10,61.06,-8.67,0.50
2024/01/01 16:11:21.18,53.18,-30.48,-57.60,-58.16,58.10,-11.38,0.88
2024/01/01 16:11:21.19,53.19,-30.36,-57.22,-58.24,56.45,-13.33,2.51
2024/01/01 16:11:21.20,53.20,-30.55,-56.90,-58.32,56.38,-14.38,3.62
2024/01/01 16:11:21.21,53.21,-31.05,-56.78,-58.36,56.91,-14.34,2.51
2024/01/01 16:11:21.22,53.22,-31.76,-56.77,-58.38,56.66,-12.64,0.02
2024/01/01 16:11:21.23,53.23,-32.43,-56.65,-58.49,55.18,-9.88,-1.86
2024/01/01 16:11:21.24,53.24,-32.90,-56.37,-58.67,53.37,-7.38,-2.47
2024/01/01 16:11:21.25,53.25,-33.18,-56.01,-58.88,52.30,-5.92,-1.83
2024/01/01 16:11:21.26,53.26,-33.30,-55.81,-59.25,52.23,-5.81,-0.42
2024/01/01 16:11:21.27,53.27,-33.33,-55.95,-59.75,52.85,-6.81,0.54
2024/01/01 16:11:21.28,53.28,-33.46,-56.32,-60.08,53.52,-8.22,0.80
2024/01/01 16:11:21.29,53.29,-33.76,-56.63,-60.21,53.49,-9.36,0.69
2024/01/01 16:11:21.30,53.30,-34.15,-56.79,-60.41,52.56,-10.07,-0.71
2024/01/01 16:11:21.31,53.31,-34.58,-56.83,-60.74,51.63,-10.72,-3.25
2024/01/01 16:11:21.32,53.32,-34.98,-56.77,-61.00,51.80,-11.14,-4.67
2024/01/01 16:11:21.33,53.33,-35.11,-56.69,-61.12,52.92,-10.81,-3.90
2024/01/01 16:11:21.34,53.34,-34.76,-56.67,-61.20,53.96,-10.11,-2.40
2024/01/01 16:11:21.35,53.35,-34.05,-56.66,-61.16,54.57,-9.40,-1.26
2024/01/01 16:11:21.36,53.36,-33.31,-56.70,-60.87,54.81,-8.46,-0.13
2024/01/01 16:11:21.37,53.37,-32.72,-56.78,-60.44,54.65,-7.78,0.47
2024/01/01 16:11:21.38,53.38,-32.40,-56.85,-60.12,54.30,-7.80,-0.43
2024/01/01 16:11:21.39,53.39,-32.39,-56.86,-59.99,53.67,-7.76,-1.82
2024/01/01 16:11:21.40,53.40,-32.59,-56.84,-60.03,52.30,-7.35,-2.27
2024/01/01 16:11:21.41,53.41,-32.75,-56.83,-60.19,50.47,-7.12,-2.13
2024/01/01 16:11:21.42,53.42,-32.72,-56.87,-60.32,49.39,-6.94,-2.15
2024/01/01 16:11:21.43,53.43,-32.58,-56.88,-60.29,49.81,-6.79,-1.85
2024/01/01 16:11:21.44,53.44,-32.43,-56.72,-60.13,51.84,-7.52,-0.99
2024/01/01 16:11:21.45,53.45,-32.32,-56.39,-59.82,55.69,-9.32,-0.78
2024/01/01 16:11:21.46,53.46,-32.28,-56.03,-59.44,60.52,-11.31,-1.42
2024/01/01 16:11:21.47,53.47,-32.27,-55.83,-59.18,64.18,-12.83,-1.29
2024/01/01 16:11:21.48,53.48,-32.21,-55.76,-59.00,65.14,-13.65,-0.07
2024/01/01 16:11:21.49,53.49,-31.99,-55.73,-58.83,63.54,-13.56,1.32
2024/01/01 16:11:21.50,53.50,-31.61,-55.75,-58.71,60.49,-12.62,2.52
2024/01/01 16:11:21.51,53.51,-31.22,-55.85,-58.57,57.54,-11.33,3.07
2024/01/01 16:11:21.52,53.52,-30.95,-55.93,-58.34,55.84,-9.83,2.53
2024/01/01 16:11:21.53,53.53,-30.81,-55.99,-58.17,55.38,-7.70,1.15
2024/01/01 16:11:21.54,53.54,-30.83,-56.24,-58.20,55.18,-4.96,-0.80
2024/01/01 16:11:21.55,53.55,-30.96,-56.75,-58.39,54.23,-2.29,-2.30
2024/01/01 16:11:21.56,53.56,-31.10,-57.33,-58.62,52.53,-0.69,-1.83
2024/01/01 16:11:21.57,53.57,-31.14,-57.67,-58.75,51.17,-1.03,0.05
2024/01/01 16:11:21.58,53.58,-31.02,-57.66,-58.79,51.47,-3.34,1.48
2024/01/01 16:11:21.59,53.59,-30.76,-57.47,-58.96,53.61,-6.80,2.03
2024/01/01 16:11:21.60,53.60,-30.55,-57.36,-59.28,56.16,-10.51,2.02
2024/01/01 16:11:21.61,53.61,-30.57,-57.34,-59.55,57.56,-13.67,1.49
2024/01/01 16:11:21.62,53.62,-30.80,-57.32,-59.67,57.57,-15.35,0.27
2024/01/01 16:11:21.63,53.63,-31.15,-57.38,-59.76,56.98,-15.08,-1.73
2024/01/01 16:11:21.64,53.64,-31.50,-57.66,-59.86,56.93,-13.75,-3.50
2024/01/01 16:11:21.65,53.65,-31.76,-58.17,-59.96,58.20,-12.72,-3.30
2024/01/01 16:11:21.66,53.66,-31.92,-58.71,-60.01,60.33,-12.29,-1.36
2024/01/01 16:11:21.67,53.67,-31.92,-59.03,-59.97,62.15,-12.04,0.15
2024/01/01 16:11:21.68,53.68,-31.74,-59.02,-59.81,63.09,-11.69,0.43
2024/01/01 16:11:21.69,53.69,-31.50,-58.80,-59.52,63.09,-10.99,0.61
2024/01/01 16:11:21.70,53.70,-31.28,-58.50,-59.19,61.98,-10.30,1.15
2024/01/01 16:11:21.71,53.71,-31.08,-58.21,-58.92,59.83,-10.02,0.95
2024/01/01 16:11:21.72,53.72,-30.92,-57.98,-58.70,56.90,-9.88,-0.45
2024/01/01 16:11:21.73,53.73,-30.88,-57.91,-58.53,53.47,-10.26,-1.74
2024/01/01 16:11:21.74,53.74,-30.93,-58.11,-58.51,50.49,-12.02,-1.94
2024/01/01 16:11:21.75,53.75,-31.07,-58.50,-58.63,49.12,-14.19,-1.32
2024/01/01 16:11:21.76,53.76,-31.32,-58.90,-58.70,49.57,-15.18,0.06
2024/01/01 16:11:21.77,53.77,-31.64,-59.24,-58.56,51.49,-14.58,1.59
2024/01/01 16:11:21.78,53.78,-31.88,-59.48,-58.31,54.28,-12.39,1.67
2024/01/01 16:11:21.79,53.79,-32.05,-59.55,-58.13,56.85,-9.16,0.32
2024/01/01 16:11:21.80,53.80,-32.28,-59.50,-58.03,58.13,-6.28,-0.46
2024/01/01 16:11:21.81,53.81,-32.56,-59.47,-57.89,57.82,-4.68,0.32
2024/01/01 16:11:21.82,53.82,-32.77,-59.46,-57.74,56.50,-4.82,1.51
2024/01/01 16:11:21.83,53.83,-32.83,-59.37,-57.74,55.25,-7.02,1.89
2024/01/01 16:11:21.84,53.84,-32.78,-59.17,-57.87,54.80,-10.51,1.72
2024/01/01 16:11:21.85,53.85,-32.82,-58.91,-57.94,55.31,-13.95,1.75
2024/01/01 16:11:21.86,53.86,-33.00,-58.64,-57.90,56.63,-16.78,1.76
2024/01/01 16:11:21.87,53.87,-33.12,-58.42,-57.95,58.40,-18.66,1.05
2024/01/01 16:11:21.88,53.88,-33.10,-58.34,-58.16,59.94,-19.27,0.01
2024/01/01 16:11:21.89,53.89,-33.07,-58.42,-58.37,60.39,-18.93,0.12
2024/01/01 16:11:21.90,53.90,-33.11,-58.58,-58.44,59.34,-17.80,1.22
2024/01/01 16:11:21.91,53.91,-33.25,-58.77,-58.33,57.13,-15.44,1.55
2024/01/01 16:11:21.92,53.92,-33.49,-58.97,-58.10,54.56,-11.89,0.98
2024/01/01 16:11:21.93,53.93,-33.67,-59.18,-57.97,52.38,-7.99,0.75
2024/01/01 16:11:21.94,53.94,-33.61,-59.35,-58.16,50.93,-4.61,0.89
2024/01/01 16:11:21.95,53.95,-33.41,-59.41,-58.55,50.39,-2.61,0.84
2024/01/01 16:11:21.96,53.96,-33.33,-59.34,-58.97,50.89,-2.37,1.00
2024/01/01 16:11:21.97,53.97,-33.42,-59.19,-59.49,52.25,-3.37,1.37
2024/01/01 16:11:21.98,53.98,-33.62,-58.99,-60.13,54.04,-5.15,0.74
2024/01/01 16:11:21.99,53.99,-33.87,-58.75,-60.69,55.79,-7.89,-0.78
2024/01/01 16:11:22.00,54.00,-34.12,-58.44,-61.03,56.74,-11.08,-2.01
2024/01/01 16:11:22.01,54.01,-34.30,-58.10,-61.21,56.38,-13.89,-3.04
2024/01/01 16:11:22.02,54.02,-34.31,-57.82,-61.35,55.37,-16.23,-4.05
2024/01/01 16:11:22.03,54.03,-34.17,-57.62,-61.46,54.60,-17.66,-3.85
2024/01/01 16:11:22.04,54.04,-33.94,-57.51,-61.47,54.04,-17.49,-2.22
2024/01/01 16:11:22.05,54.05,-33.58,-57.55,-61.40,53.58,-16.43,-0.93
2024/01/01 16:11:22.06,54.06,-33.10,-57.75,-61.32,53.23,-15.29,-1.26
2024/01/01 16:11:22.07,54.07,-32.62,-58.09,-61.15,52.58,-14.00,-2.34
2024/01/01 16:11:22.08,54.08,-32.25,-58.53,-60.81,51.51,-12.75,-2.85
2024/01/01 16:11:22.09,54.09,-31.92,-58.97,-60.38,50.69,-11.48,-2.99
2024/01/01 16:11:22.10,54.10,-31.54,-59.28,-60.15,50.90,-9.88,-3.55
2024/01/01 16:11:22.11,54.11,-31.09,-59.35,-60.18,52.09,-8.31,-3.97
2024/01/01 16:11:22.12,54.12,-30.57,-59.14,-60.20,53.39,-6.95,-2.81
2024/01/01 16:11:22.13,54.13,-30.00,-58.73,-60.06,54.11,-5.72,-0.33
2024/01/01 16:11:22.14,54.14,-29.55,-58.27,-59.83,54.72,-5.08,0.89
2024/01/01 16:11:22.15,54.15,-29.28,-57.87,-59.67,56.31,-5.11,-0.35
2024/01/01 16:11:22.16,54.16,-29.13,-57.59,-59.73,59.31,-5.89,-2.13
2024/01/01 16:11:22.17,54.17,-28.93,-57.31,-60.09,63.18,-8.16,-3.07
2024/01/01 16:11:22.18,54.18,-28.58,-56.87,-60.49,66.60,-11.47,-3.39
2024/01/01 16:11:22.19,54.19,-28.12,-56.29,-60.61,68.09,-14.48,-2.69
2024/01/01 16:11:22.20,54.20,-27.71,-55.81,-60.59,67.38,-16.70,-1.20
2024/01/01 16:11:22.21,54.21,-27.51,-55.58,-60.61,65.74,-17.41,-0.35
2024/01/01 16:11:22.22,54.22,-27.57,-55.62,-60.54,64.91,-15.63,-0.44
2024/01/01 16:11:22.23,54.23,-27.78,-55.85,-60.37,65.27,-11.81,-0.60
2024/01/01 16:11:22.24,54.24,-27.95,-56.27,-60.29,65.36,-7.41,-0.87
2024/01/01 16:11:22.25,54.25,-28.03,-56.84,-60.40,63.90,-4.04,-1.58
2024/01/01 16:11:22.26,54.26,-28.08,-57.41,-60.53,60.91,-2.57,-1.65
2024/01/01 16:11:22.27,54.27,-28.17,-57.74,-60.51,57.27,-2.50,-0.27
2024/01/01 16:11:22.28,54.28,-28.36,-57.70,-60.23,54.72,-3.18,1.02
2024/01/01 16:11:22.29,54.29,-28.71,-57.29,-59.79,54.83,-4.26,0.61
2024/01/01 16:11:22.30,54.30,-29.11,-56.68,-59.56,57.10,-5.17,-0.97
2024/01/01 16:11:22.31,54.31,-29.37,-56.09,-59.62,59.16,-5.84,-2.41
2024/01/01 16:11:22.32,54.32,-29.52,-55.74,-59.71,59.14,-6.77,-2.66
2024/01/01 16:11:22.33,54.33,-29.79,-55.66,-59.64,57.15,-8.06,-1.43
2024/01/01 16:11:22.34,54.34,-30.30,-55.81,-59.52,54.72,-9.45,-0.12
2024/01/01 16:11:22.35,54.35,-30.90,-56.14,-59.48,53.45,-10.45,0.00
2024/01/01 16:11:22.36,54.36,-31.45,-56.64,-59.51,54.09,-10.41,-0.17
2024/01/01 16:11:22.37,54.37,-31.99,-57.38,-59.51,55.80,-9.49,0.41
2024/01/01 16:11:22.38,54.38,-32.46,-58.21,-59.48,56.83,-8.62,0.83
2024/01/01 16:11:22.39,54.39,-32.69,-58.87,-59.60,56.42,-8.52,0.18
2024/01/01 16:11:22.40,54.40,-32.72,-59.22,-59.95,55.34,-9.41,-0.65
2024/01/01 16:11:22.41,54.41,-32.84,-59.26,-60.35,54.78,-11.24,-0.47
2024/01/01 16:11:22.42,54.42,-33.14,-59.07,-60.61,55.41,-13.50,0.02
2024/01/01 16:11:22.43,54.43,-33.50,-58.82,-60.78,57.06,-15.03,-0.98
2024/01/01 16:11:22.44,54.44,-33.88,-58.59,-60.93,58.96,-14.93,-3.41
2024/01/01 16:11:22.45,54.45,-34.24,-58.31,-61.00,59.93,-13.76,-5.04
2024/01/01 16:11:22.46,54.46,-34.39,-57.99,-61.01,58.82,-12.86,-4.81
2024/01/01 16:11:22.47,54.47,-34.19,-57.76,-60.95,55.80,-13.04,-3.73
2024/01/01 16:11:22.48,54.48,-33.72,-57.76,-60.71,52.69,-14.18,-2.24
2024/01/01 16:11:22.49,54.49,-33.10,-57.99,-60.27,51.32,-15.28,-0.06
2024/01/01 16:11:22.50,54.50,-32.54,-58.33,-59.80,51.80,-15.24,1.84
2024/01/01 16:11:22.51,54.51,-32.31,-58.67,-59.48,52.91,-13.75,2.17
2024/01/01 16:11:22.52,54.52,-32.50,-58.83,-59.29,53.13,-11.13,1.13
2024/01/01 16:11:22.53,54.53,-32.94,-58.73,-59.19,51.62,-8.05,-0.39
2024/01/01 16:11:22.54,54.54,-33.40,-58.51,-59.19,49.05,-5.63,-1.90
2024/01/01 16:11:22.55,54.55,-33.79,-58.29,-59.30,47.09,-4.60,-2.94
2024/01/01 16:11:22.56,54.56,-34.01,-58.00,-59.53,47.16,-4.78,-2.80
2024/01/01 16:11:22.57,54.57,-33.88,-57.73,-59.81,50.02,-5.88,-1.26
2024/01/01 16:11:22.58,54.58,-33.41,-57.63,-59.92,55.19,-7.94,0.67
2024/01/01 16:11:22.59,54.59,-32.78,-57.72,-59.74,60.67,-10.96,1.76
2024/01/01 16:11:22.60,54.60,-32.05,-57.84,-59.46,64.07,-14.40,1.50
2024/01/01 16:11:22.61,54.61,-31.29,-57.83,-59.34,64.30,-17.17,0.17
2024/01/01 16:11:22.62,54.62,-30.67,-57.55,-59.33,61.72,-18.24,-0.89
2024/01/01 16:11:22.63,54.63,-30.26,-57.07,-59.34,57.65,-17.13,-0.73
2024/01/01 16:11:22.64,54.64,-30.00,-56.68,-59.38,53.88,-13.97,-0.54
2024/01/01 16:11:22.65,54.65,-29.89,-56.40,-59.41,51.85,-9.30,-1.61
2024/01/01 16:11:22.66,54.66,-29.93,-56.17,-59.38,51.92,-4.20,-2.80
2024/01/01 16:11:22.67,54.67,-29.97,-56.05,-59.32,53.51,-0.31,-2.51
2024/01/01 16:11:22.68,54.68,-29.93,-56.01,-59.17,55.77,1.01,-1.38
2024/01/01 16:11:22.69,54.69,-29.88,-56.00,-58.83,58.17,-0.29,-0.47
2024/01/01 16:11:22.70,54.70,-29.89,-56.06,-58.39,60.72,-3.19,0.53
2024/01/01 16:11:22.71,54.71,-29.90,-56.29,-58.07,63.21,-6.61,1.62
2024/01/01 16:11:22.72,54.72,-29.90,-56.63,-57.95,64.73,-9.94,2.60
2024/01/01 16:11:22.73,54.73,-29.97,-56.99,-58.02,64.54,-12.84,3.69
2024/01/01 16:11:22.74,54.74,-30.15,-57.30,-58.17,62.62,-14.81,4.21
2024/01/01 16:11:22.75,54.75,-30.43,-57.50,-58.39,59.58,-15.18,3.22
2024/01/01 16:11:22.76,54.76,-30.82,-57.54,-58.71,56.75,-13.51,1.21
2024/01/01 16:11:22.77,54.77,-31.23,-57.44,-59.09,55.36,-10.11,-0.68
2024/01/01 16:11:22.78,54.78,-31.52,-57.36,-59.44,55.53,-6.45,-1.85
2024/01/01 16:11:22.79,54.79,-31.70,-57.37,-59.78,56.64,-4.38,-2.20
2024/01/01 16:11:22.80,54.80,-31.80,-57.46,-60.10,57.75,-4.48,-1.99
2024/01/01 16:11:22.81,54.81,-31.77,-57.51,-60.34,58.06,-6.19,-1.51
2024/01/01 16:11:22.82,54.82,-31.58,-57.41,-60.48,57.50,-8.74,-0.85
2024/01/01 16:11:22.83,54.83,-31.35,-57.18,-60.59,56.51,-11.29,-0.36
2024/01/01 16:11:22.84,54.84,-31.19,-57.02,-60.76,55.47,-13.20,-0.77
2024/01/01 16:11:22.85,54.85,-31.15,-57.06,-61.02,54.16,-14.26,-1.95
2024/01/01 16:11:22.86,54.86,-31.18,-57.24,-61.41,52.25,-14.50,-2.88
2024/01/01 16:11:22.87,54.87,-31.20,-57.40,-61.92,50.11,-14.24,-3.46
2024/01/01 16:11:22.88,54.88,-31.17,-57.42,-62.38,48.59,-13.71,-4.24
2024/01/01 16:11:22.89,54.89,-31.04,-57.30,-62.60,48.62,-12.87,-4.87
2024/01/01 16:11:22.90,54.90,-30.90,-57.12,-62.61,50.93,-11.77,-5.35
2024/01/01 16:11:22.91,54.91,-30.86,-56.94,-62.48,55.10,-10.31,-6.13
2024/01/01 16:11:22.92,54.92,-30.91,-56.67,-62.29,59.56,-8.49,-6.58
2024/01/01 16:11:22.93,54.93,-30.95,-56.38,-62.12,62.78,-6.68,-5.98
2024/01/01 16:11:22.94,54.94,-30.82,-56.22,-61.95,64.04,-5.24,-4.32
2024/01/01 16:11:22.95,54.95,-30.52,-56.18,-61.53,63.79,-4.50,-2.13
2024/01/01 16:11:22.96,54.96,-30.21,-56.22,-60.80,62.85,-4.36,-0.68
2024/01/01 16:11:22.97,54.97,-30.06,-56.35,-60.07,61.51,-4.58,-0.62
2024/01/01 16:11:22.98,54.98,-30.04,-56.55,-59.61,60.09,-5.63,-1.07
2024/01/01 16:11:22.99,54.99,-30.06,-56.79,-59.36,58.88,-7.38,-0.94
2024/01/01 16:11:23.00,55.00,-30.03,-56.93,-59.12,57.59,-8.54,0.23
2024/01/01 16:11:23.01,55.01,-29.93,-56.83,-58.89,56.26,-8.82,1.67
2024/01/01 16:11:23.02,55.02,-29.89,-56.55,-58.74,55.52,-8.53,1.82
2024/01/01 16:11:23.03,55.03,-30.09,-56.28,-58.59,55.52,-7.68,0.89
2024/01/01 16:11:23.04,55.04,-30.46,-56.21,-58.39,56.01,-7.31,0.54
2024/01/01 16:11:23.05,55.05,-30.77,-56.35,-58.30,56.66,-8.10,0.76
2024/01/01 16:11:23.06,55.06,-30.95,-56.54,-58.42,57.14,-9.24,0.49
2024/01/01 16:11:23.07,55.07,-31.06,-56.59,-58.67,57.30,-10.38,0.26
2024/01/01 16:11:23.08,55.08,-31.18,-56.50,-58.92,57.12,-11.46,0.81
2024/01/01 16:11:23.09,55.09,-31.41,-56.28,-59.11,56.72,-11.70,1.06
2024/01/01 16:11:23.10,55.10,-31.76,-55.87,-59.32,56.58,-10.96,0.16
2024/01/01 16:11:23.11,55.11,-32.14,-55.35,-59.60,56.85,-9.74,-0.93
2024/01/01 16:11:23.12,55.12,-32.49,-54.96,-59.93,57.15,-8.53,-1.23
2024/01/01 16:11:23.13,55.13,-32.78,-54.73,-60.23,57.14,-8.04,-0.86
2024/01/01 16:11:23.14,55.14,-32.92,-54.58,-60.48,56.72,-8.39,-0.45
2024/01/01 16:11:23.15,55.15,-32.86,-54.40,-60.74,56.07,-8.89,-0.55
2024/01/01 16:11:23.16,55.16,-32.72,-54.12,-61.03,55.62,-9.21,-1.07
2024/01/01 16:11:23.17,55.17,-32.74,-53.72,-61.23,55.59,-9.12,-1.43
2024/01/01 16:11:23.18,55.18,-32.97,-53.34,-61.32,55.52,-8.23,-1.52
2024/01/01 16:11:23.19,55.19,-33.25,-53.10,-61.39,54.74,-6.17,-2.11
2024/01/01 16:11:23.20,55.20,-33.46,-53.07,-61.59,53.32,-3.22,-3.25
2024/01/01 16:11:23.21,55.21,-33.69,-53.26,-61.89,51.84,-0.80,-3.61
2024/01/01 16:11:23.22,55.22,-34.02,-53.63,-62.11,50.44,-0.21,-2.82
2024/01/01 16:11:23.23,55.23,-34.51,-53.92,-62.17,49.21,-1.44,-2.13
2024/01/01 16:11:23.24,55.24,-35.14,-53.90,-62.16,48.84,-3.51,-2.24
2024/01/01 16:11:23.25,55.25,-35.74,-53.61,-62.13,49.90,-4.91,-2.70
2024/01/01 16:11:23.26,55.26,-36.02,-53.31,-62.12,51.71,-4.72,-2.88
2024/01/01 16:11:23.27,55.27,-35.81,-53.23,-62.11,52.99,-3.39,-2.49
2024/01/01 16:11:23.28,55.28,-35.17,-53.45,-61.93,53.24,-1.89,-1.99
2024/01/01 16:11:23.29,55.29,-34.32,-53.79,-61.55,52.84,-0.99,-1.95
2024/01/01 16:11:23.30,55.30,-33.52,-54.05,-61.08,52.23,-1.33,-2.37
2024/01/01 16:11:23.31,55.31,-32.96,-54.19,-60.59,51.63,-3.24,-2.92
2024/01/01 16:11:23.32,55.32,-32.68,-54.17,-60.14,51.13,-6.36,-3.05
2024/01/01 16:11:23.33,55.33,-32.65,-54.08,-59.87,50.36,-9.63,-2.64
2024/01/01 16:11:23.34,55.34,-32.79,-54.22,-59.74,48.81,-12.29,-2.41
2024/01/01 16:11:23.35,55.35,-33.04,-54.78,-59.67,46.92,-14.29,-2.34
2024/01/01 16:11:23.36,55.36,-33.33,-55.70,-59.61,46.15,-15.54,-1.43
2024/01/01 16:11:23.37,55.37,-33.50,-56.72,-59.47,47.94,-15.74,0.24
2024/01/01 16:11:23.38,55.38,-33.37,-57.57,-59.24,52.72,-14.53,1.50
2024/01/01 16:11:23.39,55.39,-32.96,-58.21,-59.14,59.03,-11.82,2.05
2024/01/01 16:11:23.40,55.40,-32.43,-58.84,-59.32,64.07,-8.36,2.26
2024/01/01 16:11:23.41,55.41,-31.94,-59.47,-59.74,65.81,-5.38,2.12
2024/01/01 16:11:23.42,55.42,-31.67,-59.87,-60.22,64.10,-3.87,1.41
2024/01/01 16:11:23.43,55.43,-31.77,-59.83,-60.72,60.50,-4.70,-0.45
2024/01/01 16:11:23.44,55.44,-32.13,-59.42,-61.21,57.46,-8.25,-3.39
2024/01/01 16:11:23.45,55.45,-32.44,-58.87,-61.65,56.62,-13.47,-5.77
2024/01/01 16:11:23.46,55.46,-32.46,-58.46,-61.95,57.64,-18.29,-6.28
2024/01/01 16:11:23.47,55.47,-32.23,-58.33,-61.96,59.23,-21.00,-5.35
2024/01/01 16:11:23.48,55.48,-31.95,-58.41,-61.63,60.39,-20.85,-3.65
2024/01/01 16:11:23.49,55.49,-31.69,-58.54,-60.97,60.70,-18.17,-1.47
2024/01/01 16:11:23.50,55.50,-31.45,-58.65,-60.05,60.52,-14.44,0.39
2024/01/01 16:11:23.51,55.51,-31.27,-58.77,-59.17,60.22,-11.04,0.96
2024/01/01 16:11:23.52,55.52,-31.24,-59.01,-58.57,59.17,-8.36,0.44
2024/01/01 16:11:23.53,55.53,-31.54,-59.41,-58.12,56.28,-6.81,-0.16
2024/01/01 16:11:23.54,55.54,-32.17,-59.86,-57.62,51.61,-6.85,-0.08
2024/01/01 16:11:23.55,55.55,-32.93,-60.27,-57.08,46.68,-8.15,0.62
2024/01/01 16:11:23.56,55.56,-33.54,-60.55,-56.62,43.57,-9.93,1.37
2024/01/01 16:11:23.57,55.57,-33.89,-60.55,-56.29,43.56,-11.29,2.16
2024/01/01 16:11:23.58,55.58,-34.01,-60.25,-56.11,46.36,-11.47,3.71
2024/01/01 16:11:23.59,55.59,-34.06,-59.75,-56.02,50.60,-10.75,5.55
2024/01/01 16:11:23.60,55.60,-34.06,-59.11,-56.06,54.72,-9.80,6.16
2024/01/01 16:11:23.61,55.61,-33.86,-58.36,-56.23,57.58,-9.11,5.33
2024/01/01 16:11:23.62,55.62,-33.34,-57.78,-56.52,59.19,-9.68,4.00
2024/01/01 16:11:23.63,55.63,-32.51,-57.61,-56.88,60.17,-11.72,2.38
2024/01/01 16:11:23.64,55.64,-31.59,-57.87,-57.26,60.33,-14.17,0.83
2024/01/01 16:11:23.65,55.65,-30.77,-58.38,-57.60,59.43,-16.18,-0.10
2024/01/01 16:11:23.66,55.66,-30.18,-58.88,-57.92,58.03,-16.78,-0.86
2024/01/01 16:11:23.67,55.67,-29.87,-59.14,-58.28,56.75,-15.40,-1.48
2024/01/01 16:11:23.68,55.68,-29.83,-59.12,-58.54,55.73,-13.18,-1.12
2024/01/01 16:11:23.69,55.69,-30.09,-58.82,-58.54,54.49,-11.24,-0.15
2024/01/01 16:11:23.70,55.70,-30.65,-58.25,-58.45,53.03,-9.42,0.29
2024/01/01 16:11:23.71,55.71,-31.35,-57.57,-58.52,52.46,-7.76,0.26
2024/01/01 16:11:23.72,55.72,-31.99,-57.01,-58.74,53.68,-6.57,0.54
2024/01/01 16:11:23.73,55.73,-32.33,-56.70,-58.93,56.94,-6.17,1.45
2024/01/01 16:11:23.74,55.74,-32.25,-56.70,-59.02,61.85,-7.04,2.39
2024/01/01 16:11:23.75,55.75,-31.89,-57.04,-58.93,66.98,-9.23,2.29
2024/01/01 16:11:23.76,55.76,-31.40,-57.45,-58.72,70.59,-12.35,1.24
2024/01/01 16:11:23.77,55.77,-30.94,-57.67,-58.56,71.59,-15.47,0.33
2024/01/01 16:11:23.78,55.78,-30.64,-57.66,-58.50,69.82,-17.09,0.02
2024/01/01 16:11:23.79,55.79,-30.49,-57.56,-58.55,65.84,-16.32,0.20
2024/01/01 16:11:23.80,55.80,-30.48,-57.43,-58.69,60.41,-13.17,0.72
2024/01/01 16:11:23.81,55.81,-30.74,-57.30,-58.75,54.39,-8.28,1.16
2024/01/01 16:11:23.82,55.82,-31.28,-57.13,-58.71,48.72,-3.29,1.12
2024/01/01 16:11:23.83,55.83,-31.88,-56.87,-58.86,44.47,0.32,0.39
2024/01/01 16:11:23.84,55.84,-32.35,-56.63,-59.32,42.77,2.06,-0.76
2024/01/01 16:11:23.85,55.85,-32.69,-56.51,-59.84,44.05,1.83,-1.23
2024/01/01 16:11:23.86,55.86,-32.94,-56.50,-60.31,47.57,-0.23,-0.83
2024/01/01 16:11:23.87,55.87,-33.13,-56.51,-60.84,52.03,-4.07,-1.43
2024/01/01 16:11:23.88,55.88,-33.34,-56.50,-61.37,55.95,-9.58,-3.57
2024/01/01 16:11:23.89,55.89,-33.57,-56.51,-61.75,57.97,-15.84,-4.81
2024/01/01 16:11:23.90,55.90,-33.74,-56.73,-61.98,57.64,-21.69,-4.07
2024/01/01 16:11:23.91,55.91,-33.82,-57.30,-62.17,55.44,-25.59,-3.46
2024/01/01 16:11:23.92,55.92,-33.79,-58.08,-62.38,52.33,-25.30,-3.69
2024/01/01 16:11:23.93,55.93,-33.66,-58.69,-62.48,49.61,-20.13,-3.27
2024/01/01 16:11:23.94,55.94,-33.48,-58.97,-62.26,48.02,-12.16,-1.95
2024/01/01 16:11:23.95,55.95,-33.22,-58.81,-61.66,48.03,-4.39,-0.93
2024/01/01 16:11:23.96,55.96,-32.90,-58.20,-60.90,50.17,1.12,-1.22
2024/01/01 16:11:23.97,55.97,-32.66,-57.26,-60.27,53.91,3.48,-2.73
2024/01/01 16:11:23.98,55.98,-32.63,-56.27,-59.76,57.86,2.27,-3.83
2024/01/01 16:11:23.99,55.99,-32.78,-55.42,-59.20,60.84,-2.28,-3.06
2024/01/01 16:11:24.00,56.00,-33.02,-54.81,-58.58,62.00,-8.41,-1.24
2024/01/01 16:11:24.01,56.01,-33.27,-54.54,-58.11,61.16,-13.81,0.38
2024/01/01 16:11:24.02,56.02,-33.48,-54.59,-57.81,59.19,-17.49,2.32
2024/01/01 16:11:24.03,56.03,-33.68,-54.80,-57.56,57.33,-18.80,4.65
2024/01/01 16:11:24.04,56.04,-33.78,-55.06,-57.38,56.11,-17.03,5.77
2024/01/01 16:11:24.05,56.05,-33.67,-55.33,-57.38,55.46,-12.92,4.74
2024/01/01 16:11:24.06,56.06,-33.34,-55.49,-57.65,55.28,-7.96,2.64
2024/01/01 16:11:24.07,56.07,-32.94,-55.47,-58.11,55.05,-3.12,1.24
2024/01/01 16:11:24.08,56.08,-32.63,-55.29,-58.58,54.45,0.39,0.71
2024/01/01 16:11:24.09,56.09,-32.56,-55.09,-58.99,53.85,2.30,-0.38
2024/01/01 16:11:24.10,56.10,-32.78,-54.96,-59.50,53.25,3.59,-1.98
2024/01/01 16:11:24.11,56.11,-33.13,-54.91,-60.16,52.76,3.64,-2.56
2024/01/01 16:11:24.12,56.12,-33.33,-54.97,-60.85,52.90,1.30,-1.95
2024/01/01 16:11:24.13,56.13,-33.30,-55.13,-61.42,53.33,-2.45,-1.54
2024/01/01 16:11:24.14,56.14,-33.10,-55.30,-61.86,53.65,-7.24,-2.19
2024/01/01 16:11:24.15,56.15,-32.78,-55.40,-62.25,54.67,-13.44,-3.60
2024/01/01 16:11:24.16,56.16,-32.37,-55.40,-62.70,56.71,-18.93,-4.71
2024/01/01 16:11:24.17,56.17,-31.83,-55.37,-63.21,58.61,-21.73,-4.72
2024/01/01 16:11:24.18,56.18,-31.25,-55.46,-63.63,59.15,-21.99,-4.30
2024/01/01 16:11:24.19,56.19,-30.89,-55.71,-63.75,57.67,-19.53,-4.16
2024/01/01 16:11:24.20,56.20,-30.94,-56.04,-63.57,54.65,-14.93,-3.74
2024/01/01 16:11:24.21,56.21,-31.36,-56.42,-63.31,51.69,-9.99,-3.43
2024/01/01 16:11:24.22,56.22,-32.01,-56.81,-63.10,50.00,-4.96,-4.00
2024/01/01 16:11:24.23,56.23,-32.71,-57.19,-62.92,50.08,-0.18,-4.65
2024/01/01 16:11:24.24,56.24,-33.23,-57.62,-62.75,51.80,2.24,-4.71
2024/01/01 16:11:24.25,56.25,-33.46,-58.13,-62.64,54.02,1.56,-4.54
2024/01/01 16:11:24.26,56.26,-33.51,-58.57,-62.49,55.57,-1.43,-3.68
2024/01/01 16:11:24.27,56.27,-33.52,-58.71,-62.02,56.38,-6.38,-1.36
2024/01/01 16:11:24.28,56.28,-33.52,-58.38,-61.28,57.45,-12.16,0.94
2024/01/01 16:11:24.29,56.29,-33.34,-57.61,-60.63,59.18,-16.50,0.80
2024/01/01 16:11:24.30,56.30,-32.88,-56.74,-60.12,60.69,-18.35,-1.08
2024/01/01 16:11:24.31,56.31,-32.25,-56.04,-59.68,60.81,-17.83,-2.10
2024/01/01 16:11:24.32,56.32,-31.65,-55.60,-59.37,58.66,-15.37,-1.80
2024/01/01 16:11:24.33,56.33,-31.21,-55.51,-59.22,55.18,-12.43,-1.60
2024/01/01 16:11:24.34,56.34,-31.06,-55.77,-59.08,52.72,-10.84,-1.52
2024/01/01 16:11:24.35,56.35,-31.21,-56.22,-58.77,51.92,-10.53,-0.49
2024/01/01 16:11:24.36,56.36,-31.42,-56.67,-58.35,52.02,-10.34,0.73
2024/01/01 16:11:24.37,56.37,-31.53,-57.02,-58.11,52.50,-9.70,0.78
2024/01/01 16:11:24.38,56.38,-31.53,-57.20,-58.18,52.56,-7.90,0.14
2024/01/01 16:11:24.39,56.39,-31.36,-57.27,-58.39,52.08,-4.81,0.14
2024/01/01 16:11:24.40,56.40,-30.93,-57.39,-58.55,52.11,-1.90,0.94
2024/01/01 16:11:24.41,56.41,-30.33,-57.61,-58.61,53.79,-0.23,1.10
2024/01/01 16:11:24.42,56.42,-29.71,-57.88,-58.62,57.19,-0.00,-0.40
2024/01/01 16:11:24.43,56.43,-29.23,-58.12,-58.73,60.80,-1.60,-2.35
2024/01/01 16:11:24.44,56.44,-29.05,-58.16,-58.99,63.32,-5.24,-3.51
2024/01/01 16:11:24.45,56.45,-29.20,-57.95,-59.26,64.70,-10.12,-4.01
2024/01/01 16:11:24.46,56.46,-29.48,-57.53,-59.51,64.73,-14.55,-3.53
2024/01/01 16:11:24.47,56.47,-29.61,-57.00,-59.72,63.58,-17.19,-1.81
2024/01/01 16:11:24.48,56.48,-29.51,-56.53,-59.68,62.31,-17.64,0.15
2024/01/01 16:11:24.49,56.49,-29.18,-56.39,-59.33,61.61,-16.19,1.81
2024/01/01 16:11:24.50,56.50,-28.59,-56.56,-58.76,61.51,-14.12,2.82
2024/01/01 16:11:24.51,56.51,-27.90,-56.74,-58.05,61.67,-12.50,2.12
2024/01/01 16:11:24.52,56.52,-27.36,-56.77,-57.34,61.59,-11.25,0.44
2024/01/01 16:11:24.53,56.53,-27.06,-56.78,-56.80,60.75,-10.81,-0.27
2024/01/01 16:11:24.54,56.54,-26.87,-56.84,-56.62,58.88,-11.30,-0.35
2024/01/01 16:11:24.55,56.55,-26.71,-56.93,-56.82,56.55,-11.10,-0.58
2024/01/01 16:11:24.56,56.56,-26.57,-57.11,-57.19,55.06,-9.52,0.16
2024/01/01 16:11:24.57,56.57,-26.51,-57.39,-57.49,55.48,-7.41,2.21
2024/01/01 16:11:24.58,56.58,-26.58,-57.63,-57.69,57.78,-5.35,3.72
2024/01/01 16:11:24.59,56.59,-26.76,-57.60,-57.86,60.96,-3.79,3.41
2024/01/01 16:11:24.60,56.60,-26.91,-57.14,-58.14,63.83,-2.77,1.65
2024/01/01 16:11:24.61,56.61,-26.98,-56.42,-58.69,65.42,-1.59,-0.48
2024/01/01 16:11:24.62,56.62,-27.03,-55.78,-59.44,65.39,-0.33,-1.85
2024/01/01 16:11:24.63,56.63,-27.10,-55.29,-60.21,64.46,-0.00,-2.07
2024/01/01 16:11:24.64,56.64,-27.14,-54.90,-60.88,63.67,-1.28,-1.88
2024/01/01 16:11:24.65,56.65,-27.16,-54.60,-61.45,63.66,-4.21,-1.99
2024/01/01 16:11:24.66,56.66,-27.19,-54.41,-61.93,64.49,-8.53,-2.22
2024/01/01 16:11:24.67,56.67,-27.21,-54.39,-62.31,65.25,-13.12,-2.37
2024/01/01 16:11:24.68,56.68,-27.22,-54.54,-62.52,64.87,-15.86,-3.17
2024/01/01 16:11:24.69,56.69,-27.34,-54.70,-62.47,63.21,-15.11,-4.88
2024/01/01 16:11:24.70,56.70,-27.62,-54.86,-62.22,60.70,-11.37,-6.00
2024/01/01 16:11:24.71,56.71,-28.07,-55.11,-61.94,57.61,-6.53,-5.34
2024/01/01 16:11:24.72,56.72,-28.69,-55.43,-61.77,54.21,-2.79,-3.60
2024/01/01 16:11:24.73,56.73,-29.42,-55.83,-61.71,50.97,-1.70,-1.76
2024/01/01 16:11:24.74,56.74,-30.21,-56.27,-61.67,48.57,-3.09,-0.22
2024/01/01 16:11:24.75,56.75,-31.01,-56.54,-61.61,47.62,-5.89,0.14
2024/01/01 16:11:24.76,56.76,-31.79,-56.59,-61.46,48.92,-9.09,-1.51
2024/01/01 16:11:24.77,56.77,-32.55,-56.78,-61.17,53.23,-11.48,-3.88
2024/01/01 16:11:24.78,56.78,-33.05,-57.24,-60.89,59.64,-12.30,-4.51
2024/01/01 16:11:24.79,56.79,-33.05,-57.70,-60.76,65.45,-11.89,-3.07
2024/01/01 16:11:24.80,56.80,-32.64,-57.88,-60.59,68.47,-10.95,-0.97
2024/01/01 16:11:24.81,56.81,-32.17,-57.84,-60.27,67.67,-9.95,1.16
2024/01/01 16:11:24.82,56.82,-31.93,-57.84,-60.06,62.95,-9.30,2.55
2024/01/01 16:11:24.83,56.83,-31.92,-58.11,-60.06,56.03,-9.34,1.93
2024/01/01 16:11:24.84,56.84,-31.92,-58.64,-60.24,50.08,-9.63,-0.04
2024/01/01 16:11:24.85,56.85,-31.72,-59.18,-60.73,46.78,-9.17,-1.79
2024/01/01 16:11:24.86,56.86,-31.42,-59.40,-61.35,45.80,-8.29,-3.39
2024/01/01 16:11:24.87,56.87,-31.23,-59.12,-61.78,46.89,-8.41,-4.70
2024/01/01 16:11:24.88,56.88,-31.28,-58.43,-61.98,49.93,-10.07,-4.60
2024/01/01 16:11:24.89,56.89,-31.64,-57.65,-62.02,53.97,-12.93,-3.66
2024/01/01 16:11:24.90,56.90,-32.16,-57.06,-62.04,57.75,-16.34,-3.13
2024/01/01 16:11:24.91,56.91,-32.54,-56.87,-62.16,59.94,-19.15,-2.86
2024/01/01 16:11:24.92,56.92,-32.75,-57.12,-62.31,59.69,-20.45,-2.97
2024/01/01 16:11:24.93,56.93,-32.93,-57.52,-62.37,57.60,-19.82,-3.62
2024/01/01 16:11:24.94,56.94,-33.00,-57.74,-62.32,55.04,-17.20,-3.79
2024/01/01 16:11:24.95,56.95,-32.87,-57.79,-62.15,53.57,-13.71,-3.25
2024/01/01 16:11:24.96,56.96,-32.61,-57.79,-61.87,54.07,-10.49,-2.50
2024/01/01 16:11:24.97,56.97,-32.42,-57.72,-61.47,55.81,-7.20,-1.41
2024/01/01 16:11:24.98,56.98,-32.48,-57.47,-60.87,56.98,-3.61,-0.89
2024/01/01 16:11:24.99,56.99,-32.76,-56.95,-60.24,56.22,-0.47,-1.95
2024/01/01 16:11:25.00,57.00,-32.97,-56.19,-59.86,54.16,1.51,-3.10
2024/01/01 16:11:25.01,57.01,-32.99,-55.40,-59.59,52.56,1.47,-2.65
2024/01/01 16:11:25.02,57.02,-33.00,-54.79,-59.21,51.88,-1.29,-0.85
2024/01/01 16:11:25.03,57.03,-33.10,-54.59,-58.91,51.94,-5.77,1.05
2024/01/01 16:11:25.04,57.04,-33.27,-54.81,-58.95,53.21,-9.63,1.86
2024/01/01 16:11:25.05,57.05,-33.57,-55.26,-59.21,55.16,-11.29,2.07
2024/01/01 16:11:25.06,57.06,-33.94,-55.77,-59.33,56.70,-11.35,3.05
2024/01/01 16:11:25.07,57.07,-34.32,-56.28,-59.17,57.68,-11.15,3.65
2024/01/01 16:11:25.08,57.08,-34.60,-56.74,-58.98,57.82,-10.56,1.98
2024/01/01 16:11:25.09,57.09,-34.69,-57.22,-58.97,56.84,-9.50,-0.36
2024/01/01 16:11:25.10,57.10,-34.57,-57.88,-59.10,55.18,-8.87,-0.42
2024/01/01 16:11:25.11,57.11,-34.23,-58.65,-59.47,53.20,-8.60,1.32
2024/01/01 16:11:25.12,57.12,-33.84,-59.22,-60.02,51.52,-8.15,1.79
2024/01/01 16:11:25.13,57.13,-33.55,-59.40,-60.47,50.97,-7.51,0.30
2024/01/01 16:11:25.14,57.14,-33.39,-59.24,-60.70,51.07,-7.01,-1.52
2024/01/01 16:11:25.15,57.15,-33.32,-58.98,-60.72,50.82,-7.88,-3.41
2024/01/01 16:11:25.16,57.16,-33.31,-58.69,-60.67,50.03,-10.64,-5.47
2024/01/01 16:11:25.17,57.17,-33.24,-58.27,-60.68,49.00,-13.63,-6.34
2024/01/01 16:11:25.18,57.18,-33.18,-57.94,-60.74,48.70,-16.20,-5.14
2024/01/01 16:11:25.19,57.19,-33.21,-58.03,-60.62,50.47,-19.08,-2.75
2024/01/01 16:11:25.20,57.20,-33.30,-58.46,-60.10,54.00,-21.66,-0.62
2024/01/01 16:11:25.21,57.21,-33.33,-58.89,-59.34,57.55,-22.96,0.52
2024/01/01 16:11:25.22,57.22,-33.20,-59.17,-58.65,59.80,-22.46,1.16
2024/01/01 16:11:25.23,57.23,-32.91,-59.21,-58.07,60.12,-19.65,2.04
2024/01/01 16:11:25.24,57.24,-32.53,-59.09,-57.50,58.80,-15.20,3.00
2024/01/01 16:11:25.25,57.25,-32.15,-59.02,-57.03,56.92,-10.18,3.28
2024/01/01 16:11:25.26,57.26,-31.74,-59.04,-56.78,55.47,-5.09,2.74
2024/01/01 16:11:25.27,57.27,-31.27,-59.03,-56.57,55.29,-1.39,2.37
2024/01/01 16:11:25.28,57.28,-30.78,-59.00,-56.13,56.38,-0.74,2.89
2024/01/01 16:11:25.29,57.29,-30.30,-59.05,-55.70,57.57,-3.13,3.17
2024/01/01 16:11:25.30,57.30,-29.83,-59.10,-55.68,58.34,-7.26,2.09
2024/01/01 16:11:25.31,57.31,-29.51,-58.96,-56.12,59.26,-11.27,0.87
2024/01/01 16:11:25.32,57.32,-29.50,-58.53,-56.78,60.38,-13.75,1.39
2024/01/01 16:11:25.33,57.33,-29.74,-57.94,-57.39,61.05,-14.70,3.00
2024/01/01 16:11:25.34,57.34,-30.00,-57.42,-57.83,61.04,-14.25,2.94
2024/01/01 16:11:25.35,57.35,-30.05,-57.14,-58.14,60.69,-11.84,0.69
2024/01/01 16:11:25.36,57.36,-29.81,-57.17,-58.48,60.31,-8.04,-1.02
2024/01/01 16:11:25.37,57.37,-29.34,-57.54,-58.93,60.05,-4.87,-0.77
2024/01/01 16:11:25.38,57.38,-28.86,-58.23,-59.33,59.77,-3.65,0.14
2024/01/01 16:11:25.39,57.39,-28.56,-58.93,-59.47,59.46,-4.39,0.78
2024/01/01 16:11:25.40,57.40,-28.48,-59.24,-59.49,59.39,-6.43,0.80
2024/01/01 16:11:25.41,57.41,-28.55,-59.11,-59.62,59.48,-8.77,-0.75
2024/01/01 16:11:25.42,57.42,-28.77,-58.83,-59.86,59.41,-10.57,-3.26
2024/01/01 16:11:25.43,57.43,-29.04,-58.62,-60.09,58.90,-11.42,-4.47
2024/01/01 16:11:25.44,57.44,-29.13,-58.53,-60.24,57.91,-11.33,-3.73
2024/01/01 16:11:25.45,57.45,-28.95,-58.42,-60.32,57.28,-11.09,-2.17
2024/01/01 16:11:25.46,57.46,-28.78,-58.15,-60.26,58.05,-11.58,-0.49
2024/01/01 16:11:25.47,57.47,-28.83,-57.66,-59.96,59.97,-12.80,1.21
2024/01/01 16:11:25.48,57.48,-29.14,-57.03,-59.49,62.10,-14.46,2.11
2024/01/01 16:11:25.49,57.49,-29.58,-56.57,-59.14,63.55,-15.92,0.80
2024/01/01 16:11:25.50,57.50,-29.92,-56.61,-59.20,63.43,-16.08,-1.97
2024/01/01 16:11:25.51,57.51,-29.93,-57.07,-59.76,61.31,-14.92,-3.55
2024/01/01 16:11:25.52,57.52,-29.77,-57.49,-60.48,57.87,-13.25,-2.93
2024/01/01 16:11:25.53,57.53,-29.75,-57.70,-60.90,54.89,-11.52,-1.41
2024/01/01 16:11:25.54,57.54,-29.82,-57.85,-60.94,54.18,-9.83,-0.61
2024/01/01 16:11:25.55,57.55,-29.85,-57.87,-60.89,55.74,-7.68,-1.38
2024/01/01 16:11:25.56,57.56,-29.92,-57.60,-60.91,57.91,-4.52,-2.81
2024/01/01 16:11:25.57,57.57,-30.11,-57.07,-60.96,58.89,-1.42,-3.35
2024/01/01 16:11:25.58,57.58,-30.38,-56.47,-60.98,57.57,0.13,-3.28
2024/01/01 16:11:25.59,57.59,-30.68,-55.84,-61.07,54.84,-0.62,-3.58
2024/01/01 16:11:25.60,57.60,-30.91,-55.17,-61.14,53.33,-4.31,-3.68
2024/01/01 16:11:25.61,57.61,-31.03,-54.39,-61.01,54.55,-9.80,-2.73
2024/01/01 16:11:25.62,57.62,-31.25,-53.51,-60.76,57.63,-14.25,-1.17
2024/01/01 16:11:25.63,57.63,-31.78,-52.70,-60.62,60.80,-16.07,-0.32
2024/01/01 16:11:25.64,57.64,-32.50,-52.18,-60.77,62.60,-14.87,-0.76
2024/01/01 16:11:25.65,57.65,-33.05,-52.04,-61.15,62.27,-10.66,-1.24
2024/01/01 16:11:25.66,57.66,-33.29,-52.22,-61.42,59.90,-5.08,-0.76
2024/01/01 16:11:25.67,57.67,-33.26,-52.55,-61.35,56.19,-0.53,-0.16
2024/01/01 16:11:25.68,57.68,-33.08,-52.94,-61.06,52.20,2.01,-0.61
2024/01/01 16:11:25.69,57.69,-32.82,-53.31,-60.75,48.99,2.88,-1.90
2024/01/01 16:11:25.70,57.70,-32.53,-53.53,-60.53,47.35,2.78,-2.31
2024/01/01 16:11:25.71,57.71,-32.40,-53.50,-60.31,47.40,2.18,-1.31
2024/01/01 16:11:25.72,57.72,-32.48,-53.33,-60.17,48.44,1.15,-0.75
2024/01/01 16:11:25.73,57.73,-32.55,-53.26,-60.29,49.46,-0.21,-1.86
2024/01/01 16:11:25.74,57.74,-32.36,-53.34,-60.60,49.78,-2.19,-3.12
2024/01/01 16:11:25.75,57.75,-31.93,-53.36,-60.94,49.53,-5.55,-2.79
2024/01/01 16:11:25.76,57.76,-31.59,-53.22,-61.35,49.37,-10.12,-1.99
2024/01/01 16:11:25.77,57.77,-31.71,-53.12,-61.85,50.28,-14.41,-2.51
2024/01/01 16:11:25.78,57.78,-32.38,-53.37,-62.24,53.04,-16.74,-3.27
2024/01/01 16:11:25.79,57.79,-33.25,-53.97,-62.31,56.78,-15.98,-2.55
2024/01/01 16:11:25.80,57.80,-33.87,-54.72,-62.00,59.49,-12.33,-1.65
2024/01/01 16:11:25.81,57.81,-34.16,-55.52,-61.46,60.22,-7.43,-2.37
2024/01/01 16:11:25.82,57.82,-34.36,-56.49,-60.90,59.44,-3.24,-3.57
2024/01/01 16:11:25.83,57.83,-34.65,-57.64,-60.45,58.14,-1.15,-3.07
2024/01/01 16:11:25.84,57.84,-34.76,-58.76,-60.08,57.48,-1.38,-1.09
2024/01/01 16:11:25.85,57.85,-34.40,-59.52,-59.78,57.88,-2.99,0.58
2024/01/01 16:11:25.86,57.86,-33.74,-59.64,-59.55,58.63,-5.22,1.21
2024/01/01 16:11:25.87,57.87,-33.29,-59.12,-59.32,58.53,-7.87,1.21
2024/01/01 16:11:25.88,57.88,-33.25,-58.23,-58.98,57.06,-10.41,0.64
2024/01/01 16:11:25.89,57.89,-33.35,-57.31,-58.53,55.27,-12.65,-0.57
2024/01/01 16:11:25.90,57.90,-33.22,-56.58,-58.25,54.53,-14.82,-1.85
2024/01/01 16:11:25.91,57.91,-32.67,-56.23,-58.38,54.57,-16.96,-2.01
2024/01/01 16:11:25.92,57.92,-31.84,-56.44,-58.68,53.95,-19.74,-0.41
2024/01/01 16:11:25.93,57.93,-30.94,-57.09,-58.80,52.00,-23.44,1.58
2024/01/01 16:11:25.94,57.94,-30.19,-57.84,-58.78,49.42,-26.08,2.20
2024/01/01 16:11:25.95,57.95,-29.75,-58.44,-58.86,48.07,-25.66,1.58
2024/01/01 16:11:25.96,57.96,-29.72,-58.80,-59.11,49.37,-21.53,0.52
2024/01/01 16:11:25.97,57.97,-30.16,-58.90,-59.56,52.63,-13.60,-0.60
2024/01/01 16:11:25.98,57.98,-30.91,-58.74,-60.09,55.76,-3.67,-2.02
2024/01/01 16:11:25.99,57.99,-31.63,-58.30,-60.50,56.90,4.68,-3.89
2024/01/01 16:11:26.00,58.00,-31.98,-57.72,-60.80,56.19,9.06,-5.16
2024/01/01 16:11:26.01,58.01,-31.83,-57.30,-60.99,55.59,8.47,-4.39
2024/01/01 16:11:26.02,58.02,-31.34,-57.15,-60.90,56.91,2.93,-1.71
2024/01/01 16:11:26.03,58.03,-30.87,-57.05,-60.61,60.98,-5.15,1.03
2024/01/01 16:11:26.04,58.04,-30.69,-56.73,-60.35,66.50,-12.29,2.01
2024/01/01 16:11:26.05,58.05,-30.83,-56.13,-60.20,70.71,-16.79,0.87
2024/01/01 16:11:26.06,58.06,-30.99,-55.54,-60.22,72.00,-18.66,-0.77
2024/01/01 16:11:26.07,58.07,-30.78,-55.16,-60.41,69.92,-18.33,-1.24
2024/01/01 16:11:26.08,58.08,-30.20,-54.80,-60.58,65.12,-16.11,-0.78
2024/01/01 16:11:26.09,58.09,-29.44,-54.39,-60.47,59.97,-11.80,-0.16
2024/01/01 16:11:26.10,58.10,-28.60,-54.28,-60.04,56.68,-5.41,0.11
2024/01/01 16:11:26.11,58.11,-27.78,-54.76,-59.40,55.71,1.12,-0.79
2024/01/01 16:11:26.12,58.12,-27.18,-55.68,-58.79,56.02,5.01,-2.29
2024/01/01 16:11:26.13,58.13,-26.93,-56.73,-58.48,55.61,5.43,-3.00
2024/01/01 16:11:26.14,58.14,-27.04,-57.76,-58.57,53.08,2.51,-2.94
2024/01/01 16:11:26.15,58.15,-27.53,-58.67,-58.88,48.72,-3.93,-2.22
2024/01/01 16:11:26.16,58.16,-28.42,-59.31,-59.08,44.58,-11.86,-0.89
2024/01/01 16:11:26.17,58.17,-29.62,-59.48,-59.17,43.41,-17.77,0.01
2024/01/01 16:11:26.18,58.18,-30.82,-59.21,-59.34,46.86,-20.11,-0.06
2024/01/01 16:11:26.19,58.19,-31.72,-58.80,-59.52,54.53,-19.30,-0.53
2024/01/01 16:11:26.20,58.20,-32.25,-58.64,-59.54,63.32,-16.85,-0.75
2024/01/01 16:11:26.21,58.21,-32.48,-58.66,-59.35,69.23,-15.04,-0.83
2024/01/01 16:11:26.22,58.22,-32.53,-58.60,-58.90,71.17,-14.97,-1.28
2024/01/01 16:11:26.23,58.23,-32.43,-58.42,-58.22,70.38,-16.25,-0.94
2024/01/01 16:11:26.24,58.24,-32.20,-58.30,-57.52,67.94,-18.34,1.44
2024/01/01 16:11:26.25,58.25,-31.98,-58.32,-56.99,64.99,-20.17,3.88
2024/01/01 16:11:26.26,58.26,-31.98,-58.42,-56.67,62.07,-19.62,4.71
2024/01/01 16:11:26.27,58.27,-32.17,-58.50,-56.51,58.34,-15.52,5.16
2024/01/01 16:11:26.28,58.28,-32.33,-58.55,-56.47,53.36,-9.16,5.35
2024/01/01 16:11:26.29,58.29,-32.41,-58.67,-56.50,48.15,-2.65,3.99
2024/01/01 16:11:26.30,58.30,-32.60,-59.00,-56.62,44.60,2.25,1.76
2024/01/01 16:11:26.31,58.31,-33.00,-59.48,-56.82,44.18,4.18,-0.02
2024/01/01 16:11:26.32,58.32,-33.54,-59.80,-57.06,46.46,2.95,-1.12
2024/01/01 16:11:26.33,58.33,-34.25,-59.75,-57.44,49.97,-1.23,-1.28
2024/01/01 16:11:26.34,58.34,-35.10,-59.39,-58.19,53.29,-7.97,-0.38
2024/01/01 16:11:26.35,58.35,-35.92,-58.90,-59.30,55.06,-15.24,1.26
2024/01/01 16:11:26.36,58.36,-36.70,-58.40,-60.37,55.54,-20.74,3.34
2024/01/01 16:11:26.37,58.37,-37.50,-57.91,-61.10,56.17,-23.18,4.88
2024/01/01 16:11:26.38,58.38,-38.07,-57.51,-61.58,57.00,-21.84,4.38
2024/01/01 16:11:26.39,58.39,-38.04,-57.46,-62.03,57.27,-17.92,1.54
2024/01/01 16:11:26.40,58.40,-37.33,-57.79,-62.46,56.24,-13.65,-1.65
2024/01/01 16:11:26.41,58.41,-36.15,-58.18,-62.81,53.01,-9.91,-3.04
2024/01/01 16:11:26.42,58.42,-34.83,-58.26,-62.98,47.79,-7.50,-3.36
2024/01/01 16:11:26.43,58.43,-33.75,-57.78,-62.96,42.17,-6.97,-4.49
2024/01/01 16:11:26.44,58.44,-33.15,-56.58,-62.68,38.12,-7.42,-6.11
2024/01/01 16:11:26.45,58.45,-33.07,-54.88,-62.06,37.11,-8.39,-6.72
2024/01/01 16:11:26.46,58.46,-33.25,-53.29,-61.19,39.18,-9.43,-6.61
2024/01/01 16:11:26.47,58.47,-33.26,-52.20,-60.33,42.85,-8.97,-6.58
2024/01/01 16:11:26.48,58.48,-32.95,-51.54,-59.52,46.50,-7.11,-5.85
2024/01/01 16:11:26.49,58.49,-32.54,-51.36,-58.61,49.67,-5.19,-3.68
2024/01/01 16:11:26.50,58.50,-32.04,-51.77,-57.70,52.87,-3.61,-0.63
2024/01/01 16:11:26.51,58.51,-31.29,-52.57,-57.20,57.07,-2.81,2.11
2024/01/01 16:11:26.52,58.52,-30.44,-53.35,-57.17,62.63,-3.01,3.69
2024/01/01 16:11:26.53,58.53,-29.85,-53.82,-57.33,67.90,-3.16,4.74
2024/01/01 16:11:26.54,58.54,-29.68,-54.01,-57.50,70.70,-2.80,5.46
2024/01/01 16:11:26.55,58.55,-29.83,-54.25,-57.79,70.34,-2.28,4.13
2024/01/01 16:11:26.56,58.56,-30.06,-54.65,-58.25,67.67,-1.48,1.04
2024/01/01 16:11:26.57,58.57,-30.16,-54.86,-58.78,64.81,-0.50,-0.48
2024/01/01 16:11:26.58,58.58,-30.04,-54.69,-59.27,64.10,0.15,0.56
2024/01/01 16:11:26.59,58.59,-29.95,-54.47,-59.69,66.05,0.12,1.77
2024/01/01 16:11:26.60,58.60,-30.09,-54.62,-60.11,69.16,-0.91,1.95
2024/01/01 16:11:26.61,58.61,-30.27,-55.17,-60.50,71.10,-2.94,1.57
2024/01/01 16:11:26.62,58.62,-30.31,-55.67,-60.69,69.96,-5.56,0.68
2024/01/01 16:11:26.63,58.63,-30.40,-55.72,-60.72,65.32,-8.85,-0.52
2024/01/01 16:11:26.64,58.64,-30.75,-55.43,-60.69,58.16,-13.01,-1.50
2024/01/01 16:11:26.65,58.65,-31.27,-55.13,-60.60,50.15,-17.08,-2.34
2024/01/01 16:11:26.66,58.66,-31.84,-54.91,-60.51,43.48,-19.44,-3.02
2024/01/01 16:11:26.67,58.67,-32.48,-54.79,-60.54,40.17,-18.92,-3.43
2024/01/01 16:11:26.68,58.68,-33.24,-54.93,-60.73,40.55,-15.35,-4.08
2024/01/01 16:11:26.69,58.69,-34.24,-55.56,-61.06,43.03,-10.39,-4.92
2024/01/01 16:11:26.70,58.70,-35.45,-56.62,-61.39,45.68,-6.74,-5.15
2024/01/01 16:11:26.71,58.71,-36.68,-57.71,-61.49,47.28,-5.45,-4.62
2024/01/01 16:11:26.72,58.72,-37.66,-58.44,-61.30,47.84,-5.40,-3.42
2024/01/01 16:11:26.73,58.73,-38.15,-58.81,-61.07,48.47,-5.92,-1.45
2024/01/01 16:11:26.74,58.74,-38.07,-59.10,-61.06,50.31,-7.39,0.36
2024/01/01 16:11:26.75,58.75,-37.65,-59.44,-61.18,53.46,-9.55,1.21
2024/01/01 16:11:26.76,58.76,-37.28,-59.72,-61.22,56.62,-11.42,1.50
2024/01/01 16:11:26.77,58.77,-37.15,-59.93,-61.18,58.01,-12.70,0.58
2024/01/01 16:11:26.78,58.78,-37.09,-60.28,-61.17,56.75,-14.13,-2.25
2024/01/01 16:11:26.79,58.79,-36.91,-60.78,-61.21,53.61,-16.63,-4.77
2024/01/01 16:11:26.80,58.80,-36.55,-61.16,-61.33,50.22,-19.99,-4.96
2024/01/01 16:11:26.81,58.81,-36.22,-61.22,-61.47,47.56,-22.63,-3.80
2024/01/01 16:11:26.82,58.82,-36.05,-60.90,-61.50,46.37,-23.17,-2.51
2024/01/01 16:11:26.83,58.83,-35.99,-60.31,-61.40,47.27,-21.20,-1.27
2024/01/01 16:11:26.84,58.84,-35.81,-59.67,-61.17,49.53,-16.74,-0.51
2024/01/01 16:11:26.85,58.85,-35.36,-59.08,-60.75,51.73,-10.57,-0.64
2024/01/01 16:11:26.86,58.86,-34.54,-58.59,-60.33,52.81,-4.58,-1.44
2024/01/01 16:11:26.87,58.87,-33.38,-58.40,-60.18,52.18,-0.98,-2.53
2024/01/01 16:11:26.88,58.88,-32.11,-58.43,-60.25,50.25,-1.41,-2.98
2024/01/01 16:11:26.89,58.89,-31.13,-58.33,-60.26,48.24,-5.96,-1.64
2024/01/01 16:11:26.90,58.90,-30.56,-58.06,-60.06,47.51,-12.40,0.35
2024/01/01 16:11:26.91,58.91,-30.36,-57.85,-59.71,49.32,-17.41,0.16
2024/01/01 16:11:26.92,58.92,-30.52,-57.72,-59.44,53.70,-18.76,-2.27
2024/01/01 16:11:26.93,58.93,-31.07,-57.51,-59.48,59.21,-16.40,-4.27
2024/01/01 16:11:26.94,58.94,-31.83,-57.02,-59.74,64.12,-12.16,-4.27
2024/01/01 16:11:26.95,58.95,-32.44,-56.10,-59.91,67.67,-8.26,-2.45
2024/01/01 16:11:26.96,58.96,-32.57,-54.92,-59.83,70.38,-5.98,0.39
2024/01/01 16:11:26.97,58.97,-32.22,-53.96,-59.46,72.51,-5.44,2.82
2024/01/01 16:11:26.98,58.98,-31.70,-53.56,-58.87,73.36,-5.94,3.85
2024/01/01 16:11:26.99,58.99,-31.19,-53.47,-58.47,72.32,-6.40,3.34
2024/01/01 16:11:27.00,59.00,-30.74,-53.25,-58.50,68.94,-6.08,1.11
2024/01/01 16:11:27.01,59.01,-30.54,-52.86,-58.87,63.03,-5.23,-1.57
2024/01/01 16:11:27.02,59.02,-30.64,-52.59,-59.42,55.26,-4.52,-2.09
2024/01/01 16:11:27.03,59.03,-30.76,-52.51,-59.89,47.14,-4.03,-0.55
2024/01/01 16:11:27.04,59.04,-30.67,-52.43,-60.08,40.80,-3.38,0.83
2024/01/01 16:11:27.05,59.05,-30.48,-52.33,-60.12,38.16,-1.97,1.26
2024/01/01 16:11:27.06,59.06,-30.44,-52.37,-60.23,39.57,0.57,0.72
2024/01/01 16:11:27.07,59.07,-30.61,-52.64,-60.51,43.66,3.31,-0.72
2024/01/01 16:11:27.08,59.08,-30.95,-53.19,-60.96,48.28,4.80,-2.16
2024/01/01 16:11:27.09,59.09,-31.38,-53.97,-61.38,51.72,4.47,-3.36
2024/01/01 16:11:27.10,59.10,-31.69,-54.64,-61.62,53.77,1.97,-4.76
2024/01/01 16:11:27.11,59.11,-31.81,-54.90,-61.72,55.20,-2.79,-5.52
2024/01/01 16:11:27.12,59.12,-31.80,-54.88,-61.75,56.69,-8.67,-4.50
2024/01/01 16:11:27.13,59.13,-31.67,-54.88,-61.55,58.60,-13.80,-2.28
2024/01/01 16:11:27.14,59.14,-31.53,-55.03,-60.94,60.99,-16.19,-0.07
2024/01/01 16:11:27.15,59.15,-31.64,-55.39,-60.07,63.26,-14.93,1.37
2024/01/01 16:11:27.16,59.16,-31.97,-55.93,-59.27,64.44,-11.44,1.41
2024/01/01 16:11:27.17,59.17,-32.23,-56.60,-58.66,64.16,-8.04,0.41
2024/01/01 16:11:27.18,59.18,-32.32,-57.41,-58.00,62.54,-6.60,-0.10
2024/01/01 16:11:27.19,59.19,-32.33,-58.26,-57.27,60.00,-8.30,0.66
2024/01/01 16:11:27.20,59.20,-32.29,-58.93,-56.82,57.76,-11.92,1.66
2024/01/01 16:11:27.21,59.21,-32.18,-59.25,-56.85,57.03,-14.48,1.91
2024/01/01 16:11:27.22,59.22,-32.14,-59.39,-57.23,57.77,-14.92,2.20
2024/01/01 16:11:27.23,59.23,-32.30,-59.59,-57.75,58.99,-14.25,3.10
2024/01/01 16:11:27.24,59.24,-32.71,-59.95,-58.27,59.57,-13.62,3.02
2024/01/01 16:11:27.25,59.25,-33.30,-60.38,-58.70,58.64,-14.06,0.98
2024/01/01 16:11:27.26,59.26,-33.85,-60.77,-59.06,56.38,-16.05,-1.09
2024/01/01 16:11:27.27,59.27,-34.11,-61.02,-59.47,54.03,-18.75,-1.55
2024/01/01 16:11:27.28,59.28,-33.95,-61.08,-60.08,52.38,-20.76,-1.18
2024/01/01 16:11:27.29,59.29,-33.35,-60.93,-60.86,51.42,-21.04,-0.94
2024/01/01 16:11:27.30,59.30,-32.46,-60.68,-61.63,51.08,-18.95,-1.28
2024/01/01 16:11:27.31,59.31,-31.63,-60.56,-62.24,51.15,-14.83,-2.84
2024/01/01 16:11:27.32,59.32,-31.09,-60.66,-62.84,51.22,-10.44,-5.49
2024/01/01 16:11:27.33,59.33,-30.76,-60.83,-63.54,50.88,-7.31,-8.15
2024/01/01 16:11:27.34,59.34,-30.51,-60.83,-64.00,49.92,-6.01,-9.58
2024/01/01 16:11:27.35,59.35,-30.35,-60.68,-63.97,48.72,-6.88,-9.11
2024/01/01 16:11:27.36,59.36,-30.25,-60.47,-63.69,47.75,-8.95,-7.48
2024/01/01 16:11:27.37,59.37,-30.10,-60.12,-63.36,47.31,-10.25,-5.84
2024/01/01 16:11:27.38,59.38,-30.01,-59.66,-62.94,48.54,-10.29,-3.79
2024/01/01 16:11:27.39,59.39,-30.14,-59.20,-62.39,52.53,-9.39,-1.04
2024/01/01 16:11:27.40,59.40,-30.36,-58.73,-61.91,58.75,-7.86,0.01
2024/01/01 16:11:27.41,59.41,-30.46,-58.21,-61.54,65.17,-6.97,-2.06
2024/01/01 16:11:27.42,59.42,-30.38,-57.62,-61.08,69.63,-7.58,-4.09
2024/01/01 16:11:27.43,59.43,-30.04,-56.82,-60.40,71.33,-9.37,-3.33
2024/01/01 16:11:27.44,59.44,-29.41,-55.83,-59.68,71.06,-12.09,-1.45
2024/01/01 16:11:27.45,59.45,-28.63,-54.98,-59.12,70.21,-14.61,-0.20
2024/01/01 16:11:27.46,59.46,-27.88,-54.56,-58.70,69.84,-15.05,1.50
2024/01/01 16:11:27.47,59.47,-27.27,-54.57,-58.41,69.64,-13.19,3.89
2024/01/01 16:11:27.48,59.48,-26.87,-54.82,-58.33,68.17,-10.08,4.70
2024/01/01 16:11:27.49,59.49,-26.57,-54.96,-58.40,64.53,-6.81,2.78
2024/01/01 16:11:27.50,59.50,-26.35,-54.75,-58.42,59.20,-4.33,-0.06
2024/01/01 16:11:27.51,59.51,-26.33,-54.33,-58.36,53.95,-3.02,-1.78
2024/01/01 16:11:27.52,59.52,-26.58,-53.99,-58.32,51.08,-2.81,-2.37
2024/01/01 16:11:27.53,59.53,-26.92,-53.91,-58.34,51.49,-3.09,-2.71
2024/01/01 16:11:27.54,59.54,-27.02,-54.05,-58.43,53.72,-3.16,-2.77
2024/01/01 16:11:27.55,59.55,-26.84,-54.29,-58.44,55.67,-3.52,-1.89
2024/01/01 16:11:27.56,59.56,-26.76,-54.60,-58.20,56.45,-5.10,-0.32
2024/01/01 16:11:27.57,59.57,-27.06,-55.14,-57.95,56.14,-7.62,0.70
2024/01/01 16:11:27.58,59.58,-27.61,-55.94,-58.01,55.54,-9.55,0.64
2024/01/01 16:11:27.59,59.59,-28.22,-56.70,-58.30,56.20,-9.35,0.62
2024/01/01 16:11:27.60,59.60,-28.84,-56.98,-58.54,58.54,-6.93,1.67
2024/01/01 16:11:27.61,59.61,-29.45,-56.74,-58.76,60.90,-3.58,2.57
2024/01/01 16:11:27.62,59.62,-30.09,-56.32,-59.13,62.09,-0.81,1.61
2024/01/01 16:11:27.63,59.63,-30.67,-56.09,-59.59,63.02,-0.04,-0.14
2024/01/01 16:11:27.64,59.64,-31.14,-56.25,-59.94,64.63,-1.94,-0.34
2024/01/01 16:11:27.65,59.65,-31.49,-56.83,-60.00,66.34,-5.73,0.88
2024/01/01 16:11:27.66,59.66,-31.66,-57.61,-59.77,67.17,-10.04,1.41
2024/01/01 16:11:27.67,59.67,-31.58,-58.23,-59.32,66.55,-14.02,0.79
2024/01/01 16:11:27.68,59.68,-31.49,-58.62,-58.84,64.05,-17.19,0.77
2024/01/01 16:11:27.69,59.69,-31.67,-58.93,-58.56,59.97,-18.84,2.03
2024/01/01 16:11:27.70,59.70,-32.23,-59.26,-58.59,55.31,-18.38,2.93
2024/01/01 16:11:27.71,59.71,-33.06,-59.63,-58.94,50.48,-16.21,2.54
2024/01/01 16:11:27.72,59.72,-33.89,-60.11,-59.53,45.36,-13.50,1.46
2024/01/01 16:11:27.73,59.73,-34.38,-60.77,-60.24,40.75,-11.36,-0.20
2024/01/01 16:11:27.74,59.74,-34.55,-61.52,-60.87,38.16,-10.86,-2.35
2024/01/01 16:11:27.75,59.75,-34.66,-62.06,-61.25,38.61,-12.45,-3.84
2024/01/01 16:11:27.76,59.76,-34.80,-62.04,-61.45,42.51,-14.82,-4.36
2024/01/01 16:11:27.77,59.77,-34.89,-61.48,-61.56,49.40,-16.18,-4.96
2024/01/01 16:11:27.78,59.78,-34.80,-60.69,-61.43,56.93,-16.19,-5.57
2024/01/01 16:11:27.79,59.79,-34.35,-59.97,-60.99,61.93,-15.42,-5.13
2024/01/01 16:11:27.80,59.80,-33.45,-59.47,-60.55,63.12,-14.60,-4.01
2024/01/01 16:11:27.81,59.81,-32.40,-59.25,-60.34,61.46,-14.69,-3.13
2024/01/01 16:11:27.82,59.82,-31.69,-59.19,-60.24,58.98,-16.21,-2.00
2024/01/01 16:11:27.83,59.83,-31.46,-59.00,-60.17,57.31,-18.19,-0.35
2024/01/01 16:11:27.84,59.84,-31.48,-58.52,-60.13,56.86,-18.83,0.22
2024/01/01 16:11:27.85,59.85,-31.43,-57.87,-60.09,57.50,-16.92,-0.76
2024/01/01 16:11:27.86,59.86,-31.21,-57.38,-60.16,58.58,-12.42,-1.39
2024/01/01 16:11:27.87,59.87,-30.94,-57.30,-60.26,59.12,-6.78,-0.97
2024/01/01 16:11:27.88,59.88,-30.63,-57.49,-60.18,59.34,-2.39,-0.59
2024/01/01 16:11:27.89,59.89,-30.04,-57.66,-60.09,60.22,-0.50,-0.42
2024/01/01 16:11:27.90,59.90,-29.19,-57.83,-60.28,61.90,-1.06,-0.79
2024/01/01 16:11:27.91,59.91,-28.49,-58.12,-60.68,63.59,-3.70,-1.96
2024/01/01 16:11:27.92,59.92,-28.30,-58.34,-61.19,63.76,-7.26,-2.56
2024/01/01 16:11:27.93,59.93,-28.57,-58.17,-61.78,61.04,-10.08,-2.41
2024/01/01 16:11:27.94,59.94,-28.86,-57.59,-62.37,55.98,-11.30,-3.18
2024/01/01 16:11:27.95,59.95,-28.94,-57.00,-62.84,51.26,-10.85,-4.70
2024/01/01 16:11:27.96,59.96,-28.94,-56.78,-63.16,49.52,-9.64,-5.57
2024/01/01 16:11:27.97,59.97,-29.02,-56.96,-63.35,51.58,-9.18,-5.54
2024/01/01 16:11:27.98,59.98,-29.26,-57.14,-63.36,56.33,-9.66,-5.02
2024/01/01 16:11:27.99,59.99,-29.61,-57.04,-63.13,61.71,-10.24,-4.02
2024/01/01 16:11:28.00,60.00,-29.98,-56.77,-62.73,65.76,-10.69,-2.81
2024/01/01 16:11:28.01,60.01,-30.23,-56.53,-62.25,67.08,-10.77,-1.88
2024/01/01 16:11:28.02,60.02,-30.34,-56.27,-61.78,65.48,-9.71,-1.02
2024/01/01 16:11:28.03,60.03,-30.34,-55.85,-61.36,62.42,-7.62,-0.11
2024/01/01 16:11:28.04,60.04,-30.21,-55.30,-60.90,59.49,-5.86,-0.12
2024/01/01 16:11:28.05,60.05,-29.93,-54.82,-60.37,57.05,-5.92,-1.31
2024/01/01 16:11:28.06,60.06,-29.54,-54.56,-59.89,54.63,-8.02,-2.79
2024/01/01 16:11:28.07,60.07,-29.18,-54.48,-59.48,52.11,-10.78,-4.15
2024/01/01 16:11:28.08,60.08,-29.10,-54.54,-59.10,50.42,-12.21,-4.82
2024/01/01 16:11:28.09,60.09,-29.37,-54.86,-58.94,50.37,-11.60,-3.81
2024/01/01 16:11:28.10,60.10,-29.85,-55.38,-59.00,51.68,-9.99,-1.68
2024/01/01 16:11:28.11,60.11,-30.32,-55.80,-59.08,53.79,-8.13,0.27
2024/01/01 16:11:28.12,60.12,-30.78,-56.03,-58.99,55.87,-5.68,1.53
2024/01/01 16:11:28.13,60.13,-31.39,-56.16,-58.75,57.26,-3.07,1.51
2024/01/01 16:11:28.14,60.14,-31.95,-56.40,-58.57,58.14,-1.52,0.19
2024/01/01 16:11:28.15,60.15,-32.07,-57.00,-58.67,58.76,-1.45,-1.10
2024/01/01 16:11:28.16,60.16,-31.78,-57.92,-58.91,59.27,-2.74,-1.10
2024/01/01 16:11:28.17,60.17,-31.40,-58.72,-59.04,59.92,-5.14,0.16
2024/01/01 16:11:28.18,60.18,-30.98,-59.10,-59.09,60.47,-8.23,1.29
2024/01/01 16:11:28.19,60.19,-30.52,-59.11,-59.27,60.36,-11.85,1.03
2024/01/01 16:11:28.20,60.20,-30.15,-58.80,-59.63,59.62,-15.64,-0.15
2024/01/01 16:11:28.21,60.21,-29.77,-58.19,-60.09,58.77,-18.57,-1.26
2024/01/01 16:11:28.22,60.22,-29.07,-57.47,-60.49,57.87,-19.93,-2.09
2024/01/01 16:11:28.23,60.23,-28.09,-56.98,-60.50,56.63,-19.54,-2.51
2024/01/01 16:11:28.24,60.24,-27.24,-56.91,-60.16,55.57,-17.11,-2.17
2024/01/01 16:11:28.25,60.25,-26.82,-57.17,-59.85,55.74,-13.20,-1.43
2024/01/01 16:11:28.26,60.26,-26.86,-57.52,-59.75,57.06,-9.46,-1.22
2024/01/01 16:11:28.27,60.27,-27.19,-57.71,-59.67,58.16,-6.93,-1.23
2024/01/01 16:11:28.28,60.28,-27.67,-57.62,-59.53,57.91,-5.91,-0.37
2024/01/01 16:11:28.29,60.29,-28.21,-57.33,-59.38,56.43,-6.58,0.53
2024/01/01 16:11:28.30,60.30,-28.78,-56.99,-59.23,54.83,-7.83,0.27
2024/01/01 16:11:28.31,60.31,-29.33,-56.72,-59.10,54.99,-7.48,-0.23
2024/01/01 16:11:28.32,60.32,-29.84,-56.54,-59.07,58.24,-5.14,0.26
2024/01/01 16:11:28.33,60.33,-30.20,-56.44,-59.08,63.86,-2.49,1.10
2024/01/01 16:11:28.34,60.34,-30.22,-56.37,-59.05,69.39,-0.64,1.20
2024/01/01 16:11:28.35,60.35,-29.83,-56.16,-59.06,72.12,-0.08,0.63
2024/01/01 16:11:28.36,60.36,-29.22,-55.53,-59.08,71.01,-1.51,-0.00
2024/01/01 16:11:28.37,60.37,-28.56,-54.49,-59.06,66.96,-4.39,-0.27
2024/01/01 16:11:28.38,60.38,-27.95,-53.43,-59.14,61.80,-7.40,-0.46
2024/01/01 16:11:28.39,60.39,-27.55,-52.87,-59.34,57.45,-9.95,-1.47
2024/01/01 16:11:28.40,60.40,-27.45,-52.92,-59.59,54.62,-11.12,-2.79
2024/01/01 16:11:28.41,60.41,-27.57,-53.31,-59.95,52.66,-9.97,-2.80
2024/01/01 16:11:28.42,60.42,-27.85,-53.81,-60.35,50.91,-7.72,-1.91
2024/01/01 16:11:28.43,60.43,-28.29,-54.43,-60.67,49.61,-5.96,-1.70
2024/01/01 16:11:28.44,60.44,-28.89,-55.14,-60.90,49.98,-4.71,-2.29
2024/01/01 16:11:28.45,60.45,-29.49,-55.79,-61.07,52.68,-3.97,-3.00
2024/01/01 16:11:28.46,60.46,-30.03,-56.33,-61.16,56.85,-3.85,-3.43
2024/01/01 16:11:28.47,60.47,-30.52,-56.88,-61.25,61.03,-4.02,-2.90
2024/01/01 16:11:28.48,60.48,-30.92,-57.46,-61.35,64.04,-4.89,-1.46
2024/01/01 16:11:28.49,60.49,-31.13,-57.85,-61.32,65.35,-7.06,-0.02
2024/01/01 16:11:28.50,60.50,-31.14,-57.76,-60.96,65.35,-9.91,1.27
2024/01/01 16:11:28.51,60.51,-31.06,-57.19,-60.30,64.99,-12.56,2.39
2024/01/01 16:11:28.52,60.52,-31.01,-56.54,-59.63,64.61,-14.60,2.56
2024/01/01 16:11:28.53,60.53,-31.04,-56.07,-59.22,63.43,-15.67,1.44
2024/01/01 16:11:28.54,60.54,-31.13,-55.73,-59.06,60.89,-15.31,-0.19
2024/01/01 16:11:28.55,60.55,-31.26,-55.59,-58.95,57.49,-13.66,-1.34
2024/01/01 16:11:28.56,60.56,-31.41,-55.81,-58.85,54.06,-11.91,-1.62
2024/01/01 16:11:28.57,60.57,-31.63,-56.37,-58.84,51.55,-11.49,-1.16
2024/01/01 16:11:28.58,60.58,-32.07,-57.10,-58.76,50.49,-12.51,0.04
2024/01/01 16:11:28.59,60.59,-32.86,-57.85,-58.44,50.37,-13.36,1.84
2024/01/01 16:11:28.60,60.60,-33.78,-58.54,-58.16,50.32,-12.14,3.02
2024/01/01 16:11:28.61,60.61,-34.36,-59.24,-58.11,49.75,-8.49,2.27
2024/01/01 16:11:28.62,60.62,-34.50,-60.05,-58.23,48.48,-4.03,0.56
2024/01/01 16:11:28.63,60.63,-34.47,-60.87,-58.57,46.83,-1.05,-0.01
2024/01/01 16:11:28.64,60.64,-34.43,-61.35,-59.16,45.54,-1.07,0.02
2024/01/01 16:11:28.65,60.65,-34.39,-61.30,-59.68,45.76,-4.25,-1.18
2024/01/01 16:11:28.66,60.66,-34.31,-60.88,-59.88,47.84,-9.13,-2.60
2024/01/01 16:11:28.67,60.67,-34.09,-60.33,-59.80,50.97,-13.90,-2.70
2024/01/01 16:11:28.68,60.68,-33.64,-59.70,-59.60,54.44,-17.72,-2.28
2024/01/01 16:11:28.69,60.69,-33.02,-59.00,-59.43,57.75,-19.91,-2.07
2024/01/01 16:11:28.70,60.70,-32.29,-58.38,-59.29,60.49,-20.26,-1.46
2024/01/01 16:11:28.71,60.71,-31.60,-57.91,-59.00,62.71,-19.92,-0.32
2024/01/01 16:11:28.72,60.72,-31.19,-57.55,-58.43,64.28,-19.82,0.94
2024/01/01 16:11:28.73,60.73,-31.29,-57.35,-57.85,64.73,-19.47,1.83
2024/01/01 16:11:28.74,60.74,-31.96,-57.43,-57.52,63.86,-17.87,2.04
2024/01/01 16:11:28.75,60.75,-32.92,-57.98,-57.24,61.60,-14.88,2.06
2024/01/01 16:11:28.76,60.76,-33.72,-58.89,-56.78,58.11,-11.80,2.67
2024/01/01 16:11:28.77,60.77,-34.12,-59.67,-56.40,54.27,-9.84,3.48
2024/01/01 16:11:28.78,60.78,-34.15,-59.98,-56.39,51.34,-8.35,3.60
2024/01/01 16:11:28.79,60.79,-34.00,-59.88,-56.64,50.21,-6.59,3.73
2024/01/01 16:11:28.80,60.80,-33.93,-59.48,-56.83,51.00,-5.22,4.63
2024/01/01 16:11:28.81,60.81,-34.08,-58.77,-56.82,53.02,-4.57,4.51
2024/01/01 16:11:28.82,60.82,-34.39,-57.79,-56.75,55.04,-4.28,2.16
2024/01/01 16:11:28.83,60.83,-34.62,-56.70,-56.76,55.53,-4.83,-0.19
2024/01/01 16:11:28.84,60.84,-34.63,-55.76,-56.92,53.42,-7.08,-0.02
2024/01/01 16:11:28.85,60.85,-34.44,-55.16,-57.17,49.48,-10.67,1.88
2024/01/01 16:11:28.86,60.86,-34.07,-54.81,-57.47,46.17,-13.81,3.21
2024/01/01 16:11:28.87,60.87,-33.63,-54.60,-57.90,45.42,-14.89,3.21
2024/01/01 16:11:28.88,60.88,-33.27,-54.69,-58.35,47.58,-13.72,2.66
2024/01/01 16:11:28.89,60.89,-33.06,-55.15,-58.65,51.90,-11.00,1.94
2024/01/01 16:11:28.90,60.90,-33.04,-55.58,-58.83,56.39,-7.15,0.40
2024/01/01 16:11:28.91,60.91,-33.16,-55.72,-59.08,58.63,-3.07,-2.23
2024/01/01 16:11:28.92,60.92,-33.27,-55.75,-59.44,58.07,-0.35,-4.18
2024/01/01 16:11:28.93,60.93,-33.25,-55.81,-59.73,56.19,0.21,-3.51
2024/01/01 16:11:28.94,60.94,-33.07,-55.89,-59.77,54.60,-1.10,-1.04
2024/01/01 16:11:28.95,60.95,-32.81,-55.91,-59.64,54.14,-3.98,0.83
2024/01/01 16:11:28.96,60.96,-32.68,-55.68,-59.45,54.91,-7.43,1.31
2024/01/01 16:11:28.97,60.97,-32.88,-55.09,-59.15,56.25,-10.06,1.20
2024/01/01 16:11:28.98,60.98,-33.33,-54.25,-58.82,57.32,-11.48,1.05
2024/01/01 16:11:28.99,60.99,-33.85,-53.53,-58.66,57.67,-11.96,0.62
2024/01/01 16:11:29.00,61.00,-34.29,-53.33,-58.75,57.49,-11.24,0.22
2024/01/01 16:11:29.01,61.01,-34.47,-53.65,-58.96,57.27,-9.49,0.89
2024/01/01 16:11:29.02,61.02,-34.33,-54.24,-59.20,57.24,-8.04,2.46
2024/01/01 16:11:29.03,61.03,-34.04,-54.97,-59.54,57.29,-7.67,3.08
2024/01/01 16:11:29.04,61.04,-33.83,-55.72,-59.91,57.34,-7.52,1.43
2024/01/01 16:11:29.05,61.05,-33.75,-56.11,-60.23,57.13,-6.46,-1.37
2024/01/01 16:11:29.06,61.06,-33.78,-56.02,-60.59,56.30,-4.47,-3.40
2024/01/01 16:11:29.07,61.07,-33.89,-55.84,-61.01,54.42,-2.09,-4.67
2024/01/01 16:11:29.08,61.08,-34.08,-55.86,-61.38,51.08,-0.36,-5.73
2024/01/01 16:11:29.09,61.09,-34.26,-55.96,-61.73,46.67,-0.84,-5.80
2024/01/01 16:11:29.10,61.10,-34.30,-56.05,-62.16,43.02,-4.33,-4.58
2024/01/01 16:11:29.11,61.11,-34.13,-56.20,-62.66,42.30,-10.06,-2.97
2024/01/01 16:11:29.12,61.12,-33.84,-56.45,-63.01,45.34,-16.27,-1.96
2024/01/01 16:11:29.13,61.13,-33.60,-56.87,-63.17,50.86,-20.74,-2.24
2024/01/01 16:11:29.14,61.14,-33.49,-57.57,-63.41,56.53,-21.50,-3.86
2024/01/01 16:11:29.15,61.15,-33.30,-58.47,-63.85,60.37,-18.40,-6.10
2024/01/01 16:11:29.16,61.16,-32.92,-59.26,-64.16,61.44,-13.30,-7.48
2024/01/01 16:11:29.17,61.17,-32.56,-59.81,-64.10,59.89,-8.49,-6.73
2024/01/01 16:11:29.18,61.18,-32.44,-60.21,-63.90,56.85,-5.73,-4.92
2024/01/01 16:11:29.19,61.19,-32.51,-60.52,-63.87,53.98,-5.28,-4.37
2024/01/01 16:11:29.20,61.20,-32.75,-60.74,-63.92,52.26,-5.51,-5.09
2024/01/01 16:11:29.21,61.21,-33.20,-60.98,-63.83,51.43,-5.44,-5.09
2024/01/01 16:11:29.22,61.22,-33.67,-61.14,-63.61,51.02,-6.01,-4.59
2024/01/01 16:11:29.23,61.23,-33.91,-60.94,-63.42,51.43,-8.18,-5.46
2024/01/01 16:11:29.24,61.24,-33.82,-60.39,-63.37,53.23,-11.98,-6.50
2024/01/01 16:11:29.25,61.25,-33.48,-59.84,-63.29,56.35,-17.05,-5.00
2024/01/01 16:11:29.26,61.26,-33.04,-59.48,-62.98,60.11,-22.57,-2.00
2024/01/01 16:11:29.27,61.27,-32.55,-59.25,-62.52,63.14,-27.22,-0.37
2024/01/01 16:11:29.28,61.28,-32.09,-59.21,-62.14,64.13,-29.60,-0.67
2024/01/01 16:11:29.29,61.29,-31.82,-59.60,-61.79,62.67,-28.53,-1.92
2024/01/01 16:11:29.30,61.30,-31.84,-60.30,-61.44,58.68,-23.79,-2.84
2024/01/01 16:11:29.31,61.31,-32.00,-60.69,-61.34,52.96,-16.98,-3.11
2024/01/01 16:11:29.32,61.32,-32.00,-60.43,-61.61,47.81,-9.93,-3.65
2024/01/01 16:11:29.33,61.33,-31.72,-59.91,-62.07,45.32,-3.24,-3.89
2024/01/01 16:11:29.34,61.34,-31.28,-59.51,-62.32,46.15,1.74,-2.73
2024/01/01 16:11:29.35,61.35,-30.76,-59.22,-62.17,49.83,2.98,-1.90
2024/01/01 16:11:29.36,61.36,-30.36,-58.87,-61.81,54.98,1.25,-2.95
2024/01/01 16:11:29.37,61.37,-30.30,-58.45,-61.53,59.94,-1.60,-4.17
2024/01/01 16:11:29.38,61.38,-30.51,-58.13,-61.50,63.38,-6.06,-4.38
2024/01/01 16:11:29.39,61.39,-30.69,-58.13,-61.66,64.20,-12.29,-4.30
2024/01/01 16:11:29.40,61.40,-30.75,-58.52,-61.73,62.26,-18.53,-3.84
2024/01/01 16:11:29.41,61.41,-30.81,-59.05,-61.54,58.79,-22.72,-2.57
2024/01/01 16:11:29.42,61.42,-30.81,-59.44,-61.29,55.50,-23.16,-1.27
2024/01/01 16:11:29.43,61.43,-30.71,-59.56,-61.19,54.23,-19.88,-0.71
2024/01/01 16:11:29.44,61.44,-30.55,-59.44,-61.17,55.96,-14.48,-0.84
2024/01/01 16:11:29.45,61.45,-30.44,-59.13,-61.08,59.20,-7.78,-1.17
2024/01/01 16:11:29.46,61.46,-30.57,-58.68,-60.82,61.53,-1.33,-1.60
2024/01/01 16:11:29.47,61.47,-31.02,-58.30,-60.47,61.78,2.14,-2.31
2024/01/01 16:11:29.48,61.48,-31.59,-58.33,-60.19,59.89,1.29,-2.64
2024/01/01 16:11:29.49,61.49,-31.93,-58.77,-59.91,57.09,-3.84,-1.84
2024/01/01 16:11:29.50,61.50,-31.86,-59.16,-59.35,55.44,-11.85,-0.38
2024/01/01 16:11:29.51,61.51,-31.50,-59.19,-58.67,55.69,-19.39,1.18
2024/01/01 16:11:29.52,61.52,-31.03,-58.88,-58.27,57.10,-23.85,2.34
2024/01/01 16:11:29.53,61.53,-30.60,-58.24,-58.16,58.66,-24.58,2.36
2024/01/01 16:11:29.54,61.54,-30.30,-57.27,-58.01,59.15,-21.57,2.02
2024/01/01 16:11:29.55,61.55,-30.15,-56.25,-57.79,57.73,-16.35,2.39
2024/01/01 16:11:29.56,61.56,-30.12,-55.39,-57.67,55.06,-11.43,2.14
2024/01/01 16:11:29.57,61.57,-30.11,-54.73,-57.77,52.26,-8.03,0.87
2024/01/01 16:11:29.58,61.58,-30.12,-54.37,-58.08,50.40,-6.59,0.36
2024/01/01 16:11:29.59,61.59,-30.30,-54.27,-58.50,50.88,-6.74,0.27
2024/01/01 16:11:29.60,61.60,-30.76,-54.30,-58.96,54.16,-6.82,-0.73
2024/01/01 16:11:29.61,61.61,-31.43,-54.46,-59.55,58.86,-5.82,-1.91
2024/01/01 16:11:29.62,61.62,-32.15,-54.69,-60.35,62.79,-3.37,-2.36
2024/01/01 16:11:29.63,61.63,-32.79,-54.79,-61.00,64.10,1.08,-1.80
2024/01/01 16:11:29.64,61.64,-33.11,-54.72,-61.15,62.49,6.16,-0.37
2024/01/01 16:11:29.65,61.65,-33.00,-54.62,-61.02,58.98,9.36,0.33
2024/01/01 16:11:29.66,61.66,-32.71,-54.65,-60.95,55.05,9.57,-0.52
2024/01/01 16:11:29.67,61.67,-32.49,-54.81,-60.86,52.36,6.13,-1.06
2024/01/01 16:11:29.68,61.68,-32.24,-54.91,-60.61,51.16,-0.39,-0.56
2024/01/01 16:11:29.69,61.69,-31.92,-54.81,-60.20,50.26,-7.25,-0.95
2024/01/01 16:11:29.70,61.70,-31.70,-54.67,-59.86,49.72,-12.75,-2.55
2024/01/01 16:11:29.71,61.71,-31.58,-54.77,-59.75,50.14,-16.00,-3.35
2024/01/01 16:11:29.72,61.72,-31.43,-55.18,-59.65,50.93,-15.92,-2.47
2024/01/01 16:11:29.73,61.73,-31.31,-55.68,-59.35,52.11,-13.74,-1.00
2024/01/01 16:11:29.74,61.74,-31.17,-56.21,-59.05,54.18,-11.22,-0.36
2024/01/01 16:11:29.75,61.75,-30.80,-56.79,-58.89,56.61,-8.68,-0.94
2024/01/01 16:11:29.76,61.76,-30.26,-57.26,-58.64,58.69,-7.37,-1.04
2024/01/01 16:11:29.77,61.77,-29.79,-57.60,-58.36,60.04,-8.01,0.59
2024/01/01 16:11:29.78,61.78,-29.56,-58.15,-58.31,60.59,-9.06,1.58
2024/01/01 16:11:29.79,61.79,-29.62,-58.87,-58.42,60.79,-10.00,-0.06
2024/01/01 16:11:29.80,61.80,-29.87,-59.39,-58.58,60.98,-11.73,-1.94
2024/01/01 16:11:29.81,61.81,-30.01,-59.59,-58.78,61.05,-14.31,-1.74
2024/01/01 16:11:29.82,61.82,-29.88,-59.62,-58.97,61.11,-17.00,-1.06
2024/01/01 16:11:29.83,61.83,-29.62,-59.55,-59.25,61.60,-18.66,-1.33
2024/01/01 16:11:29.84,61.84,-29.46,-59.46,-59.68,62.90,-18.45,-1.54
2024/01/01 16:11:29.85,61.85,-29.46,-59.48,-60.02,64.95,-16.66,-0.91
2024/01/01 16:11:29.86,61.86,-29.62,-59.58,-60.12,67.03,-14.19,0.02
2024/01/01 16:11:29.87,61.87,-29.83,-59.72,-60.30,67.81,-12.06,0.24
2024/01/01 16:11:29.88,61.88,-29.91,-59.96,-60.78,66.05,-11.06,-0.72
2024/01/01 16:11:29.89,61.89,-29.80,-60.29,-61.31,61.73,-11.44,-1.55
2024/01/01 16:11:29.90,61.90,-29.55,-60.52,-61.71,56.22,-12.65,-1.05
2024/01/01 16:11:29.91,61.91,-29.31,-60.48,-62.02,51.42,-13.60,-0.87
2024/01/01 16:11:29.92,61.92,-29.30,-60.27,-62.20,48.95,-13.79,-2.82
2024/01/01 16:11:29.93,61.93,-29.50,-60.14,-62.34,49.33,-12.81,-4.94
2024/01/01 16:11:29.94,61.94,-29.73,-60.17,-62.60,51.73,-10.48,-4.93
2024/01/01 16:11:29.95,61.95,-29.98,-60.13,-62.68,54.46,-8.43,-4.14
2024/01/01 16:11:29.96,61.96,-30.25,-59.82,-62.40,55.82,-8.21,-4.02
2024/01/01 16:11:29.97,61.97,-30.35,-59.28,-61.95,55.31,-9.34,-3.91
2024/01/01 16:11:29.98,61.98,-30.22,-58.76,-61.55,54.43,-11.55,-3.63
2024/01/01 16:11:29.99,61.99,-29.99,-58.34,-61.33,54.95,-14.43,-3.04
2024/01/01 16:11:30.00,62.00,-29.90,-58.05,-61.39,56.88,-16.25,-1.83
2024/01/01 16:11:30.01,62.01,-30.03,-57.95,-61.66,59.18,-16.36,-1.27
2024/01/01 16:11:30.02,62.02,-30.32,-57.99,-61.96,61.21,-15.34,-1.89
2024/01/01 16:11:30.03,62.03,-30.70,-58.12,-62.06,62.58,-13.75,-2.11
2024/01/01 16:11:30.04,62.04,-31.13,-58.28,-61.86,62.94,-12.13,-1.63
2024/01/01 16:11:30.05,62.05,-31.52,-58.31,-61.60,62.40,-10.27,-1.70
2024/01/01 16:11:30.06,62.06,-31.81,-57.97,-61.44,61.74,-7.74,-2.16
2024/01/01 16:11:30.07,62.07,-31.92,-57.23,-61.36,61.43,-5.02,-2.06
2024/01/01 16:11:30.08,62.08,-31.71,-56.35,-61.31,60.82,-2.60,-1.59
2024/01/01 16:11:30.09,62.09,-31.20,-55.65,-61.18,59.26,-1.08,-1.66
2024/01/01 16:11:30.10,62.10,-30.59,-55.38,-60.87,57.04,-1.43,-2.44
2024/01/01 16:11:30.11,62.11,-30.04,-55.51,-60.46,54.59,-3.56,-3.28
2024/01/01 16:11:30.12,62.12,-29.69,-55.82,-60.29,52.23,-7.04,-3.65
2024/01/01 16:11:30.13,62.13,-29.57,-56.18,-60.56,50.31,-11.33,-3.29
2024/01/01 16:11:30.14,62.14,-29.60,-56.63,-61.09,49.09,-14.54,-2.04
2024/01/01 16:11:30.15,62.15,-29.72,-57.01,-61.37,49.01,-14.86,-0.41
2024/01/01 16:11:30.16,62.16,-29.90,-56.99,-61.27,50.68,-12.05,0.26
2024/01/01 16:11:30.17,62.17,-30.11,-56.46,-61.15,54.04,-6.93,-1.16
2024/01/01 16:11:30.18,62.18,-30.40,-55.82,-61.21,58.05,-1.36,-3.62
2024/01/01 16:11:30.19,62.19,-30.75,-55.51,-61.26,61.26,2.39,-4.47
2024/01/01 16:11:30.20,62.20,-31.09,-55.71,-61.08,62.93,2.78,-3.17
2024/01/01 16:11:30.21,62.21,-31.39,-56.35,-60.71,63.30,-0.43,-2.09
2024/01/01 16:11:30.22,62.22,-31.69,-56.97,-60.38,62.94,-5.92,-2.26
2024/01/01 16:11:30.23,62.23,-32.06,-57.15,-60.10,62.08,-12.16,-1.95
2024/01/01 16:11:30.24,62.24,-32.54,-57.03,-59.78,60.82,-18.49,-0.12
2024/01/01 16:11:30.25,62.25,-32.99,-56.90,-59.58,59.34,-23.40,1.64
2024/01/01 16:11:30.26,62.26,-33.20,-56.73,-59.63,57.64,-24.46,1.90
2024/01/01 16:11:30.27,62.27,-33.24,-56.55,-59.78,55.62,-21.18,1.88
2024/01/01 16:11:30.28,62.28,-33.37,-56.51,-59.89,53.60,-15.56,2.53
2024/01/01 16:11:30.29,62.29,-33.71,-56.51,-59.97,52.12,-10.18,1.85
2024/01/01 16:11:30.30,62.30,-34.13,-56.38,-60.06,51.55,-6.72,-1.31
2024/01/01 16:11:30.31,62.31,-34.51,-56.23,-60.13,51.69,-5.42,-4.48
2024/01/01 16:11:30.32,62.32,-34.73,-56.19,-60.23,51.67,-5.02,-5.20
2024/01/01 16:11:30.33,62.33,-34.75,-56.33,-60.36,50.64,-4.53,-4.03
2024/01/01 16:11:30.34,62.34,-34.67,-56.67,-60.37,48.60,-4.42,-2.39
2024/01/01 16:11:30.35,62.35,-34.65,-56.96,-60.21,46.66,-4.83,-0.84
2024/01/01 16:11:30.36,62.36,-34.61,-56.96,-60.10,46.24,-5.16,-0.09
2024/01/01 16:11:30.37,62.37,-34.34,-56.68,-60.20,47.60,-5.94,-0.63
2024/01/01 16:11:30.38,62.38,-33.82,-56.27,-60.29,49.41,-7.55,-1.55
2024/01/01 16:11:30.39,62.39,-33.22,-55.77,-60.07,49.84,-8.50,-1.69
2024/01/01 16:11:30.40,62.40,-32.66,-55.10,-59.72,48.60,-8.05,-1.75
2024/01/01 16:11:30.41,62.41,-32.29,-54.24,-59.46,47.80,-7.17,-3.10
2024/01/01 16:11:30.42,62.42,-32.33,-53.41,-59.25,49.28,-6.80,-4.10
2024/01/01 16:11:30.43,62.43,-32.77,-52.85,-59.08,52.82,-7.87,-2.42
2024/01/01 16:11:30.44,62.44,-33.41,-52.66,-58.98,57.16,-10.34,0.06
2024/01/01 16:11:30.45,62.45,-33.87,-52.87,-59.03,60.83,-12.23,0.71
2024/01/01 16:11:30.46,62.46,-33.85,-53.28,-59.19,62.85,-12.01,0.69
2024/01/01 16:11:30.47,62.47,-33.38,-53.47,-59.22,63.24,-9.76,1.74
2024/01/01 16:11:30.48,62.48,-32.70,-53.23,-59.03,62.81,-6.05,3.30
2024/01/01 16:11:30.49,62.49,-31.99,-52.67,-58.71,62.61,-2.01,3.76
2024/01/01 16:11:30.50,62.50,-31.37,-52.09,-58.32,62.70,1.26,2.53
2024/01/01 16:11:30.51,62.51,-30.94,-51.86,-58.07,61.91,3.38,1.01
2024/01/01 16:11:30.52,62.52,-30.60,-52.21,-58.19,59.34,3.59,0.21
2024/01/01 16:11:30.53,62.53,-30.20,-53.02,-58.52,55.22,1.42,-0.74
2024/01/01 16:11:30.54,62.54,-29.69,-54.00,-58.83,51.01,-2.31,-1.55
2024/01/01 16:11:30.55,62.55,-29.15,-54.80,-59.18,48.90,-6.43,-1.14
2024/01/01 16:11:30.56,62.56,-28.55,-55.27,-59.66,50.29,-9.28,-0.53
2024/01/01 16:11:30.57,62.57,-27.96,-55.51,-60.22,54.75,-9.03,-1.04
2024/01/01 16:11:30.58,62.58,-27.62,-55.64,-60.76,60.30,-5.46,-2.33
2024/01/01 16:11:30.59,62.59,-27.72,-55.57,-61.24,64.34,-0.51,-3.55
2024/01/01 16:11:30.60,62.60,-28.16,-55.26,-61.56,65.11,2.95,-4.46
2024/01/01 16:11:30.61,62.61,-28.67,-54.95,-61.57,62.78,2.57,-5.02
2024/01/01 16:11:30.62,62.62,-29.20,-55.03,-61.28,59.20,-2.21,-4.64
2024/01/01 16:11:30.63,62.63,-29.66,-55.65,-60.82,56.53,-9.77,-3.27
2024/01/01 16:11:30.64,62.64,-29.80,-56.50,-60.32,55.97,-17.13,-2.03
2024/01/01 16:11:30.65,62.65,-29.60,-57.16,-59.97,57.22,-21.75,-1.15
2024/01/01 16:11:30.66,62.66,-29.33,-57.52,-59.69,59.23,-22.89,-0.21
2024/01/01 16:11:30.67,62.67,-29.19,-57.66,-59.32,61.07,-20.97,0.34
2024/01/01 16:11:30.68,62.68,-29.26,-57.64,-58.91,62.09,-16.91,0.49
2024/01/01 16:11:30.69,62.69,-29.53,-57.52,-58.52,62.22,-11.92,0.92
2024/01/01 16:11:30.70,62.70,-29.99,-57.39,-58.05,61.52,-7.27,1.44
2024/01/01 16:11:30.71,62.71,-30.54,-57.30,-57.48,59.64,-4.21,1.44
2024/01/01 16:11:30.72,62.72,-31.05,-57.22,-56.85,56.65,-3.90,0.98
2024/01/01 16:11:30.73,62.73,-31.41,-57.20,-56.29,53.95,-6.52,0.91
2024/01/01 16:11:30.74,62.74,-31.52,-57.27,-55.92,53.18,-10.68,2.09
2024/01/01 16:11:30.75,62.75,-31.49,-57.37,-55.67,54.60,-14.51,4.23
2024/01/01 16:11:30.76,62.76,-31.47,-57.52,-55.52,57.13,-16.57,5.88
2024/01/01 16:11:30.77,62.77,-31.51,-57.77,-55.61,59.47,-15.67,5.65
2024/01/01 16:11:30.78,62.78,-31.66,-58.04,-56.00,60.49,-11.72,3.92
2024/01/01 16:11:30.79,62.79,-31.96,-58.22,-56.51,59.60,-6.58,2.67
2024/01/01 16:11:30.80,62.80,-32.28,-58.44,-57.03,57.09,-2.26,2.53
2024/01/01 16:11:30.81,62.81,-32.42,-58.74,-57.54,54.05,0.30,1.91
2024/01/01 16:11:30.82,62.82,-32.46,-58.90,-58.01,51.70,0.47,0.45
2024/01/01 16:11:30.83,62.83,-32.67,-58.81,-58.50,50.58,-1.88,-0.33
2024/01/01 16:11:30.84,62.84,-33.22,-58.70,-59.10,50.71,-5.82,-0.06
2024/01/01 16:11:30.85,62.85,-33.91,-58.70,-59.70,51.94,-10.46,0.23
2024/01/01 16:11:30.86,62.86,-34.44,-58.69,-60.22,53.46,-15.07,0.39
2024/01/01 16:11:30.87,62.87,-34.71,-58.58,-60.71,54.23,-18.49,0.61
2024/01/01 16:11:30.88,62.88,-34.66,-58.29,-61.11,54.16,-20.19,0.35
2024/01/01 16:11:30.89,62.89,-34.31,-57.89,-61.36,53.85,-20.61,-0.53
2024/01/01 16:11:30.90,62.90,-33.81,-57.71,-61.58,54.26,-19.95,-1.65
2024/01/01 16:11:30.91,62.91,-33.21,-57.81,-61.72,55.90,-18.17,-2.73
2024/01/01 16:11:30.92,62.92,-32.70,-57.95,-61.67,57.84,-15.60,-3.21
2024/01/01 16:11:30.93,62.93,-32.66,-57.96,-61.50,58.29,-12.60,-2.91
2024/01/01 16:11:30.94,62.94,-33.14,-57.81,-61.37,56.21,-9.68,-2.91
2024/01/01 16:11:30.95,62.95,-33.75,-57.53,-61.28,52.03,-7.82,-3.72
2024/01/01 16:11:30.96,62.96,-34.20,-57.19,-61.08,47.18,-7.70,-4.07
2024/01/01 16:11:30.97,62.97,-34.46,-57.04,-60.80,43.63,-8.77,-3.02
2024/01/01 16:11:30.98,62.98,-34.53,-57.18,-60.50,43.42,-9.61,-1.53
2024/01/01 16:11:30.99,62.99,-34.47,-57.34,-60.22,47.23,-9.42,-0.71
2024/01/01 16:11:31.00,63.00,-34.38,-57.13,-60.02,53.95,-8.56,-0.30
2024/01/01 16:11:31.01,63.01,-34.23,-56.44,-59.81,61.45,-7.60,0.08
2024/01/01 16:11:31.02,63.02,-34.12,-55.52,-59.38,66.85,-7.00,0.32
2024/01/01 16:11:31.03,63.03,-34.19,-54.70,-58.73,67.41,-7.25,0.41
2024/01/01 16:11:31.04,63.04,-34.43,-54.23,-58.13,62.60,-8.22,0.26
2024/01/01 16:11:31.05,63.05,-34.65,-54.23,-57.88,54.76,-9.13,-0.09
2024/01/01 16:11:31.06,63.06,-34.63,-54.70,-58.08,47.89,-9.44,-0.06
2024/01/01 16:11:31.07,63.07,-34.43,-55.49,-58.42,44.66,-8.85,0.98
2024/01/01 16:11:31.08,63.08,-34.27,-56.33,-58.48,45.23,-7.09,2.77
2024/01/01 16:11:31.09,63.09,-34.26,-56.99,-58.15,48.38,-4.60,3.75
2024/01/01 16:11:31.10,63.10,-34.29,-57.36,-57.72,51.97,-2.01,2.47
2024/01/01 16:11:31.11,63.11,-34.18,-57.55,-57.53,53.81,0.33,-0.12
2024/01/01 16:11:31.12,63.12,-33.77,-57.76,-57.78,53.62,1.30,-1.24
2024/01/01 16:11:31.13,63.13,-33.08,-58.02,-58.28,52.79,-0.65,0.10
2024/01/01 16:11:31.14,63.14,-32.39,-58.14,-58.71,52.54,-5.42,2.18
2024/01/01 16:11:31.15,63.15,-31.95,-58.08,-58.98,53.13,-11.57,3.04
2024/01/01 16:11:31.16,63.16,-31.81,-58.07,-59.28,54.30,-17.65,2.48
2024/01/01 16:11:31.17,63.17,-31.83,-58.21,-59.80,55.46,-22.32,1.49
2024/01/01 16:11:31.18,63.18,-31.84,-58.48,-60.49,55.84,-24.37,0.55
2024/01/01 16:11:31.19,63.19,-31.69,-58.96,-61.12,55.33,-23.18,-0.64
2024/01/01 16:11:31.20,63.20,-31.39,-59.70,-61.52,54.88,-18.98,-2.14
2024/01/01 16:11:31.21,63.21,-31.13,-60.46,-61.73,55.52,-13.34,-3.60
2024/01/01 16:11:31.22,63.22,-30.93,-61.04,-61.81,57.56,-8.78,-4.48
2024/01/01 16:11:31.23,63.23,-30.71,-61.43,-61.66,60.36,-6.71,-4.31
2024/01/01 16:11:31.24,63.24,-30.59,-61.63,-61.31,62.35,-6.59,-3.49
2024/01/01 16:11:31.25,63.25,-30.71,-61.71,-61.03,62.21,-7.80,-2.93
2024/01/01 16:11:31.26,63.26,-31.08,-61.70,-60.88,59.92,-9.87,-2.61
2024/01/01 16:11:31.27,63.27,-31.57,-61.61,-60.69,56.72,-11.30,-1.90
2024/01/01 16:11:31.28,63.28,-31.94,-61.49,-60.30,54.45,-11.70,-0.88
2024/01/01 16:11:31.29,63.29,-32.08,-61.47,-59.73,54.82,-12.77,-0.45
2024/01/01 16:11:31.30,63.30,-31.96,-61.59,-59.12,57.92,-15.16,-1.18
2024/01/01 16:11:31.31,63.31,-31.60,-61.83,-58.56,61.57,-17.92,-1.81
2024/01/01 16:11:31.32,63.32,-31.22,-62.10,-58.04,63.62,-20.41,-0.85
2024/01/01 16:11:31.33,63.33,-31.08,-62.32,-57.56,63.58,-21.56,1.12
2024/01/01 16:11:31.34,63.34,-31.14,-62.29,-57.17,61.93,-20.45,2.46
2024/01/01 16:11:31.35,63.35,-31.15,-61.90,-57.05,59.48,-17.89,2.23
2024/01/01 16:11:31.36,63.36,-31.05,-61.33,-57.32,56.75,-14.76,0.90
2024/01/01 16:11:31.37,63.37,-30.93,-60.90,-57.77,53.90,-11.87,0.12
2024/01/01 16:11:31.38,63.38,-30.81,-60.67,-58.13,51.34,-10.87,0.49
2024/01/01 16:11:31.39,63.39,-30.68,-60.49,-58.43,49.88,-12.11,0.84
2024/01/01 16:11:31.40,63.40,-30.54,-60.29,-58.82,50.78,-14.06,0.57
2024/01/01 16:11:31.41,63.41,-30.38,-60.16,-59.31,54.60,-15.94,0.22
2024/01/01 16:11:31.42,63.42,-30.21,-60.13,-59.67,59.41,-17.62,-0.20
2024/01/01 16:11:31.43,63.43,-30.20,-59.99,-59.78,62.25,-18.44,-1.03
2024/01/01 16:11:31.44,63.44,-30.35,-59.58,-59.85,62.20,-17.94,-2.09
2024/01/01 16:11:31.45,63.45,-30.50,-58.98,-60.00,60.31,-15.61,-2.89
2024/01/01 16:11:31.46,63.46,-30.56,-58.42,-60.10,57.72,-11.43,-2.71
2024/01/01 16:11:31.47,63.47,-30.51,-58.04,-60.03,55.79,-6.95,-1.67
2024/01/01 16:11:31.48,63.48,-30.31,-57.73,-59.86,55.74,-3.09,-1.24
2024/01/01 16:11:31.49,63.49,-29.91,-57.30,-59.75,57.12,0.43,-1.74
2024/01/01 16:11:31.50,63.50,-29.41,-56.66,-59.67,58.55,2.59,-1.48
2024/01/01 16:11:31.51,63.51,-29.02,-55.94,-59.50,59.36,2.10,0.44
2024/01/01 16:11:31.52,63.52,-28.92,-55.41,-59.28,59.66,-0.31,2.29
2024/01/01 16:11:31.53,63.53,-29.18,-55.32,-59.14,59.90,-3.58,1.99
2024/01/01 16:11:31.54,63.54,-29.72,-55.61,-59.14,60.33,-7.38,0.23
2024/01/01 16:11:31.55,63.55,-30.32,-56.15,-59.34,60.74,-11.05,-0.88
2024/01/01 16:11:31.56,63.56,-30.77,-56.87,-59.64,60.67,-13.70,-0.90
2024/01/01 16:11:31.57,63.57,-31.02,-57.58,-59.84,60.02,-14.99,-0.46
2024/01/01 16:11:31.58,63.58,-31.09,-57.90,-59.89,59.46,-14.84,0.45
2024/01/01 16:11:31.59,63.59,-31.03,-57.69,-59.82,59.85,-13.46,1.56
2024/01/01 16:11:31.60,63.60,-30.93,-57.23,-59.69,61.13,-11.33,1.87
2024/01/01 16:11:31.61,63.61,-30.84,-56.96,-59.74,61.85,-9.15,0.88
2024/01/01 16:11:31.62,63.62,-30.80,-57.01,-60.03,60.72,-8.08,-1.47
2024/01/01 16:11:31.63,63.63,-30.85,-57.21,-60.32,57.85,-8.96,-4.29
2024/01/01 16:11:31.64,63.64,-30.95,-57.31,-60.41,54.02,-11.26,-5.59
2024/01/01 16:11:31.65,63.65,-31.08,-57.24,-60.38,50.44,-13.75,-5.19
2024/01/01 16:11:31.66,63.66,-31.30,-57.12,-60.37,48.75,-15.58,-4.60
2024/01/01 16:11:31.67,63.67,-31.76,-56.87,-60.43,49.65,-15.62,-3.74
2024/01/01 16:11:31.68,63.68,-32.50,-56.38,-60.53,52.31,-13.04,-1.76
2024/01/01 16:11:31.69,63.69,-33.26,-55.82,-60.61,55.39,-8.75,0.20
2024/01/01 16:11:31.70,63.70,-33.76,-55.49,-60.63,57.56,-4.15,0.52
2024/01/01 16:11:31.71,63.71,-34.00,-55.46,-60.58,57.98,-0.72,-0.07
2024/01/01 16:11:31.72,63.72,-34.01,-55.70,-60.63,56.94,-0.11,-0.13
2024/01/01 16:11:31.73,63.73,-33.74,-56.14,-60.88,55.34,-1.90,-0.21
2024/01/01 16:11:31.74,63.74,-33.32,-56.58,-61.33,54.41,-4.37,-1.17
2024/01/01 16:11:31.75,63.75,-32.98,-56.89,-61.93,54.66,-6.96,-2.28
2024/01/01 16:11:31.76,63.76,-32.76,-57.11,-62.39,54.83,-9.25,-2.82
2024/01/01 16:11:31.77,63.77,-32.52,-57.19,-62.52,54.03,-10.51,-3.23
2024/01/01 16:11:31.78,63.78,-32.08,-57.11,-62.56,52.52,-10.64,-4.02
2024/01/01 16:11:31.79,63.79,-31.51,-57.03,-62.65,50.43,-10.03,-5.09
2024/01/01 16:11:31.80,63.80,-31.10,-57.00,-62.60,48.58,-9.62,-5.64
2024/01/01 16:11:31.81,63.81,-31.11,-56.96,-62.28,48.23,-10.11,-5.02
2024/01/01 16:11:31.82,63.82,-31.41,-56.90,-61.72,49.45,-11.11,-3.85
2024/01/01 16:11:31.83,63.83,-31.73,-56.88,-61.11,51.74,-12.37,-2.71
2024/01/01 16:11:31.84,63.84,-32.03,-56.92,-60.73,54.56,-13.26,-1.31
2024/01/01 16:11:31.85,63.85,-32.49,-56.85,-60.47,57.35,-12.78,0.16
2024/01/01 16:11:31.86,63.86,-33.06,-56.46,-60.09,60.12,-11.37,1.17
2024/01/01 16:11:31.87,63.87,-33.55,-55.77,-59.63,62.85,-9.64,1.60
2024/01/01 16:11:31.88,63.88,-33.83,-55.00,-59.20,64.85,-7.50,1.33
2024/01/01 16:11:31.89,63.89,-33.89,-54.36,-58.84,65.46,-6.13,0.79
2024/01/01 16:11:31.90,63.90,-33.72,-53.97,-58.63,64.01,-6.40,0.86
2024/01/01 16:11:31.91,63.91,-33.42,-53.75,-58.55,60.14,-7.37,1.47
2024/01/01 16:11:31.92,63.92,-33.07,-53.62,-58.44,54.87,-8.31,1.68
2024/01/01 16:11:31.93,63.93,-32.69,-53.69,-58.36,50.25,-9.32,1.18
2024/01/01 16:11:31.94,63.94,-32.18,-54.05,-58.53,47.70,-10.11,0.77
2024/01/01 16:11:31.95,63.95,-31.64,-54.56,-58.92,47.44,-10.01,0.97
2024/01/01 16:11:31.96,63.96,-31.40,-55.14,-59.33,48.89,-8.52,0.91
2024/01/01 16:11:31.97,63.97,-31.63,-55.86,-59.69,50.80,-5.78,-0.52
2024/01/01 16:11:31.98,63.98,-32.20,-56.71,-60.18,51.91,-2.53,-3.25
2024/01/01 16:11:31.99,63.99,-32.91,-57.55,-60.90,51.97,0.42,-5.79
2024/01/01 16:11:32.00,64.00,-33.63,-58.21,-61.62,51.58,2.28,-6.23
2024/01/01 16:11:32.01,64.01,-34.19,-58.67,-62.06,51.47,2.21,-4.46
2024/01/01 16:11:32.02,64.02,-34.39,-59.00,-62.32,52.25,-0.18,-2.28
2024/01/01 16:11:32.03,64.03,-34.18,-59.35,-62.45,54.28,-4.50,-0.91
2024/01/01 16:11:32.04,64.04,-33.75,-59.75,-62.31,57.33,-9.83,0.00
2024/01/01 16:11:32.05,64.05,-33.30,-59.92,-61.91,60.55,-15.04,0.71
2024/01/01 16:11:32.06,64.06,-32.91,-59.70,-61.50,62.80,-19.15,0.01
2024/01/01 16:11:32.07,64.07,-32.75,-59.44,-61.13,63.36,-22.05,-2.27
2024/01/01 16:11:32.08,64.08,-32.88,-59.46,-60.76,62.16,-24.07,-3.59
2024/01/01 16:11:32.09,64.09,-33.07,-59.73,-60.44,59.45,-24.85,-2.82
2024/01/01 16:11:32.10,64.10,-33.01,-60.17,-60.17,55.68,-23.85,-1.82
2024/01/01 16:11:32.11,64.11,-32.90,-60.65,-59.76,51.96,-21.34,-1.30
2024/01/01 16:11:32.12,64.12,-33.04,-60.94,-59.06,49.71,-18.17,-0.40
2024/01/01 16:11:32.13,64.13,-33.38,-60.97,-58.24,49.62,-15.07,0.27
2024/01/01 16:11:32.14,64.14,-33.79,-60.90,-57.51,51.22,-12.31,-0.19
2024/01/01 16:11:32.15,64.15,-34.27,-60.92,-56.92,53.07,-9.95,-0.35
2024/01/01 16:11:32.16,64.16,-34.64,-61.15,-56.54,53.70,-8.77,1.05
2024/01/01 16:11:32.17,64.17,-34.74,-61.62,-56.35,52.54,-9.61,2.63
2024/01/01 16:11:32.18,64.18,-34.71,-62.08,-56.19,50.38,-12.30,3.25
2024/01/01 16:11:32.19,64.19,-34.59,-62.25,-56.15,49.21,-15.72,3.56
2024/01/01 16:11:32.20,64.20,-34.22,-62.03,-56.45,50.74,-18.29,3.70
2024/01/01 16:11:32.21,64.21,-33.54,-61.44,-56.91,54.71,-19.28,3.57
2024/01/01 16:11:32.22,64.22,-32.67,-60.65,-57.26,59.08,-18.93,3.57
2024/01/01 16:11:32.23,64.23,-31.75,-59.98,-57.40,61.58,-16.53,2.92
2024/01/01 16:11:32.24,64.24,-30.86,-59.47,-57.38,61.30,-11.97,1.14
2024/01/01 16:11:32.25,64.25,-30.03,-59.00,-57.34,59.23,-7.56,0.05
2024/01/01 16:11:32.26,64.26,-29.37,-58.57,-57.31,56.81,-5.33,1.06
2024/01/01 16:11:32.27,64.27,-29.02,-58.21,-57.24,54.87,-5.29,2.98
2024/01/01 16:11:32.28,64.28,-28.96,-57.90,-57.29,53.77,-6.72,3.56
2024/01/01 16:11:32.29,64.29,-29.03,-57.62,-57.50,53.38,-8.12,1.93
2024/01/01 16:11:32.30,64.30,-29.11,-57.31,-57.73,53.65,-8.03,-0.04
2024/01/01 16:11:32.31,64.31,-29.15,-56.93,-57.89,54.72,-7.00,0.01
2024/01/01 16:11:32.32,64.32,-29.15,-56.42,-57.92,56.68,-6.62,1.18
2024/01/01 16:11:32.33,64.33,-29.15,-55.76,-57.70,59.47,-7.43,1.36
2024/01/01 16:11:32.34,64.34,-29.09,-55.10,-57.20,62.47,-9.10,1.35
2024/01/01 16:11:32.35,64.35,-28.90,-54.63,-56.62,64.77,-11.08,2.31
2024/01/01 16:11:32.36,64.36,-28.68,-54.24,-56.17,65.76,-12.46,3.27
2024/01/01 16:11:32.37,64.37,-28.54,-53.80,-55.90,65.49,-12.41,3.66
2024/01/01 16:11:32.38,64.38,-28.49,-53.48,-55.76,64.92,-10.83,3.72
2024/01/01 16:11:32.39,64.39,-28.38,-53.57,-55.78,64.94,-8.22,2.95
2024/01/01 16:11:32.40,64.40,-28.17,-54.21,-55.90,65.21,-5.28,1.45
2024/01/01 16:11:32.41,64.41,-27.99,-55.14,-55.88,64.77,-2.77,0.83
2024/01/01 16:11:32.42,64.42,-27.94,-56.00,-55.65,63.10,-0.86,1.62
2024/01/01 16:11:32.43,64.43,-28.02,-56.53,-55.54,60.70,0.67,2.33
2024/01/01 16:11:32.44,64.44,-28.25,-56.71,-55.81,58.83,1.69,2.32
2024/01/01 16:11:32.45,64.45,-28.68,-56.71,-56.30,57.87,2.07,2.69
2024/01/01 16:11:32.46,64.46,-29.35,-56.69,-56.72,57.01,1.98,3.85
2024/01/01 16:11:32.47,64.47,-30.20,-56.68,-57.02,55.75,0.95,4.47
2024/01/01 16:11:32.48,64.48,-31.10,-56.79,-57.33,54.74,-2.11,2.79
2024/01/01 16:11:32.49,64.49,-31.79,-57.22,-57.86,54.76,-7.58,-0.76
2024/01/01 16:11:32.50,64.50,-32.06,-58.02,-58.67,55.79,-14.58,-3.25
2024/01/01 16:11:32.51,64.51,-31.99,-59.00,-59.45,57.53,-21.29,-2.88
2024/01/01 16:11:32.52,64.52,-31.86,-59.76,-59.91,59.39,-25.47,-0.51
2024/01/01 16:11:32.53,64.53,-31.86,-59.98,-60.12,60.25,-25.90,1.71
2024/01/01 16:11:32.54,64.54,-32.05,-59.85,-60.22,59.60,-23.27,2.08
2024/01/01 16:11:32.55,64.55,-32.48,-59.91,-60.39,57.59,-19.32,0.77
2024/01/01 16:11:32.56,64.56,-33.08,-60.41,-60.79,54.28,-15.39,-0.84
2024/01/01 16:11:32.57,64.57,-33.62,-61.12,-61.41,50.03,-12.40,-2.42
2024/01/01 16:11:32.58,64.58,-34.01,-61.66,-62.02,46.10,-10.99,-4.22
2024/01/01 16:11:32.59,64.59,-34.17,-61.80,-62.42,44.35,-11.37,-5.49
2024/01/01 16:11:32.60,64.60,-34.11,-61.58,-62.59,46.01,-13.32,-5.29
2024/01/01 16:11:32.61,64.61,-33.89,-61.22,-62.58,50.71,-15.52,-4.21
2024/01/01 16:11:32.62,64.62,-33.62,-60.83,-62.48,56.36,-16.16,-3.35
2024/01/01 16:11:32.63,64.63,-33.35,-60.43,-62.40,60.30,-15.22,-3.05
2024/01/01 16:11:32.64,64.64,-33.13,-59.99,-62.49,60.89,-13.88,-3.57
2024/01/01 16:11:32.65,64.65,-32.84,-59.62,-62.71,58.11,-12.88,-4.43
2024/01/01 16:11:32.66,64.66,-32.43,-59.47,-62.90,53.95,-12.96,-4.32
2024/01/01 16:11:32.67,64.67,-32.15,-59.35,-62.88,51.35,-13.64,-3.32
2024/01/01 16:11:32.68,64.68,-32.21,-59.12,-62.67,51.75,-13.00,-2.56
2024/01/01 16:11:32.69,64.69,-32.41,-58.92,-62.53,54.38,-10.43,-2.67
2024/01/01 16:11:32.70,64.70,-32.43,-58.82,-62.58,57.05,-6.57,-3.64
2024/01/01 16:11:32.71,64.71,-32.21,-58.59,-62.58,58.13,-2.35,-4.32
2024/01/01 16:11:32.72,64.72,-31.88,-58.17,-62.48,57.88,0.19,-3.71
2024/01/01 16:11:32.73,64.73,-31.50,-57.83,-62.47,57.12,-0.54,-2.59
2024/01/01 16:11:32.74,64.74,-31.18,-57.69,-62.48,56.76,-4.26,-2.15
2024/01/01 16:11:32.75,64.75,-31.08,-57.68,-62.40,57.73,-9.76,-1.96
2024/01/01 16:11:32.76,64.76,-31.12,-57.71,-62.43,59.22,-14.90,-1.53
2024/01/01 16:11:32.77,64.77,-31.16,-57.76,-62.68,59.59,-17.76,-2.12
2024/01/01 16:11:32.78,64.78,-31.36,-57.71,-62.98,58.70,-17.98,-3.85
2024/01/01 16:11:32.79,64.79,-31.83,-57.59,-63.15,57.24,-16.08,-4.74
2024/01/01 16:11:32.80,64.80,-32.30,-57.49,-63.15,56.13,-13.79,-4.74
2024/01/01 16:11:32.81,64.81,-32.55,-57.36,-63.03,56.28,-12.89,-5.27
2024/01/01 16:11:32.82,64.82,-32.63,-57.29,-62.78,57.30,-12.98,-5.48
2024/01/01 16:11:32.83,64.83,-32.65,-57.57,-62.52,57.81,-13.03,-4.52
2024/01/01 16:11:32.84,64.84,-32.68,-58.18,-62.26,57.00,-12.44,-3.54
2024/01/01 16:11:32.85,64.85,-32.78,-58.68,-61.87,54.98,-10.24,-2.79
2024/01/01 16:11:32.86,64.86,-32.96,-58.85,-61.32,52.79,-6.47,-1.52
2024/01/01 16:11:32.87,64.87,-33.20,-58.83,-60.76,51.58,-2.23,-0.55
2024/01/01 16:11:32.88,64.88,-33.53,-58.52,-60.24,51.42,1.25,-0.72
2024/01/01 16:11:32.89,64.89,-34.04,-57.77,-59.76,51.38,2.07,-1.32
2024/01/01 16:11:32.90,64.90,-34.59,-56.89,-59.44,50.51,-0.81,-1.84
2024/01/01 16:11:32.91,64.91,-35.05,-56.20,-59.23,48.98,-6.65,-1.82
2024/01/01 16:11:32.92,64.92,-35.38,-55.62,-58.95,48.23,-14.17,-0.54
2024/01/01 16:11:32.93,64.93,-35.60,-55.11,-58.66,49.07,-21.18,1.36
2024/01/01 16:11:32.94,64.94,-35.73,-54.90,-58.55,51.12,-25.29,2.58
2024/01/01 16:11:32.95,64.95,-35.80,-55.09,-58.55,53.99,-25.47,2.81
2024/01/01 16:11:32.96,64.96,-35.79,-55.58,-58.66,56.43,-22.00,2.75
2024/01/01 16:11:32.97,64.97,-35.55,-56.20,-58.92,56.94,-16.59,2.41
2024/01/01 16:11:32.98,64.98,-34.94,-56.75,-59.14,55.59,-10.89,0.99
2024/01/01 16:11:32.99,64.99,-34.04,-57.07,-59.22,53.22,-4.85,-0.89
2024/01/01 16:11:33.00,65.00,-33.17,-57.04,-59.41,50.48,0.80,-2.11
2024/01/01 16:11:33.01,65.01,-32.51,-56.62,-59.81,48.37,4.13,-3.16
2024/01/01 16:11:33.02,65.02,-32.12,-56.02,-60.20,47.73,4.93,-4.08
2024/01/01 16:11:33.03,65.03,-31.91,-55.39,-60.41,48.43,3.99,-3.75
2024/01/01 16:11:33.04,65.04,-31.77,-54.69,-60.55,49.50,1.34,-2.67
2024/01/01 16:11:33.05,65.05,-31.64,-53.88,-60.66,50.32,-2.50,-2.06
2024/01/01 16:11:33.06,65.06,-31.43,-53.16,-60.65,51.46,-6.23,-1.77
2024/01/01 16:11:33.07,65.07,-31.14,-52.68,-60.52,53.99,-8.65,-1.55
2024/01/01 16:11:33.08,65.08,-30.82,-52.50,-60.39,58.58,-9.58,-1.39
2024/01/01 16:11:33.09,65.09,-30.57,-52.66,-60.42,64.78,-9.67,-1.23
2024/01/01 16:11:33.10,65.10,-30.51,-53.22,-60.60,70.38,-8.98,-0.97
2024/01/01 16:11:33.11,65.11,-30.62,-54.17,-60.74,72.89,-7.85,-0.15
2024/01/01 16:11:33.12,65.12,-30.71,-55.45,-60.69,71.62,-7.42,0.69
2024/01/01 16:11:33.13,65.13,-30.73,-56.88,-60.52,67.17,-7.51,0.17
2024/01/01 16:11:33.14,65.14,-30.75,-58.04,-60.38,61.05,-7.17,-1.46
2024/01/01 16:11:33.15,65.15,-30.81,-58.59,-60.27,55.53,-6.32,-2.83
2024/01/01 16:11:33.16,65.16,-30.90,-58.78,-60.07,52.03,-5.21,-3.25
2024/01/01 16:11:33.17,65.17,-30.93,-58.95,-59.88,50.66,-4.70,-3.04
2024/01/01 16:11:33.18,65.18,-30.90,-59.02,-59.89,51.04,-5.64,-2.74
2024/01/01 16:11:33.19,65.19,-30.89,-58.81,-59.99,52.48,-7.77,-1.76
2024/01/01 16:11:33.20,65.20,-30.90,-58.48,-59.98,54.10,-11.34,0.34
2024/01/01 16:11:33.21,65.21,-30.85,-58.21,-59.82,55.62,-16.84,1.30
2024/01/01 16:11:33.22,65.22,-30.70,-58.15,-59.71,57.07,-22.56,-0.73
2024/01/01 16:11:33.23,65.23,-30.51,-58.26,-59.85,58.21,-26.19,-3.58
2024/01/01 16:11:33.24,65.24,-30.30,-58.37,-60.15,58.82,-26.63,-4.55
2024/01/01 16:11:33.25,65.25,-30.02,-58.44,-60.29,58.69,-23.83,-3.81
2024/01/01 16:11:33.26,65.26,-29.65,-58.79,-60.08,57.79,-18.91,-2.82
2024/01/01 16:11:33.27,65.27,-29.27,-59.53,-59.63,56.38,-12.68,-2.30
2024/01/01 16:11:33.28,65.28,-29.00,-60.25,-59.17,54.76,-5.44,-1.43
2024/01/01 16:11:33.29,65.29,-28.89,-60.44,-58.82,53.74,0.83,0.26
2024/01/01 16:11:33.30,65.30,-28.86,-60.11,-58.62,54.16,3.61,1.70
2024/01/01 16:11:33.31,65.31,-28.82,-59.69,-58.62,55.79,2.77,2.25
2024/01/01 16:11:33.32,65.32,-28.76,-59.53,-58.74,57.89,-0.48,2.25
2024/01/01 16:11:33.33,65.33,-28.85,-59.51,-58.89,60.45,-5.01,1.88
2024/01/01 16:11:33.34,65.34,-29.30,-59.35,-59.13,63.75,-9.38,1.01
2024/01/01 16:11:33.35,65.35,-29.95,-58.92,-59.41,67.17,-12.99,-0.27
2024/01/01 16:11:33.36,65.36,-30.29,-58.20,-59.64,69.83,-16.79,-1.28
2024/01/01 16:11:33.37,65.37,-29.99,-57.33,-59.90,71.13,-20.73,-1.05
2024/01/01 16:11:33.38,65.38,-29.25,-56.62,-60.26,70.22,-23.06,0.52
2024/01/01 16:11:33.39,65.39,-28.52,-56.28,-60.52,66.63,-22.62,2.20
2024/01/01 16:11:33.40,65.40,-28.17,-56.35,-60.54,61.40,-19.42,2.70
2024/01/01 16:11:33.41,65.41,-28.18,-56.75,-60.53,56.70,-14.24,1.38
2024/01/01 16:11:33.42,65.42,-28.31,-57.29,-60.70,54.30,-8.55,-1.60
2024/01/01 16:11:33.43,65.43,-28.47,-57.75,-60.89,53.65,-3.52,-4.81
2024/01/01 16:11:33.44,65.44,-28.82,-58.02,-60.89,52.77,0.07,-6.27
2024/01/01 16:11:33.45,65.45,-29.38,-58.12,-60.88,50.84,1.13,-5.74
2024/01/01 16:11:33.46,65.46,-29.93,-58.06,-61.03,48.82,-0.25,-4.98
2024/01/01 16:11:33.47,65.47,-30.38,-57.84,-61.23,48.37,-2.69,-4.25
2024/01/01 16:11:33.48,65.48,-30.80,-57.42,-61.41,50.64,-5.81,-2.12
2024/01/01 16:11:33.49,65.49,-31.27,-56.75,-61.66,55.45,-9.72,-0.16
2024/01/01 16:11:33.50,65.50,-31.70,-55.99,-62.03,61.15,-13.32,-0.79
2024/01/01 16:11:33.51,65.51,-31.92,-55.47,-62.50,65.50,-15.73,-2.33
2024/01/01 16:11:33.52,65.52,-31.85,-55.42,-62.94,67.13,-16.82,-2.65
2024/01/01 16:11:33.53,65.53,-31.66,-55.79,-63.21,65.94,-16.18,-2.65
2024/01/01 16:11:33.54,65.54,-31.51,-56.18,-63.29,63.06,-13.90,-3.48
2024/01/01 16:11:33.55,65.55,-31.44,-56.20,-63.32,59.84,-10.78,-4.95
2024/01/01 16:11:33.56,65.56,-31.61,-55.89,-63.47,56.61,-7.25,-6.18
2024/01/01 16:11:33.57,65.57,-32.12,-55.48,-63.76,53.29,-3.75,-6.34
2024/01/01 16:11:33.58,65.58,-32.76,-55.20,-63.94,49.98,-0.99,-5.63
2024/01/01 16:11:33.59,65.59,-33.21,-55.36,-63.94,46.76,0.70,-4.79
2024/01/01 16:11:33.60,65.60,-33.40,-55.95,-63.97,44.37,0.75,-4.18
2024/01/01 16:11:33.61,65.61,-33.44,-56.59,-63.98,43.75,-1.47,-3.51
2024/01/01 16:11:33.62,65.62,-33.46,-56.91,-63.79,45.34,-5.53,-2.57
2024/01/01 16:11:33.63,65.63,-33.65,-56.85,-63.40,49.06,-10.13,-1.97
2024/01/01 16:11:33.64,65.64,-34.14,-56.55,-62.89,53.85,-13.76,-2.33
2024/01/01 16:11:33.65,65.65,-34.73,-56.14,-62.26,57.80,-15.49,-3.26
2024/01/01 16:11:33.66,65.66,-35.14,-55.70,-61.51,59.09,-15.48,-3.95
2024/01/01 16:11:33.67,65.67,-35.29,-55.32,-60.62,56.84,-14.30,-3.80
2024/01/01 16:11:33.68,65.68,-35.14,-55.06,-59.55,52.60,-12.85,-2.34
2024/01/01 16:11:33.69,65.69,-34.74,-55.07,-58.36,49.42,-11.90,0.25
2024/01/01 16:11:33.70,65.70,-34.24,-55.45,-57.26,49.20,-10.57,2.84
2024/01/01 16:11:33.71,65.71,-33.81,-56.07,-56.27,51.72,-8.00,4.15
2024/01/01 16:11:33.72,65.72,-33.55,-56.67,-55.35,54.79,-4.93,4.02
2024/01/01 16:11:33.73,65.73,-33.39,-57.14,-54.56,55.53,-2.41,3.34
2024/01/01 16:11:33.74,65.74,-33.19,-57.49,-53.92,53.25,-1.51,2.78
2024/01/01 16:11:33.75,65.75,-32.98,-57.79,-53.39,49.95,-2.75,2.92
2024/01/01 16:11:33.76,65.76,-32.97,-58.04,-53.16,48.38,-4.92,4.44
2024/01/01 16:11:33.77,65.77,-33.07,-58.12,-53.29,50.06,-6.94,6.43
2024/01/01 16:11:33.78,65.78,-33.09,-57.92,-53.48,54.24,-8.74,7.15
2024/01/01 16:11:33.79,65.79,-33.01,-57.51,-53.61,58.49,-10.21,6.78
2024/01/01 16:11:33.80,65.80,-32.89,-56.94,-53.83,60.64,-11.62,5.79
2024/01/01 16:11:33.81,65.81,-32.66,-56.28,-54.15,60.28,-12.93,4.16
2024/01/01 16:11:33.82,65.82,-32.23,-55.70,-54.60,59.05,-13.60,3.20
2024/01/01 16:11:33.83,65.83,-31.71,-55.33,-55.23,58.89,-14.02,3.30
2024/01/01 16:11:33.84,65.84,-31.20,-55.27,-55.94,60.25,-14.67,2.95
2024/01/01 16:11:33.85,65.85,-30.69,-55.59,-56.66,62.02,-15.21,2.12
2024/01/01 16:11:33.86,65.86,-30.20,-56.13,-57.34,62.50,-15.20,2.01
2024/01/01 16:11:33.87,65.87,-29.80,-56.65,-57.90,61.06,-13.85,2.65
2024/01/01 16:11:33.88,65.88,-29.51,-57.10,-58.32,58.65,-10.86,3.29
2024/01/01 16:11:33.89,65.89,-29.36,-57.39,-58.66,56.67,-6.68,2.89
2024/01/01 16:11:33.90,65.90,-29.38,-57.30,-58.95,55.94,-1.68,0.98
2024/01/01 16:11:33.91,65.91,-29.45,-56.86,-59.14,56.42,2.76,-1.14
2024/01/01 16:11:33.92,65.92,-29.46,-56.36,-59.13,57.28,4.25,-2.18
2024/01/01 16:11:33.93,65.93,-29.32,-56.02,-58.94,57.27,1.65,-2.26
2024/01/01 16:11:33.94,65.94,-28.97,-55.89,-58.76,56.03,-4.37,-1.79
2024/01/01 16:11:33.95,65.95,-28.47,-55.88,-58.59,54.93,-11.54,-0.93
2024/01/01 16:11:33.96,65.96,-28.09,-55.90,-58.30,55.42,-16.67,0.35
2024/01/01 16:11:33.97,65.97,-28.02,-55.90,-57.94,57.51,-18.12,1.69
2024/01/01 16:11:33.98,65.98,-28.25,-55.92,-57.66,60.51,-16.22,1.68
2024/01/01 16:11:33.99,65.99,-28.65,-56.01,-57.49,63.37,-11.84,0.06
2024/01/01 16:11:34.00,66.00,-28.98,-56.35,-57.22,64.45,-6.25,-0.92
2024/01/01 16:11:34.01,66.01,-29.05,-56.96,-56.77,62.85,-1.39,0.05
2024/01/01 16:11:34.02,66.02,-28.93,-57.60,-56.31,59.61,1.18,1.56
2024/01/01 16:11:34.03,66.03,-28.89,-58.01,-56.12,57.11,1.06,2.41
2024/01/01 16:11:34.04,66.04,-29.02,-58.21,-56.21,57.18,-1.43,3.13
2024/01/01 16:11:34.05,66.05,-29.29,-58.35,-56.46,59.81,-5.90,4.09
2024/01/01 16:11:34.06,66.06,-29.70,-58.64,-56.81,63.47,-11.32,4.34
2024/01/01 16:11:34.07,66.07,-30.19,-59.25,-57.21,66.03,-16.05,3.02
2024/01/01 16:11:34.08,66.08,-30.59,-60.01,-57.76,65.90,-19.16,0.91
2024/01/01 16:11:34.09,66.09,-30.76,-60.67,-58.61,63.61,-20.90,-0.29
2024/01/01 16:11:34.10,66.10,-30.81,-61.17,-59.65,61.46,-21.72,-0.02
2024/01/01 16:11:34.11,66.11,-30.93,-61.46,-60.58,61.01,-21.47,0.89
2024/01/01 16:11:34.12,66.12,-31.07,-61.51,-61.19,61.61,-19.74,1.51
2024/01/01 16:11:34.13,66.13,-31.05,-61.52,-61.47,61.74,-16.63,1.28
2024/01/01 16:11:34.14,66.14,-30.79,-61.74,-61.50,60.34,-12.87,-0.13
2024/01/01 16:11:34.15,66.15,-30.38,-62.14,-61.40,57.08,-9.91,-2.30
2024/01/01 16:11:34.16,66.16,-30.15,-62.56,-61.22,52.28,-9.33,-4.11
2024/01/01 16:11:34.17,66.17,-30.40,-62.83,-61.06,47.37,-11.60,-4.60
2024/01/01 16:11:34.18,66.18,-31.12,-62.83,-61.04,44.49,-15.49,-4.13
2024/01/01 16:11:34.19,66.19,-31.96,-62.67,-61.15,44.32,-18.68,-3.91
2024/01/01 16:11:34.20,66.20,-32.76,-62.44,-61.22,45.80,-19.69,-3.75
2024/01/01 16:11:34.21,66.21,-33.54,-61.93,-61.09,47.96,-18.72,-2.83
2024/01/01 16:11:34.22,66.22,-34.24,-61.08,-60.63,50.12,-16.33,-1.73
2024/01/01 16:11:34.23,66.23,-34.75,-60.19,-59.92,51.81,-13.87,-0.98
2024/01/01 16:11:34.24,66.24,-34.96,-59.61,-59.23,53.62,-13.53,-0.31
2024/01/01 16:11:34.25,66.25,-34.87,-59.39,-58.72,56.01,-15.68,0.37
2024/01/01 16:11:34.26,66.26,-34.65,-59.26,-58.31,58.50,-18.87,1.16
2024/01/01 16:11:34.27,66.27,-34.55,-59.15,-58.05,60.31,-21.35,1.69
2024/01/01 16:11:34.28,66.28,-34.58,-59.32,-58.07,60.66,-21.50,1.18
2024/01/01 16:11:34.29,66.29,-34.57,-59.78,-58.33,59.30,-19.17,0.35
2024/01/01 16:11:34.30,66.30,-34.33,-60.07,-58.65,56.95,-14.85,0.54
2024/01/01 16:11:34.31,66.31,-33.78,-59.81,-58.94,54.99,-8.33,1.45
2024/01/01 16:11:34.32,66.32,-32.96,-59.08,-59.17,54.81,-1.15,1.81
2024/01/01 16:11:34.33,66.33,-32.11,-58.09,-59.36,56.35,4.15,1.14
2024/01/01 16:11:34.34,66.34,-31.35,-56.97,-59.67,58.03,6.83,-0.11
2024/01/01 16:11:34.35,66.35,-30.64,-55.75,-60.13,58.70,6.33,-1.72
2024/01/01 16:11:34.36,66.36,-30.04,-54.67,-60.54,57.86,2.49,-3.56
2024/01/01 16:11:34.37,66.37,-29.65,-54.06,-60.82,55.36,-3.47,-4.51
2024/01/01 16:11:34.38,66.38,-29.52,-53.92,-61.08,52.58,-11.01,-4.11
2024/01/01 16:11:34.39,66.39,-29.73,-54.05,-61.31,51.70,-18.57,-3.55
2024/01/01 16:11:34.40,66.40,-30.32,-54.50,-61.39,53.37,-22.64,-2.87
2024/01/01 16:11:34.41,66.41,-31.15,-55.31,-61.44,56.44,-22.23,-1.43
2024/01/01 16:11:34.42,66.42,-32.08,-56.18,-61.56,59.33,-18.20,-0.48
2024/01/01 16:11:34.43,66.43,-32.96,-56.70,-61.58,60.91,-10.80,-0.70
2024/01/01 16:11:34.44,66.44,-33.54,-56.81,-61.42,61.06,-1.96,-0.84
2024/01/01 16:11:34.45,66.45,-33.70,-56.70,-61.11,60.49,5.18,-0.81
2024/01/01 16:11:34.46,66.46,-33.64,-56.52,-60.76,60.02,8.70,-1.03
2024/01/01 16:11:34.47,66.47,-33.58,-56.38,-60.55,59.56,7.56,-0.69
2024/01/01 16:11:34.48,66.48,-33.54,-56.38,-60.54,58.18,2.31,-0.31
2024/01/01 16:11:34.49,66.49,-33.41,-56.34,-60.55,55.46,-5.43,-1.26
2024/01/01 16:11:34.50,66.50,-33.26,-55.98,-60.57,51.99,-14.34,-2.92
2024/01/01 16:11:34.51,66.51,-33.21,-55.24,-60.83,48.50,-21.98,-3.96
2024/01/01 16:11:34.52,66.52,-33.38,-54.43,-61.38,45.88,-25.67,-3.86
2024/01/01 16:11:34.53,66.53,-33.66,-54.03,-61.94,45.52,-24.71,-2.83
2024/01/01 16:11:34.54,66.54,-33.82,-54.24,-62.27,47.57,-19.55,-1.72
2024/01/01 16:11:34.55,66.55,-33.72,-54.79,-62.38,50.59,-11.84,-1.75
2024/01/01 16:11:34.56,66.56,-33.43,-55.19,-62.44,53.62,-4.32,-3.25
2024/01/01 16:11:34.57,66.57,-33.05,-55.22,-62.49,55.69,0.97,-4.58
2024/01/01 16:11:34.58,66.58,-32.63,-55.11,-62.46,55.67,2.65,-4.57
2024/01/01 16:11:34.59,66.59,-32.33,-55.21,-62.34,53.85,0.84,-4.68
2024/01/01 16:11:34.60,66.60,-32.32,-55.40,-62.24,51.40,-2.00,-5.45
2024/01/01 16:11:34.61,66.61,-32.51,-55.32,-62.19,49.59,-3.81,-5.64
2024/01/01 16:11:34.62,66.62,-32.65,-54.93,-62.20,49.50,-4.72,-5.04
2024/01/01 16:11:34.63,66.63,-32.48,-54.51,-62.27,51.16,-5.65,-3.86
2024/01/01 16:11:34.64,66.64,-31.94,-54.28,-62.32,54.25,-7.27,-2.56
2024/01/01 16:11:34.65,66.65,-31.32,-54.31,-62.26,58.07,-8.64,-1.90
2024/01/01 16:11:34.66,66.66,-31.02,-54.56,-62.06,61.05,-8.25,-1.15
2024/01/01 16:11:34.67,66.67,-31.05,-54.86,-61.75,62.63,-6.68,-0.50
2024/01/01 16:11:34.68,66.68,-30.99,-55.02,-61.39,63.29,-5.19,-1.90
2024/01/01 16:11:34.69,66.69,-30.65,-55.08,-60.94,63.04,-4.40,-4.15
2024/01/01 16:11:34.70,66.70,-30.28,-55.09,-60.34,61.73,-5.12,-4.35
2024/01/01 16:11:34.71,66.71,-30.19,-54.91,-59.68,58.93,-6.49,-2.91
2024/01/01 16:11:34.72,66.72,-30.39,-54.63,-59.10,55.12,-7.01,-1.56
2024/01/01 16:11:34.73,66.73,-30.79,-54.57,-58.70,52.64,-7.12,-0.32
2024/01/01 16:11:34.74,66.74,-31.28,-54.87,-58.48,52.83,-6.60,1.20
2024/01/01 16:11:34.75,66.75,-31.77,-55.45,-58.38,54.39,-5.08,2.50
2024/01/01 16:11:34.76,66.76,-32.18,-56.16,-58.39,55.52,-4.46,2.84
2024/01/01 16:11:34.77,66.77,-32.43,-56.68,-58.52,55.39,-5.82,1.98
2024/01/01 16:11:34.78,66.78,-32.34,-56.80,-58.61,54.49,-9.01,0.96
2024/01/01 16:11:34.79,66.79,-31.81,-56.57,-58.74,54.85,-13.98,0.80
2024/01/01 16:11:34.80,66.80,-31.05,-56.20,-59.18,57.62,-18.13,0.58
2024/01/01 16:11:34.81,66.81,-30.52,-55.80,-59.85,61.32,-18.72,-0.25
2024/01/01 16:11:34.82,66.82,-30.44,-55.46,-60.48,63.70,-16.49,-0.92
2024/01/01 16:11:34.83,66.83,-30.47,-55.23,-61.02,62.97,-12.69,-1.90
2024/01/01 16:11:34.84,66.84,-30.26,-55.21,-61.57,59.08,-8.26,-4.26
2024/01/01 16:11:34.85,66.85,-29.81,-55.52,-62.14,54.73,-4.81,-6.96
2024/01/01 16:11:34.86,66.86,-29.33,-56.00,-62.73,52.60,-2.82,-7.99
2024/01/01 16:11:34.87,66.87,-29.03,-56.17,-63.29,53.37,-2.14,-7.22
2024/01/01 16:11:34.88,66.88,-29.21,-55.80,-63.78,56.62,-2.75,-5.89
2024/01/01 16:11:34.89,66.89,-29.86,-55.20,-64.10,60.59,-3.78,-4.50
2024/01/01 16:11:34.90,66.90,-30.54,-54.62,-64.13,63.00,-4.52,-3.26
2024/01/01 16:11:34.91,66.91,-30.90,-54.08,-63.86,63.25,-5.07,-2.92
2024/01/01 16:11:34.92,66.92,-31.02,-53.69,-63.50,61.84,-5.51,-3.54
2024/01/01 16:11:34.93,66.93,-31.02,-53.58,-63.31,59.41,-6.18,-4.02
2024/01/01 16:11:34.94,66.94,-30.89,-53.71,-63.39,56.92,-7.39,-3.77
2024/01/01 16:11:34.95,66.95,-30.73,-54.04,-63.60,55.50,-8.89,-3.02
2024/01/01 16:11:34.96,66.96,-30.79,-54.52,-63.86,55.90,-10.01,-2.48
2024/01/01 16:11:34.97,66.97,-31.20,-54.94,-64.08,57.35,-9.51,-2.94
2024/01/01 16:11:34.98,66.98,-31.75,-55.08,-64.14,57.91,-7.23,-4.18
2024/01/01 16:11:34.99,66.99,-32.05,-55.05,-64.10,56.37,-4.99,-5.30
2024/01/01 16:11:35.00,67.00,-31.99,-55.11,-64.09,53.22,-3.72,-6.01
2024/01/01 16:11:35.01,67.01,-31.73,-55.28,-63.84,50.04,-2.95,-6.03
2024/01/01 16:11:35.02,67.02,-31.49,-55.44,-63.28,48.24,-3.06,-4.85
2024/01/01 16:11:35.03,67.03,-31.34,-55.56,-62.78,48.46,-4.57,-3.56
2024/01/01 16:11:35.04,67.04,-31.28,-55.79,-62.63,50.81,-6.91,-3.97
2024/01/01 16:11:35.05,67.05,-31.36,-56.23,-62.64,54.28,-9.44,-5.20
2024/01/01 16:11:35.06,67.06,-31.56,-56.84,-62.54,56.62,-12.10,-4.91
2024/01/01 16:11:35.07,67.07,-31.73,-57.48,-62.26,56.81,-15.03,-3.31
2024/01/01 16:11:35.08,67.08,-31.77,-57.97,-61.82,56.01,-17.61,-2.12
2024/01/01 16:11:35.09,67.09,-31.73,-58.18,-61.20,55.61,-18.54,-1.16
2024/01/01 16:11:35.10,67.10,-31.60,-58.05,-60.53,56.12,-17.48,0.05
2024/01/01 16:11:35.11,67.11,-31.34,-57.64,-59.94,57.58,-14.91,0.17
2024/01/01 16:11:35.12,67.12,-31.16,-57.14,-59.36,59.06,-11.00,-1.05
2024/01/01 16:11:35.13,67.13,-31.28,-56.72,-58.66,58.90,-6.37,-1.43
2024/01/01 16:11:35.14,67.14,-31.60,-56.47,-57.91,56.36,-2.87,-0.17
2024/01/01 16:11:35.15,67.15,-31.98,-56.47,-57.28,52.78,-2.28,1.33
2024/01/01 16:11:35.16,67.16,-32.29,-56.74,-56.85,50.64,-4.79,2.40
2024/01/01 16:11:35.17,67.17,-32.29,-57.17,-56.68,51.37,-8.97,3.40
2024/01/01 16:11:35.18,67.18,-31.92,-57.58,-56.66,54.41,-13.04,4.39
2024/01/01 16:11:35.19,67.19,-31.37,-57.71,-56.63,58.18,-15.58,5.09
2024/01/01 16:11:35.20,67.20,-30.85,-57.32,-56.59,61.20,-15.49,4.59
2024/01/01 16:11:35.21,67.21,-30.51,-56.54,-56.60,62.44,-12.71,2.38
2024/01/01 16:11:35.22,67.22,-30.42,-55.64,-56.63,61.55,-8.67,-0.00
2024/01/01 16:11:35.23,67.23,-30.49,-54.85,-56.70,59.04,-5.24,-0.92
2024/01/01 16:11:35.24,67.24,-30.57,-54.44,-56.83,55.72,-3.45,-0.61
2024/01/01 16:11:35.25,67.25,-30.52,-54.45,-57.06,52.72,-3.55,0.02
2024/01/01 16:11:35.26,67.26,-30.29,-54.67,-57.36,51.76,-5.15,0.92
2024/01/01 16:11:35.27,67.27,-29.96,-54.93,-57.62,53.81,-7.14,2.28
2024/01/01 16:11:35.28,67.28,-29.65,-55.19,-57.77,58.11,-8.36,3.29
2024/01/01 16:11:35.29,67.29,-29.42,-55.40,-57.94,62.82,-8.10,3.10
2024/01/01 16:11:35.30,67.30,-29.34,-55.59,-58.23,65.85,-5.74,1.79
2024/01/01 16:11:35.31,67.31,-29.38,-55.87,-58.58,65.75,-1.95,0.26
2024/01/01 16:11:35.32,67.32,-29.49,-56.31,-58.81,62.46,1.18,-0.42
2024/01/01 16:11:35.33,67.33,-29.68,-56.75,-58.88,57.53,2.36,-0.46
2024/01/01 16:11:35.34,67.34,-29.88,-56.96,-58.82,53.20,1.13,-0.80
2024/01/01 16:11:35.35,67.35,-29.99,-56.90,-58.75,51.33,-2.94,-1.12
2024/01/01 16:11:35.36,67.36,-30.04,-56.72,-58.83,52.75,-8.55,-0.83
2024/01/01 16:11:35.37,67.37,-30.11,-56.52,-59.10,56.71,-13.35,-0.25
2024/01/01 16:11:35.38,67.38,-30.19,-56.31,-59.38,61.26,-16.69,0.19
2024/01/01 16:11:35.39,67.39,-30.32,-56.13,-59.63,64.28,-18.57,0.17
2024/01/01 16:11:35.40,67.40,-30.56,-56.09,-60.02,64.56,-18.87,-0.73
2024/01/01 16:11:35.41,67.41,-30.83,-56.26,-60.55,62.48,-18.37,-2.20
2024/01/01 16:11:35.42,67.42,-31.00,-56.57,-61.10,59.15,-17.45,-2.92
2024/01/01 16:11:35.43,67.43,-31.13,-56.88,-61.63,55.87,-15.17,-2.52
2024/01/01 16:11:35.44,67.44,-31.30,-57.00,-62.03,54.14,-11.18,-2.21
2024/01/01 16:11:35.45,67.45,-31.49,-56.92,-62.25,54.30,-6.53,-2.52
2024/01/01 16:11:35.46,67.46,-31.80,-56.94,-62.49,55.21,-2.50,-2.84
2024/01/01 16:11:35.47,67.47,-32.25,-57.17,-62.89,55.81,-0.16,-3.03
2024/01/01 16:11:35.48,67.48,-32.61,-57.36,-63.27,55.63,-0.09,-3.43
2024/01/01 16:11:35.49,67.49,-32.73,-57.36,-63.49,54.59,-2.22,-3.94
2024/01/01 16:11:35.50,67.50,-32.70,-57.35,-63.66,53.33,-5.91,-4.56
2024/01/01 16:11:35.51,67.51,-32.62,-57.40,-63.77,52.84,-9.84,-5.21
2024/01/01 16:11:35.52,67.52,-32.54,-57.46,-63.70,53.48,-12.93,-4.82
2024/01/01 16:11:35.53,67.53,-32.40,-57.68,-63.42,54.71,-15.02,-3.07
2024/01/01 16:11:35.54,67.54,-32.13,-58.16,-63.09,55.62,-15.84,-1.78
2024/01/01 16:11:35.55,67.55,-31.92,-58.72,-62.84,55.72,-15.05,-2.41
2024/01/01 16:11:35.56,67.56,-31.99,-59.19,-62.66,54.97,-12.98,-4.06
2024/01/01 16:11:35.57,67.57,-32.27,-59.50,-62.47,53.31,-10.27,-4.94
2024/01/01 16:11:35.58,67.58,-32.57,-59.62,-62.22,51.29,-7.95,-4.76
2024/01/01 16:11:35.59,67.59,-32.81,-59.65,-61.83,49.94,-7.02,-4.27
2024/01/01 16:11:35.60,67.60,-32.96,-59.71,-61.27,49.71,-7.66,-3.36
2024/01/01 16:11:35.61,67.61,-33.05,-59.74,-60.70,50.57,-9.54,-1.67
2024/01/01 16:11:35.62,67.62,-33.22,-59.68,-60.26,52.64,-12.00,-0.30
2024/01/01 16:11:35.63,67.63,-33.52,-59.62,-59.93,55.81,-14.17,-0.40
2024/01/01 16:11:35.64,67.64,-33.88,-59.61,-59.66,59.21,-16.09,-1.16
2024/01/01 16:11:35.65,67.65,-34.18,-59.59,-59.48,61.19,-18.35,-1.60
2024/01/01 16:11:35.66,67.66,-34.44,-59.49,-59.34,60.48,-20.33,-1.71
2024/01/01 16:11:35.67,67.67,-34.68,-59.41,-59.23,57.44,-20.93,-0.97
2024/01/01 16:11:35.68,67.68,-34.77,-59.52,-59.13,53.87,-19.87,0.54
2024/01/01 16:11:35.69,67.69,-34.67,-59.70,-58.98,51.75,-17.48,1.59
2024/01/01 16:11:35.70,67.70,-34.51,-59.64,-58.80,52.22,-14.36,2.05
2024/01/01 16:11:35.71,67.71,-34.42,-59.33,-58.66,54.81,-10.82,1.93
2024/01/01 16:11:35.72,67.72,-34.36,-58.94,-58.66,57.41,-7.15,0.53
2024/01/01 16:11:35.73,67.73,-34.14,-58.48,-58.77,58.11,-4.32,-1.08
2024/01/01 16:11:35.74,67.74,-33.70,-57.83,-58.89,56.81,-3.03,-1.21
2024/01/01 16:11:35.75,67.75,-33.13,-57.09,-58.97,54.40,-2.54,-0.40
2024/01/01 16:11:35.76,67.76,-32.54,-56.29,-59.06,51.80,-2.07,-0.06
2024/01/01 16:11:35.77,67.77,-32.15,-55.49,-59.19,50.33,-2.27,-0.34
2024/01/01 16:11:35.78,67.78,-32.04,-54.90,-59.47,50.80,-3.98,-0.63
2024/01/01 16:11:35.79,67.79,-32.02,-54.65,-59.89,52.08,-6.92,-0.83
2024/01/01 16:11:35.80,67.80,-31.96,-54.66,-60.22,52.81,-10.15,-1.35
2024/01/01 16:11:35.81,67.81,-32.02,-54.71,-60.43,52.78,-12.46,-2.29
2024/01/01 16:11:35.82,67.82,-32.29,-54.64,-60.57,52.26,-12.66,-3.30
2024/01/01 16:11:35.83,67.83,-32.59,-54.42,-60.67,52.17,-10.75,-3.92
2024/01/01 16:11:35.84,67.84,-32.68,-54.10,-60.68,53.43,-7.79,-3.44
2024/01/01 16:11:35.85,67.85,-32.46,-53.76,-60.51,55.69,-4.88,-1.89
2024/01/01 16:11:35.86,67.86,-32.08,-53.45,-60.22,58.00,-2.82,-0.38
2024/01/01 16:11:35.87,67.87,-31.70,-53.23,-59.93,59.41,-1.90,0.34
2024/01/01 16:11:35.88,67.88,-31.38,-53.24,-59.62,59.31,-2.15,0.55
2024/01/01 16:11:35.89,67.89,-31.18,-53.50,-59.29,58.09,-4.03,0.83
2024/01/01 16:11:35.90,67.90,-31.09,-53.76,-58.94,56.87,-7.37,0.93
2024/01/01 16:11:35.91,67.91,-30.91,-53.83,-58.56,56.50,-10.83,0.38
2024/01/01 16:11:35.92,67.92,-30.55,-53.74,-58.33,56.95,-13.20,-0.08
2024/01/01 16:11:35.93,67.93,-30.11,-53.61,-58.30,57.66,-14.04,0.43
2024/01/01 16:11:35.94,67.94,-29.72,-53.56,-58.24,58.41,-12.73,1.61
2024/01/01 16:11:35.95,67.95,-29.49,-53.67,-57.97,59.27,-8.90,2.51
2024/01/01 16:11:35.96,67.96,-29.48,-53.96,-57.69,60.01,-3.64,2.30
2024/01/01 16:11:35.97,67.97,-29.63,-54.42,-57.59,60.01,0.79,1.10
2024/01/01 16:11:35.98,67.98,-29.81,-54.97,-57.58,58.73,2.99,0.18
2024/01/01 16:11:35.99,67.99,-29.96,-55.38,-57.62,56.45,2.93,0.43
2024/01/01 16:11:36.00,68.00,-30.10,-55.52,-57.86,54.39,1.02,1.08
2024/01/01 16:11:36.01,68.01,-30.23,-55.49,-58.26,53.95,-1.60,0.71
2024/01/01 16:11:36.02,68.02,-30.32,-55.47,-58.78,55.62,-3.88,-0.20
2024/01/01 16:11:36.03,68.03,-30.51,-55.57,-59.45,58.59,-6.11,-0.28
2024/01/01 16:11:36.04,68.04,-30.97,-55.71,-60.06,61.29,-8.67,-0.08
2024/01/01 16:11:36.05,68.05,-31.53,-55.88,-60.41,62.67,-11.21,-0.71
2024/01/01 16:11:36.06,68.06,-31.94,-56.28,-60.60,62.71,-13.73,-1.72
2024/01/01 16:11:36.07,68.07,-32.16,-57.03,-60.74,61.75,-16.26,-2.33
2024/01/01 16:11:36.08,68.08,-32.29,-57.78,-60.84,60.01,-18.12,-2.07
2024/01/01 16:11:36.09,68.09,-32.44,-58.26,-61.00,57.52,-18.42,-0.96
2024/01/01 16:11:36.10,68.10,-32.65,-58.49,-61.20,54.39,-16.52,-0.11
2024/01/01 16:11:36.11,68.11,-32.79,-58.54,-61.36,51.63,-13.08,-0.24
2024/01/01 16:11:36.12,68.12,-32.83,-58.46,-61.38,50.68,-9.81,-0.99
2024/01/01 16:11:36.13,68.13,-32.76,-58.43,-61.26,51.31,-7.24,-2.07
2024/01/01 16:11:36.14,68.14,-32.48,-58.46,-60.97,52.00,-5.34,-3.13
2024/01/01 16:11:36.15,68.15,-31.89,-58.35,-60.60,52.10,-5.17,-3.58
2024/01/01 16:11:36.16,68.16,-31.17,-58.05,-60.45,51.93,-7.15,-3.44
2024/01/01 16:11:36.17,68.17,-30.64,-57.73,-60.70,52.02,-10.14,-3.10
2024/01/01 16:11:36.18,68.18,-30.48,-57.44,-61.10,52.88,-13.10,-2.11
2024/01/01 16:11:36.19,68.19,-30.61,-57.17,-61.30,54.79,-15.33,-0.36
2024/01/01 16:11:36.20,68.20,-30.90,-57.07,-61.26,57.20,-16.01,0.49
2024/01/01 16:11:36.21,68.21,-31.19,-57.18,-61.13,58.56,-14.78,-0.73
2024/01/01 16:11:36.22,68.22,-31.45,-57.32,-60.97,58.06,-12.38,-2.84
2024/01/01 16:11:36.23,68.23,-31.64,-57.22,-60.84,56.44,-9.61,-3.85
2024/01/01 16:11:36.24,68.24,-31.64,-56.86,-60.81,55.31,-6.72,-3.28
2024/01/01 16:11:36.25,68.25,-31.44,-56.49,-60.79,56.32,-4.05,-2.50
2024/01/01 16:11:36.26,68.26,-31.26,-56.30,-60.71,59.33,-2.33,-2.25
2024/01/01 16:11:36.27,68.27,-31.19,-56.23,-60.49,62.48,-2.49,-1.75
2024/01/01 16:11:36.28,68.28,-31.13,-56.10,-60.15,64.22,-5.23,-1.01
2024/01/01 16:11:36.29,68.29,-31.03,-55.92,-59.82,63.93,-9.44,-0.94
2024/01/01 16:11:36.30,68.30,-30.90,-55.84,-59.59,61.76,-13.12,-1.06
2024/01/01 16:11:36.31,68.31,-30.73,-55.94,-59.41,58.80,-15.73,-0.08
2024/01/01 16:11:36.32,68.32,-30.61,-56.15,-59.26,56.31,-16.45,1.40
2024/01/01 16:11:36.33,68.33,-30.66,-56.21,-59.15,54.74,-13.86,1.56
2024/01/01 16:11:36.34,68.34,-30.80,-55.96,-59.05,54.05,-9.30,0.43
2024/01/01 16:11:36.35,68.35,-30.89,-55.60,-58.92,53.91,-5.28,-0.73
2024/01/01 16:11:36.36,68.36,-30.97,-55.35,-58.74,53.50,-2.61,-1.08
2024/01/01 16:11:36.37,68.37,-31.15,-55.21,-58.57,52.86,-1.71,-0.90
2024/01/01 16:11:36.38,68.38,-31.34,-55.18,-58.48,53.05,-2.03,-1.19
2024/01/01 16:11:36.39,68.39,-31.48,-55.39,-58.36,54.34,-2.38,-1.63
2024/01/01 16:11:36.40,68.40,-31.64,-55.88,-58.24,56.28,-3.83,-0.66
2024/01/01 16:11:36.41,68.41,-31.84,-56.41,-58.23,58.15,-7.25,1.38
2024/01/01 16:11:36.42,68.42,-32.02,-56.55,-58.21,58.65,-10.51,2.73
2024/01/01 16:11:36.43,68.43,-32.17,-56.09,-58.03,57.24,-12.05,3.42
2024/01/01 16:11:36.44,68.44,-32.33,-55.26,-57.85,55.28,-12.29,4.06
2024/01/01 16:11:36.45,68.45,-32.63,-54.47,-57.89,54.37,-11.36,3.46
2024/01/01 16:11:36.46,68.46,-33.06,-53.94,-58.10,54.59,-9.71,1.61
2024/01/01 16:11:36.47,68.47,-33.41,-53.74,-58.24,55.12,-8.39,0.50
2024/01/01 16:11:36.48,68.48,-33.51,-53.74,-58.24,55.14,-7.67,0.33
2024/01/01 16:11:36.49,68.49,-33.37,-53.85,-58.24,54.22,-7.68,-0.08
2024/01/01 16:11:36.50,68.50,-33.18,-54.17,-58.28,52.87,-8.49,-0.44
2024/01/01 16:11:36.51,68.51,-33.01,-54.74,-58.39,52.46,-8.58,0.11
2024/01/01 16:11:36.52,68.52,-32.94,-55.31,-58.71,54.12,-6.68,0.97
2024/01/01 16:11:36.53,68.53,-33.06,-55.70,-59.25,57.17,-3.99,0.90
2024/01/01 16:11:36.54,68.54,-33.24,-55.94,-59.77,58.90,-2.09,-0.17
2024/01/01 16:11:36.55,68.55,-33.20,-56.10,-60.05,57.40,-1.51,-1.50
2024/01/01 16:11:36.56,68.56,-32.88,-56.19,-60.07,53.45,-2.52,-2.21
2024/01/01 16:11:36.57,68.57,-32.41,-56.23,-59.84,49.51,-4.37,-2.01
2024/01/01 16:11:36.58,68.58,-31.92,-56.29,-59.47,47.88,-5.61,-1.53
2024/01/01 16:11:36.59,68.59,-31.42,-56.48,-59.25,49.22,-6.38,-1.42
2024/01/01 16:11:36.60,68.60,-30.97,-56.81,-59.25,52.50,-7.74,-1.69
2024/01/01 16:11:36.61,68.61,-30.57,-57.05,-59.34,55.49,-9.80,-1.46
2024/01/01 16:11:36.62,68.62,-30.22,-56.94,-59.37,56.08,-12.28,-0.46
2024/01/01 16:11:36.63,68.63,-29.92,-56.54,-59.16,54.67,-14.70,0.03
2024/01/01 16:11:36.64,68.64,-29.75,-56.19,-58.69,53.79,-16.17,-0.37
2024/01/01 16:11:36.65,68.65,-29.72,-56.06,-58.15,55.40,-16.15,-0.76
2024/01/01 16:11:36.66,68.66,-29.82,-56.12,-57.61,59.17,-14.73,-0.65
2024/01/01 16:11:36.67,68.67,-30.03,-56.38,-57.09,62.92,-12.27,0.36
2024/01/01 16:11:36.68,68.68,-30.22,-56.85,-56.72,64.54,-9.65,2.13
2024/01/01 16:11:36.69,68.69,-30.27,-57.41,-56.43,63.45,-8.23,3.53
2024/01/01 16:11:36.70,68.70,-30.14,-57.82,-56.04,60.80,-8.44,4.38
2024/01/01 16:11:36.71,68.71,-29.90,-57.90,-55.71,59.00,-8.96,5.30
2024/01/01 16:11:36.72,68.72,-29.82,-57.72,-55.61,59.96,-8.31,5.46
2024/01/01 16:11:36.73,68.73,-30.04,-57.48,-55.82,63.15,-6.59,4.15
2024/01/01 16:11:36.74,68.74,-30.44,-57.32,-56.31,66.42,-4.80,2.55
2024/01/01 16:11:36.75,68.75,-30.73,-57.28,-56.87,67.82,-3.49,1.62
2024/01/01 16:11:36.76,68.76,-30.65,-57.45,-57.21,66.48,-3.16,1.25
2024/01/01 16:11:36.77,68.77,-30.19,-57.71,-57.26,62.76,-4.39,1.33
2024/01/01 16:11:36.78,68.78,-29.62,-57.69,-57.29,58.24,-6.97,1.72
2024/01/01 16:11:36.79,68.79,-29.16,-57.16,-57.52,54.84,-10.07,1.98
2024/01/01 16:11:36.80,68.80,-28.93,-56.26,-57.88,53.53,-12.62,1.90
2024/01/01 16:11:36.81,68.81,-28.93,-55.43,-58.24,53.72,-13.78,1.35
2024/01/01 16:11:36.82,68.82,-29.10,-55.11,-58.60,53.81,-13.96,0.12
2024/01/01 16:11:36.83,68.83,-29.36,-55.40,-59.04,52.59,-13.91,-1.62
2024/01/01 16:11:36.84,68.84,-29.63,-56.05,-59.54,50.44,-13.35,-3.00
2024/01/01 16:11:36.85,68.85,-29.86,-56.72,-60.03,49.00,-12.25,-3.40
2024/01/01 16:11:36.86,68.86,-30.11,-57.25,-60.44,49.85,-11.45,-3.03
2024/01/01 16:11:36.87,68.87,-30.54,-57.66,-60.74,53.46,-10.72,-2.15
2024/01/01 16:11:36.88,68.88,-31.08,-57.88,-60.87,58.58,-9.17,-1.12
2024/01/01 16:11:36.89,68.89,-31.41,-57.84,-60.83,62.85,-6.91,-0.99
2024/01/01 16:11:36.90,68.90,-31.25,-57.72,-60.67,64.86,-5.02,-2.04
2024/01/01 16:11:36.91,68.91,-30.59,-57.66,-60.39,64.72,-4.66,-2.91
2024/01/01 16:11:36.92,68.92,-29.84,-57.61,-59.93,63.11,-6.14,-2.30
2024/01/01 16:11:36.93,68.93,-29.48,-57.73,-59.35,61.27,-8.64,-0.29
2024/01/01 16:11:36.94,68.94,-29.58,-58.19,-58.83,60.44,-10.95,1.71
2024/01/01 16:11:36.95,68.95,-29.83,-58.75,-58.45,60.26,-12.01,2.26
2024/01/01 16:11:36.96,68.96,-30.04,-59.01,-58.15,59.39,-11.61,1.70
2024/01/01 16:11:36.97,68.97,-30.25,-58.93,-57.94,57.63,-10.59,1.04
2024/01/01 16:11:36.98,68.98,-30.48,-58.82,-57.83,55.89,-9.66,0.43
2024/01/01 16:11:36.99,68.99,-30.58,-59.00,-57.66,55.20,-9.04,0.49
2024/01/01 16:11:37.00,69.00,-30.45,-59.36,-57.31,56.55,-8.97,1.91
2024/01/01 16:11:37.01,69.01,-30.30,-59.59,-56.94,59.85,-9.56,3.41
2024/01/01 16:11:37.02,69.02,-30.33,-59.52,-56.75,62.91,-10.91,3.46
2024/01/01 16:11:37.03,69.03,-30.60,-59.25,-56.74,62.83,-12.96,2.69
2024/01/01 16:11:37.04,69.04,-31.07,-58.99,-56.82,58.78,-15.09,2.40
2024/01/01 16:11:37.05,69.05,-31.52,-58.91,-56.87,52.78,-16.57,2.53
2024/01/01 16:11:37.06,69.06,-31.76,-58.92,-56.91,48.05,-16.95,2.42
2024/01/01 16:11:37.07,69.07,-31.85,-58.90,-57.04,46.93,-16.24,2.13
2024/01/01 16:11:37.08,69.08,-31.84,-58.92,-57.30,50.00,-14.97,1.93
2024/01/01 16:11:37.09,69.09,-31.65,-58.99,-57.62,55.69,-13.76,1.71
2024/01/01 16:11:37.10,69.10,-31.38,-59.00,-57.85,60.84,-12.43,1.28
2024/01/01 16:11:37.11,69.11,-31.21,-59.03,-57.95,62.90,-10.70,0.96
2024/01/01 16:11:37.12,69.12,-31.13,-59.08,-58.08,61.62,-8.96,1.04
2024/01/01 16:11:37.13,69.13,-31.16,-59.07,-58.28,58.46,-7.51,0.91
2024/01/01 16:11:37.14,69.14,-31.41,-58.94,-58.38,55.32,-6.53,0.27
2024/01/01 16:11:37.15,69.15,-31.88,-58.72,-58.44,53.62,-6.78,-0.00
2024/01/01 16:11:37.16,69.16,-32.35,-58.45,-58.65,53.50,-8.44,0.11
2024/01/01 16:11:37.17,69.17,-32.65,-58.15,-58.89,54.28,-10.58,0.11
2024/01/01 16:11:37.18,69.18,-32.78,-57.82,-59.01,55.58,-12.21,0.64
2024/01/01 16:11:37.19,69.19,-32.81,-57.42,-59.15,57.19,-12.76,1.58
2024/01/01 16:11:37.20,69.20,-32.82,-56.87,-59.33,58.96,-12.32,1.41
2024/01/01 16:11:37.21,69.21,-32.86,-56.20,-59.49,60.55,-11.54,0.40
2024/01/01 16:11:37.22,69.22,-33.03,-55.73,-59.71,61.14,-10.89,0.03
2024/01/01 16:11:37.23,69.23,-33.37,-55.76,-60.04,59.98,-10.60,-0.15
2024/01/01 16:11:37.24,69.24,-33.86,-56.21,-60.38,57.03,-10.33,-1.00
2024/01/01 16:11:37.25,69.25,-34.44,-56.77,-60.63,53.12,-9.35,-1.50
2024/01/01 16:11:37.26,69.26,-35.07,-57.06,-60.82,49.79,-7.77,-1.20
2024/01/01 16:11:37.27,69.27,-35.62,-56.90,-61.02,48.41,-6.12,-1.06
2024/01/01 16:11:37.28,69.28,-35.94,-56.51,-61.27,49.26,-4.32,-1.06
2024/01/01 16:11:37.29,69.29,-35.99,-56.16,-61.43,51.33,-2.83,-0.47
2024/01/01 16:11:37.30,69.30,-35.77,-55.85,-61.28,52.84,-2.45,0.12
2024/01/01 16:11:37.31,69.31,-35.32,-55.44,-60.94,52.54,-3.28,-0.48
2024/01/01 16:11:37.32,69.32,-34.92,-54.94,-60.66,50.42,-5.66,-2.30
2024/01/01 16:11:37.33,69.33,-34.84,-54.41,-60.56,47.34,-9.55,-4.06
2024/01/01 16:11:37.34,69.34,-34.94,-53.99,-60.66,44.65,-13.47,-4.49
2024/01/01 16:11:37.35,69.35,-34.93,-53.76,-60.91,43.74,-16.08,-3.87
2024/01/01 16:11:37.36,69.36,-34.74,-53.65,-61.16,44.87,-16.21,-3.27
2024/01/01 16:11:37.37,69.37,-34.40,-53.53,-61.41,47.05,-13.03,-2.78
2024/01/01 16:11:37.38,69.38,-34.07,-53.49,-61.75,49.42,-8.01,-2.29
2024/01/01 16:11:37.39,69.39,-33.90,-53.67,-62.07,51.74,-3.77,-2.11
2024/01/01 16:11:37.40,69.40,-33.98,-53.99,-62.29,54.05,-1.43,-2.17
2024/01/01 16:11:37.41,69.41,-34.20,-54.27,-62.40,56.36,-0.78,-2.54
2024/01/01 16:11:37.42,69.42,-34.35,-54.44,-62.44,58.36,-1.07,-3.54
2024/01/01 16:11:37.43,69.43,-34.26,-54.41,-62.41,59.48,-1.39,-4.64
2024/01/01 16:11:37.44,69.44,-34.06,-54.32,-62.28,59.42,-1.64,-4.87
2024/01/01 16:11:37.45,69.45,-33.86,-54.36,-62.09,58.51,-2.39,-4.22
2024/01/01 16:11:37.46,69.46,-33.61,-54.51,-61.95,57.60,-4.06,-3.37
2024/01/01 16:11:37.47,69.47,-33.29,-54.63,-61.92,57.52,-6.75,-2.66
2024/01/01 16:11:37.48,69.48,-33.03,-54.72,-61.88,58.28,-10.05,-2.30
2024/01/01 16:11:37.49,69.49,-32.99,-54.93,-61.69,58.66,-13.10,-2.31
2024/01/01 16:11:37.50,69.50,-33.30,-55.34,-61.51,57.68,-15.39,-2.19
2024/01/01 16:11:37.51,69.51,-33.83,-55.74,-61.49,55.51,-16.28,-1.80
2024/01/01 16:11:37.52,69.52,-34.34,-56.01,-61.48,52.66,-14.90,-1.12
2024/01/01 16:11:37.53,69.53,-34.74,-56.24,-61.38,50.11,-11.75,0.13
2024/01/01 16:11:37.54,69.54,-34.98,-56.64,-61.22,49.34,-8.15,1.01
2024/01/01 16:11:37.55,69.55,-34.94,-57.25,-61.05,50.80,-4.76,0.34
2024/01/01 16:11:37.56,69.56,-34.60,-57.87,-60.90,53.61,-2.22,-0.95
2024/01/01 16:11:37.57,69.57,-34.10,-58.37,-60.78,56.26,-1.61,-1.75
2024/01/01 16:11:37.58,69.58,-33.64,-58.78,-60.78,57.15,-3.60,-2.58
2024/01/01 16:11:37.59,69.59,-33.33,-59.18,-60.94,55.60,-7.91,-3.54
2024/01/01 16:11:37.60,69.60,-33.13,-59.66,-61.14,52.02,-12.72,-3.75
2024/01/01 16:11:37.61,69.61,-33.11,-60.12,-61.29,47.73,-15.98,-3.04
2024/01/01 16:11:37.62,69.62,-33.34,-60.34,-61.40,44.55,-17.25,-2.24
2024/01/01 16:11:37.63,69.63,-33.70,-60.16,-61.49,43.51,-17.04,-1.97
2024/01/01 16:11:37.64,69.64,-33.99,-59.69,-61.53,44.61,-16.10,-1.96
2024/01/01 16:11:37.65,69.65,-34.07,-59.12,-61.41,47.68,-15.15,-1.95
2024/01/01 16:11:37.66,69.66,-34.05,-58.65,-61.10,52.01,-13.86,-2.16
2024/01/01 16:11:37.67,69.67,-34.18,-58.43,-60.79,56.29,-12.18,-2.59
2024/01/01 16:11:37.68,69.68,-34.56,-58.51,-60.73,59.57,-11.39,-3.15
2024/01/01 16:11:37.69,69.69,-35.00,-58.80,-60.86,61.76,-12.27,-3.50
2024/01/01 16:11:37.70,69.70,-35.19,-59.18,-60.95,62.94,-14.74,-2.76
2024/01/01 16:11:37.71,69.71,-34.94,-59.47,-60.90,62.63,-18.28,-1.12
2024/01/01 16:11:37.72,69.72,-34.35,-59.54,-60.67,60.69,-20.78,-0.15
2024/01/01 16:11:37.73,69.73,-33.71,-59.34,-60.39,58.11,-20.13,-0.46
2024/01/01 16:11:37.74,69.74,-33.20,-58.88,-60.21,55.97,-16.34,-1.37
2024/01/01 16:11:37.75,69.75,-32.84,-58.29,-60.17,55.05,-10.74,-2.35
2024/01/01 16:11:37.76,69.76,-32.56,-57.74,-60.16,55.27,-5.24,-2.90
2024/01/01 16:11:37.77,69.77,-32.23,-57.32,-60.07,55.38,-1.98,-2.58
2024/01/01 16:11:37.78,69.78,-31.81,-56.85,-59.76,54.39,-1.79,-1.50
2024/01/01 16:11:37.79,69.79,-31.39,-56.14,-59.29,52.57,-3.73,-0.31
2024/01/01 16:11:37.80,69.80,-30.96,-55.30,-58.90,51.35,-6.21,0.33
2024/01/01 16:11:37.81,69.81,-30.52,-54.69,-58.83,52.52,-8.04,0.12
2024/01/01 16:11:37.82,69.82,-30.22,-54.48,-59.05,56.05,-8.40,-0.24
2024/01/01 16:11:37.83,69.83,-30.22,-54.53,-59.32,59.48,-6.74,0.25
2024/01/01 16:11:37.84,69.84,-30.47,-54.77,-59.48,60.09,-3.90,1.12
2024/01/01 16:11:37.85,69.85,-30.90,-55.21,-59.58,56.94,-1.41,0.59
2024/01/01 16:11:37.86,69.86,-31.51,-55.80,-59.74,51.54,-0.19,-1.18
2024/01/01 16:11:37.87,69.87,-32.16,-56.43,-60.03,46.98,-0.95,-1.80
2024/01/01 16:11:37.88,69.88,-32.58,-56.95,-60.44,46.00,-3.46,-0.96
2024/01/01 16:11:37.89,69.89,-32.69,-57.25,-60.86,49.33,-6.14,-0.56
2024/01/01 16:11:37.90,69.90,-32.53,-57.42,-61.13,55.54,-8.52,-0.87
2024/01/01 16:11:37.91,69.91,-32.13,-57.58,-61.13,62.27,-10.81,-1.41
2024/01/01 16:11:37.92,69.92,-31.57,-57.73,-60.77,67.03,-12.53,-2.11
2024/01/01 16:11:37.93,69.93,-31.09,-57.69,-60.32,68.56,-13.74,-2.41
2024/01/01 16:11:37.94,69.94,-30.86,-57.37,-60.12,67.07,-14.74,-2.34
2024/01/01 16:11:37.95,69.95,-30.83,-56.90,-60.14,63.25,-15.21,-2.31
2024/01/01 16:11:37.96,69.96,-30.74,-56.61,-60.09,58.33,-15.05,-1.91
2024/01/01 16:11:37.97,69.97,-30.42,-56.63,-59.95,53.78,-14.50,-1.31
2024/01/01 16:11:37.98,69.98,-30.07,-56.82,-59.86,50.66,-13.47,-1.49
2024/01/01 16:11:37.99,69.99,-30.00,-57.01,-59.82,49.71,-12.07,-1.95
2024/01/01 16:11:38.00,70.00,-30.38,-57.22,-59.70,50.94,-10.78,-1.44
2024/01/01 16:11:38.01,70.01,-31.15,-57.45,-59.53,53.62,-9.58,-0.64
2024/01/01 16:11:38.02,70.02,-32.04,-57.62,-59.48,56.75,-8.02,-0.87
2024/01/01 16:11:38.03,70.03,-32.73,-57.81,-59.61,58.74,-5.96,-1.16
2024/01/01 16:11:38.04,70.04,-33.12,-58.20,-59.83,58.26,-4.07,-0.14
2024/01/01 16:11:38.05,70.05,-33.28,-58.76,-60.07,55.99,-3.48,1.23
2024/01/01 16:11:38.06,70.06,-33.20,-59.34,-60.29,54.02,-4.66,1.06
2024/01/01 16:11:38.07,70.07,-32.93,-59.78,-60.47,53.93,-6.95,-0.76
2024/01/01 16:11:38.08,70.08,-32.62,-59.92,-60.70,55.87,-9.55,-2.58
2024/01/01 16:11:38.09,70.09,-32.35,-59.79,-61.06,58.41,-12.01,-3.22
2024/01/01 16:11:38.10,70.10,-32.14,-59.54,-61.47,59.36,-13.90,-3.12
2024/01/01 16:11:38.11,70.11,-32.10,-59.19,-61.79,57.45,-14.72,-2.91
2024/01/01 16:11:38.12,70.12,-32.26,-58.70,-61.92,53.47,-14.49,-2.42
2024/01/01 16:11:38.13,70.13,-32.54,-58.16,-61.91,50.15,-14.05,-1.52
2024/01/01 16:11:38.14,70.14,-32.90,-57.83,-61.86,50.13,-14.07,-0.83
2024/01/01 16:11:38.15,70.15,-33.37,-57.78,-61.78,53.45,-14.24,-1.05
2024/01/01 16:11:38.16,70.16,-33.85,-57.92,-61.70,57.70,-14.18,-2.13
2024/01/01 16:11:38.17,70.17,-34.28,-58.17,-61.64,60.11,-13.84,-3.34
2024/01/01 16:11:38.18,70.18,-34.57,-58.40,-61.55,59.19,-13.10,-3.92
2024/01/01 16:11:38.19,70.19,-34.70,-58.46,-61.48,55.68,-12.33,-3.32
2024/01/01 16:11:38.20,70.20,-34.81,-58.33,-61.49,52.12,-11.99,-1.63
2024/01/01 16:11:38.21,70.21,-34.96,-58.04,-61.48,50.78,-11.54,-0.04
2024/01/01 16:11:38.22,70.22,-34.99,-57.59,-61.36,51.93,-10.53,0.40
2024/01/01 16:11:38.23,70.23,-34.73,-57.10,-61.19,53.81,-9.49,-0.53
2024/01/01 16:11:38.24,70.24,-34.25,-56.75,-61.14,54.44,-9.00,-2.39
2024/01/01 16:11:38.25,70.25,-33.70,-56.48,-61.29,53.24,-9.17,-3.84
2024/01/01 16:11:38.26,70.26,-33.28,-56.18,-61.55,51.10,-9.65,-3.71
2024/01/01 16:11:38.27,70.27,-33.08,-55.99,-61.77,49.57,-9.73,-2.33
2024/01/01 16:11:38.28,70.28,-33.02,-56.10,-61.86,49.67,-9.01,-1.14
2024/01/01 16:11:38.29,70.29,-33.04,-56.40,-61.85,50.91,-7.76,-1.49
2024/01/01 16:11:38.30,70.30,-33.04,-56.68,-61.88,51.97,-6.44,-2.93
2024/01/01 16:11:38.31,70.31,-32.94,-56.89,-61.99,52.14,-5.32,-3.81
2024/01/01 16:11:38.32,70.32,-32.75,-56.99,-62.04,51.80,-4.69,-3.73
2024/01/01 16:11:38.33,70.33,-32.41,-57.02,-62.07,51.80,-4.79,-3.51
2024/01/01 16:11:38.34,70.34,-31.80,-57.17,-62.19,52.83,-5.20,-3.80
2024/01/01 16:11:38.35,70.35,-31.04,-57.65,-62.34,55.20,-5.58,-4.64
2024/01/01 16:11:38.36,70.36,-30.34,-58.44,-62.33,58.14,-6.37,-5.16
2024/01/01 16:11:38.37,70.37,-29.80,-59.32,-62.10,60.10,-8.32,-4.90
2024/01/01 16:11:38.38,70.38,-29.47,-59.99,-61.88,60.49,-11.79,-4.66
2024/01/01 16:11:38.39,70.39,-29.29,-60.16,-61.84,60.04,-15.86,-4.63
2024/01/01 16:11:38.40,70.40,-29.05,-59.84,-61.80,59.84,-18.75,-3.65
2024/01/01 16:11:38.41,70.41,-28.72,-59.43,-61.52,60.58,-19.49,-1.45
2024/01/01 16:11:38.42,70.42,-28.42,-59.35,-61.03,61.92,-17.91,-0.08
2024/01/01 16:11:38.43,70.43,-28.36,-59.61,-60.52,63.17,-14.62,-1.09
2024/01/01 16:11:38.44,70.44,-28.56,-60.02,-60.17,64.14,-11.43,-2.79
2024/01/01 16:11:38.45,70.45,-28.81,-60.41,-60.06,64.60,-10.17,-2.99
2024/01/01 16:11:38.46,70.46,-28.89,-60.68,-60.00,64.28,-11.49,-1.94
2024/01/01 16:11:38.47,70.47,-28.81,-60.80,-59.81,63.34,-14.60,-0.76
2024/01/01 16:11:38.48,70.48,-28.63,-60.81,-59.51,62.16,-17.22,-0.13
2024/01/01 16:11:38.49,70.49,-28.31,-60.73,-59.24,61.10,-17.60,-0.19
2024/01/01 16:11:38.50,70.50,-27.90,-60.58,-59.15,60.49,-16.10,-0.34
2024/01/01 16:11:38.51,70.51,-27.67,-60.42,-59.28,60.35,-14.04,-0.41
2024/01/01 16:11:38.52,70.52,-27.82,-60.31,-59.55,60.26,-12.67,-0.74
2024/01/01 16:11:38.53,70.53,-28.20,-60.19,-59.78,59.55,-12.34,-1.11
2024/01/01 16:11:38.54,70.54,-28.58,-59.86,-59.87,58.05,-12.27,-1.38
2024/01/01 16:11:38.55,70.55,-28.86,-59.12,-59.94,56.24,-11.78,-1.85
2024/01/01 16:11:38.56,70.56,-29.01,-58.20,-60.14,54.88,-10.83,-2.36
2024/01/01 16:11:38.57,70.57,-29.06,-57.62,-60.33,54.65,-9.73,-2.28
2024/01/01 16:11:38.58,70.58,-29.07,-57.55,-60.36,55.98,-8.96,-1.34
2024/01/01 16:11:38.59,70.59,-29.14,-57.69,-60.34,58.48,-8.54,-0.27
2024/01/01 16:11:38.60,70.60,-29.37,-57.79,-60.31,60.73,-8.15,-0.08
2024/01/01 16:11:38.61,70.61,-29.78,-57.84,-60.04,61.57,-7.90,-0.50
2024/01/01 16:11:38.62,70.62,-30.21,-57.87,-59.55,61.05,-7.68,-0.55
2024/01/01 16:11:38.63,70.63,-30.47,-57.78,-59.08,59.73,-6.96,-0.43
2024/01/01 16:11:38.64,70.64,-30.59,-57.63,-58.79,57.89,-5.77,-0.38
2024/01/01 16:11:38.65,70.65,-30.69,-57.58,-58.65,55.85,-4.69,0.54
2024/01/01 16:11:38.66,70.66,-30.84,-57.60,-58.47,54.54,-4.40,2.13
2024/01/01 16:11:38.67,70.67,-30.98,-57.62,-58.17,55.04,-5.59,2.53
2024/01/01 16:11:38.68,70.68,-30.94,-57.76,-57.85,57.26,-8.05,1.24
2024/01/01 16:11:38.69,70.69,-30.77,-58.05,-57.57,59.60,-10.87,-0.45
2024/01/01 16:11:38.70,70.70,-30.63,-58.22,-57.29,60.47,-13.43,-1.08
2024/01/01 16:11:38.71,70.71,-30.56,-58.20,-57.02,59.40,-15.11,0.07
2024/01/01 16:11:38.72,70.72,-30.55,-58.20,-56.90,57.08,-15.22,2.04
2024/01/01 16:11:38.73,70.73,-30.69,-58.26,-56.96,55.08,-14.11,3.13
2024/01/01 16:11:38.74,70.74,-30.98,-58.33,-57.04,54.66,-12.90,2.96
2024/01/01 16:11:38.75,70.75,-31.26,-58.49,-57.03,55.51,-12.29,2.21
2024/01/01 16:11:38.76,70.76,-31.44,-58.89,-57.14,55.92,-12.44,1.00
2024/01/01 16:11:38.77,70.77,-31.51,-59.42,-57.53,54.74,-13.08,-0.49
2024/01/01 16:11:38.78,70.78,-31.45,-59.94,-58.05,52.68,-13.62,-0.73
2024/01/01 16:11:38.79,70.79,-31.46,-60.42,-58.47,51.75,-13.58,1.12
2024/01/01 16:11:38.80,70.80,-31.78,-60.82,-58.69,53.44,-12.84,3.11
2024/01/01 16:11:38.81,70.81,-32.22,-60.96,-58.75,57.45,-11.79,3.15
2024/01/01 16:11:38.82,70.82,-32.52,-60.78,-58.69,61.60,-11.20,1.58
2024/01/01 16:11:38.83,70.83,-32.63,-60.42,-58.59,63.36,-11.66,-0.19
2024/01/01 16:11:38.84,70.84,-32.66,-59.97,-58.54,61.79,-13.00,-1.26
2024/01/01 16:11:38.85,70.85,-32.70,-59.53,-58.55,58.03,-14.41,-1.47
2024/01/01 16:11:38.86,70.86,-32.83,-59.15,-58.47,54.38,-15.21,-0.84
2024/01/01 16:11:38.87,70.87,-33.00,-58.89,-58.32,53.04,-15.39,0.71
2024/01/01 16:11:38.88,70.88,-33.11,-58.80,-58.10,54.14,-15.22,2.09
2024/01/01 16:11:38.89,70.89,-33.20,-58.87,-57.80,55.48,-14.63,1.87
2024/01/01 16:11:38.90,70.90,-33.33,-59.12,-57.50,55.06,-13.53,0.95
2024/01/01 16:11:38.91,70.91,-33.55,-59.42,-57.33,53.03,-12.10,0.99
2024/01/01 16:11:38.92,70.92,-33.79,-59.65,-57.34,51.21,-10.63,1.65
2024/01/01 16:11:38.93,70.93,-33.97,-59.82,-57.49,51.14,-9.30,2.26
2024/01/01 16:11:38.94,70.94,-34.10,-60.03,-57.69,52.76,-8.14,2.85
2024/01/01 16:11:38.95,70.95,-34.27,-60.26,-57.77,54.91,-7.25,2.97
2024/01/01 16:11:38.96,70.96,-34.37,-60.40,-57.79,56.08,-6.84,2.54
2024/01/01 16:11:38.97,70.97,-34.19,-60.37,-57.92,55.41,-7.31,2.01
2024/01/01 16:11:38.98,70.98,-33.73,-60.26,-58.11,53.74,-8.99,1.42
2024/01/01 16:11:38.99,70.99,-33.03,-60.18,-58.32,52.86,-11.64,0.95
2024/01/01 16:11:39.00,71.00,-32.19,-60.05,-58.59,53.67,-14.41,0.58
2024/01/01 16:11:39.01,71.01,-31.53,-59.74,-58.94,55.53,-16.71,-0.01
2024/01/01 16:11:39.02,71.02,-31.27,-59.32,-59.30,57.17,-18.09,-0.39
2024/01/01 16:11:39.03,71.03,-31.23,-59.02,-59.59,57.82,-18.13,-0.64
2024/01/01 16:11:39.04,71.04,-31.17,-58.96,-59.84,57.31,-17.26,-1.68
2024/01/01 16:11:39.05,71.05,-31.15,-59.08,-60.09,56.17,-16.02,-3.03
2024/01/01 16:11:39.06,71.06,-31.28,-59.33,-60.28,55.60,-14.39,-3.01
2024/01/01 16:11:39.07,71.07,-31.48,-59.73,-60.33,56.29,-12.63,-1.60
2024/01/01 16:11:39.08,71.08,-31.62,-60.37,-60.28,57.78,-11.43,-0.58
2024/01/01 16:11:39.09,71.09,-31.65,-61.07,-60.16,59.39,-10.94,-0.83
2024/01/01 16:11:39.10,71.10,-31.64,-61.44,-60.03,60.40,-10.72,-1.46
2024/01/01 16:11:39.11,71.11,-31.65,-61.40,-59.96,59.61,-10.41,-1.35
2024/01/01 16:11:39.12,71.12,-31.63,-61.12,-59.86,56.87,-10.30,-0.63
2024/01/01 16:11:39.13,71.13,-31.43,-60.73,-59.67,54.16,-10.83,-0.38
2024/01/01 16:11:39.14,71.14,-31.09,-60.36,-59.47,53.58,-11.69,-1.09
2024/01/01 16:11:39.15,71.15,-30.64,-60.15,-59.35,55.48,-12.18,-1.73
2024/01/01 16:11:39.16,71.16,-30.05,-59.99,-59.31,58.54,-12.23,-1.51
2024/01/01 16:11:39.17,71.17,-29.33,-59.73,-59.22,60.82,-12.20,-0.90
2024/01/01 16:11:39.18,71.18,-28.60,-59.44,-59.00,61.25,-12.38,-0.25
2024/01/01 16:11:39.19,71.19,-28.09,-59.22,-58.74,60.18,-12.69,0.52
2024/01/01 16:11:39.20,71.20,-28.01,-59.20,-58.54,58.57,-12.70,1.16
2024/01/01 16:11:39.21,71.21,-28.28,-59.37,-58.44,57.37,-12.18,1.30
2024/01/01 16:11:39.22,71.22,-28.58,-59.58,-58.38,56.85,-11.22,0.72
2024/01/01 16:11:39.23,71.23,-28.74,-59.65,-58.30,56.46,-9.98,-0.18
2024/01/01 16:11:39.24,71.24,-28.80,-59.54,-58.26,55.68,-8.99,-0.52
2024/01/01 16:11:39.25,71.25,-28.81,-59.28,-58.29,55.19,-8.70,-0.07
2024/01/01 16:11:39.26,71.26,-28.70,-58.94,-58.30,56.59,-8.84,0.86
2024/01/01 16:11:39.27,71.27,-28.46,-58.51,-58.24,60.66,-8.94,1.84
2024/01/01 16:11:39.28,71.28,-28.16,-58.01,-58.21,66.00,-9.13,2.10
2024/01/01 16:11:39.29,71.29,-27.94,-57.54,-58.28,70.04,-9.85,1.42
2024/01/01 16:11:39.30,71.30,-27.94,-57.14,-58.43,70.92,-11.22,0.51
2024/01/01 16:11:39.31,71.31,-28.10,-56.77,-58.63,68.51,-12.90,0.09
2024/01/01 16:11:39.32,71.32,-28.22,-56.38,-58.81,64.46,-14.37,0.33
2024/01/01 16:11:39.33,71.33,-28.22,-56.03,-58.91,61.28,-14.75,0.88
2024/01/01 16:11:39.34,71.34,-28.21,-55.81,-58.87,60.32,-13.19,1.12
2024/01/01 16:11:39.35,71.35,-28.24,-55.84,-58.75,60.96,-9.82,0.92
2024/01/01 16:11:39.36,71.36,-28.37,-56.15,-58.63,61.79,-5.77,0.33
2024/01/01 16:11:39.37,71.37,-28.69,-56.52,-58.56,61.65,-2.42,-0.65
2024/01/01 16:11:39.38,71.38,-29.17,-56.69,-58.55,59.95,-0.88,-1.33
2024/01/01 16:11:39.39,71.39,-29.65,-56.62,-58.64,56.97,-1.48,-1.12
2024/01/01 16:11:39.40,71.40,-30.04,-56.48,-58.88,53.92,-3.51,-0.74
2024/01/01 16:11:39.41,71.41,-30.43,-56.36,-59.24,52.17,-5.68,-0.84
2024/01/01 16:11:39.42,71.42,-31.00,-56.20,-59.61,52.07,-7.10,-0.86
2024/01/01 16:11:39.43,71.43,-31.75,-55.96,-59.94,52.96,-7.78,-0.42
2024/01/01 16:11:39.44,71.44,-32.47,-55.70,-60.31,54.23,-8.41,-0.20
2024/01/01 16:11:39.45,71.45,-33.06,-55.41,-60.78,55.55,-9.44,-0.81
2024/01/01 16:11:39.46,71.46,-33.51,-55.04,-61.24,56.25,-10.79,-1.52
2024/01/01 16:11:39.47,71.47,-33.82,-54.63,-61.52,55.94,-11.99,-1.48
2024/01/01 16:11:39.48,71.48,-33.94,-54.20,-61.63,55.24,-12.31,-1.25
2024/01/01 16:11:39.49,71.49,-33.81,-53.98,-61.71,54.96,-11.35,-1.70
2024/01/01 16:11:39.50,71.50,-33.42,-54.20,-61.83,55.17,-9.46,-2.61
2024/01/01 16:11:39.51,71.51,-32.91,-54.74,-62.03,55.26,-7.07,-3.38
2024/01/01 16:11:39.52,71.52,-32.60,-55.29,-62.26,54.67,-4.28,-3.94
2024/01/01 16:11:39.53,71.53,-32.65,-55.79,-62.47,53.33,-1.72,-4.70
2024/01/01 16:11:39.54,71.54,-32.91,-56.26,-62.62,51.42,-0.75,-5.41
2024/01/01 16:11:39.55,71.55,-33.20,-56.59,-62.64,49.40,-2.08,-5.41
2024/01/01 16:11:39.56,71.56,-33.41,-56.71,-62.47,48.15,-4.76,-4.74
2024/01/01 16:11:39.57,71.57,-33.52,-56.70,-62.31,48.18,-7.27,-3.74
2024/01/01 16:11:39.58,71.58,-33.55,-56.66,-62.26,49.37,-9.27,-2.84
2024/01/01 16:11:39.59,71.59,-33.50,-56.58,-62.12,51.63,-11.32,-2.59
2024/01/01 16:11:39.60,71.60,-33.41,-56.53,-61.79,54.92,-13.48,-2.69
2024/01/01 16:11:39.61,71.61,-33.29,-56.58,-61.48,58.72,-15.22,-2.67
2024/01/01 16:11:39.62,71.62,-33.11,-56.62,-61.43,61.80,-15.93,-2.66
2024/01/01 16:11:39.63,71.63,-32.88,-56.62,-61.48,62.79,-15.36,-1.96
2024/01/01 16:11:39.64,71.64,-32.63,-56.71,-61.35,61.33,-13.66,-0.25
2024/01/01 16:11:39.65,71.65,-32.34,-56.93,-60.96,58.34,-11.09,0.72
2024/01/01 16:11:39.66,71.66,-31.96,-57.18,-60.54,55.35,-8.13,-0.14
2024/01/01 16:11:39.67,71.67,-31.52,-57.41,-60.22,53.64,-5.67,-1.33
2024/01/01 16:11:39.68,71.68,-31.07,-57.55,-59.95,53.44,-4.44,-1.59
2024/01/01 16:11:39.69,71.69,-30.65,-57.57,-59.66,53.86,-4.81,-1.48
2024/01/01 16:11:39.70,71.70,-30.34,-57.52,-59.36,53.77,-6.84,-1.58
2024/01/01 16:11:39.71,71.71,-30.27,-57.44,-59.08,52.81,-9.25,-1.65
2024/01/01 16:11:39.72,71.72,-30.40,-57.24,-58.87,51.79,-10.55,-1.34
2024/01/01 16:11:39.73,71.73,-30.54,-56.93,-58.87,52.01,-11.05,-0.55
2024/01/01 16:11:39.74,71.74,-30.59,-56.59,-59.07,53.80,-11.56,0.18
2024/01/01 16:11:39.75,71.75,-30.59,-56.33,-59.22,56.48,-11.89,0.34
2024/01/01 16:11:39.76,71.76,-30.56,-56.26,-59.18,59.47,-11.78,0.29
2024/01/01 16:11:39.77,71.77,-30.49,-56.34,-59.08,62.31,-10.86,0.07
2024/01/01 16:11:39.78,71.78,-30.44,-56.46,-59.12,64.35,-8.91,-0.51
2024/01/01 16:11:39.79,71.79,-30.51,-56.59,-59.41,65.39,-6.84,-0.86
2024/01/01 16:11:39.80,71.80,-30.65,-56.76,-59.84,65.17,-5.31,-0.65
2024/01/01 16:11:39.81,71.81,-30.74,-56.87,-60.14,63.18,-4.53,-0.35
2024/01/01 16:11:39.82,71.82,-30.75,-56.72,-60.17,59.89,-5.17,-0.21
2024/01/01 16:11:39.83,71.83,-30.71,-56.36,-60.08,56.73,-6.92,-0.45
2024/01/01 16:11:39.84,71.84,-30.57,-56.05,-60.16,55.05,-8.47,-1.22
2024/01/01 16:11:39.85,71.85,-30.23,-55.91,-60.38,55.30,-9.67,-1.85
2024/01/01 16:11:39.86,71.86,-29.81,-55.94,-60.53,56.90,-10.56,-1.75
2024/01/01 16:11:39.87,71.87,-29.56,-56.11,-60.57,58.33,-10.57,-1.51
2024/01/01 16:11:39.88,71.88,-29.55,-56.31,-60.63,58.13,-10.25,-1.91
2024/01/01 16:11:39.89,71.89,-29.63,-56.39,-60.68,56.29,-10.53,-2.57
2024/01/01 16:11:39.90,71.90,-29.75,-56.32,-60.65,54.10,-11.02,-2.50
2024/01/01 16:11:39.91,71.91,-29.96,-56.23,-60.63,52.69,-11.23,-2.00
2024/01/01 16:11:39.92,71.92,-30.27,-56.23,-60.66,52.42,-10.97,-2.28
2024/01/01 16:11:39.93,71.93,-30.62,-56.31,-60.66,52.98,-9.60,-2.97
2024/01/01 16:11:39.94,71.94,-30.88,-56.32,-60.59,54.04,-7.06,-2.69
2024/01/01 16:11:39.95,71.95,-31.00,-56.22,-60.54,55.59,-4.48,-1.54
2024/01/01 16:11:39.96,71.96,-31.08,-56.13,-60.55,57.38,-3.12,-0.78
2024/01/01 16:11:39.97,71.97,-31.28,-56.09,-60.55,58.93,-3.52,-0.56
2024/01/01 16:11:39.98,71.98,-31.56,-56.09,-60.42,59.70,-5.44,-0.29
2024/01/01 16:11:39.99,71.99,-31.81,-56.22,-60.19,59.54,-8.14,-0.24
2024/01/01 16:11:40.00,72.00,-31.95,-56.51,-59.98,58.87,-10.88,-0.90
2024/01/01 16:11:40.01,72.01,-31.94,-56.76,-59.84,58.10,-13.00,-1.41
2024/01/01 16:11:40.02,72.02,-31.82,-56.82,-59.73,57.37,-14.02,-0.74
2024/01/01 16:11:40.03,72.03,-31.74,-56.74,-59.66,56.84,-13.54,0.35
2024/01/01 16:11:40.04,72.04,-31.75,-56.69,-59.58,56.46,-11.55,0.55
2024/01/01 16:11:40.05,72.05,-31.92,-56.79,-59.44,55.99,-9.18,0.08
2024/01/01 16:11:40.06,72.06,-32.29,-57.05,-59.27,55.03,-7.60,-0.12
2024/01/01 16:11:40.07,72.07,-32.72,-57.36,-59.18,53.57,-6.95,-0.27
2024/01/01 16:11:40.08,72.08,-33.04,-57.55,-59.24,52.28,-7.09,-0.83
2024/01/01 16:11:40.09,72.09,-33.30,-57.50,-59.41,51.74,-7.93,-1.37
2024/01/01 16:11:40.10,72.10,-33.53,-57.17,-59.62,52.13,-9.11,-1.21
2024/01/01 16:11:40.11,72.11,-33.67,-56.69,-59.75,53.53,-10.22,-0.68
2024/01/01 16:11:40.12,72.12,-33.80,-56.30,-59.77,55.51,-10.41,-0.59
2024/01/01 16:11:40.13,72.13,-34.01,-56.08,-59.80,56.91,-9.25,-0.77
2024/01/01 16:11:40.14,72.14,-34.29,-55.96,-59.85,56.90,-7.85,-0.96
2024/01/01 16:11:40.15,72.15,-34.60,-55.92,-59.83,55.34,-7.47,-1.50
2024/01/01 16:11:40.16,72.16,-35.04,-56.08,-59.89,52.70,-8.25,-1.70
2024/01/01 16:11:40.17,72.17,-35.55,-56.46,-60.09,50.18,-9.75,-0.79
2024/01/01 16:11:40.18,72.18,-35.94,-56.90,-60.20,48.95,-10.78,0.49
2024/01/01 16:11:40.19,72.19,-36.18,-57.21,-60.08,49.30,-10.28,1.51
2024/01/01 16:11:40.20,72.20,-36.26,-57.34,-59.93,50.83,-8.46,1.74
2024/01/01 16:11:40.21,72.21,-36.10,-57.39,-59.87,52.55,-5.98,0.39
2024/01/01 16:11:40.22,72.22,-35.74,-57.40,-59.89,53.36,-3.80,-1.31
2024/01/01 16:11:40.23,72.23,-35.40,-57.24,-59.98,52.83,-3.25,-1.45
2024/01/01 16:11:40.24,72.24,-35.05,-56.99,-60.12,51.27,-4.66,-0.89
2024/01/01 16:11:40.25,72.25,-34.57,-56.94,-60.18,49.38,-7.52,-1.10
2024/01/01 16:11:40.26,72.26,-34.08,-57.14,-60.14,47.71,-11.45,-1.40
2024/01/01 16:11:40.27,72.27,-33.74,-57.37,-60.14,46.76,-15.50,-1.45
2024/01/01 16:11:40.28,72.28,-33.64,-57.58,-60.33,47.01,-18.33,-1.92
2024/01/01 16:11:40.29,72.29,-33.72,-57.87,-60.65,48.33,-18.99,-2.28
2024/01/01 16:11:40.30,72.30,-33.78,-58.29,-60.93,50.32,-17.31,-1.87
2024/01/01 16:11:40.31,72.31,-33.78,-58.79,-61.05,52.77,-14.07,-1.51
2024/01/01 16:11:40.32,72.32,-33.85,-59.28,-61.03,55.40,-10.24,-2.00
2024/01/01 16:11:40.33,72.33,-33.96,-59.74,-60.93,57.78,-6.67,-2.95
2024/01/01 16:11:40.34,72.34,-33.94,-60.20,-60.81,59.79,-4.89,-3.23
2024/01/01 16:11:40.35,72.35,-33.68,-60.66,-60.78,61.69,-6.08,-2.36
2024/01/01 16:11:40.36,72.36,-33.29,-60.92,-60.83,63.48,-9.45,-1.09
2024/01/01 16:11:40.37,72.37,-32.99,-60.82,-60.83,64.61,-13.06,-0.25
2024/01/01 16:11:40.38,72.38,-32.83,-60.34,-60.68,64.51,-15.83,0.04
2024/01/01 16:11:40.39,72.39,-32.69,-59.66,-60.42,62.94,-17.82,0.14
2024/01/01 16:11:40.40,72.40,-32.46,-59.04,-60.17,60.21,-19.22,0.16
2024/01/01 16:11:40.41,72.41,-32.07,-58.71,-59.96,57.14,-19.74,-0.25
2024/01/01 16:11:40.42,72.42,-31.59,-58.62,-59.78,54.47,-19.05,-1.00
2024/01/01 16:11:40.43,72.43,-31.29,-58.57,-59.70,52.72,-17.37,-1.38
2024/01/01 16:11:40.44,72.44,-31.34,-58.58,-59.73,52.00,-15.23,-1.68
2024/01/01 16:11:40.45,72.45,-31.60,-58.66,-59.78,51.50,-12.88,-2.16
2024/01/01 16:11:40.46,72.46,-31.92,-58.78,-59.85,50.49,-10.57,-2.08
2024/01/01 16:11:40.47,72.47,-32.29,-58.96,-59.91,49.41,-8.52,-1.43
2024/01/01 16:11:40.48,72.48,-32.60,-59.18,-59.91,48.89,-6.74,-0.46
2024/01/01 16:11:40.49,72.49,-32.78,-59.27,-59.91,49.15,-5.34,0.77
2024/01/01 16:11:40.50,72.50,-32.80,-59.07,-59.85,50.52,-4.29,1.10
2024/01/01 16:11:40.51,72.51,-32.72,-58.67,-59.66,53.13,-3.64,0.05
2024/01/01 16:11:40.52,72.52,-32.66,-58.40,-59.45,56.38,-4.20,-1.30
2024/01/01 16:11:40.53,72.53,-32.75,-58.35,-59.39,58.88,-6.49,-2.40
2024/01/01 16:11:40.54,72.54,-32.92,-58.30,-59.43,59.57,-9.96,-2.79
2024/01/01 16:11:40.55,72.55,-32.99,-58.09,-59.42,58.91,-13.86,-1.87
2024/01/01 16:11:40.56,72.56,-32.83,-57.95,-59.34,57.84,-17.07,-0.34
2024/01/01 16:11:40.57,72.57,-32.54,-57.98,-59.22,57.02,-18.57,0.85
2024/01/01 16:11:40.58,72.58,-32.38,-58.11,-59.05,57.34,-18.35,1.69
2024/01/01 16:11:40.59,72.59,-32.29,-58.17,-58.80,58.65,-16.30,2.13
2024/01/01 16:11:40.60,72.60,-32.10,-58.13,-58.46,59.76,-12.28,1.87
2024/01/01 16:11:40.61,72.61,-31.80,-58.09,-58.02,59.94,-7.64,0.86
2024/01/01 16:11:40.62,72.62,-31.49,-58.08,-57.58,58.95,-3.92,-0.42
2024/01/01 16:11:40.63,72.63,-31.14,-58.07,-57.32,56.88,-2.05,-1.03
2024/01/01 16:11:40.64,72.64,-30.79,-57.98,-57.29,54.48,-3.05,-0.46
2024/01/01 16:11:40.65,72.65,-30.51,-57.78,-57.44,52.72,-6.70,0.84
2024/01/01 16:11:40.66,72.66,-30.26,-57.62,-57.64,52.13,-11.63,1.95
2024/01/01 16:11:40.67,72.67,-30.05,-57.65,-57.78,52.86,-16.46,2.03
2024/01/01 16:11:40.68,72.68,-29.98,-57.84,-57.93,54.65,-19.02,1.20
2024/01/01 16:11:40.69,72.69,-30.00,-58.08,-58.23,57.02,-18.00,0.27
2024/01/01 16:11:40.70,72.70,-30.00,-58.37,-58.59,59.73,-14.62,-0.43
2024/01/01 16:11:40.71,72.71,-29.95,-58.59,-58.96,62.39,-10.56,-0.73
2024/01/01 16:11:40.72,72.72,-29.78,-58.55,-59.33,64.10,-6.97,-0.34
2024/01/01 16:11:40.73,72.73,-29.46,-58.29,-59.57,64.44,-4.74,0.24
2024/01/01 16:11:40.74,72.74,-29.12,-58.00,-59.54,63.50,-3.61,0.39
2024/01/01 16:11:40.75,72.75,-29.01,-57.68,-59.44,61.50,-3.09,0.03
2024/01/01 16:11:40.76,72.76,-29.10,-57.30,-59.57,59.23,-3.66,-0.94
2024/01/01 16:11:40.77,72.77,-29.20,-56.91,-59.87,57.55,-5.58,-1.97
2024/01/01 16:11:40.78,72.78,-29.23,-56.58,-60.11,56.72,-8.04,-1.85
2024/01/01 16:11:40.79,72.79,-29.28,-56.31,-60.23,56.52,-10.31,-0.78
2024/01/01 16:11:40.80,72.80,-29.41,-56.15,-60.36,56.73,-12.43,-0.18
2024/01/01 16:11:40.81,72.81,-29.51,-56.16,-60.52,57.32,-14.02,-0.32
2024/01/01 16:11:40.82,72.82,-29.48,-56.27,-60.71,58.18,-14.11,-0.49
2024/01/01 16:11:40.83,72.83,-29.36,-56.29,-60.92,59.13,-12.85,-0.88
2024/01/01 16:11:40.84,72.84,-29.34,-56.17,-61.03,59.89,-10.96,-1.90
2024/01/01 16:11:40.85,72.85,-29.50,-56.06,-60.97,59.59,-8.53,-2.86
2024/01/01 16:11:40.86,72.86,-29.75,-56.03,-60.82,58.12,-6.32,-3.19
2024/01/01 16:11:40.87,72.87,-29.91,-56.11,-60.65,56.70,-5.34,-3.05
2024/01/01 16:11:40.88,72.88,-29.89,-56.22,-60.47,56.00,-5.36,-2.15
2024/01/01 16:11:40.89,72.89,-29.82,-56.21,-60.29,55.89,-6.14,-0.64
2024/01/01 16:11:40.90,72.90,-29.89,-55.99,-60.13,56.43,-7.51,0.28
2024/01/01 16:11:40.91,72.91,-30.13,-55.65,-60.00,57.45,-8.27,0.10
2024/01/01 16:11:40.92,72.92,-30.44,-55.39,-59.87,58.19,-8.00,-0.47
2024/01/01 16:11:40.93,72.93,-30.70,-55.30,-59.70,58.23,-7.60,-1.00
2024/01/01 16:11:40.94,72.94,-30.85,-55.33,-59.44,57.97,-7.26,-1.48
2024/01/01 16:11:40.95,72.95,-30.93,-55.44,-59.18,57.73,-7.25,-1.38
2024/01/01 16:11:40.96,72.96,-31.10,-55.58,-59.03,57.42,-8.31,-0.58
2024/01/01 16:11:40.97,72.97,-31.43,-55.69,-58.97,57.15,-9.74,0.41
2024/01/01 16:11:40.98,72.98,-31.81,-55.71,-58.94,57.12,-10.24,1.61
2024/01/01 16:11:40.99,72.99,-32.09,-55.65,-58.81,57.37,-9.93,2.52
2024/01/01 16:11:41.00,73.00,-32.21,-55.47,-58.54,57.79,-9.05,1.99
2024/01/01 16:11:41.01,73.01,-32.17,-55.28,-58.26,58.28,-7.42,0.26
2024/01/01 16:11:41.02,73.02,-32.03,-55.28,-58.13,58.69,-5.80,-1.18
2024/01/01 16:11:41.03,73.03,-31.84,-55.61,-58.13,58.38,-5.29,-1.29
2024/01/01 16:11:41.04,73.04,-31.70,-56.12,-58.21,57.03,-6.09,-0.32
2024/01/01 16:11:41.05,73.05,-31.66,-56.59,-58.43,55.02,-7.86,0.59
2024/01/01 16:11:41.06,73.06,-31.59,-56.87,-58.71,52.80,-9.96,0.63
2024/01/01 16:11:41.07,73.07,-31.41,-56.97,-58.92,50.96,-11.61,0.08
2024/01/01 16:11:41.08,73.08,-31.23,-56.99,-59.12,50.36,-12.20,-0.41
2024/01/01 16:11:41.09,73.09,-31.19,-56.99,-59.36,51.15,-11.11,-1.02
2024/01/01 16:11:41.10,73.10,-31.26,-56.96,-59.60,52.76,-8.72,-1.81
2024/01/01 16:11:41.11,73.11,-31.33,-56.93,-59.86,54.53,-6.58,-2.07
2024/01/01 16:11:41.12,73.12,-31.32,-56.95,-60.22,55.87,-5.67,-1.86
2024/01/01 16:11:41.13,73.13,-31.22,-56.95,-60.53,56.66,-6.02,-1.64
2024/01/01 16:11:41.14,73.14,-31.16,-56.91,-60.74,57.11,-7.42,-1.10
2024/01/01 16:11:41.15,73.15,-31.25,-56.93,-60.97,57.40,-9.10,-0.60
2024/01/01 16:11:41.16,73.16,-31.44,-57.04,-61.20,57.99,-10.28,-1.10
2024/01/01 16:11:41.17,73.17,-31.58,-57.14,-61.35,59.24,-10.68,-2.08
2024/01/01 16:11:41.18,73.18,-31.62,-57.20,-61.54,60.63,-10.47,-2.50
2024/01/01 16:11:41.19,73.19,-31.57,-57.29,-61.78,61.56,-10.40,-2.94
2024/01/01 16:11:41.20,73.20,-31.40,-57.49,-61.90,61.81,-10.68,-3.60
2024/01/01 16:11:41.21,73.21,-31.09,-57.78,-61.82,61.01,-10.54,-3.39
2024/01/01 16:11:41.22,73.22,-30.71,-58.01,-61.59,59.20,-9.86,-2.57
2024/01/01 16:11:41.23,73.23,-30.37,-58.02,-61.30,57.38,-9.23,-2.50
2024/01/01 16:11:41.24,73.24,-30.16,-57.82,-61.02,56.46,-8.91,-3.13
2024/01/01 16:11:41.25,73.25,-30.04,-57.57,-60.75,56.01,-9.37,-3.48
2024/01/01 16:11:41.26,73.26,-29.89,-57.41,-60.49,55.26,-11.03,-3.30
2024/01/01 16:11:41.27,73.27,-29.69,-57.41,-60.28,54.22,-12.86,-2.93
2024/01/01 16:11:41.28,73.28,-29.56,-57.60,-60.11,53.32,-13.73,-2.40
2024/01/01 16:11:41.29,73.29,-29.46,-57.92,-59.97,53.09,-13.83,-1.43
2024/01/01 16:11:41.30,73.30,-29.32,-58.27,-59.94,54.06,-13.47,-0.33
2024/01/01 16:11:41.31,73.31,-29.25,-58.48,-60.02,56.00,-12.20,0.09
2024/01/01 16:11:41.32,73.32,-29.38,-58.53,-60.17,58.03,-10.15,-0.17
2024/01/01 16:11:41.33,73.33,-29.71,-58.51,-60.33,59.37,-8.26,-0.63
2024/01/01 16:11:41.34,73.34,-30.18,-58.47,-60.43,59.89,-7.30,-1.26
2024/01/01 16:11:41.35,73.35,-30.66,-58.38,-60.42,60.30,-7.53,-2.12
2024/01/01 16:11:41.36,73.36,-30.94,-58.26,-60.35,61.22,-8.45,-2.71
2024/01/01 16:11:41.37,73.37,-30.98,-58.21,-60.31,62.19,-9.32,-2.29
2024/01/01 16:11:41.38,73.38,-30.94,-58.24,-60.30,62.38,-10.37,-0.98
2024/01/01 16:11:41.39,73.39,-30.95,-58.25,-60.35,61.63,-11.54,0.26
2024/01/01 16:11:41.40,73.40,-30.92,-58.15,-60.40,60.40,-11.77,0.60
2024/01/01 16:11:41.41,73.41,-30.78,-57.93,-60.32,59.32,-10.90,0.10
2024/01/01 16:11:41.42,73.42,-30.58,-57.65,-60.06,58.60,-9.85,-0.55
2024/01/01 16:11:41.43,73.43,-30.47,-57.38,-59.81,57.83,-8.95,-1.06
2024/01/01 16:11:41.44,73.44,-30.57,-57.14,-59.65,56.42,-8.47,-1.67
2024/01/01 16:11:41.45,73.45,-30.80,-56.97,-59.51,54.20,-8.57,-2.04
2024/01/01 16:11:41.46,73.46,-30.99,-57.02,-59.24,51.77,-8.87,-1.72
2024/01/01 16:11:41.47,73.47,-31.00,-57.35,-58.90,50.28,-9.51,-1.15
2024/01/01 16:11:41.48,73.48,-30.86,-57.71,-58.70,50.42,-10.68,-0.98
2024/01/01 16:11:41.49,73.49,-30.81,-57.88,-58.63,51.89,-11.57,-0.86
2024/01/01 16:11:41.50,73.50,-31.00,-57.99,-58.62,54.00,-11.67,0.06
2024/01/01 16:11:41.51,73.51,-31.29,-58.24,-58.73,56.33,-11.00,1.15
2024/01/01 16:11:41.52,73.52,-31.47,-58.58,-58.87,58.56,-9.55,1.03
2024/01/01 16:11:41.53,73.53,-31.65,-58.85,-58.88,60.16,-7.85,0.38
2024/01/01 16:11:41.54,73.54,-31.93,-58.91,-58.84,60.54,-6.77,0.56
2024/01/01 16:11:41.55,73.55,-32.29,-58.71,-58.88,59.71,-6.98,0.72
2024/01/01 16:11:41.56,73.56,-32.56,-58.31,-58.89,58.57,-8.94,0.02
2024/01/01 16:11:41.57,73.57,-32.60,-57.89,-58.85,57.93,-11.93,-0.28
2024/01/01 16:11:41.58,73.58,-32.44,-57.50,-58.87,57.96,-14.26,0.35
2024/01/01 16:11:41.59,73.59,-32.18,-57.20,-58.88,58.41,-15.09,0.66
2024/01/01 16:11:41.60,73.60,-31.97,-57.09,-58.88,58.69,-14.88,0.32
2024/01/01 16:11:41.61,73.61,-31.86,-57.25,-58.89,58.12,-14.37,-0.05
2024/01/01 16:11:41.62,73.62,-31.81,-57.57,-58.92,56.81,-14.08,-0.48
2024/01/01 16:11:41.63,73.63,-31.73,-57.95,-58.94,55.42,-13.83,-0.68
2024/01/01 16:11:41.64,73.64,-31.56,-58.28,-58.92,54.20,-12.90,-0.19
2024/01/01 16:11:41.65,73.65,-31.35,-58.50,-58.79,52.97,-10.92,0.28
2024/01/01 16:11:41.66,73.66,-31.20,-58.64,-58.62,51.74,-8.31,0.07
2024/01/01 16:11:41.67,73.67,-31.07,-58.66,-58.68,50.77,-5.77,-0.41
2024/01/01 16:11:41.68,73.68,-30.93,-58.50,-59.04,50.52,-4.09,-0.63
2024/01/01 16:11:41.69,73.69,-30.84,-58.24,-59.41,51.47,-3.84,-0.18
2024/01/01 16:11:41.70,73.70,-30.83,-58.01,-59.59,53.62,-5.29,0.79
2024/01/01 16:11:41.71,73.71,-30.83,-57.87,-59.62,56.36,-8.04,0.89
2024/01/01 16:11:41.72,73.72,-30.75,-57.79,-59.66,58.94,-10.82,-0.50
2024/01/01 16:11:41.73,73.73,-30.53,-57.57,-59.76,60.72,-12.49,-1.59
2024/01/01 16:11:41.74,73.74,-30.31,-57.19,-59.87,61.63,-13.09,-1.07
2024/01/01 16:11:41.75,73.75,-30.19,-56.87,-59.93,62.07,-13.07,-0.03
2024/01/01 16:11:41.76,73.76,-30.01,-56.70,-59.90,62.52,-12.42,0.22
2024/01/01 16:11:41.77,73.77,-29.62,-56.62,-59.76,63.14,-10.82,-0.14
2024/01/01 16:11:41.78,73.78,-29.13,-56.55,-59.57,63.23,-8.31,-0.42
2024/01/01 16:11:41.79,73.79,-28.72,-56.47,-59.43,61.87,-5.92,-0.58
2024/01/01 16:11:41.80,73.80,-28.53,-56.30,-59.32,59.07,-4.92,-0.90
2024/01/01 16:11:41.81,73.81,-28.55,-56.14,-59.17,55.84,-5.40,-1.24
2024/01/01 16:11:41.82,73.82,-28.63,-56.20,-59.02,53.53,-6.51,-1.25
2024/01/01 16:11:41.83,73.83,-28.61,-56.45,-58.91,53.05,-7.73,-1.01
2024/01/01 16:11:41.84,73.84,-28.50,-56.63,-58.84,54.22,-9.00,-0.87
2024/01/01 16:11:41.85,73.85,-28.41,-56.58,-58.77,56.12,-10.30,-0.80
2024/01/01 16:11:41.86,73.86,-28.47,-56.33,-58.74,57.98,-11.43,-0.53
2024/01/01 16:11:41.87,73.87,-28.71,-56.02,-58.84,59.56,-11.81,-0.25
2024/01/01 16:11:41.88,73.88,-29.06,-55.88,-59.01,61.06,-10.83,-0.13
2024/01/01 16:11:41.89,73.89,-29.36,-56.02,-59.11,62.42,-8.68,0.35
2024/01/01 16:11:41.90,73.90,-29.51,-56.36,-59.14,63.30,-6.55,1.10
2024/01/01 16:11:41.91,73.91,-29.48,-56.62,-59.22,63.29,-5.54,1.07
2024/01/01 16:11:41.92,73.92,-29.39,-56.52,-59.38,62.23,-5.98,0.18
2024/01/01 16:11:41.93,73.93,-29.39,-56.11,-59.51,60.65,-7.48,-0.47
2024/01/01 16:11:41.94,73.94,-29.47,-55.66,-59.57,59.48,-8.86,-0.34
2024/01/01 16:11:41.95,73.95,-29.58,-55.39,-59.61,59.19,-8.92,-0.11
2024/01/01 16:11:41.96,73.96,-29.70,-55.38,-59.65,59.41,-7.71,-0.44
2024/01/01 16:11:41.97,73.97,-29.87,-55.61,-59.72,59.18,-6.36,-1.15
2024/01/01 16:11:41.98,73.98,-30.13,-55.94,-59.79,57.71,-5.91,-1.70
2024/01/01 16:11:41.99,73.99,-30.56,-56.27,-59.76,55.20,-7.01,-1.69
2024/01/01 16:11:42.00,74.00,-31.10,-56.54,-59.63,52.97,-9.31,-0.89
2024/01/01 16:11:42.01,74.01,-31.65,-56.67,-59.50,52.29,-11.17,0.26
2024/01/01 16:11:42.02,74.02,-32.19,-56.62,-59.43,53.23,-11.25,0.87
2024/01/01 16:11:42.03,74.03,-32.75,-56.57,-59.32,55.01,-9.69,0.66
2024/01/01 16:11:42.04,74.04,-33.30,-56.62,-59.12,56.54,-7.54,0.20
2024/01/01 16:11:42.05,74.05,-33.77,-56.79,-58.91,57.03,-6.21,0.03
2024/01/01 16:11:42.06,74.06,-34.13,-57.02,-58.82,56.75,-6.56,0.30
2024/01/01 16:11:42.07,74.07,-34.37,-57.23,-58.83,56.35,-7.97,1.09
2024/01/01 16:11:42.08,74.08,-34.41,-57.46,-58.90,56.02,-9.35,1.96
2024/01/01 16:11:42.09,74.09,-34.23,-57.75,-58.98,55.64,-10.41,1.92
2024/01/01 16:11:42.10,74.10,-33.90,-57.97,-59.07,54.68,-11.05,0.73
2024/01/01 16:11:42.11,74.11,-33.57,-58.05,-59.23,52.76,-11.30,-0.82
2024/01/01 16:11:42.12,74.12,-33.35,-58.10,-59.43,50.30,-11.69,-1.93
2024/01/01 16:11:42.13,74.13,-33.30,-58.20,-59.60,48.23,-12.24,-2.35
2024/01/01 16:11:42.14,74.14,-33.40,-58.24,-59.79,47.45,-12.33,-2.33
2024/01/01 16:11:42.15,74.15,-33.59,-58.20,-59.99,48.34,-12.15,-2.31
2024/01/01 16:11:42.16,74.16,-33.72,-58.12,-60.14,50.26,-12.24,-2.38
2024/01/01 16:11:42.17,74.17,-33.76,-58.07,-60.24,52.19,-12.60,-2.21
2024/01/01 16:11:42.18,74.18,-33.82,-58.11,-60.37,53.59,-13.27,-1.62
2024/01/01 16:11:42.19,74.19,-33.95,-58.28,-60.52,54.55,-13.98,-0.96
2024/01/01 16:11:42.20,74.20,-34.09,-58.42,-60.67,55.44,-13.81,-0.43
2024/01/01 16:11:42.21,74.21,-34.21,-58.31,-60.80,56.61,-12.77,-0.12
2024/01/01 16:11:42.22,74.22,-34.29,-57.91,-60.82,57.95,-11.70,-0.36
2024/01/01 16:11:42.23,74.23,-34.20,-57.36,-60.76,58.79,-10.73,-1.07
2024/01/01 16:11:42.24,74.24,-33.91,-56.87,-60.70,58.45,-9.71,-1.54
2024/01/01 16:11:42.25,74.25,-33.50,-56.61,-60.62,56.94,-9.00,-1.35
2024/01/01 16:11:42.26,74.26,-33.08,-56.53,-60.59,55.40,-8.70,-0.98
2024/01/01 16:11:42.27,74.27,-32.71,-56.43,-60.73,54.97,-8.39,-1.07
2024/01/01 16:11:42.28,74.28,-32.46,-56.30,-60.89,55.72,-8.06,-1.41
2024/01/01 16:11:42.29,74.29,-32.36,-56.17,-60.89,56.88,-8.21,-1.29
2024/01/01 16:11:42.30,74.30,-32.34,-56.00,-60.71,57.31,-8.71,-0.81
2024/01/01 16:11:42.31,74.31,-32.31,-55.76,-60.52,56.34,-8.76,-0.97
2024/01/01 16:11:42.32,74.32,-32.25,-55.56,-60.40,54.62,-7.73,-1.85
2024/01/01 16:11:42.33,74.33,-32.22,-55.46,-60.38,53.26,-5.45,-2.24
2024/01/01 16:11:42.34,74.34,-32.21,-55.45,-60.37,52.65,-2.86,-1.88
2024/01/01 16:11:42.35,74.35,-32.22,-55.45,-60.33,52.46,-1.46,-1.83
2024/01/01 16:11:42.36,74.36,-32.30,-55.39,-60.27,52.17,-1.84,-2.29
2024/01/01 16:11:42.37,74.37,-32.54,-55.26,-60.22,51.71,-3.80,-2.42
2024/01/01 16:11:42.38,74.38,-32.91,-55.15,-60.15,51.51,-6.92,-1.65
2024/01/01 16:11:42.39,74.39,-33.28,-55.15,-60.01,52.13,-9.94,-0.36
2024/01/01 16:11:42.40,74.40,-33.61,-55.22,-59.79,53.79,-11.44,0.64
2024/01/01 16:11:42.41,74.41,-33.80,-55.28,-59.58,55.90,-11.14,0.86
2024/01/01 16:11:42.42,74.42,-33.80,-55.43,-59.50,57.41,-9.66,0.55
2024/01/01 16:11:42.43,74.43,-33.64,-55.77,-59.50,57.92,-8.05,0.52
2024/01/01 16:11:42.44,74.44,-33.41,-56.28,-59.46,57.69,-7.30,0.93
2024/01/01 16:11:42.45,74.45,-33.21,-56.80,-59.40,56.99,-7.61,0.88
2024/01/01 16:11:42.46,74.46,-33.15,-57.23,-59.35,56.11,-8.58,-0.05
2024/01/01 16:11:42.47,74.47,-33.25,-57.55,-59.28,55.22,-9.57,-0.89
2024/01/01 16:11:42.48,74.48,-33.41,-57.72,-59.32,54.19,-10.28,-0.81
2024/01/01 16:11:42.49,74.49,-33.49,-57.71,-59.52,53.16,-10.92,-0.52
2024/01/01 16:11:42.50,74.50,-33.45,-57.62,-59.71,52.90,-11.38,-0.82
2024/01/01 16:11:42.51,74.51,-33.40,-57.55,-59.79,53.74,-11.51,-1.02
2024/01/01 16:11:42.52,74.52,-33.38,-57.55,-59.75,55.00,-11.78,-0.69
2024/01/01 16:11:42.53,74.53,-33.35,-57.62,-59.70,55.82,-12.37,-0.59
2024/01/01 16:11:42.54,74.54,-33.23,-57.77,-59.80,55.76,-12.99,-1.00
2024/01/01 16:11:42.55,74.55,-33.12,-58.01,-59.98,54.72,-13.39,-1.40
2024/01/01 16:11:42.56,74.56,-33.10,-58.29,-59.99,53.16,-13.56,-1.28
2024/01/01 16:11:42.57,74.57,-33.11,-58.55,-59.87,51.84,-13.36,-0.71
2024/01/01 16:11:42.58,74.58,-33.02,-58.79,-59.80,51.16,-12.41,-0.49
2024/01/01 16:11:42.59,74.59,-32.83,-58.94,-59.87,51.40,-10.72,-0.92
2024/01/01 16:11:42.60,74.60,-32.62,-58.94,-59.99,52.66,-9.01,-1.06
2024/01/01 16:11:42.61,74.61,-32.48,-58.83,-60.05,54.35,-7.74,-0.72
2024/01/01 16:11:42.62,74.62,-32.41,-58.69,-60.09,55.62,-7.03,-1.04
2024/01/01 16:11:42.63,74.63,-32.38,-58.53,-60.21,56.29,-6.95,-2.12
2024/01/01 16:11:42.64,74.64,-32.32,-58.32,-60.41,56.60,-7.55,-2.70
2024/01/01 16:11:42.65,74.65,-32.21,-58.11,-60.61,56.81,-9.06,-2.08
2024/01/01 16:11:42.66,74.66,-32.09,-57.97,-60.74,57.24,-11.43,-0.96
2024/01/01 16:11:42.67,74.67,-31.97,-57.90,-60.72,58.24,-13.59,-0.37
2024/01/01 16:11:42.68,74.68,-31.78,-57.79,-60.61,59.67,-14.51,-0.44
2024/01/01 16:11:42.69,74.69,-31.48,-57.61,-60.56,61.05,-13.98,-0.91
2024/01/01 16:11:42.70,74.70,-31.17,-57.38,-60.50,61.70,-12.23,-1.61
2024/01/01 16:11:42.71,74.71,-31.00,-57.17,-60.39,60.95,-10.05,-2.13
2024/01/01 16:11:42.72,74.72,-31.01,-57.07,-60.38,58.75,-8.39,-2.41
2024/01/01 16:11:42.73,74.73,-31.10,-57.11,-60.51,56.01,-7.56,-2.58
2024/01/01 16:11:42.74,74.74,-31.24,-57.22,-60.63,53.89,-7.46,-2.26
2024/01/01 16:11:42.75,74.75,-31.42,-57.32,-60.66,52.93,-7.93,-1.33
2024/01/01 16:11:42.76,74.76,-31.58,-57.37,-60.61,53.19,-8.60,-0.81
2024/01/01 16:11:42.77,74.77,-31.67,-57.34,-60.49,54.49,-8.86,-1.19
2024/01/01 16:11:42.78,74.78,-31.77,-57.31,-60.36,56.23,-8.70,-1.35
2024/01/01 16:11:42.79,74.79,-32.01,-57.33,-60.27,57.53,-8.78,-0.75
2024/01/01 16:11:42.80,74.80,-32.35,-57.38,-60.27,58.01,-9.48,-0.37
2024/01/01 16:11:42.81,74.81,-32.68,-57.42,-60.33,57.80,-10.52,-0.57
2024/01/01 16:11:42.82,74.82,-32.88,-57.37,-60.37,57.02,-11.67,-0.83
2024/01/01 16:11:42.83,74.83,-32.89,-57.23,-60.28,55.59,-12.65,-1.07
2024/01/01 16:11:42.84,74.84,-32.79,-57.13,-60.17,53.69,-13.02,-1.45
2024/01/01 16:11:42.85,74.85,-32.69,-57.16,-60.24,52.05,-12.50,-1.77
2024/01/01 16:11:42.86,74.86,-32.69,-57.31,-60.49,51.51,-11.11,-1.69
2024/01/01 16:11:42.87,74.87,-32.84,-57.58,-60.72,52.31,-9.22,-1.09
2024/01/01 16:11:42.88,74.88,-33.08,-57.89,-60.88,53.66,-7.54,-0.56
2024/01/01 16:11:42.89,74.89,-33.32,-58.22,-61.03,54.42,-6.65,-0.95
2024/01/01 16:11:42.90,74.90,-33.54,-58.57,-61.21,54.19,-6.92,-1.79
2024/01/01 16:11:42.91,74.91,-33.69,-58.85,-61.42,53.25,-8.29,-1.91
2024/01/01 16:11:42.92,74.92,-33.71,-58.85,-61.58,52.37,-9.86,-1.66
2024/01/01 16:11:42.93,74.93,-33.59,-58.59,-61.68,52.75,-10.72,-2.17
2024/01/01 16:11:42.94,74.94,-33.37,-58.33,-61.84,54.60,-10.84,-3.30
2024/01/01 16:11:42.95,74.95,-33.18,-58.17,-62.09,56.71,-10.83,-4.19
2024/01/01 16:11:42.96,74.96,-33.15,-57.99,-62.28,57.77,-11.24,-4.35
2024/01/01 16:11:42.97,74.97,-33.30,-57.77,-62.35,57.09,-12.13,-3.84
2024/01/01 16:11:42.98,74.98,-33.50,-57.59,-62.43,54.86,-13.26,-3.40
2024/01/01 16:11:42.99,74.99,-33.60,-57.58,-62.56,52.45,-14.50,-3.66
2024/01/01 16:11:43.00,75.00,-33.47,-57.73,-62.61,51.30,-15.26,-3.94
2024/01/01 16:11:43.01,75.01,-33.09,-57.88,-62.50,51.66,-14.66,-3.50
2024/01/01 16:11:43.02,75.02,-32.60,-57.94,-62.31,52.99,-12.75,-3.18
2024/01/01 16:11:43.03,75.03,-32.09,-58.00,-62.16,54.80,-10.50,-3.77
2024/01/01 16:11:43.04,75.04,-31.58,-58.12,-62.09,56.45,-8.74,-4.41
2024/01/01 16:11:43.05,75.05,-31.11,-58.23,-62.04,57.11,-7.68,-4.19
2024/01/01 16:11:43.06,75.06,-30.66,-58.40,-62.01,56.61,-7.22,-3.47
2024/01/01 16:11:43.07,75.07,-30.18,-58.61,-61.95,55.55,-7.44,-3.06
2024/01/01 16:11:43.08,75.08,-29.81,-58.72,-61.87,54.52,-8.49,-3.27
2024/01/01 16:11:43.09,75.09,-29.67,-58.69,-61.84,54.18,-10.08,-3.77
2024/01/01 16:11:43.10,75.10,-29.69,-58.48,-61.84,55.14,-11.28,-4.13
2024/01/01 16:11:43.11,75.11,-29.74,-58.15,-61.84,57.27,-11.02,-4.24
2024/01/01 16:11:43.12,75.12,-29.73,-57.76,-61.95,59.88,-9.18,-4.12
2024/01/01 16:11:43.13,75.13,-29.63,-57.41,-62.05,62.21,-7.00,-3.88
2024/01/01 16:11:43.14,75.14,-29.45,-57.12,-62.03,63.56,-5.74,-3.49
2024/01/01 16:11:43.15,75.15,-29.26,-56.96,-61.93,63.66,-5.87,-2.89
2024/01/01 16:11:43.16,75.16,-29.09,-56.98,-61.81,63.07,-7.53,-2.40
2024/01/01 16:11:43.17,75.17,-28.99,-57.14,-61.73,62.52,-10.40,-2.18
2024/01/01 16:11:43.18,75.18,-28.95,-57.41,-61.68,62.21,-13.43,-1.99
2024/01/01 16:11:43.19,75.19,-28.86,-57.73,-61.50,61.88,-15.37,-2.02
2024/01/01 16:11:43.20,75.20,-28.72,-58.06,-61.24,61.18,-15.41,-2.45
2024/01/01 16:11:43.21,75.21,-28.64,-58.31,-61.06,60.02,-13.63,-3.01
2024/01/01 16:11:43.22,75.22,-28.68,-58.42,-60.95,58.61,-11.03,-3.16
2024/01/01 16:11:43.23,75.23,-28.82,-58.36,-60.83,57.52,-8.71,-2.41
2024/01/01 16:11:43.24,75.24,-28.98,-58.15,-60.73,57.18,-7.31,-1.22
2024/01/01 16:11:43.25,75.25,-29.09,-57.93,-60.67,57.62,-7.10,-0.89
2024/01/01 16:11:43.26,75.26,-29.13,-57.71,-60.60,58.24,-7.86,-1.59
2024/01/01 16:11:43.27,75.27,-29.18,-57.57,-60.51,58.42,-9.28,-2.04
2024/01/01 16:11:43.28,75.28,-29.27,-57.61,-60.41,58.24,-11.32,-1.88
2024/01/01 16:11:43.29,75.29,-29.30,-57.85,-60.29,58.18,-13.42,-1.81
2024/01/01 16:11:43.30,75.30,-29.20,-58.17,-60.18,58.36,-14.48,-1.76
2024/01/01 16:11:43.31,75.31,-29.08,-58.41,-60.13,58.48,-13.97,-1.09
2024/01/01 16:11:43.32,75.32,-28.99,-58.49,-60.06,58.19,-12.36,-0.19
2024/01/01 16:11:43.33,75.33,-28.93,-58.43,-59.90,57.23,-10.29,-0.17
2024/01/01 16:11:43.34,75.34,-28.87,-58.36,-59.67,55.81,-8.28,-1.09
2024/01/01 16:11:43.35,75.35,-28.81,-58.39,-59.51,54.91,-6.92,-2.11
2024/01/01 16:11:43.36,75.36,-28.73,-58.43,-59.48,55.36,-6.56,-2.66
2024/01/01 16:11:43.37,75.37,-28.63,-58.40,-59.54,56.76,-7.13,-2.52
2024/01/01 16:11:43.38,75.38,-28.55,-58.35,-59.59,58.29,-8.64,-1.76
2024/01/01 16:11:43.39,75.39,-28.60,-58.40,-59.52,59.64,-10.80,-0.74
2024/01/01 16:11:43.40,75.40,-28.73,-58.54,-59.34,60.93,-12.76,-0.07
2024/01/01 16:11:43.41,75.41,-28.89,-58.67,-59.17,62.18,-13.92,-0.13
2024/01/01 16:11:43.42,75.42,-29.05,-58.72,-59.13,63.27,-14.17,-0.56
2024/01/01 16:11:43.43,75.43,-29.19,-58.60,-59.16,64.06,-13.59,-0.76
2024/01/01 16:11:43.44,75.44,-29.31,-58.30,-59.16,64.14,-12.50,-0.58
2024/01/01 16:11:43.45,75.45,-29.52,-57.92,-59.06,63.23,-11.41,-0.25
2024/01/01 16:11:43.46,75.46,-29.81,-57.62,-58.98,61.95,-10.80,-0.09
2024/01/01 16:11:43.47,75.47,-30.05,-57.49,-59.05,60.91,-10.52,-0.19
2024/01/01 16:11:43.48,75.48,-30.19,-57.54,-59.13,60.15,-10.03,-0.14
2024/01/01 16:11:43.49,75.49,-30.36,-57.64,-59.15,59.38,-9.40,0.42
2024/01/01 16:11:43.50,75.50,-30.62,-57.63,-59.19,58.47,-9.07,0.90
2024/01/01 16:11:43.51,75.51,-30.84,-57.39,-59.29,57.72,-9.04,0.50
2024/01/01 16:11:43.52,75.52,-30.89,-56.98,-59.33,57.45,-8.89,0.00
2024/01/01 16:11:43.53,75.53,-30.90,-56.50,-59.27,57.24,-8.37,0.46
2024/01/01 16:11:43.54,75.54,-30.99,-56.02,-59.25,56.58,-7.68,0.80
2024/01/01 16:11:43.55,75.55,-31.05,-55.62,-59.34,55.15,-7.10,-0.29
2024/01/01 16:11:43.56,75.56,-31.02,-55.43,-59.40,52.79,-6.65,-1.61
2024/01/01 16:11:43.57,75.57,-31.02,-55.47,-59.33,50.27,-6.82,-1.53
2024/01/01 16:11:43.58,75.58,-31.10,-55.60,-59.26,48.78,-7.81,-0.78
2024/01/01 16:11:43.59,75.59,-31.22,-55.71,-59.24,49.01,-8.66,-0.68
2024/01/01 16:11:43.60,75.60,-31.36,-55.83,-59.21,50.77,-8.72,-0.81
2024/01/01 16:11:43.61,75.61,-31.58,-55.94,-59.13,53.06,-8.16,-0.28
2024/01/01 16:11:43.62,75.62,-31.84,-55.99,-59.02,54.90,-7.10,0.45
2024/01/01 16:11:43.63,75.63,-32.03,-55.91,-58.94,56.15,-5.76,0.54
2024/01/01 16:11:43.64,75.64,-32.09,-55.75,-58.92,56.97,-4.52,0.12
2024/01/01 16:11:43.65,75.65,-32.07,-55.62,-58.96,57.75,-3.80,-0.43
2024/01/01 16:11:43.66,75.66,-31.97,-55.56,-58.95,58.73,-4.25,-0.95
2024/01/01 16:11:43.67,75.67,-31.79,-55.56,-58.78,59.35,-5.93,-1.27
2024/01/01 16:11:43.68,75.68,-31.59,-55.59,-58.51,59.12,-8.38,-1.16
2024/01/01 16:11:43.69,75.69,-31.31,-55.66,-58.39,58.54,-11.26,-0.63
2024/01/01 16:11:43.70,75.70,-30.89,-55.71,-58.46,58.31,-13.90,0.16
2024/01/01 16:11:43.71,75.71,-30.42,-55.69,-58.52,58.45,-15.39,1.25
2024/01/01 16:11:43.72,75.72,-30.03,-55.63,-58.47,58.67,-15.00,2.42
2024/01/01 16:11:43.73,75.73,-29.75,-55.60,-58.36,58.86,-12.33,2.43
2024/01/01 16:11:43.74,75.74,-29.54,-55.59,-58.28,58.91,-8.29,0.82
2024/01/01 16:11:43.75,75.75,-29.42,-55.56,-58.30,58.62,-4.69,-0.74
2024/01/01 16:11:43.76,75.76,-29.46,-55.58,-58.45,57.93,-2.69,-0.95
2024/01/01 16:11:43.77,75.77,-29.62,-55.64,-58.67,57.21,-2.66,-0.37
2024/01/01 16:11:43.78,75.78,-29.76,-55.67,-58.91,56.82,-4.26,0.27
2024/01/01 16:11:43.79,75.79,-29.80,-55.67,-59.11,57.05,-6.57,0.80
2024/01/01 16:11:43.80,75.80,-29.76,-55.68,-59.24,58.00,-8.71,0.99
2024/01/01 16:11:43.81,75.81,-29.71,-55.69,-59.33,59.23,-9.98,0.99
2024/01/01 16:11:43.82,75.82,-29.77,-55.73,-59.47,59.99,-10.01,1.04
2024/01/01 16:11:43.83,75.83,-30.01,-55.81,-59.73,59.97,-9.05,0.74
2024/01/01 16:11:43.84,75.84,-30.32,-55.79,-59.99,59.28,-7.51,0.04
2024/01/01 16:11:43.85,75.85,-30.51,-55.63,-60.13,58.08,-5.94,-0.39
2024/01/01 16:11:43.86,75.86,-30.55,-55.46,-60.14,56.74,-4.82,-0.69
2024/01/01 16:11:43.87,75.87,-30.58,-55.45,-60.12,55.88,-4.23,-1.30
2024/01/01 16:11:43.88,75.88,-30.74,-55.63,-60.17,55.93,-4.40,-1.81
2024/01/01 16:11:43.89,75.89,-31.03,-55.92,-60.26,56.39,-5.50,-1.76
2024/01/01 16:11:43.90,75.90,-31.28,-56.11,-60.33,56.50,-7.21,-1.38
2024/01/01 16:11:43.91,75.91,-31.38,-56.08,-60.35,56.30,-9.08,-1.12
2024/01/01 16:11:43.92,75.92,-31.43,-55.94,-60.34,56.19,-10.58,-1.17
2024/01/01 16:11:43.93,75.93,-31.48,-55.93,-60.29,56.26,-11.23,-1.39
2024/01/01 16:11:43.94,75.94,-31.52,-56.06,-60.21,56.41,-11.00,-1.35
2024/01/01 16:11:43.95,75.95,-31.55,-56.18,-60.08,56.35,-10.07,-1.06
2024/01/01 16:11:43.96,75.96,-31.58,-56.25,-59.90,55.88,-9.05,-1.03
2024/01/01 16:11:43.97,75.97,-31.59,-56.39,-59.77,55.14,-8.91,-1.41
2024/01/01 16:11:43.98,75.98,-31.56,-56.64,-59.70,54.49,-9.82,-1.69
2024/01/01 16:11:43.99,75.99,-31.48,-57.00,-59.71,54.33,-11.13,-1.52
2024/01/01 16:11:44.00,76.00,-31.35,-57.41,-59.76,54.91,-11.95,-1.16
2024/01/01 16:11:44.01,76.01,-31.20,-57.76,-59.85,55.95,-11.59,-1.19
2024/01/01 16:11:44.02,76.02,-31.06,-57.93,-60.02,57.01,-10.27,-1.67
2024/01/01 16:11:44.03,76.03,-30.97,-58.00,-60.20,57.86,-8.77,-1.81
2024/01/01 16:11:44.04,76.04,-30.99,-58.16,-60.31,58.33,-7.46,-1.10
2024/01/01 16:11:44.05,76.05,-31.09,-58.42,-60.40,58.31,-6.63,-0.32
2024/01/01 16:11:44.06,76.06,-31.29,-58.58,-60.50,57.84,-6.52,-0.38
2024/01/01 16:11:44.07,76.07,-31.54,-58.50,-60.62,57.14,-7.11,-1.17
2024/01/01 16:11:44.08,76.08,-31.74,-58.24,-60.75,56.46,-8.24,-2.03
2024/01/01 16:11:44.09,76.09,-31.86,-57.96,-60.87,55.98,-9.66,-2.38
2024/01/01 16:11:44.10,76.10,-31.91,-57.74,-60.96,56.17,-11.23,-2.13
2024/01/01 16:11:44.11,76.11,-31.80,-57.61,-61.03,57.28,-12.94,-1.90
2024/01/01 16:11:44.12,76.12,-31.52,-57.43,-61.07,58.78,-14.34,-2.25
2024/01/01 16:11:44.13,76.13,-31.25,-57.14,-61.11,59.79,-15.24,-2.77
2024/01/01 16:11:44.14,76.14,-31.19,-56.89,-61.13,59.57,-15.67,-2.85
2024/01/01 16:11:44.15,76.15,-31.37,-56.80,-61.13,57.85,-15.18,-2.46
2024/01/01 16:11:44.16,76.16,-31.70,-56.82,-61.13,55.11,-13.44,-1.95
2024/01/01 16:11:44.17,76.17,-32.06,-56.87,-61.18,52.54,-10.89,-1.67
2024/01/01 16:11:44.18,76.18,-32.45,-56.96,-61.24,51.26,-8.21,-1.69
2024/01/01 16:11:44.19,76.19,-32.78,-57.07,-61.27,51.52,-6.05,-1.96
2024/01/01 16:11:44.20,76.20,-32.92,-57.15,-61.26,52.79,-4.80,-2.22
2024/01/01 16:11:44.21,76.21,-32.86,-57.15,-61.29,54.52,-4.26,-2.16
2024/01/01 16:11:44.22,76.22,-32.75,-57.09,-61.34,56.16,-4.22,-1.88
2024/01/01 16:11:44.23,76.23,-32.70,-57.01,-61.28,57.10,-4.58,-1.70
2024/01/01 16:11:44.24,76.24,-32.67,-56.94,-61.15,56.99,-5.35,-1.79
2024/01/01 16:11:44.25,76.25,-32.68,-56.88,-61.11,56.08,-6.67,-2.28
2024/01/01 16:11:44.26,76.26,-32.74,-56.84,-61.23,54.76,-8.46,-2.83
2024/01/01 16:11:44.27,76.27,-32.78,-56.85,-61.38,53.33,-10.30,-2.76
2024/01/01 16:11:44.28,76.28,-32.77,-56.87,-61.49,52.20,-11.72,-2.44
2024/01/01 16:11:44.29,76.29,-32.83,-56.81,-61.52,51.97,-12.18,-2.54
2024/01/01 16:11:44.30,76.30,-33.06,-56.63,-61.54,52.84,-11.41,-2.71
2024/01/01 16:11:44.31,76.31,-33.32,-56.33,-61.57,54.26,-9.77,-2.54
2024/01/01 16:11:44.32,76.32,-33.44,-56.04,-61.62,55.51,-8.19,-2.20
2024/01/01 16:11:44.33,76.33,-33.37,-55.83,-61.66,56.25,-7.56,-1.82
2024/01/01 16:11:44.34,76.34,-33.24,-55.71,-61.72,56.46,-8.05,-1.60
2024/01/01 16:11:44.35,76.35,-33.20,-55.68,-61.79,56.40,-9.22,-1.75
2024/01/01 16:11:44.36,76.36,-33.31,-55.81,-61.86,56.43,-10.57,-2.12
2024/01/01 16:11:44.37,76.37,-33.47,-56.16,-61.92,56.48,-11.63,-2.83
2024/01/01 16:11:44.38,76.38,-33.56,-56.65,-61.95,56.00,-12.09,-3.77
2024/01/01 16:11:44.39,76.39,-33.57,-57.10,-61.96,54.51,-11.68,-4.15
2024/01/01 16:11:44.40,76.40,-33.57,-57.31,-61.95,52.25,-10.23,-3.64
2024/01/01 16:11:44.41,76.41,-33.60,-57.33,-61.92,50.36,-8.26,-2.81
2024/01/01 16:11:44.42,76.42,-33.57,-57.32,-61.88,50.01,-6.38,-2.13
2024/01/01 16:11:44.43,76.43,-33.36,-57.28,-61.89,51.36,-4.64,-1.64
2024/01/01 16:11:44.44,76.44,-33.01,-57.20,-61.90,53.55,-3.46,-1.38
2024/01/01 16:11:44.45,76.45,-32.68,-57.17,-61.81,55.22,-3.46,-1.64
2024/01/01 16:11:44.46,76.46,-32.48,-57.16,-61.65,55.34,-4.55,-2.53
2024/01/01 16:11:44.47,76.47,-32.46,-57.11,-61.50,54.24,-6.58,-3.65
2024/01/01 16:11:44.48,76.48,-32.55,-57.03,-61.43,53.31,-9.41,-4.09
2024/01/01 16:11:44.49,76.49,-32.71,-57.04,-61.44,53.28,-12.33,-3.29
2024/01/01 16:11:44.50,76.50,-32.93,-57.21,-61.50,53.86,-14.65,-1.89
2024/01/01 16:11:44.51,76.51,-33.15,-57.55,-61.53,54.50,-16.11,-0.97
2024/01/01 16:11:44.52,76.52,-33.29,-57.95,-61.50,54.94,-16.32,-0.76
2024/01/01 16:11:44.53,76.53,-33.28,-58.24,-61.43,55.32,-15.20,-0.98
2024/01/01 16:11:44.54,76.54,-33.13,-58.32,-61.33,55.98,-13.38,-1.41
2024/01/01 16:11:44.55,76.55,-32.95,-58.30,-61.20,57.00,-11.56,-1.93
2024/01/01 16:11:44.56,76.56,-32.87,-58.31,-61.09,57.98,-10.12,-2.48
2024/01/01 16:11:44.57,76.57,-32.99,-58.44,-61.07,58.28,-9.11,-2.79
2024/01/01 16:11:44.58,76.58,-33.29,-58.60,-61.11,57.70,-8.54,-2.56
2024/01/01 16:11:44.59,76.59,-33.60,-58.69,-61.12,56.39,-8.87,-1.83
2024/01/01 16:11:44.60,76.60,-33.83,-58.71,-61.11,54.86,-10.46,-1.02
2024/01/01 16:11:44.61,76.61,-33.94,-58.69,-61.07,53.72,-12.56,-0.75
2024/01/01 16:11:44.62,76.62,-33.88,-58.63,-60.96,53.12,-13.90,-1.00
2024/01/01 16:11:44.63,76.63,-33.66,-58.57,-60.89,52.82,-13.94,-1.24
2024/01/01 16:11:44.64,76.64,-33.36,-58.52,-60.96,52.58,-12.69,-1.47
2024/01/01 16:11:44.65,76.65,-33.13,-58.51,-61.03,52.26,-10.65,-1.93
2024/01/01 16:11:44.66,76.66,-33.08,-58.54,-60.97,51.94,-8.84,-2.36
2024/01/01 16:11:44.67,76.67,-33.24,-58.64,-60.91,51.48,-7.96,-2.60
2024/01/01 16:11:44.68,76.68,-33.56,-58.76,-60.94,50.57,-8.18,-2.88
2024/01/01 16:11:44.69,76.69,-33.95,-58.85,-61.02,49.70,-9.56,-3.02
2024/01/01 16:11:44.70,76.70,-34.27,-58.88,-61.09,49.64,-11.48,-2.51
2024/01/01 16:11:44.71,76.71,-34.49,-58.89,-61.05,50.80,-13.11,-1.71
2024/01/01 16:11:44.72,76.72,-34.58,-58.90,-60.85,53.21,-14.12,-1.32
2024/01/01 16:11:44.73,76.73,-34.55,-58.95,-60.58,56.21,-14.09,-1.25
2024/01/01 16:11:44.74,76.74,-34.45,-59.03,-60.37,58.60,-13.11,-1.16
2024/01/01 16:11:44.75,76.75,-34.32,-59.15,-60.24,59.65,-12.54,-1.07
2024/01/01 16:11:44.76,76.76,-34.14,-59.28,-60.15,59.19,-12.89,-0.81
2024/01/01 16:11:44.77,76.77,-33.90,-59.34,-60.04,57.45,-13.41,-0.31
2024/01/01 16:11:44.78,76.78,-33.62,-59.32,-59.88,55.22,-13.88,0.08
2024/01/01 16:11:44.79,76.79,-33.36,-59.32,-59.70,53.39,-13.91,0.10
2024/01/01 16:11:44.80,76.80,-33.10,-59.34,-59.55,52.35,-12.88,-0.23
2024/01/01 16:11:44.81,76.81,-32.80,-59.30,-59.50,52.39,-11.35,-0.90
2024/01/01 16:11:44.82,76.82,-32.44,-59.14,-59.51,53.47,-10.11,-1.53
2024/01/01 16:11:44.83,76.83,-32.13,-58.96,-59.49,54.84,-9.44,-1.46
2024/01/01 16:11:44.84,76.84,-32.01,-58.81,-59.42,55.54,-9.69,-0.94
2024/01/01 16:11:44.85,76.85,-32.06,-58.69,-59.38,55.25,-10.68,-0.67
2024/01/01 16:11:44.86,76.86,-32.20,-58.56,-59.36,54.52,-11.88,-0.66
2024/01/01 16:11:44.87,76.87,-32.34,-58.43,-59.39,54.17,-13.04,-0.48
2024/01/01 16:11:44.88,76.88,-32.44,-58.33,-59.49,54.50,-14.09,-0.06
2024/01/01 16:11:44.89,76.89,-32.48,-58.24,-59.60,55.50,-14.91,0.10
2024/01/01 16:11:44.90,76.90,-32.48,-58.04,-59.70,56.97,-15.07,-0.17
2024/01/01 16:11:44.91,76.91,-32.39,-57.74,-59.78,58.39,-13.99,-0.41
2024/01/01 16:11:44.92,76.92,-32.20,-57.45,-59.84,59.35,-11.81,-0.59
2024/01/01 16:11:44.93,76.93,-31.95,-57.25,-59.87,59.44,-9.37,-0.91
2024/01/01 16:11:44.94,76.94,-31.76,-57.18,-59.85,58.35,-7.61,-1.02
2024/01/01 16:11:44.95,76.95,-31.70,-57.18,-59.77,56.42,-6.94,-0.85
2024/01/01 16:11:44.96,76.96,-31.69,-57.17,-59.62,54.43,-6.88,-0.70
2024/01/01 16:11:44.97,76.97,-31.68,-57.08,-59.41,53.18,-7.10,-0.54
2024/01/01 16:11:44.98,76.98,-31.78,-56.96,-59.15,53.04,-7.68,-0.13
2024/01/01 16:11:44.99,76.99,-32.04,-56.89,-58.95,53.71,-8.23,0.32
2024/01/01 16:11:45.00,77.00,-32.33,-56.85,-58.86,54.56,-8.17,0.45
2024/01/01 16:11:45.01,77.01,-32.50,-56.79,-58.74,55.18,-7.59,0.46
2024/01/01 16:11:45.02,77.02,-32.62,-56.72,-58.60,55.42,-6.87,0.80
2024/01/01 16:11:45.03,77.03,-32.78,-56.71,-58.47,55.54,-6.69,1.26
2024/01/01 16:11:45.04,77.04,-32.94,-56.82,-58.32,55.93,-7.51,1.24
2024/01/01 16:11:45.05,77.05,-33.06,-57.06,-58.21,56.61,-8.87,1.00
2024/01/01 16:11:45.06,77.06,-33.13,-57.44,-58.19,57.33,-10.11,0.99
2024/01/01 16:11:45.07,77.07,-33.10,-57.85,-58.21,57.68,-11.07,1.01
2024/01/01 16:11:45.08,77.08,-32.98,-58.13,-58.20,57.30,-11.72,1.08
2024/01/01 16:11:45.09,77.09,-32.91,-58.23,-58.19,56.36,-12.12,1.42
2024/01/01 16:11:45.10,77.10,-32.91,-58.19,-58.18,55.50,-12.17,1.75
2024/01/01 16:11:45.11,77.11,-32.91,-57.96,-58.14,55.05,-11.79,1.67
2024/01/01 16:11:45.12,77.12,-32.87,-57.56,-58.08,54.80,-11.25,1.11
2024/01/01 16:11:45.13,77.13,-32.82,-57.13,-58.05,54.48,-10.86,0.25
2024/01/01 16:11:45.14,77.14,-32.82,-56.78,-58.03,54.05,-10.72,-0.55
2024/01/01 16:11:45.15,77.15,-32.89,-56.62,-58.00,53.52,-10.95,-0.81
2024/01/01 16:11:45.16,77.16,-33.03,-56.75,-57.99,53.05,-11.57,-0.36
2024/01/01 16:11:45.17,77.17,-33.19,-57.13,-58.02,53.05,-12.48,0.49
2024/01/01 16:11:45.18,77.18,-33.34,-57.58,-58.01,53.72,-13.25,1.25
2024/01/01 16:11:45.19,77.19,-33.42,-57.94,-57.96,54.63,-13.24,1.79
2024/01/01 16:11:45.20,77.20,-33.41,-58.16,-57.98,55.31,-11.99,2.09
2024/01/01 16:11:45.21,77.21,-33.37,-58.27,-58.10,55.70,-9.53,2.00
2024/01/01 16:11:45.22,77.22,-33.35,-58.28,-58.19,55.84,-6.48,1.78
2024/01/01 16:11:45.23,77.23,-33.35,-58.23,-58.21,55.61,-4.07,1.61
2024/01/01 16:11:45.24,77.24,-33.33,-58.08,-58.21,55.24,-3.08,0.97
2024/01/01 16:11:45.25,77.25,-33.22,-57.77,-58.16,55.16,-3.61,-0.06
2024/01/01 16:11:45.26,77.26,-32.92,-57.30,-58.05,55.47,-5.73,-0.54
2024/01/01 16:11:45.27,77.27,-32.48,-56.73,-57.97,55.93,-9.10,-0.34
2024/01/01 16:11:45.28,77.28,-31.94,-56.19,-57.94,56.56,-12.68,0.02
2024/01/01 16:11:45.29,77.29,-31.38,-55.85,-57.85,57.30,-15.50,0.70
2024/01/01 16:11:45.30,77.30,-30.92,-55.80,-57.69,57.56,-16.99,1.76
2024/01/01 16:11:45.31,77.31,-30.66,-55.98,-57.55,56.95,-16.71,2.38
2024/01/01 16:11:45.32,77.32,-30.53,-56.26,-57.47,55.73,-14.50,1.83
2024/01/01 16:11:45.33,77.33,-30.50,-56.52,-57.47,54.25,-10.92,0.56
2024/01/01 16:11:45.34,77.34,-30.57,-56.64,-57.55,52.98,-7.14,-0.43
2024/01/01 16:11:45.35,77.35,-30.67,-56.58,-57.61,52.59,-4.00,-0.69
2024/01/01 16:11:45.36,77.36,-30.65,-56.41,-57.59,53.49,-1.68,-0.45
2024/01/01 16:11:45.37,77.37,-30.47,-56.22,-57.52,55.51,-0.45,0.03
2024/01/01 16:11:45.38,77.38,-30.26,-56.07,-57.46,58.20,-0.77,0.83
2024/01/01 16:11:45.39,77.39,-30.10,-56.00,-57.38,61.01,-2.66,1.90
2024/01/01 16:11:45.40,77.40,-29.96,-55.99,-57.26,63.30,-5.46,2.80
2024/01/01 16:11:45.41,77.41,-29.77,-56.04,-57.13,64.51,-8.42,3.16
2024/01/01 16:11:45.42,77.42,-29.50,-56.14,-57.07,64.66,-11.04,2.88
2024/01/01 16:11:45.43,77.43,-29.20,-56.32,-57.10,63.98,-12.59,2.15
2024/01/01 16:11:45.44,77.44,-28.93,-56.53,-57.22,62.33,-12.50,1.53
2024/01/01 16:11:45.45,77.45,-28.67,-56.69,-57.40,60.03,-11.15,1.27
2024/01/01 16:11:45.46,77.46,-28.40,-56.68,-57.55,58.03,-9.20,0.88
2024/01/01 16:11:45.47,77.47,-28.24,-56.47,-57.64,56.82,-7.10,0.44
2024/01/01 16:11:45.48,77.48,-28.25,-56.16,-57.72,56.50,-5.79,0.43
2024/01/01 16:11:45.49,77.49,-28.41,-55.94,-57.83,56.91,-5.93,0.63
2024/01/01 16:11:45.50,77.50,-28.70,-55.88,-57.99,57.55,-6.88,0.61
2024/01/01 16:11:45.51,77.51,-29.04,-55.87,-58.20,57.98,-7.95,0.39
2024/01/01 16:11:45.52,77.52,-29.41,-55.87,-58.41,58.14,-8.87,0.18
2024/01/01 16:11:45.53,77.53,-29.76,-55.90,-58.60,58.29,-9.43,0.07
2024/01/01 16:11:45.54,77.54,-30.06,-55.97,-58.80,58.69,-9.54,0.08
2024/01/01 16:11:45.55,77.55,-30.29,-56.13,-59.07,59.21,-9.27,0.31
2024/01/01 16:11:45.56,77.56,-30.59,-56.47,-59.39,59.71,-8.84,0.64
2024/01/01 16:11:45.57,77.57,-31.01,-56.89,-59.69,59.85,-8.47,0.72
2024/01/01 16:11:45.58,77.58,-31.44,-57.22,-59.90,59.20,-8.13,0.52
2024/01/01 16:11:45.59,77.59,-31.66,-57.36,-59.99,58.07,-7.70,0.05
2024/01/01 16:11:45.60,77.60,-31.63,-57.32,-59.98,57.11,-6.97,-0.70
2024/01/01 16:11:45.61,77.61,-31.44,-57.16,-59.96,56.53,-5.90,-1.39
2024/01/01 16:11:45.62,77.62,-31.26,-56.97,-60.00,56.22,-5.04,-1.84
2024/01/01 16:11:45.63,77.63,-31.25,-56.83,-60.14,55.81,-4.75,-2.21
2024/01/01 16:11:45.64,77.64,-31.40,-56.74,-60.28,55.04,-5.23,-2.35
2024/01/01 16:11:45.65,77.65,-31.62,-56.65,-60.33,54.03,-7.07,-2.12
2024/01/01 16:11:45.66,77.66,-31.82,-56.64,-60.29,52.96,-10.14,-1.96
2024/01/01 16:11:45.67,77.67,-32.04,-56.76,-60.27,51.95,-13.45,-2.08
2024/01/01 16:11:45.68,77.68,-32.33,-56.91,-60.33,51.51,-16.37,-2.09
2024/01/01 16:11:45.69,77.69,-32.66,-57.03,-60.48,52.08,-18.00,-1.88
2024/01/01 16:11:45.70,77.70,-32.93,-57.17,-60.67,53.54,-17.54,-1.58
2024/01/01 16:11:45.71,77.71,-33.06,-57.36,-60.89,55.55,-15.50,-1.25
2024/01/01 16:11:45.72,77.72,-33.09,-57.47,-61.11,57.59,-12.47,-1.30
2024/01/01 16:11:45.73,77.73,-33.16,-57.45,-61.27,58.83,-9.10,-1.74
2024/01/01 16:11:45.74,77.74,-33.35,-57.36,-61.39,58.87,-6.72,-2.13
2024/01/01 16:11:45.75,77.75,-33.63,-57.33,-61.49,58.08,-5.77,-2.48
2024/01/01 16:11:45.76,77.76,-33.85,-57.31,-61.57,56.97,-5.81,-2.70
2024/01/01 16:11:45.77,77.77,-33.91,-57.21,-61.59,56.06,-6.76,-2.37
2024/01/01 16:11:45.78,77.78,-33.86,-57.07,-61.62,55.56,-8.19,-1.90
2024/01/01 16:11:45.79,77.79,-33.78,-56.96,-61.68,55.16,-9.29,-2.09
2024/01/01 16:11:45.80,77.80,-33.83,-56.85,-61.67,54.52,-10.04,-2.59
2024/01/01 16:11:45.81,77.81,-34.02,-56.73,-61.55,53.55,-10.73,-2.52
2024/01/01 16:11:45.82,77.82,-34.27,-56.59,-61.31,52.35,-11.10,-2.03
2024/01/01 16:11:45.83,77.83,-34.47,-56.44,-60.97,51.08,-10.77,-1.76
2024/01/01 16:11:45.84,77.84,-34.61,-56.29,-60.59,50.02,-9.93,-1.65
2024/01/01 16:11:45.85,77.85,-34.72,-56.18,-60.30,49.28,-8.99,-1.31
2024/01/01 16:11:45.86,77.86,-34.80,-56.04,-60.07,48.91,-8.49,-0.67
2024/01/01 16:11:45.87,77.87,-34.82,-55.84,-59.82,49.17,-8.75,-0.02
2024/01/01 16:11:45.88,77.88,-34.79,-55.67,-59.59,50.06,-9.28,0.39
2024/01/01 16:11:45.89,77.89,-34.75,-55.60,-59.45,51.15,-9.62,0.49
2024/01/01 16:11:45.90,77.90,-34.64,-55.60,-59.36,52.10,-9.89,0.43
2024/01/01 16:11:45.91,77.91,-34.45,-55.58,-59.30,52.78,-9.72,0.33
2024/01/01 16:11:45.92,77.92,-34.20,-55.56,-59.36,53.23,-8.77,-0.13
2024/01/01 16:11:45.93,77.93,-33.90,-55.55,-59.51,53.53,-7.89,-0.99
2024/01/01 16:11:45.94,77.94,-33.61,-55.55,-59.64,53.87,-7.73,-1.61
2024/01/01 16:11:45.95,77.95,-33.32,-55.55,-59.77,54.32,-7.70,-1.57
2024/01/01 16:11:45.96,77.96,-32.97,-55.53,-59.86,54.72,-7.31,-1.22
2024/01/01 16:11:45.97,77.97,-32.59,-55.55,-59.88,55.23,-6.65,-0.97
2024/01/01 16:11:45.98,77.98,-32.38,-55.59,-59.91,55.93,-5.80,-0.81
2024/01/01 16:11:45.99,77.99,-32.40,-55.65,-60.04,56.78,-4.99,-0.77
2024/01/01 16:11:46.00,78.00,-32.56,-55.74,-60.21,57.94,-4.70,-0.93
2024/01/01 16:11:46.01,78.01,-32.67,-55.82,-60.32,58.99,-4.96,-1.08
2024/01/01 16:11:46.02,78.02,-32.62,-55.85,-60.39,59.20,-5.57,-1.12
2024/01/01 16:11:46.03,78.03,-32.49,-55.89,-60.49,58.49,-6.76,-1.18
2024/01/01 16:11:46.04,78.04,-32.38,-55.99,-60.63,57.23,-8.39,-1.06
2024/01/01 16:11:46.05,78.05,-32.32,-56.11,-60.73,56.05,-9.75,-0.60
2024/01/01 16:11:46.06,78.06,-32.27,-56.28,-60.75,55.57,-10.61,-0.14
2024/01/01 16:11:46.07,78.07,-32.18,-56.57,-60.72,55.71,-11.01,-0.25
2024/01/01 16:11:46.08,78.08,-32.09,-56.88,-60.66,55.87,-10.83,-1.14
2024/01/01 16:11:46.09,78.09,-32.03,-57.08,-60.62,55.42,-10.29,-2.20
2024/01/01 16:11:46.10,78.10,-31.98,-57.16,-60.63,54.14,-9.76,-2.80
2024/01/01 16:11:46.11,78.11,-31.97,-57.22,-60.65,52.58,-9.35,-2.91
2024/01/01 16:11:46.12,78.12,-32.07,-57.23,-60.66,51.56,-9.12,-2.68
2024/01/01 16:11:46.13,78.13,-32.31,-57.14,-60.58,51.49,-8.99,-2.23
2024/01/01 16:11:46.14,78.14,-32.63,-56.96,-60.42,52.30,-8.84,-1.89
2024/01/01 16:11:46.15,78.15,-32.93,-56.80,-60.26,53.49,-8.85,-1.72
2024/01/01 16:11:46.16,78.16,-33.12,-56.75,-60.15,54.42,-9.45,-1.38
2024/01/01 16:11:46.17,78.17,-33.21,-56.91,-60.08,54.90,-10.75,-0.76
2024/01/01 16:11:46.18,78.18,-33.18,-57.24,-60.07,55.14,-12.07,-0.23
2024/01/01 16:11:46.19,78.19,-33.03,-57.56,-60.13,55.60,-12.63,-0.14
2024/01/01 16:11:46.20,78.20,-32.80,-57.75,-60.24,56.52,-12.46,-0.32
2024/01/01 16:11:46.21,78.21,-32.55,-57.87,-60.41,57.42,-11.66,-0.58
2024/01/01 16:11:46.22,78.22,-32.37,-57.92,-60.60,57.66,-10.39,-1.07
2024/01/01 16:11:46.23,78.23,-32.26,-57.89,-60.77,57.12,-9.05,-1.81
2024/01/01 16:11:46.24,78.24,-32.14,-57.80,-60.97,56.04,-7.79,-2.47
2024/01/01 16:11:46.25,78.25,-31.90,-57.69,-61.21,54.86,-6.96,-2.64
2024/01/01 16:11:46.26,78.26,-31.58,-57.62,-61.46,54.20,-7.06,-2.15
2024/01/01 16:11:46.27,78.27,-31.35,-57.61,-61.64,54.29,-7.93,-1.42
2024/01/01 16:11:46.28,78.28,-31.36,-57.60,-61.72,55.06,-9.26,-1.28
2024/01/01 16:11:46.29,78.29,-31.56,-57.53,-61.69,56.27,-10.72,-1.99
2024/01/01 16:11:46.30,78.30,-31.70,-57.41,-61.58,57.45,-11.67,-3.02
2024/01/01 16:11:46.31,78.31,-31.67,-57.31,-61.42,58.24,-11.93,-3.83
2024/01/01 16:11:46.32,78.32,-31.53,-57.27,-61.27,58.48,-11.84,-3.99
2024/01/01 16:11:46.33,78.33,-31.34,-57.33,-61.15,58.08,-11.64,-3.24
2024/01/01 16:11:46.34,78.34,-31.06,-57.50,-61.00,57.30,-11.49,-1.97
2024/01/01 16:11:46.35,78.35,-30.65,-57.68,-60.77,56.60,-11.16,-0.85
2024/01/01 16:11:46.36,78.36,-30.15,-57.74,-60.51,56.27,-10.51,-0.30
2024/01/01 16:11:46.37,78.37,-29.71,-57.69,-60.28,56.17,-9.86,-0.68
2024/01/01 16:11:46.38,78.38,-29.49,-57.65,-60.08,55.78,-9.37,-1.67
2024/01/01 16:11:46.39,78.39,-29.47,-57.70,-59.92,55.09,-9.20,-2.17
2024/01/01 16:11:46.40,78.40,-29.49,-57.82,-59.82,54.82,-9.52,-1.96
2024/01/01 16:11:46.41,78.41,-29.52,-57.96,-59.74,55.52,-9.82,-1.71
2024/01/01 16:11:46.42,78.42,-29.66,-58.09,-59.65,57.12,-9.86,-1.34
2024/01/01 16:11:46.43,78.43,-29.90,-58.27,-59.57,59.13,-9.97,-0.76
2024/01/01 16:11:46.44,78.44,-30.10,-58.48,-59.55,60.78,-10.07,-0.58
2024/01/01 16:11:46.45,78.45,-30.21,-58.63,-59.60,61.58,-10.12,-0.63
2024/01/01 16:11:46.46,78.46,-30.23,-58.68,-59.71,61.78,-10.28,-0.32
2024/01/01 16:11:46.47,78.47,-30.25,-58.70,-59.81,61.75,-10.42,0.09
2024/01/01 16:11:46.48,78.48,-30.26,-58.68,-59.85,61.77,-10.60,0.29
2024/01/01 16:11:46.49,78.49,-30.23,-58.59,-59.84,61.91,-10.73,-0.03
2024/01/01 16:11:46.50,78.50,-30.10,-58.44,-59.81,61.71,-10.40,-0.97
2024/01/01 16:11:46.51,78.51,-29.89,-58.29,-59.86,60.67,-10.02,-1.75
2024/01/01 16:11:46.52,78.52,-29.70,-58.18,-60.00,58.93,-10.20,-1.79
2024/01/01 16:11:46.53,78.53,-29.56,-58.16,-60.11,57.15,-10.74,-1.45
2024/01/01 16:11:46.54,78.54,-29.51,-58.22,-60.15,56.14,-11.32,-1.05
2024/01/01 16:11:46.55,78.55,-29.53,-58.30,-60.15,56.22,-11.74,-0.79
2024/01/01 16:11:46.56,78.56,-29.63,-58.33,-60.15,56.89,-11.82,-0.82
2024/01/01 16:11:46.57,78.57,-29.86,-58.28,-60.17,57.42,-11.73,-0.92
2024/01/01 16:11:46.58,78.58,-30.18,-58.14,-60.17,57.35,-11.51,-1.05
2024/01/01 16:11:46.59,78.59,-30.44,-57.98,-60.14,56.67,-11.01,-1.44
2024/01/01 16:11:46.60,78.60,-30.57,-57.81,-60.04,55.89,-10.43,-1.85
2024/01/01 16:11:46.61,78.61,-30.59,-57.62,-59.90,55.52,-9.98,-1.85
2024/01/01 16:11:46.62,78.62,-30.54,-57.46,-59.80,55.58,-9.82,-1.51
2024/01/01 16:11:46.63,78.63,-30.46,-57.41,-59.69,55.98,-10.24,-1.40
2024/01/01 16:11:46.64,78.64,-30.43,-57.36,-59.56,56.61,-11.03,-1.61
2024/01/01 16:11:46.65,78.65,-30.49,-57.19,-59.48,57.27,-11.46,-1.65
2024/01/01 16:11:46.66,78.66,-30.62,-56.96,-59.43,57.73,-11.33,-1.15
2024/01/01 16:11:46.67,78.67,-30.80,-56.76,-59.36,57.83,-10.80,-0.13
2024/01/01 16:11:46.68,78.68,-31.01,-56.71,-59.26,57.65,-9.87,0.98
2024/01/01 16:11:46.69,78.69,-31.22,-56.80,-59.12,57.58,-8.59,1.53
2024/01/01 16:11:46.70,78.70,-31.40,-56.91,-58.93,57.85,-7.21,1.45
2024/01/01 16:11:46.71,78.71,-31.44,-57.03,-58.77,58.34,-6.07,1.00
2024/01/01 16:11:46.72,78.72,-31.32,-57.25,-58.70,58.84,-5.72,0.12
2024/01/01 16:11:46.73,78.73,-31.12,-57.50,-58.68,59.03,-6.20,-0.74
2024/01/01 16:11:46.74,78.74,-30.94,-57.68,-58.70,58.59,-7.02,-0.69
2024/01/01 16:11:46.75,78.75,-30.74,-57.76,-58.72,57.62,-7.76,0.09
2024/01/01 16:11:46.76,78.76,-30.50,-57.75,-58.66,56.66,-8.28,0.66
2024/01/01 16:11:46.77,78.77,-30.27,-57.69,-58.59,56.10,-8.67,0.56
2024/01/01 16:11:46.78,78.78,-30.08,-57.58,-58.64,55.84,-9.26,-0.02
2024/01/01 16:11:46.79,78.79,-30.03,-57.44,-58.79,55.58,-10.33,-0.80
2024/01/01 16:11:46.80,78.80,-30.16,-57.28,-58.97,55.21,-11.72,-1.21
2024/01/01 16:11:46.81,78.81,-30.40,-57.21,-59.15,54.84,-12.95,-1.01
2024/01/01 16:11:46.82,78.82,-30.63,-57.24,-59.23,54.80,-13.64,-0.73
2024/01/01 16:11:46.83,78.83,-30.88,-57.29,-59.18,55.42,-13.68,-0.52
2024/01/01 16:11:46.84,78.84,-31.16,-57.39,-59.15,56.65,-12.92,-0.06
2024/01/01 16:11:46.85,78.85,-31.45,-57.61,-59.19,58.02,-11.42,0.48
2024/01/01 16:11:46.86,78.86,-31.66,-57.91,-59.23,59.19,-9.84,0.88
2024/01/01 16:11:46.87,78.87,-31.77,-58.25,-59.20,60.05,-8.85,1.30
2024/01/01 16:11:46.88,78.88,-31.74,-58.59,-59.18,60.44,-8.56,1.35
2024/01/01 16:11:46.89,78.89,-31.55,-58.89,-59.24,60.08,-8.65,0.62
2024/01/01 16:11:46.90,78.90,-31.32,-59.11,-59.32,58.91,-8.73,-0.20
2024/01/01 16:11:46.91,78.91,-31.14,-59.26,-59.35,57.18,-8.88,-0.42
2024/01/01 16:11:46.92,78.92,-30.97,-59.33,-59.35,55.37,-9.46,-0.57
2024/01/01 16:11:46.93,78.93,-30.75,-59.29,-59.36,54.20,-10.34,-1.04
2024/01/01 16:11:46.94,78.94,-30.51,-59.17,-59.37,54.14,-11.09,-1.25
2024/01/01 16:11:46.95,78.95,-30.35,-59.06,-59.41,55.00,-11.55,-1.01
2024/01/01 16:11:46.96,78.96,-30.30,-59.00,-59.43,56.23,-11.92,-0.91
2024/01/01 16:11:46.97,78.97,-30.34,-59.03,-59.40,57.32,-12.26,-0.95
2024/01/01 16:11:46.98,78.98,-30.43,-59.11,-59.33,57.93,-12.55,-0.67
2024/01/01 16:11:46.99,78.99,-30.58,-59.12,-59.27,58.06,-13.01,-0.28
2024/01/01 16:11:47.00,79.00,-30.74,-59.01,-59.22,57.86,-13.62,-0.22
2024/01/01 16:11:47.01,79.01,-30.84,-58.90,-59.18,57.56,-13.99,-0.31
2024/01/01 16:11:47.02,79.02,-30.83,-58.95,-59.12,57.45,-14.03,-0.35
2024/01/01 16:11:47.03,79.03,-30.74,-59.12,-59.02,57.79,-13.91,-0.50
2024/01/01 16:11:47.04,79.04,-30.67,-59.32,-58.95,58.53,-13.60,-0.89
2024/01/01 16:11:47.05,79.05,-30.69,-59.50,-58.99,59.34,-13.11,-1.23
2024/01/01 16:11:47.06,79.06,-30.82,-59.61,-59.05,59.88,-12.61,-1.04
2024/01/01 16:11:47.07,79.07,-31.03,-59.56,-59.02,59.88,-12.19,-0.14
2024/01/01 16:11:47.08,79.08,-31.25,-59.40,-58.85,59.22,-11.72,0.86
2024/01/01 16:11:47.09,79.09,-31.48,-59.20,-58.58,57.99,-11.00,1.10
2024/01/01 16:11:47.10,79.10,-31.70,-58.98,-58.34,56.64,-9.99,0.76
2024/01/01 16:11:47.11,79.11,-31.85,-58.78,-58.17,55.71,-8.97,0.75
2024/01/01 16:11:47.12,79.12,-31.90,-58.61,-58.04,55.55,-8.17,1.22
2024/01/01 16:11:47.13,79.13,-31.96,-58.37,-57.91,56.09,-7.64,1.71
2024/01/01 16:11:47.14,79.14,-32.07,-57.99,-57.84,56.78,-7.56,1.97
2024/01/01 16:11:47.15,79.15,-32.19,-57.56,-57.87,56.96,-8.24,1.98
2024/01/01 16:11:47.16,79.16,-32.27,-57.20,-57.94,56.29,-9.56,1.76
2024/01/01 16:11:47.17,79.17,-32.33,-56.94,-58.06,54.90,-11.05,1.37
2024/01/01 16:11:47.18,79.18,-32.38,-56.75,-58.24,53.22,-12.32,0.73
2024/01/01 16:11:47.19,79.19,-32.41,-56.62,-58.49,51.78,-13.08,-0.01
2024/01/01 16:11:47.20,79.20,-32.39,-56.50,-58.71,51.12,-13.10,-0.38
2024/01/01 16:11:47.21,79.21,-32.32,-56.39,-58.83,51.50,-12.37,-0.21
2024/01/01 16:11:47.22,79.22,-32.21,-56.33,-58.84,52.57,-11.12,0.16
2024/01/01 16:11:47.23,79.23,-32.13,-56.31,-58.78,53.78,-9.64,0.35
2024/01/01 16:11:47.24,79.24,-32.09,-56.22,-58.73,54.67,-8.16,0.23
2024/01/01 16:11:47.25,79.25,-32.06,-56.01,-58.73,55.16,-6.89,-0.06
2024/01/01 16:11:47.26,79.26,-32.02,-55.77,-58.72,55.55,-6.18,-0.23
2024/01/01 16:11:47.27,79.27,-32.01,-55.55,-58.63,56.08,-6.16,-0.11
2024/01/01 16:11:47.28,79.28,-32.05,-55.37,-58.50,56.75,-6.41,0.17
2024/01/01 16:11:47.29,79.29,-32.05,-55.28,-58.39,57.52,-6.47,0.39
2024/01/01 16:11:47.30,79.30,-31.94,-55.22,-58.29,58.20,-6.25,0.66
2024/01/01 16:11:47.31,79.31,-31.77,-55.13,-58.16,58.41,-5.91,1.21
2024/01/01 16:11:47.32,79.32,-31.56,-55.00,-57.99,58.18,-5.72,1.81
2024/01/01 16:11:47.33,79.33,-31.35,-54.83,-57.83,57.99,-5.60,1.99
2024/01/01 16:11:47.34,79.34,-31.12,-54.59,-57.71,57.84,-5.23,1.72
2024/01/01 16:11:47.35,79.35,-30.92,-54.27,-57.63,57.45,-4.79,1.34
2024/01/01 16:11:47.36,79.36,-30.78,-53.91,-57.58,56.77,-4.75,0.96
2024/01/01 16:11:47.37,79.37,-30.74,-53.56,-57.56,55.99,-5.15,0.51
2024/01/01 16:11:47.38,79.38,-30.80,-53.32,-57.62,55.49,-5.92,0.15
2024/01/01 16:11:47.39,79.39,-30.93,-53.29,-57.70,55.72,-7.06,0.33
2024/01/01 16:11:47.40,79.40,-31.00,-53.47,-57.74,56.67,-8.18,1.07
2024/01/01 16:11:47.41,79.41,-31.02,-53.80,-57.76,57.81,-8.81,1.70
2024/01/01 16:11:47.42,79.42,-31.00,-54.16,-57.78,58.60,-8.77,1.75
2024/01/01 16:11:47.43,79.43,-30.94,-54.43,-57.83,58.73,-7.92,1.53
2024/01/01 16:11:47.44,79.44,-30.89,-54.58,-57.91,58.19,-6.37,1.45
2024/01/01 16:11:47.45,79.45,-30.85,-54.59,-58.01,57.30,-4.62,1.40
2024/01/01 16:11:47.46,79.46,-30.81,-54.43,-58.07,56.46,-3.06,1.11
2024/01/01 16:11:47.47,79.47,-30.75,-54.14,-58.13,55.82,-1.92,0.55
2024/01/01 16:11:47.48,79.48,-30.65,-53.87,-58.23,55.14,-1.59,-0.13
2024/01/01 16:11:47.49,79.49,-30.52,-53.68,-58.39,54.41,-2.42,-0.63
2024/01/01 16:11:47.50,79.50,-30.38,-53.61,-58.58,54.00,-4.35,-0.60
2024/01/01 16:11:47.51,79.51,-30.30,-53.62,-58.71,54.27,-6.77,0.09
2024/01/01 16:11:47.52,79.52,-30.30,-53.63,-58.77,55.35,-8.92,1.05
2024/01/01 16:11:47.53,79.53,-30.38,-53.61,-58.85,57.19,-10.23,1.35
2024/01/01 16:11:47.54,79.54,-30.44,-53.66,-58.99,59.37,-10.33,0.68
2024/01/01 16:11:47.55,79.55,-30.50,-53.85,-59.12,61.03,-9.07,-0.08
2024/01/01 16:11:47.56,79.56,-30.55,-54.16,-59.19,61.49,-7.00,-0.25
2024/01/01 16:11:47.57,79.57,-30.57,-54.51,-59.18,60.74,-4.98,-0.41
2024/01/01 16:11:47.58,79.58,-30.56,-54.87,-59.11,59.40,-3.55,-0.93
2024/01/01 16:11:47.59,79.59,-30.62,-55.18,-59.02,58.26,-3.11,-1.08
2024/01/01 16:11:47.60,79.60,-30.78,-55.37,-58.94,57.75,-3.97,-0.45
2024/01/01 16:11:47.61,79.61,-30.93,-55.39,-58.86,57.83,-5.73,0.36
2024/01/01 16:11:47.62,79.62,-31.01,-55.36,-58.79,58.13,-7.50,0.89
2024/01/01 16:11:47.63,79.63,-30.99,-55.38,-58.75,58.26,-8.68,1.00
2024/01/01 16:11:47.64,79.64,-30.90,-55.46,-58.77,58.09,-9.21,0.59
2024/01/01 16:11:47.65,79.65,-30.86,-55.61,-58.83,57.79,-9.28,-0.06
2024/01/01 16:11:47.66,79.66,-30.94,-55.83,-58.94,57.32,-9.16,-0.50
2024/01/01 16:11:47.67,79.67,-31.14,-56.02,-59.09,56.54,-9.26,-0.66
2024/01/01 16:11:47.68,79.68,-31.41,-56.09,-59.29,55.43,-9.79,-0.67
2024/01/01 16:11:47.69,79.69,-31.76,-56.15,-59.43,54.01,-10.28,-0.46
2024/01/01 16:11:47.70,79.70,-32.15,-56.23,-59.47,52.56,-10.21,-0.08
2024/01/01 16:11:47.71,79.71,-32.51,-56.27,-59.50,51.80,-9.57,0.05
2024/01/01 16:11:47.72,79.72,-32.80,-56.29,-59.61,52.17,-8.67,-0.38
2024/01/01 16:11:47.73,79.73,-33.06,-56.33,-59.74,53.43,-7.99,-0.97
2024/01/01 16:11:47.74,79.74,-33.25,-56.39,-59.82,54.95,-7.95,-1.24
2024/01/01 16:11:47.75,79.75,-33.27,-56.50,-59.92,56.02,-8.56,-1.27
2024/01/01 16:11:47.76,79.76,-33.09,-56.71,-60.07,56.43,-9.73,-1.23
2024/01/01 16:11:47.77,79.77,-32.78,-56.96,-60.20,56.33,-10.99,-0.95
2024/01/01 16:11:47.78,79.78,-32.52,-57.21,-60.24,55.94,-11.60,-0.49
2024/01/01 16:11:47.79,79.79,-32.42,-57.42,-60.20,55.46,-11.61,-0.33
2024/01/01 16:11:47.80,79.80,-32.45,-57.59,-60.21,55.11,-11.37,-0.91
2024/01/01 16:11:47.81,79.81,-32.52,-57.65,-60.31,54.96,-10.64,-1.95
2024/01/01 16:11:47.82,79.82,-32.61,-57.62,-60.41,54.89,-9.46,-2.47
2024/01/01 16:11:47.83,79.83,-32.75,-57.55,-60.54,54.74,-8.31,-2.19
2024/01/01 16:11:47.84,79.84,-32.88,-57.46,-60.67,54.52,-7.22,-1.85
2024/01/01 16:11:47.85,79.85,-32.93,-57.34,-60.71,54.53,-6.30,-1.69
2024/01/01 16:11:47.86,79.86,-32.93,-57.24,-60.67,55.17,-6.15,-1.39
2024/01/01 16:11:47.87,79.87,-32.95,-57.18,-60.63,56.33,-7.22,-1.11
2024/01/01 16:11:47.88,79.88,-32.98,-57.12,-60.56,57.30,-9.42,-1.18
2024/01/01 16:11:47.89,79.89,-32.96,-57.05,-60.46,57.38,-12.02,-1.36
2024/01/01 16:11:47.90,79.90,-32.83,-57.01,-60.38,56.54,-14.14,-1.41
2024/01/01 16:11:47.91,79.91,-32.66,-56.96,-60.36,55.34,-15.48,-1.48
2024/01/01 16:11:47.92,79.92,-32.48,-56.82,-60.35,54.33,-15.82,-1.40
2024/01/01 16:11:47.93,79.93,-32.35,-56.59,-60.32,53.87,-14.85,-0.93
2024/01/01 16:11:47.94,79.94,-32.26,-56.38,-60.23,54.20,-12.80,-0.63
2024/01/01 16:11:47.95,79.95,-32.23,-56.24,-60.12,54.76,-10.36,-0.96
2024/01/01 16:11:47.96,79.96,-32.25,-56.13,-60.04,54.67,-8.11,-1.49
2024/01/01 16:11:47.97,79.97,-32.21,-56.00,-60.02,53.89,-6.46,-1.74
2024/01/01 16:11:47.98,79.98,-32.10,-55.84,-60.02,53.04,-5.37,-1.58
2024/01/01 16:11:47.99,79.99,-31.95,-55.64,-60.04,52.69,-4.77,-0.96
2024/01/01 16:11:48.00,80.00,-31.82,-55.40,-60.13,53.27,-4.77,-0.39
2024/01/01 16:11:48.01,80.01,-31.79,-55.16,-60.30,54.71,-4.97,-0.50
2024/01/01 16:11:48.02,80.02,-31.93,-54.95,-60.50,56.46,-4.96,-0.96
2024/01/01 16:11:48.03,80.03,-32.19,-54.83,-60.67,57.84,-5.16,-1.37
2024/01/01 16:11:48.04,80.04,-32.39,-54.78,-60.77,58.24,-5.80,-1.94
2024/01/01 16:11:48.05,80.05,-32.42,-54.72,-60.78,57.67,-6.52,-2.47
2024/01/01 16:11:48.06,80.06,-32.25,-54.57,-60.73,56.74,-7.06,-2.46
2024/01/01 16:11:48.07,80.07,-31.95,-54.31,-60.70,56.09,-7.03,-2.00
2024/01/01 16:11:48.08,80.08,-31.66,-54.03,-60.68,56.08,-6.31,-1.41
2024/01/01 16:11:48.09,80.09,-31.47,-53.85,-60.63,56.77,-5.49,-0.95
2024/01/01 16:11:48.10,80.10,-31.32,-53.75,-60.55,57.61,-4.78,-0.88
2024/01/01 16:11:48.11,80.11,-31.13,-53.64,-60.43,57.78,-4.19,-1.22
2024/01/01 16:11:48.12,80.12,-30.91,-53.56,-60.28,56.97,-4.12,-1.80
2024/01/01 16:11:48.13,80.13,-30.73,-53.64,-60.12,55.49,-4.54,-2.40
2024/01/01 16:11:48.14,80.14,-30.66,-53.88,-59.96,54.09,-5.31,-2.64
2024/01/01 16:11:48.15,80.15,-30.68,-54.12,-59.83,53.57,-6.57,-2.34
2024/01/01 16:11:48.16,80.16,-30.74,-54.24,-59.76,54.12,-8.06,-1.77
2024/01/01 16:11:48.17,80.17,-30.81,-54.28,-59.78,55.28,-9.26,-1.22
2024/01/01 16:11:48.18,80.18,-30.93,-54.33,-59.83,56.39,-10.04,-0.75
2024/01/01 16:11:48.19,80.19,-31.10,-54.46,-59.88,56.92,-10.25,-0.42
2024/01/01 16:11:48.20,80.20,-31.25,-54.62,-59.94,56.94,-9.56,-0.45
2024/01/01 16:11:48.21,80.21,-31.39,-54.79,-60.03,57.08,-8.04,-0.80
2024/01/01 16:11:48.22,80.22,-31.52,-55.01,-60.15,57.72,-6.40,-1.05
2024/01/01 16:11:48.23,80.23,-31.58,-55.23,-60.33,58.60,-5.40,-0.98
2024/01/01 16:11:48.24,80.24,-31.53,-55.40,-60.58,59.20,-5.16,-0.82
2024/01/01 16:11:48.25,80.25,-31.39,-55.49,-60.79,59.22,-5.28,-0.83
2024/01/01 16:11:48.26,80.26,-31.21,-55.46,-60.94,58.57,-5.48,-0.91
2024/01/01 16:11:48.27,80.27,-31.07,-55.34,-61.07,57.44,-5.98,-1.16
2024/01/01 16:11:48.28,80.28,-31.00,-55.32,-61.16,56.39,-6.94,-1.79
2024/01/01 16:11:48.29,80.29,-30.94,-55.48,-61.14,55.68,-8.03,-2.29
2024/01/01 16:11:48.30,80.30,-30.87,-55.72,-61.05,55.05,-8.80,-2.18
2024/01/01 16:11:48.31,80.31,-30.81,-55.96,-60.91,54.27,-9.18,-1.99
2024/01/01 16:11:48.32,80.32,-30.81,-56.16,-60.72,53.48,-9.19,-1.96
2024/01/01 16:11:48.33,80.33,-30.85,-56.33,-60.52,53.30,-8.86,-1.69
2024/01/01 16:11:48.34,80.34,-30.92,-56.56,-60.39,54.21,-8.36,-1.36
2024/01/01 16:11:48.35,80.35,-30.96,-56.90,-60.33,56.01,-7.85,-1.24
2024/01/01 16:11:48.36,80.36,-30.95,-57.31,-60.29,57.84,-7.56,-1.19
2024/01/01 16:11:48.37,80.37,-30.92,-57.71,-60.19,58.69,-7.84,-1.26
2024/01/01 16:11:48.38,80.38,-30.94,-57.98,-60.05,58.11,-8.78,-1.54
2024/01/01 16:11:48.39,80.39,-31.00,-58.09,-59.93,56.76,-10.09,-1.77
2024/01/01 16:11:48.40,80.40,-30.99,-58.10,-59.85,55.74,-11.25,-1.74
2024/01/01 16:11:48.41,80.41,-30.84,-58.11,-59.80,55.68,-11.96,-1.38
2024/01/01 16:11:48.42,80.42,-30.62,-58.09,-59.77,56.45,-12.26,-0.89
2024/01/01 16:11:48.43,80.43,-30.44,-57.96,-59.73,57.37,-12.05,-0.80
2024/01/01 16:11:48.44,80.44,-30.34,-57.69,-59.67,57.86,-11.61,-1.08
2024/01/01 16:11:48.45,80.45,-30.37,-57.38,-59.64,57.95,-11.64,-1.18
2024/01/01 16:11:48.46,80.46,-30.50,-57.17,-59.56,58.13,-12.18,-1.12
2024/01/01 16:11:48.47,80.47,-30.64,-57.10,-59.43,58.72,-12.71,-1.07
2024/01/01 16:11:48.48,80.48,-30.68,-57.10,-59.30,59.44,-12.66,-0.97
2024/01/01 16:11:48.49,80.49,-30.64,-57.12,-59.22,59.77,-11.68,-0.81
2024/01/01 16:11:48.50,80.50,-30.60,-57.18,-59.21,59.55,-10.19,-0.48
2024/01/01 16:11:48.51,80.51,-30.59,-57.24,-59.25,58.95,-8.93,0.03
2024/01/01 16:11:48.52,80.52,-30.57,-57.27,-59.27,58.26,-8.00,0.39
2024/01/01 16:11:48.53,80.53,-30.56,-57.22,-59.25,57.74,-7.47,0.60
2024/01/01 16:11:48.54,80.54,-30.64,-57.13,-59.23,57.42,-7.31,0.69
2024/01/01 16:11:48.55,80.55,-30.77,-57.03,-59.28,57.14,-7.09,0.33
2024/01/01 16:11:48.56,80.56,-30.89,-56.93,-59.42,56.85,-6.72,-0.30
2024/01/01 16:11:48.57,80.57,-31.02,-56.79,-59.54,56.73,-6.37,-0.62
2024/01/01 16:11:48.58,80.58,-31.16,-56.62,-59.57,56.76,-6.01,-0.53
2024/01/01 16:11:48.59,80.59,-31.28,-56.51,-59.61,56.73,-5.97,-0.35
2024/01/01 16:11:48.60,80.60,-31.34,-56.51,-59.71,56.56,-6.64,-0.37
2024/01/01 16:11:48.61,80.61,-31.34,-56.55,-59.75,56.30,-7.84,-0.45
2024/01/01 16:11:48.62,80.62,-31.27,-56.53,-59.73,55.97,-9.19,-0.21
2024/01/01 16:11:48.63,80.63,-31.15,-56.46,-59.69,55.58,-10.35,0.04
2024/01/01 16:11:48.64,80.64,-31.09,-56.45,-59.70,55.02,-11.05,-0.09
2024/01/01 16:11:48.65,80.65,-31.13,-56.56,-59.73,54.13,-11.12,-0.17
2024/01/01 16:11:48.66,80.66,-31.21,-56.77,-59.79,53.12,-10.57,0.00
2024/01/01 16:11:48.67,80.67,-31.27,-57.02,-59.86,52.50,-9.61,-0.09
2024/01/01 16:11:48.68,80.68,-31.28,-57.31,-59.92,52.68,-8.64,-0.58
2024/01/01 16:11:48.69,80.69,-31.22,-57.63,-59.97,53.68,-8.09,-0.99
2024/01/01 16:11:48.70,80.70,-31.16,-57.92,-60.04,55.11,-8.23,-1.16
2024/01/01 16:11:48.71,80.71,-31.19,-58.14,-60.13,56.60,-8.83,-1.18
2024/01/01 16:11:48.72,80.72,-31.34,-58.27,-60.20,57.92,-9.36,-1.17
2024/01/01 16:11:48.73,80.73,-31.58,-58.35,-60.29,58.93,-9.77,-1.30
2024/01/01 16:11:48.74,80.74,-31.82,-58.39,-60.43,59.66,-10.32,-1.64
2024/01/01 16:11:48.75,80.75,-31.94,-58.39,-60.59,59.98,-11.01,-1.83
2024/01/01 16:11:48.76,80.76,-31.86,-58.33,-60.72,59.73,-11.74,-1.52
2024/01/01 16:11:48.77,80.77,-31.64,-58.23,-60.72,59.05,-12.46,-1.07
2024/01/01 16:11:48.78,80.78,-31.41,-58.10,-60.61,58.35,-13.01,-1.06
2024/01/01 16:11:48.79,80.79,-31.24,-58.01,-60.49,57.98,-13.20,-1.66
2024/01/01 16:11:48.80,80.80,-31.06,-58.00,-60.40,57.98,-13.07,-2.65
2024/01/01 16:11:48.81,80.81,-30.91,-58.05,-60.36,57.84,-12.82,-3.32
2024/01/01 16:11:48.82,80.82,-30.92,-58.08,-60.39,56.96,-12.77,-3.13
2024/01/01 16:11:48.83,80.83,-31.13,-58.08,-60.46,55.25,-13.08,-2.44
2024/01/01 16:11:48.84,80.84,-31.46,-58.05,-60.53,53.36,-13.45,-1.70
2024/01/01 16:11:48.85,80.85,-31.77,-58.02,-60.55,52.30,-13.32,-0.99
2024/01/01 16:11:48.86,80.86,-31.93,-58.00,-60.50,52.73,-12.34,-0.50
2024/01/01 16:11:48.87,80.87,-31.95,-58.00,-60.42,54.48,-10.49,-0.45
2024/01/01 16:11:48.88,80.88,-31.91,-57.96,-60.40,56.75,-8.21,-0.85
2024/01/01 16:11:48.89,80.89,-31.82,-57.92,-60.46,58.60,-6.21,-1.57
2024/01/01 16:11:48.90,80.90,-31.66,-57.90,-60.57,59.65,-5.14,-2.15
2024/01/01 16:11:48.91,80.91,-31.46,-57.88,-60.62,59.84,-5.42,-2.19
2024/01/01 16:11:48.92,80.92,-31.24,-57.78,-60.60,59.15,-7.05,-1.89
2024/01/01 16:11:48.93,80.93,-31.01,-57.52,-60.55,57.75,-9.20,-1.77
2024/01/01 16:11:48.94,80.94,-30.83,-57.09,-60.56,56.02,-10.69,-1.86
2024/01/01 16:11:48.95,80.95,-30.71,-56.63,-60.70,54.50,-11.09,-1.89
2024/01/01 16:11:48.96,80.96,-30.60,-56.33,-60.93,53.80,-10.64,-1.86
2024/01/01 16:11:48.97,80.97,-30.53,-56.27,-61.13,54.22,-9.61,-1.86
2024/01/01 16:11:48.98,80.98,-30.59,-56.41,-61.26,55.52,-8.39,-1.92
2024/01/01 16:11:48.99,80.99,-30.77,-56.68,-61.32,57.04,-7.58,-2.25
2024/01/01 16:11:49.00,81.00,-31.00,-56.99,-61.31,58.08,-7.56,-2.81
2024/01/01 16:11:49.01,81.01,-31.19,-57.24,-61.31,58.42,-8.27,-3.03
2024/01/01 16:11:49.02,81.02,-31.33,-57.38,-61.38,58.30,-9.44,-2.69
2024/01/01 16:11:49.03,81.03,-31.38,-57.42,-61.49,58.06,-10.50,-2.39
2024/01/01 16:11:49.04,81.04,-31.34,-57.39,-61.62,57.89,-10.81,-2.50
2024/01/01 16:11:49.05,81.05,-31.22,-57.34,-61.71,57.79,-10.47,-2.82
2024/01/01 16:11:49.06,81.06,-31.07,-57.35,-61.77,57.68,-9.96,-3.11
2024/01/01 16:11:49.07,81.07,-30.93,-57.44,-61.85,57.54,-9.55,-3.24
2024/01/01 16:11:49.08,81.08,-30.87,-57.51,-61.92,57.24,-9.27,-3.04
2024/01/01 16:11:49.09,81.09,-30.89,-57.53,-61.93,56.75,-9.23,-2.50
2024/01/01 16:11:49.10,81.10,-31.01,-57.52,-61.92,56.31,-9.45,-2.01
2024/01/01 16:11:49.11,81.11,-31.16,-57.48,-61.90,56.09,-9.85,-2.05
2024/01/01 16:11:49.12,81.12,-31.29,-57.39,-61.85,56.27,-10.18,-2.44
2024/01/01 16:11:49.13,81.13,-31.39,-57.33,-61.82,56.95,-10.18,-2.62
2024/01/01 16:11:49.14,81.14,-31.54,-57.39,-61.79,57.80,-9.77,-2.44
2024/01/01 16:11:49.15,81.15,-31.75,-57.56,-61.76,58.30,-9.24,-2.29
2024/01/01 16:11:49.16,81.16,-31.92,-57.77,-61.78,58.03,-8.91,-2.40
2024/01/01 16:11:49.17,81.17,-31.99,-57.99,-61.85,57.05,-8.96,-2.67
2024/01/01 16:11:49.18,81.18,-31.99,-58.17,-61.93,55.74,-9.64,-2.86
2024/01/01 16:11:49.19,81.19,-31.97,-58.24,-62.01,54.38,-10.89,-2.78
2024/01/01 16:11:49.20,81.20,-31.94,-58.18,-62.04,53.26,-12.23,-2.70
2024/01/01 16:11:49.21,81.21,-31.89,-58.02,-62.02,52.82,-13.19,-3.01
2024/01/01 16:11:49.22,81.22,-31.78,-57.84,-61.99,53.23,-13.42,-3.46
2024/01/01 16:11:49.23,81.23,-31.57,-57.73,-61.90,54.30,-13.00,-3.65
2024/01/01 16:11:49.24,81.24,-31.35,-57.70,-61.72,55.62,-12.45,-3.49
2024/01/01 16:11:49.25,81.25,-31.20,-57.74,-61.52,56.72,-11.85,-3.19
2024/01/01 16:11:49.26,81.26,-31.18,-57.81,-61.36,57.30,-10.89,-3.16
2024/01/01 16:11:49.27,81.27,-31.26,-57.95,-61.25,57.31,-9.60,-3.23
2024/01/01 16:11:49.28,81.28,-31.32,-58.18,-61.21,56.82,-8.32,-2.83
2024/01/01 16:11:49.29,81.29,-31.32,-58.48,-61.24,56.27,-7.49,-2.23
2024/01/01 16:11:49.30,81.30,-31.31,-58.78,-61.26,56.05,-7.26,-2.08
2024/01/01 16:11:49.31,81.31,-31.34,-59.01,-61.22,56.17,-7.51,-2.09
2024/01/01 16:11:49.32,81.32,-31.40,-59.11,-61.11,56.65,-8.34,-1.91
2024/01/01 16:11:49.33,81.33,-31.44,-59.08,-60.95,57.44,-9.62,-1.88
2024/01/01 16:11:49.34,81.34,-31.44,-58.95,-60.77,58.17,-10.80,-2.05
2024/01/01 16:11:49.35,81.35,-31.42,-58.72,-60.59,58.49,-11.72,-1.96
2024/01/01 16:11:49.36,81.36,-31.43,-58.39,-60.47,58.26,-12.70,-1.64
2024/01/01 16:11:49.37,81.37,-31.42,-58.01,-60.42,57.60,-13.80,-1.42
2024/01/01 16:11:49.38,81.38,-31.36,-57.67,-60.47,56.90,-14.90,-1.26
2024/01/01 16:11:49.39,81.39,-31.29,-57.42,-60.58,56.61,-15.69,-1.12
2024/01/01 16:11:49.40,81.40,-31.29,-57.32,-60.65,56.90,-15.80,-1.08
2024/01/01 16:11:49.41,81.41,-31.33,-57.35,-60.61,57.46,-15.00,-1.11
2024/01/01 16:11:49.42,81.42,-31.35,-57.43,-60.50,57.76,-13.28,-1.33
2024/01/01 16:11:49.43,81.43,-31.30,-57.49,-60.37,57.53,-10.90,-1.91
2024/01/01 16:11:49.44,81.44,-31.17,-57.54,-60.26,56.86,-8.37,-2.32
2024/01/01 16:11:49.45,81.45,-31.05,-57.55,-60.23,55.88,-6.12,-2.14
2024/01/01 16:11:49.46,81.46,-31.06,-57.48,-60.27,54.81,-4.56,-1.75
2024/01/01 16:11:49.47,81.47,-31.20,-57.36,-60.34,54.04,-3.96,-1.56
2024/01/01 16:11:49.48,81.48,-31.34,-57.22,-60.42,53.81,-4.38,-1.48
2024/01/01 16:11:49.49,81.49,-31.37,-57.08,-60.55,54.16,-5.60,-1.43
2024/01/01 16:11:49.50,81.50,-31.31,-56.89,-60.70,55.02,-7.25,-1.34
2024/01/01 16:11:49.51,81.51,-31.20,-56.70,-60.83,56.13,-8.93,-1.17
2024/01/01 16:11:49.52,81.52,-31.10,-56.57,-60.97,57.05,-10.24,-1.18
2024/01/01 16:11:49.53,81.53,-31.06,-56.53,-61.15,57.70,-10.93,-1.44
2024/01/01 16:11:49.54,81.54,-31.10,-56.55,-61.34,58.26,-11.06,-1.59
2024/01/01 16:11:49.55,81.55,-31.20,-56.61,-61.50,58.73,-10.84,-1.51
2024/01/01 16:11:49.56,81.56,-31.27,-56.66,-61.59,58.82,-10.40,-1.69
2024/01/01 16:11:49.57,81.57,-31.28,-56.67,-61.59,58.37,-9.77,-2.36
2024/01/01 16:11:49.58,81.58,-31.28,-56.74,-61.55,57.52,-9.00,-3.08
2024/01/01 16:11:49.59,81.59,-31.36,-56.92,-61.48,56.52,-8.27,-3.41
2024/01/01 16:11:49.60,81.60,-31.54,-57.18,-61.36,55.71,-7.87,-3.19
2024/01/01 16:11:49.61,81.61,-31.74,-57.45,-61.19,55.33,-7.88,-2.57
2024/01/01 16:11:49.62,81.62,-31.89,-57.76,-60.97,55.41,-8.40,-1.97
2024/01/01 16:11:49.63,81.63,-31.92,-58.06,-60.67,55.65,-9.35,-1.69
2024/01/01 16:11:49.64,81.64,-31.86,-58.28,-60.33,55.59,-10.33,-1.45
2024/01/01 16:11:49.65,81.65,-31.80,-58.39,-60.04,55.13,-11.18,-0.99
2024/01/01 16:11:49.66,81.66,-31.83,-58.42,-59.82,54.80,-11.89,-0.57
2024/01/01 16:11:49.67,81.67,-31.95,-58.38,-59.61,54.98,-12.20,-0.40
2024/01/01 16:11:49.68,81.68,-32.14,-58.30,-59.36,55.47,-12.16,-0.42
2024/01/01 16:11:49.69,81.69,-32.32,-58.23,-59.09,55.77,-12.15,-0.64
2024/01/01 16:11:49.70,81.70,-32.43,-58.16,-58.90,55.51,-12.20,-0.87
2024/01/01 16:11:49.71,81.71,-32.41,-58.12,-58.78,54.76,-12.38,-0.59
2024/01/01 16:11:49.72,81.72,-32.31,-58.20,-58.73,54.03,-12.89,0.30
2024/01/01 16:11:49.73,81.73,-32.20,-58.35,-58.72,53.90,-13.45,1.27
2024/01/01 16:11:49.74,81.74,-32.12,-58.49,-58.76,54.66,-13.47,1.61
2024/01/01 16:11:49.75,81.75,-32.09,-58.53,-58.82,55.94,-12.52,1.13
2024/01/01 16:11:49.76,81.76,-32.08,-58.49,-58.90,57.02,-10.83,0.25
2024/01/01 16:11:49.77,81.77,-32.08,-58.43,-58.96,57.41,-9.26,-0.65
2024/01/01 16:11:49.78,81.78,-32.06,-58.41,-58.99,56.92,-8.49,-1.34
2024/01/01 16:11:49.79,81.79,-32.00,-58.41,-59.03,55.78,-8.77,-1.48
2024/01/01 16:11:49.80,81.80,-31.90,-58.38,-59.06,54.73,-10.03,-0.86
2024/01/01 16:11:49.81,81.81,-31.74,-58.32,-59.05,54.43,-11.52,0.04
2024/01/01 16:11:49.82,81.82,-31.55,-58.21,-59.01,55.04,-12.44,0.46
2024/01/01 16:11:49.83,81.83,-31.37,-58.02,-58.93,56.20,-12.64,0.17
2024/01/01 16:11:49.84,81.84,-31.23,-57.80,-58.88,57.26,-11.91,-0.31
2024/01/01 16:11:49.85,81.85,-31.13,-57.58,-58.89,57.73,-10.37,-0.54
2024/01/01 16:11:49.86,81.86,-31.13,-57.36,-58.92,57.74,-8.74,-0.64
2024/01/01 16:11:49.87,81.87,-31.20,-57.13,-58.92,57.67,-7.40,-0.64
2024/01/01 16:11:49.88,81.88,-31.30,-56.94,-58.96,57.82,-6.54,-0.37
2024/01/01 16:11:49.89,81.89,-31.39,-56.78,-59.02,58.31,-6.34,0.05
2024/01/01 16:11:49.90,81.90,-31.44,-56.56,-59.01,58.78,-6.51,0.42
2024/01/01 16:11:49.91,81.91,-31.49,-56.28,-58.91,58.58,-6.85,0.79
2024/01/01 16:11:49.92,81.92,-31.59,-56.04,-58.81,57.76,-7.49,0.87
2024/01/01 16:11:49.93,81.93,-31.75,-55.92,-58.82,57.09,-8.08,0.35
2024/01/01 16:11:49.94,81.94,-31.94,-55.86,-58.96,56.99,-8.45,-0.09
2024/01/01 16:11:49.95,81.95,-32.12,-55.77,-59.17,57.23,-8.91,0.13
2024/01/01 16:11:49.96,81.96,-32.26,-55.64,-59.39,57.40,-9.34,0.37
2024/01/01 16:11:49.97,81.97,-32.31,-55.51,-59.55,57.31,-9.34,-0.01
2024/01/01 16:11:49.98,81.98,-32.26,-55.45,-59.65,56.82,-8.92,-0.63
2024/01/01 16:11:49.99,81.99,-32.14,-55.47,-59.77,55.94,-8.21,-0.99
2024/01/01 16:11:50.00,82.00,-32.03,-55.53,-59.96,54.86,-7.25,-1.13
2024/01/01 16:11:50.01,82.01,-32.01,-55.57,-60.16,53.80,-6.42,-1.23
2024/01/01 16:11:50.02,82.02,-32.10,-55.63,-60.31,52.63,-6.18,-1.34
2024/01/01 16:11:50.03,82.03,-32.33,-55.72,-60.37,51.36,-6.43,-1.56
2024/01/01 16:11:50.04,82.04,-32.66,-55.86,-60.38,50.41,-6.79,-1.92
2024/01/01 16:11:50.05,82.05,-32.95,-56.06,-60.40,50.18,-7.04,-2.17
2024/01/01 16:11:50.06,82.06,-33.12,-56.28,-60.42,50.72,-7.14,-2.04
2024/01/01 16:11:50.07,82.07,-33.20,-56.53,-60.38,51.95,-7.24,-1.60
2024/01/01 16:11:50.08,82.08,-33.24,-56.80,-60.25,53.63,-7.61,-1.12
2024/01/01 16:11:50.09,82.09,-33.24,-57.02,-60.06,55.44,-8.17,-0.78
2024/01/01 16:11:50.10,82.10,-33.23,-57.17,-59.89,57.22,-8.80,-0.45
2024/01/01 16:11:50.11,82.11,-33.23,-57.29,-59.74,58.58,-9.56,0.07
2024/01/01 16:11:50.12,82.12,-33.24,-57.46,-59.60,59.12,-10.53,0.50
2024/01/01 16:11:50.13,82.13,-33.27,-57.71,-59.50,58.68,-11.50,0.30
2024/01/01 16:11:50.14,82.14,-33.33,-57.97,-59.44,57.37,-12.12,-0.37
2024/01/01 16:11:50.15,82.15,-33.38,-58.22,-59.42,55.72,-12.43,-0.78
2024/01/01 16:11:50.16,82.16,-33.43,-58.46,-59.46,54.40,-12.65,-0.64
2024/01/01 16:11:50.17,82.17,-33.50,-58.60,-59.49,53.71,-12.82,-0.35
2024/01/01 16:11:50.18,82.18,-33.55,-58.62,-59.47,53.57,-12.77,-0.17
2024/01/01 16:11:50.19,82.19,-33.58,-58.54,-59.42,53.67,-12.41,-0.07
2024/01/01 16:11:50.20,82.20,-33.59,-58.43,-59.38,53.61,-11.82,-0.16
2024/01/01 16:11:50.21,82.21,-33.61,-58.31,-59.35,53.28,-11.30,-0.39
2024/01/01 16:11:50.22,82.22,-33.61,-58.24,-59.35,52.79,-11.07,-0.56
2024/01/01 16:11:50.23,82.23,-33.57,-58.24,-59.41,52.38,-11.15,-0.81
2024/01/01 16:11:50.24,82.24,-33.49,-58.32,-59.51,52.22,-11.49,-1.14
2024/01/01 16:11:50.25,82.25,-33.43,-58.44,-59.63,52.32,-11.83,-1.18
2024/01/01 16:11:50.26,82.26,-33.43,-58.51,-59.74,52.65,-11.96,-0.94
2024/01/01 16:11:50.27,82.27,-33.47,-58.50,-59.82,53.32,-11.91,-0.82
2024/01/01 16:11:50.28,82.28,-33.50,-58.40,-59.88,54.36,-11.60,-0.84
2024/01/01 16:11:50.29,82.29,-33.51,-58.25,-59.93,55.50,-10.91,-0.69
2024/01/01 16:11:50.30,82.30,-33.54,-58.16,-59.98,56.23,-9.97,-0.29
2024/01/01 16:11:50.31,82.31,-33.54,-58.17,-60.02,56.25,-9.02,0.02
2024/01/01 16:11:50.32,82.32,-33.51,-58.21,-60.05,55.81,-8.25,-0.06
2024/01/01 16:11:50.33,82.33,-33.46,-58.19,-60.07,55.44,-7.94,-0.38
2024/01/01 16:11:50.34,82.34,-33.43,-58.12,-60.11,55.43,-8.33,-0.64
2024/01/01 16:11:50.35,82.35,-33.44,-58.05,-60.17,55.57,-9.36,-0.86
2024/01/01 16:11:50.36,82.36,-33.46,-58.03,-60.22,55.42,-10.62,-1.03
2024/01/01 16:11:50.37,82.37,-33.47,-58.01,-60.23,54.85,-11.62,-1.03
2024/01/01 16:11:50.38,82.38,-33.44,-57.93,-60.19,53.99,-12.07,-0.91
2024/01/01 16:11:50.39,82.39,-33.39,-57.75,-60.15,53.23,-12.04,-0.90
2024/01/01 16:11:50.40,82.40,-33.35,-57.55,-60.12,53.03,-11.83,-1.06
2024/01/01 16:11:50.41,82.41,-33.32,-57.38,-60.08,53.43,-11.73,-1.18
2024/01/01 16:11:50.42,82.42,-33.27,-57.21,-60.01,53.99,-11.65,-1.09
2024/01/01 16:11:50.43,82.43,-33.21,-57.06,-59.87,54.09,-11.20,-0.82
2024/01/01 16:11:50.44,82.44,-33.10,-57.01,-59.69,53.59,-10.19,-0.56
2024/01/01 16:11:50.45,82.45,-32.91,-57.09,-59.57,53.04,-8.97,-0.56
2024/01/01 16:11:50.46,82.46,-32.68,-57.21,-59.54,53.04,-8.19,-0.67
2024/01/01 16:11:50.47,82.47,-32.49,-57.30,-59.59,53.78,-8.26,-0.66
2024/01/01 16:11:50.48,82.48,-32.36,-57.32,-59.66,54.99,-9.06,-0.67
2024/01/01 16:11:50.49,82.49,-32.23,-57.33,-59.72,56.11,-10.02,-0.95
2024/01/01 16:11:50.50,82.50,-32.11,-57.40,-59.74,56.73,-10.71,-1.44
2024/01/01 16:11:50.51,82.51,-31.98,-57.57,-59.80,56.84,-10.94,-1.74
2024/01/01 16:11:50.52,82.52,-31.89,-57.80,-59.92,56.64,-10.64,-1.61
2024/01/01 16:11:50.53,82.53,-31.84,-58.00,-60.02,56.46,-10.07,-1.19
2024/01/01 16:11:50.54,82.54,-31.79,-58.09,-60.02,56.50,-9.73,-0.63
2024/01/01 16:11:50.55,82.55,-31.66,-58.09,-60.00,56.64,-9.65,-0.16
2024/01/01 16:11:50.56,82.56,-31.47,-58.03,-59.98,56.78,-9.54,-0.07
2024/01/01 16:11:50.57,82.57,-31.26,-57.93,-59.94,56.95,-9.26,-0.30
2024/01/01 16:11:50.58,82.58,-31.05,-57.77,-59.88,57.12,-8.89,-0.57
2024/01/01 16:11:50.59,82.59,-30.82,-57.56,-59.82,57.30,-8.89,-0.84
2024/01/01 16:11:50.60,82.60,-30.61,-57.34,-59.73,57.55,-9.51,-1.01
2024/01/01 16:11:50.61,82.61,-30.46,-57.17,-59.61,57.81,-10.58,-0.75
2024/01/01 16:11:50.62,82.62,-30.43,-57.08,-59.49,58.07,-11.89,-0.12
2024/01/01 16:11:50.63,82.63,-30.51,-57.10,-59.42,58.35,-13.03,0.25
2024/01/01 16:11:50.64,82.64,-30.67,-57.26,-59.35,58.48,-13.49,0.16
2024/01/01 16:11:50.65,82.65,-30.86,-57.55,-59.32,58.25,-13.20,-0.06
2024/01/01 16:11:50.66,82.66,-31.05,-57.85,-59.37,57.66,-12.13,-0.24
2024/01/01 16:11:50.67,82.67,-31.26,-58.03,-59.44,56.99,-10.25,-0.24
2024/01/01 16:11:50.68,82.68,-31.48,-58.05,-59.47,56.61,-7.85,0.02
2024/01/01 16:11:50.69,82.69,-31.65,-57.96,-59.42,56.61,-5.59,0.27
2024/01/01 16:11:50.70,82.70,-31.71,-57.87,-59.35,56.75,-4.37,0.30
2024/01/01 16:11:50.71,82.71,-31.67,-57.80,-59.31,56.80,-4.68,0.24
2024/01/01 16:11:50.72,82.72,-31.64,-57.75,-59.32,56.49,-6.05,0.17
2024/01/01 16:11:50.73,82.73,-31.65,-57.68,-59.37,55.88,-7.89,0.08
2024/01/01 16:11:50.74,82.74,-31.65,-57.57,-59.48,55.45,-9.92,-0.15
2024/01/01 16:11:50.75,82.75,-31.66,-57.40,-59.66,55.44,-11.63,-0.62
2024/01/01 16:11:50.76,82.76,-31.72,-57.19,-59.86,55.63,-12.74,-1.17
2024/01/01 16:11:50.77,82.77,-31.80,-57.01,-60.06,55.65,-13.40,-1.48
2024/01/01 16:11:50.78,82.78,-31.84,-56.86,-60.20,55.32,-13.59,-1.37
2024/01/01 16:11:50.79,82.79,-31.84,-56.78,-60.27,54.88,-13.22,-0.97
2024/01/01 16:11:50.80,82.80,-31.83,-56.78,-60.26,54.90,-12.34,-0.64
2024/01/01 16:11:50.81,82.81,-31.80,-56.85,-60.16,55.53,-11.00,-0.65
2024/01/01 16:11:50.82,82.82,-31.72,-57.00,-60.00,56.40,-9.54,-0.98
2024/01/01 16:11:50.83,82.83,-31.59,-57.24,-59.82,56.98,-8.42,-1.47
2024/01/01 16:11:50.84,82.84,-31.41,-57.58,-59.69,56.90,-7.95,-1.86
2024/01/01 16:11:50.85,82.85,-31.25,-57.94,-59.62,56.26,-8.19,-1.81
2024/01/01 16:11:50.86,82.86,-31.17,-58.24,-59.55,55.55,-8.81,-1.20
2024/01/01 16:11:50.87,82.87,-31.17,-58.43,-59.43,55.33,-9.18,-0.30
2024/01/01 16:11:50.88,82.88,-31.18,-58.50,-59.28,56.00,-9.05,0.29
2024/01/01 16:11:50.89,82.89,-31.13,-58.43,-59.18,57.27,-8.61,0.21
2024/01/01 16:11:50.90,82.90,-31.03,-58.26,-59.13,58.41,-8.27,-0.21
2024/01/01 16:11:50.91,82.91,-30.88,-58.05,-59.09,59.00,-8.49,-0.50
2024/01/01 16:11:50.92,82.92,-30.69,-57.82,-59.04,59.11,-9.31,-0.68
2024/01/01 16:11:50.93,82.93,-30.49,-57.65,-58.98,59.03,-10.42,-0.77
2024/01/01 16:11:50.94,82.94,-30.29,-57.58,-58.93,59.16,-11.65,-0.60
2024/01/01 16:11:50.95,82.95,-30.12,-57.57,-58.94,59.61,-12.73,-0.21
2024/01/01 16:11:50.96,82.96,-29.95,-57.58,-59.04,60.01,-13.40,0.16
2024/01/01 16:11:50.97,82.97,-29.79,-57.62,-59.17,60.00,-13.69,0.31
2024/01/01 16:11:50.98,82.98,-29.70,-57.77,-59.30,59.41,-13.48,0.19
2024/01/01 16:11:50.99,82.99,-29.68,-58.03,-59.44,58.24,-12.65,-0.07
2024/01/01 16:11:51.00,83.00,-29.72,-58.28,-59.58,56.96,-11.54,-0.51
2024/01/01 16:11:51.01,83.01,-29.79,-58.45,-59.74,56.12,-10.39,-1.20
2024/01/01 16:11:51.02,83.02,-29.85,-58.53,-59.90,55.96,-9.26,-1.79
2024/01/01 16:11:51.03,83.03,-29.90,-58.54,-60.00,56.35,-8.49,-2.01
2024/01/01 16:11:51.04,83.04,-29.94,-58.48,-60.04,56.97,-8.25,-1.97
2024/01/01 16:11:51.05,83.05,-30.02,-58.36,-60.08,57.57,-8.19,-1.76
2024/01/01 16:11:51.06,83.06,-30.18,-58.21,-60.11,58.11,-8.03,-1.48
2024/01/01 16:11:51.07,83.07,-30.37,-58.10,-60.07,58.63,-7.95,-1.23
2024/01/01 16:11:51.08,83.08,-30.55,-57.98,-59.96,59.24,-8.26,-0.99
2024/01/01 16:11:51.09,83.09,-30.68,-57.84,-59.86,59.84,-8.95,-0.85
2024/01/01 16:11:51.10,83.10,-30.75,-57.70,-59.74,60.03,-9.75,-0.81
2024/01/01 16:11:51.11,83.11,-30.80,-57.58,-59.59,59.51,-10.49,-0.60
2024/01/01 16:11:51.12,83.12,-30.88,-57.44,-59.46,58.38,-11.01,-0.35
2024/01/01 16:11:51.13,83.13,-31.00,-57.29,-59.34,57.20,-11.15,-0.45
2024/01/01 16:11:51.14,83.14,-31.23,-57.15,-59.25,56.48,-10.94,-0.76
2024/01/01 16:11:51.15,83.15,-31.58,-57.07,-59.19,56.19,-10.55,-0.81
2024/01/01 16:11:51.16,83.16,-31.93,-57.05,-59.17,55.98,-10.30,-0.66
2024/01/01 16:11:51.17,83.17,-32.19,-57.11,-59.15,55.76,-10.37,-0.59
2024/01/01 16:11:51.18,83.18,-32.31,-57.21,-59.15,55.57,-10.53,-0.55
2024/01/01 16:11:51.19,83.19,-32.27,-57.31,-59.19,55.49,-10.55,-0.38
2024/01/01 16:11:51.20,83.20,-32.09,-57.38,-59.24,55.58,-10.49,-0.19
2024/01/01 16:11:51.21,83.21,-31.90,-57.38,-59.23,55.69,-10.21,-0.02
2024/01/01 16:11:51.22,83.22,-31.80,-57.34,-59.21,55.57,-9.56,-0.00
2024/01/01 16:11:51.23,83.23,-31.81,-57.25,-59.20,55.01,-8.68,-0.47
2024/01/01 16:11:51.24,83.24,-31.91,-57.17,-59.18,54.03,-7.82,-1.17
2024/01/01 16:11:51.25,83.25,-32.02,-57.14,-59.14,52.96,-7.26,-1.34
2024/01/01 16:11:51.26,83.26,-32.09,-57.15,-59.08,52.24,-7.19,-0.99
2024/01/01 16:11:51.27,83.27,-32.06,-57.12,-59.04,52.26,-7.52,-0.62
2024/01/01 16:11:51.28,83.28,-31.93,-57.02,-59.00,53.25,-7.96,-0.21
2024/01/01 16:11:51.29,83.29,-31.74,-56.89,-58.91,55.11,-8.25,0.42
2024/01/01 16:11:51.30,83.30,-31.52,-56.76,-58.79,57.36,-8.39,1.02
2024/01/01 16:11:51.31,83.31,-31.36,-56.63,-58.69,59.32,-8.58,1.20
2024/01/01 16:11:51.32,83.32,-31.28,-56.51,-58.64,60.48,-8.89,0.88
2024/01/01 16:11:51.33,83.33,-31.23,-56.48,-58.64,60.60,-9.38,0.44
2024/01/01 16:11:51.34,83.34,-31.18,-56.53,-58.65,59.78,-10.20,0.19
2024/01/01 16:11:51.35,83.35,-31.13,-56.63,-58.68,58.48,-11.25,0.06
2024/01/01 16:11:51.36,83.36,-31.11,-56.74,-58.74,57.32,-11.99,-0.07
2024/01/01 16:11:51.37,83.37,-31.16,-56.80,-58.77,56.69,-11.95,-0.11
2024/01/01 16:11:51.38,83.38,-31.20,-56.76,-58.76,56.62,-11.17,0.21
2024/01/01 16:11:51.39,83.39,-31.19,-56.64,-58.70,56.85,-10.08,0.80
2024/01/01 16:11:51.40,83.40,-31.18,-56.51,-58.63,57.14,-8.88,1.12
2024/01/01 16:11:51.41,83.41,-31.26,-56.38,-58.56,57.38,-7.58,1.04
2024/01/01 16:11:51.42,83.42,-31.48,-56.28,-58.51,57.37,-6.58,0.87
2024/01/01 16:11:51.43,83.43,-31.78,-56.26,-58.50,57.01,-6.37,0.77
2024/01/01 16:11:51.44,83.44,-32.09,-56.26,-58.56,56.43,-6.94,0.52
2024/01/01 16:11:51.45,83.45,-32.33,-56.21,-58.72,55.71,-7.90,0.09
2024/01/01 16:11:51.46,83.46,-32.53,-56.14,-58.97,54.89,-8.91,-0.15
2024/01/01 16:11:51.47,83.47,-32.69,-56.17,-59.26,54.13,-9.72,0.04
2024/01/01 16:11:51.48,83.48,-32.80,-56.33,-59.52,53.78,-10.03,0.34
2024/01/01 16:11:51.49,83.49,-32.83,-56.52,-59.68,54.01,-9.77,0.27
2024/01/01 16:11:51.50,83.50,-32.74,-56.65,-59.75,54.59,-9.13,-0.24
2024/01/01 16:11:51.51,83.51,-32.59,-56.74,-59.80,54.99,-8.39,-0.79
2024/01/01 16:11:51.52,83.52,-32.53,-56.87,-59.87,54.90,-7.79,-1.06
2024/01/01 16:11:51.53,83.53,-32.60,-57.03,-59.95,54.39,-7.47,-1.21
2024/01/01 16:11:51.54,83.54,-32.76,-57.17,-60.02,53.84,-7.35,-1.41
2024/01/01 16:11:51.55,83.55,-32.94,-57.22,-60.03,53.72,-7.36,-1.55
2024/01/01 16:11:51.56,83.56,-33.08,-57.20,-59.97,54.05,-7.66,-1.45
2024/01/01 16:11:51.57,83.57,-33.16,-57.13,-59.87,54.41,-8.43,-1.17
2024/01/01 16:11:51.58,83.58,-33.13,-56.99,-59.80,54.55,-9.56,-0.97
2024/01/01 16:11:51.59,83.59,-33.03,-56.84,-59.75,54.58,-10.66,-0.81
2024/01/01 16:11:51.60,83.60,-32.94,-56.75,-59.69,54.72,-11.50,-0.41
2024/01/01 16:11:51.61,83.61,-32.87,-56.74,-59.62,55.03,-12.10,0.02
2024/01/01 16:11:51.62,83.62,-32.80,-56.74,-59.54,55.44,-12.51,0.02
2024/01/01 16:11:51.63,83.63,-32.74,-56.70,-59.47,55.72,-12.73,-0.23
2024/01/01 16:11:51.64,83.64,-32.75,-56.63,-59.38,55.69,-12.79,-0.31
2024/01/01 16:11:51.65,83.65,-32.78,-56.54,-59.28,55.50,-12.43,-0.25
2024/01/01 16:11:51.66,83.66,-32.76,-56.45,-59.18,55.47,-11.36,-0.21
2024/01/01 16:11:51.67,83.67,-32.66,-56.37,-59.07,55.79,-9.65,-0.15
2024/01/01 16:11:51.68,83.68,-32.44,-56.27,-58.97,56.33,-7.65,0.02
2024/01/01 16:11:51.69,83.69,-32.17,-56.14,-58.90,56.67,-5.92,0.18
2024/01/01 16:11:51.70,83.70,-31.94,-56.02,-58.88,56.53,-5.10,0.15
2024/01/01 16:11:51.71,83.71,-31.82,-55.96,-58.95,55.95,-5.38,-0.08
2024/01/01 16:11:51.72,83.72,-31.82,-55.91,-59.12,55.23,-6.40,-0.29
2024/01/01 16:11:51.73,83.73,-31.85,-55.81,-59.29,54.69,-7.55,-0.31
2024/01/01 16:11:51.74,83.74,-31.83,-55.65,-59.40,54.45,-8.31,-0.28
2024/01/01 16:11:51.75,83.75,-31.78,-55.50,-59.50,54.50,-8.36,-0.48
2024/01/01 16:11:51.76,83.76,-31.73,-55.43,-59.62,54.83,-7.63,-0.93
2024/01/01 16:11:51.77,83.77,-31.69,-55.43,-59.76,55.40,-6.49,-1.23
2024/01/01 16:11:51.78,83.78,-31.67,-55.49,-59.90,56.09,-5.45,-0.94
2024/01/01 16:11:51.79,83.79,-31.65,-55.57,-59.98,56.71,-4.85,-0.36
2024/01/01 16:11:51.80,83.80,-31.59,-55.70,-59.99,56.95,-4.97,-0.16
2024/01/01 16:11:51.81,83.81,-31.50,-55.86,-60.00,56.66,-5.88,-0.46
2024/01/01 16:11:51.82,83.82,-31.42,-56.01,-60.03,56.04,-7.23,-0.95
2024/01/01 16:11:51.83,83.83,-31.35,-56.12,-60.07,55.52,-8.56,-1.38
2024/01/01 16:11:51.84,83.84,-31.25,-56.17,-60.13,55.49,-9.58,-1.64
2024/01/01 16:11:51.85,83.85,-31.18,-56.21,-60.20,56.05,-10.11,-1.87
2024/01/01 16:11:51.86,83.86,-31.18,-56.30,-60.26,57.02,-10.19,-2.00
2024/01/01 16:11:51.87,83.87,-31.22,-56.48,-60.28,57.95,-10.02,-1.76
2024/01/01 16:11:51.88,83.88,-31.27,-56.74,-60.26,58.28,-9.91,-1.26
2024/01/01 16:11:51.89,83.89,-31.31,-57.02,-60.23,57.91,-10.14,-0.88
2024/01/01 16:11:51.90,83.90,-31.31,-57.25,-60.26,57.32,-10.67,-0.64
2024/01/01 16:11:51.91,83.91,-31.23,-57.41,-60.30,56.91,-11.10,-0.49
2024/01/01 16:11:51.92,83.92,-31.09,-57.47,-60.28,56.82,-11.02,-0.60
2024/01/01 16:11:51.93,83.93,-30.92,-57.45,-60.19,56.92,-10.31,-0.95
2024/01/01 16:11:51.94,83.94,-30.76,-57.40,-60.09,56.94,-9.26,-1.41
2024/01/01 16:11:51.95,83.95,-30.62,-57.39,-60.03,56.69,-8.38,-1.91
2024/01/01 16:11:51.96,83.96,-30.54,-57.39,-59.99,56.25,-8.01,-2.10
2024/01/01 16:11:51.97,83.97,-30.51,-57.42,-59.99,55.88,-8.25,-1.74
2024/01/01 16:11:51.98,83.98,-30.54,-57.54,-60.04,55.88,-9.04,-1.20
2024/01/01 16:11:51.99,83.99,-30.66,-57.77,-60.09,56.18,-10.12,-0.81
2024/01/01 16:11:52.00,84.00,-30.86,-58.05,-60.13,56.57,-11.22,-0.60
2024/01/01 16:11:52.01,84.01,-31.03,-58.30,-60.16,56.98,-12.08,-0.76
2024/01/01 16:11:52.02,84.02,-31.10,-58.44,-60.19,57.43,-12.28,-1.27
2024/01/01 16:11:52.03,84.03,-31.08,-58.45,-60.19,57.99,-11.65,-1.56
2024/01/01 16:11:52.04,84.04,-31.06,-58.40,-60.18,58.60,-10.62,-1.36
2024/01/01 16:11:52.05,84.05,-31.06,-58.32,-60.17,59.11,-9.69,-1.02
2024/01/01 16:11:52.06,84.06,-31.07,-58.21,-60.11,59.32,-9.14,-0.89
2024/01/01 16:11:52.07,84.07,-31.09,-58.08,-59.98,59.05,-9.20,-0.98
2024/01/01 16:11:52.08,84.08,-31.12,-57.96,-59.84,58.39,-10.02,-1.14
2024/01/01 16:11:52.09,84.09,-31.14,-57.84,-59.69,57.53,-11.46,-1.25
2024/01/01 16:11:52.10,84.10,-31.14,-57.70,-59.55,56.65,-12.87,-1.23
2024/01/01 16:11:52.11,84.11,-31.10,-57.53,-59.44,55.96,-13.44,-0.95
2024/01/01 16:11:52.12,84.12,-31.03,-57.38,-59.33,55.77,-12.95,-0.48
2024/01/01 16:11:52.13,84.13,-30.98,-57.29,-59.20,56.02,-11.79,-0.08
2024/01/01 16:11:52.14,84.14,-31.00,-57.30,-59.07,56.26,-10.43,0.17
2024/01/01 16:11:52.15,84.15,-31.13,-57.39,-58.98,56.20,-9.18,0.19
2024/01/01 16:11:52.16,84.16,-31.32,-57.50,-58.94,55.85,-8.18,-0.00
2024/01/01 16:11:52.17,84.17,-31.51,-57.55,-58.96,55.32,-7.66,-0.12
2024/01/01 16:11:52.18,84.18,-31.64,-57.52,-58.98,54.90,-7.82,0.02
2024/01/01 16:11:52.19,84.19,-31.68,-57.44,-58.99,55.11,-8.56,0.14
2024/01/01 16:11:52.20,84.20,-31.64,-57.35,-59.05,56.03,-9.37,0.03
2024/01/01 16:11:52.21,84.21,-31.59,-57.28,-59.17,57.30,-9.84,-0.22
2024/01/01 16:11:52.22,84.22,-31.58,-57.25,-59.34,58.49,-9.97,-0.33
2024/01/01 16:11:52.23,84.23,-31.61,-57.24,-59.54,59.12,-9.79,-0.34
2024/01/01 16:11:52.24,84.24,-31.65,-57.26,-59.70,58.89,-9.42,-0.50
2024/01/01 16:11:52.25,84.25,-31.68,-57.26,-59.84,57.97,-9.14,-0.75
2024/01/01 16:11:52.26,84.26,-31.71,-57.21,-60.00,56.78,-9.06,-0.81
2024/01/01 16:11:52.27,84.27,-31.71,-57.17,-60.16,55.71,-9.08,-0.63
2024/01/01 16:11:52.28,84.28,-31.69,-57.14,-60.31,55.17,-9.14,-0.44
2024/01/01 16:11:52.29,84.29,-31.67,-57.11,-60.43,55.36,-9.06,-0.55
2024/01/01 16:11:52.30,84.30,-31.62,-57.05,-60.55,56.01,-8.82,-1.11
2024/01/01 16:11:52.31,84.31,-31.57,-56.99,-60.67,56.67,-8.80,-1.69
2024/01/01 16:11:52.32,84.32,-31.58,-56.93,-60.80,56.89,-9.04,-1.94
2024/01/01 16:11:52.33,84.33,-31.68,-56.86,-60.90,56.46,-9.44,-2.01
2024/01/01 16:11:52.34,84.34,-31.85,-56.81,-60.94,55.60,-10.10,-2.13
2024/01/01 16:11:52.35,84.35,-32.06,-56.79,-61.02,54.77,-10.86,-2.33
2024/01/01 16:11:52.36,84.36,-32.31,-56.85,-61.14,54.31,-11.34,-2.50
2024/01/01 16:11:52.37,84.37,-32.56,-56.99,-61.25,54.35,-11.64,-2.37
2024/01/01 16:11:52.38,84.38,-32.76,-57.19,-61.23,54.74,-11.74,-2.01
2024/01/01 16:11:52.39,84.39,-32.89,-57.35,-61.10,55.23,-11.33,-1.79
2024/01/01 16:11:52.40,84.40,-32.95,-57.39,-60.95,55.71,-10.47,-1.91
2024/01/01 16:11:52.41,84.41,-32.96,-57.29,-60.83,56.19,-9.41,-2.04
2024/01/01 16:11:52.42,84.42,-32.96,-57.13,-60.74,56.47,-8.41,-1.83
2024/01/01 16:11:52.43,84.43,-32.94,-57.02,-60.65,56.29,-7.81,-1.52
2024/01/01 16:11:52.44,84.44,-32.87,-56.99,-60.54,55.55,-7.74,-1.48
2024/01/01 16:11:52.45,84.45,-32.73,-56.95,-60.41,54.38,-8.12,-1.66
2024/01/01 16:11:52.46,84.46,-32.53,-56.88,-60.33,53.04,-8.90,-1.91
2024/01/01 16:11:52.47,84.47,-32.28,-56.81,-60.30,52.00,-9.80,-2.08
2024/01/01 16:11:52.48,84.48,-32.05,-56.73,-60.25,51.63,-10.41,-1.86
2024/01/01 16:11:52.49,84.49,-31.91,-56.60,-60.14,51.96,-10.51,-1.26
2024/01/01 16:11:52.50,84.50,-31.91,-56.47,-59.99,52.70,-10.12,-0.77
2024/01/01 16:11:52.51,84.51,-31.96,-56.38,-59.84,53.62,-9.50,-0.67
2024/01/01 16:11:52.52,84.52,-31.97,-56.38,-59.70,54.51,-9.04,-0.64
2024/01/01 16:11:52.53,84.53,-31.97,-56.50,-59.60,55.27,-9.02,-0.44
2024/01/01 16:11:52.54,84.54,-32.00,-56.66,-59.55,56.17,-9.40,-0.19
2024/01/01 16:11:52.55,84.55,-32.07,-56.76,-59.52,57.43,-9.67,-0.03
2024/01/01 16:11:52.56,84.56,-32.10,-56.74,-59.49,58.81,-9.39,0.07
2024/01/01 16:11:52.57,84.57,-32.02,-56.66,-59.47,59.94,-8.80,0.17
2024/01/01 16:11:52.58,84.58,-31.89,-56.58,-59.43,60.58,-8.18,0.28
2024/01/01 16:11:52.59,84.59,-31.84,-56.50,-59.38,60.43,-7.59,0.36
2024/01/01 16:11:52.60,84.60,-31.92,-56.38,-59.35,59.43,-7.24,0.35
2024/01/01 16:11:52.61,84.61,-32.06,-56.14,-59.34,58.01,-7.35,0.27
2024/01/01 16:11:52.62,84.62,-32.17,-55.83,-59.31,56.77,-7.79,0.05
2024/01/01 16:11:52.63,84.63,-32.20,-55.57,-59.28,55.85,-8.39,-0.33
2024/01/01 16:11:52.64,84.64,-32.16,-55.43,-59.30,55.05,-8.89,-0.72
2024/01/01 16:11:52.65,84.65,-32.12,-55.37,-59.39,54.33,-8.95,-0.87
2024/01/01 16:11:52.66,84.66,-32.07,-55.35,-59.48,53.84,-8.50,-0.71
2024/01/01 16:11:52.67,84.67,-32.06,-55.35,-59.53,53.74,-7.85,-0.41
2024/01/01 16:11:52.68,84.68,-32.11,-55.47,-59.58,54.16,-7.25,-0.31
2024/01/01 16:11:52.69,84.69,-32.20,-55.73,-59.67,54.84,-6.69,-0.60
2024/01/01 16:11:52.70,84.70,-32.25,-56.07,-59.84,55.12,-6.13,-1.04
2024/01/01 16:11:52.71,84.71,-32.22,-56.36,-60.03,54.59,-5.79,-1.48
2024/01/01 16:11:52.72,84.72,-32.07,-56.54,-60.21,53.50,-5.91,-2.02
2024/01/01 16:11:52.73,84.73,-31.85,-56.61,-60.37,52.53,-6.50,-2.49
2024/01/01 16:11:52.74,84.74,-31.64,-56.64,-60.50,52.39,-7.32,-2.63
2024/01/01 16:11:52.75,84.75,-31.50,-56.63,-60.61,53.36,-8.02,-2.39
2024/01/01 16:11:52.76,84.76,-31.40,-56.60,-60.71,55.01,-8.57,-2.08
2024/01/01 16:11:52.77,84.77,-31.31,-56.57,-60.82,56.56,-9.27,-2.03
2024/01/01 16:11:52.78,84.78,-31.20,-56.61,-60.94,57.48,-10.34,-2.18
2024/01/01 16:11:52.79,84.79,-31.08,-56.68,-61.07,57.74,-11.68,-2.18
2024/01/01 16:11:52.80,84.80,-30.91,-56.81,-61.20,57.69,-12.86,-2.12
2024/01/01 16:11:52.81,84.81,-30.69,-57.03,-61.27,57.83,-13.43,-2.15
2024/01/01 16:11:52.82,84.82,-30.44,-57.33,-61.27,58.45,-13.30,-2.16
2024/01/01 16:11:52.83,84.83,-30.16,-57.61,-61.24,59.31,-12.60,-2.22
2024/01/01 16:11:52.84,84.84,-29.88,-57.84,-61.23,59.91,-11.46,-2.45
2024/01/01 16:11:52.85,84.85,-29.64,-58.07,-61.20,59.99,-10.02,-2.62
2024/01/01 16:11:52.86,84.86,-29.45,-58.29,-61.11,59.50,-8.47,-2.41
2024/01/01 16:11:52.87,84.87,-29.32,-58.42,-61.00,58.70,-7.30,-2.09
2024/01/01 16:11:52.88,84.88,-29.29,-58.44,-60.93,58.12,-6.89,-2.08
2024/01/01 16:11:52.89,84.89,-29.33,-58.36,-60.91,58.19,-7.05,-2.36
2024/01/01 16:11:52.90,84.90,-29.39,-58.27,-60.91,58.84,-7.74,-2.59
2024/01/01 16:11:52.91,84.91,-29.47,-58.25,-60.92,59.74,-9.14,-2.54
2024/01/01 16:11:52.92,84.92,-29.61,-58.30,-60.92,60.51,-10.84,-2.24
2024/01/01 16:11:52.93,84.93,-29.78,-58.35,-60.91,60.87,-12.20,-1.87
2024/01/01 16:11:52.94,84.94,-29.95,-58.36,-60.90,60.86,-13.03,-1.59
2024/01/01 16:11:52.95,84.95,-30.11,-58.35,-60.88,60.61,-13.22,-1.42
2024/01/01 16:11:52.96,84.96,-30.24,-58.31,-60.83,60.12,-12.68,-1.30
2024/01/01 16:11:52.97,84.97,-30.33,-58.24,-60.75,59.20,-11.61,-1.22
2024/01/01 16:11:52.98,84.98,-30.40,-58.18,-60.67,57.76,-10.39,-1.28
2024/01/01 16:11:52.99,84.99,-30.47,-58.17,-60.59,56.03,-9.54,-1.39
2024/01/01 16:11:53.00,85.00,-30.57,-58.28,-60.51,54.56,-9.46,-1.42
2024/01/01 16:11:53.01,85.01,-30.67,-58.45,-60.47,53.81,-9.89,-1.48
2024/01/01 16:11:53.02,85.02,-30.79,-58.61,-60.48,53.85,-10.32,-1.62
2024/01/01 16:11:53.03,85.03,-30.97,-58.70,-60.54,54.36,-10.58,-1.70
2024/01/01 16:11:53.04,85.04,-31.24,-58.69,-60.61,54.80,-10.62,-1.68
2024/01/01 16:11:53.05,85.05,-31.59,-58.64,-60.66,54.86,-10.44,-1.69
2024/01/01 16:11:53.06,85.06,-31.96,-58.59,-60.69,54.80,-10.29,-1.63
2024/01/01 16:11:53.07,85.07,-32.28,-58.51,-60.70,55.06,-10.23,-1.40
2024/01/01 16:11:53.08,85.08,-32.50,-58.38,-60.73,55.74,-10.20,-1.11
2024/01/01 16:11:53.09,85.09,-32.66,-58.25,-60.78,56.68,-10.29,-0.92
2024/01/01 16:11:53.10,85.10,-32.78,-58.19,-60.85,57.55,-10.54,-0.98
2024/01/01 16:11:53.11,85.11,-32.88,-58.19,-60.91,58.02,-10.84,-1.33
2024/01/01 16:11:53.12,85.12,-32.95,-58.18,-60.99,57.98,-11.16,-1.81
2024/01/01 16:11:53.13,85.13,-33.01,-58.10,-61.10,57.44,-11.51,-2.17
2024/01/01 16:11:53.14,85.14,-33.05,-57.98,-61.21,56.54,-11.85,-2.38
2024/01/01 16:11:53.15,85.15,-33.05,-57.86,-61.32,55.50,-12.14,-2.51
2024/01/01 16:11:53.16,85.16,-32.98,-57.80,-61.42,54.41,-12.22,-2.51
2024/01/01 16:11:53.17,85.17,-32.83,-57.84,-61.49,53.46,-11.93,-2.40
2024/01/01 16:11:53.18,85.18,-32.63,-57.96,-61.52,52.92,-11.34,-2.33
2024/01/01 16:11:53.19,85.19,-32.41,-58.08,-61.50,52.75,-10.75,-2.37
2024/01/01 16:11:53.20,85.20,-32.24,-58.13,-61.46,52.75,-10.49,-2.45
2024/01/01 16:11:53.21,85.21,-32.15,-58.12,-61.42,52.83,-10.65,-2.52
2024/01/01 16:11:53.22,85.22,-32.11,-58.08,-61.43,52.90,-10.95,-2.59
2024/01/01 16:11:53.23,85.23,-32.06,-58.04,-61.47,53.03,-11.07,-2.58
2024/01/01 16:11:53.24,85.24,-32.01,-57.98,-61.51,53.41,-10.83,-2.42
2024/01/01 16:11:53.25,85.25,-31.98,-57.85,-61.56,54.17,-10.23,-2.26
2024/01/01 16:11:53.26,85.26,-31.99,-57.65,-61.62,55.25,-9.47,-2.36
2024/01/01 16:11:53.27,85.27,-32.04,-57.46,-61.69,56.54,-8.76,-2.68
2024/01/01 16:11:53.28,85.28,-32.09,-57.34,-61.74,57.75,-8.23,-2.83
2024/01/01 16:11:53.29,85.29,-32.10,-57.30,-61.80,58.49,-8.07,-2.68
2024/01/01 16:11:53.30,85.30,-32.03,-57.34,-61.85,58.58,-8.39,-2.54
2024/01/01 16:11:53.31,85.31,-31.90,-57.42,-61.84,58.16,-9.06,-2.52
2024/01/01 16:11:53.32,85.32,-31.75,-57.46,-61.75,57.52,-9.91,-2.42
2024/01/01 16:11:53.33,85.33,-31.60,-57.43,-61.64,56.96,-10.79,-2.30
2024/01/01 16:11:53.34,85.34,-31.49,-57.32,-61.54,56.68,-11.31,-2.37
2024/01/01 16:11:53.35,85.35,-31.44,-57.17,-61.45,56.62,-11.06,-2.61
2024/01/01 16:11:53.36,85.36,-31.44,-57.01,-61.27,56.54,-10.20,-2.88
2024/01/01 16:11:53.37,85.37,-31.42,-56.91,-60.96,56.24,-9.27,-3.10
2024/01/01 16:11:53.38,85.38,-31.35,-56.86,-60.61,55.77,-8.67,-3.15
2024/01/01 16:11:53.39,85.39,-31.23,-56.88,-60.30,55.29,-8.66,-2.85
2024/01/01 16:11:53.40,85.40,-31.09,-57.02,-60.02,54.92,-9.25,-1.91
2024/01/01 16:11:53.41,85.41,-31.03,-57.25,-59.77,54.71,-10.20,-0.39
2024/01/01 16:11:53.42,85.42,-31.08,-57.50,-59.61,54.68,-11.09,0.85
2024/01/01 16:11:53.43,85.43,-31.20,-57.69,-59.51,54.87,-11.39,1.01
2024/01/01 16:11:53.44,85.44,-31.32,-57.85,-59.41,55.25,-10.77,0.35
2024/01/01 16:11:53.45,85.45,-31.41,-58.09,-59.34,55.67,-9.51,-0.34
2024/01/01 16:11:53.46,85.46,-31.45,-58.43,-59.36,56.02,-8.26,-0.79
2024/01/01 16:11:53.47,85.47,-31.42,-58.71,-59.42,56.44,-7.35,-0.91
2024/01/01 16:11:53.48,85.48,-31.30,-58.84,-59.49,57.21,-6.96,-0.56
2024/01/01 16:11:53.49,85.49,-31.11,-58.85,-59.54,58.38,-7.39,0.01
2024/01/01 16:11:53.50,85.50,-30.92,-58.80,-59.57,59.69,-8.69,0.32
2024/01/01 16:11:53.51,85.51,-30.78,-58.75,-59.60,60.56,-10.44,0.22
2024/01/01 16:11:53.52,85.52,-30.68,-58.74,-59.68,60.45,-12.08,-0.22
2024/01/01 16:11:53.53,85.53,-30.54,-58.77,-59.80,59.36,-13.24,-0.81
2024/01/01 16:11:53.54,85.54,-30.36,-58.85,-59.91,57.90,-13.78,-1.29
2024/01/01 16:11:53.55,85.55,-30.16,-58.99,-60.01,56.86,-13.92,-1.51
2024/01/01 16:11:53.56,85.56,-29.98,-59.17,-60.11,56.63,-13.94,-1.78
2024/01/01 16:11:53.57,85.57,-29.88,-59.32,-60.22,57.08,-13.79,-2.24
2024/01/01 16:11:53.58,85.58,-29.86,-59.42,-60.28,57.71,-13.37,-2.60
2024/01/01 16:11:53.59,85.59,-29.85,-59.52,-60.28,57.98,-12.90,-2.64
2024/01/01 16:11:53.60,85.60,-29.80,-59.62,-60.23,57.65,-12.60,-2.35
2024/01/01 16:11:53.61,85.61,-29.69,-59.73,-60.12,57.10,-12.36,-1.77
2024/01/01 16:11:53.62,85.62,-29.54,-59.83,-59.95,57.02,-12.02,-1.08
2024/01/01 16:11:53.63,85.63,-29.39,-59.92,-59.82,57.73,-11.68,-0.68
2024/01/01 16:11:53.64,85.64,-29.29,-59.98,-59.81,59.00,-11.56,-0.80
2024/01/01 16:11:53.65,85.65,-29.27,-59.99,-59.89,60.19,-11.66,-1.20
2024/01/01 16:11:53.66,85.66,-29.32,-59.96,-60.03,60.75,-11.73,-1.45
2024/01/01 16:11:53.67,85.67,-29.39,-59.85,-60.19,60.64,-11.70,-1.55
2024/01/01 16:11:53.68,85.68,-29.45,-59.66,-60.34,60.20,-11.64,-1.66
2024/01/01 16:11:53.69,85.69,-29.49,-59.37,-60.44,59.87,-11.56,-1.66
2024/01/01 16:11:53.70,85.70,-29.46,-59.03,-60.51,59.94,-11.49,-1.53
2024/01/01 16:11:53.71,85.71,-29.38,-58.69,-60.61,60.38,-11.28,-1.51
2024/01/01 16:11:53.72,85.72,-29.31,-58.37,-60.72,60.87,-10.79,-1.69
2024/01/01 16:11:53.73,85.73,-29.29,-58.09,-60.78,61.07,-10.13,-1.81
2024/01/01 16:11:53.74,85.74,-29.32,-57.87,-60.83,60.75,-9.49,-1.74
2024/01/01 16:11:53.75,85.75,-29.41,-57.72,-60.94,59.84,-8.97,-1.85
2024/01/01 16:11:53.76,85.76,-29.50,-57.66,-61.09,58.53,-8.81,-2.25
2024/01/01 16:11:53.77,85.77,-29.58,-57.67,-61.26,57.07,-9.14,-2.53
2024/01/01 16:11:53.78,85.78,-29.66,-57.73,-61.42,55.69,-9.88,-2.57
2024/01/01 16:11:53.79,85.79,-29.73,-57.77,-61.55,54.83,-10.81,-2.57
2024/01/01 16:11:53.80,85.80,-29.78,-57.74,-61.60,54.88,-11.38,-2.57
2024/01/01 16:11:53.81,85.81,-29.84,-57.66,-61.53,55.82,-11.15,-2.55
2024/01/01 16:11:53.82,85.82,-29.94,-57.56,-61.38,57.21,-10.25,-2.56
2024/01/01 16:11:53.83,85.83,-30.08,-57.44,-61.19,58.57,-9.01,-2.60
2024/01/01 16:11:53.84,85.84,-30.24,-57.33,-60.95,59.43,-7.73,-2.59
2024/01/01 16:11:53.85,85.85,-30.41,-57.25,-60.70,59.48,-6.93,-2.28
2024/01/01 16:11:53.86,85.86,-30.61,-57.20,-60.49,58.89,-7.12,-1.61
2024/01/01 16:11:53.87,85.87,-30.85,-57.18,-60.36,58.05,-8.26,-0.94
2024/01/01 16:11:53.88,85.88,-31.14,-57.14,-60.28,57.40,-9.65,-0.59
2024/01/01 16:11:53.89,85.89,-31.46,-57.03,-60.23,57.13,-10.63,-0.57
2024/01/01 16:11:53.90,85.90,-31.72,-56.89,-60.17,57.14,-10.91,-0.82
2024/01/01 16:11:53.91,85.91,-31.85,-56.80,-60.12,57.18,-10.58,-1.26
2024/01/01 16:11:53.92,85.92,-31.91,-56.80,-60.08,56.95,-9.96,-1.59
2024/01/01 16:11:53.93,85.93,-31.96,-56.83,-60.05,56.37,-9.50,-1.48
2024/01/01 16:11:53.94,85.94,-32.05,-56.81,-60.04,55.58,-9.44,-0.86
2024/01/01 16:11:53.95,85.95,-32.18,-56.76,-60.07,54.84,-9.61,-0.20
2024/01/01 16:11:53.96,85.96,-32.27,-56.77,-60.13,54.43,-9.75,0.02
2024/01/01 16:11:53.97,85.97,-32.32,-56.86,-60.19,54.39,-9.75,-0.20
2024/01/01 16:11:53.98,85.98,-32.33,-57.00,-60.29,54.48,-9.57,-0.74
2024/01/01 16:11:53.99,85.99,-32.35,-57.13,-60.41,54.49,-9.21,-1.42
2024/01/01 16:11:54.00,86.00,-32.36,-57.21,-60.51,54.36,-8.91,-1.90
2024/01/01 16:11:54.01,86.01,-32.37,-57.28,-60.59,54.27,-8.89,-2.06
2024/01/01 16:11:54.02,86.02,-32.37,-57.36,-60.61,54.37,-9.04,-2.00
2024/01/01 16:11:54.03,86.03,-32.40,-57.42,-60.57,54.62,-9.04,-1.76
2024/01/01 16:11:54.04,86.04,-32.48,-57.44,-60.51,54.90,-8.79,-1.48
2024/01/01 16:11:54.05,86.05,-32.60,-57.46,-60.46,55.14,-8.57,-1.37
2024/01/01 16:11:54.06,86.06,-32.71,-57.51,-60.44,55.23,-8.68,-1.37
2024/01/01 16:11:54.07,86.07,-32.79,-57.60,-60.45,55.19,-9.25,-1.34
2024/01/01 16:11:54.08,86.08,-32.82,-57.71,-60.47,55.15,-10.07,-1.24
2024/01/01 16:11:54.09,86.09,-32.83,-57.84,-60.49,55.21,-10.84,-1.16
2024/01/01 16:11:54.10,86.10,-32.83,-57.97,-60.47,55.41,-11.43,-1.28
2024/01/01 16:11:54.11,86.11,-32.85,-58.08,-60.38,55.70,-11.79,-1.52
2024/01/01 16:11:54.12,86.12,-32.86,-58.17,-60.21,56.00,-12.03,-1.58
2024/01/01 16:11:54.13,86.13,-32.81,-58.19,-59.99,56.16,-12.22,-1.41
2024/01/01 16:11:54.14,86.14,-32.67,-58.12,-59.76,55.96,-12.39,-1.28
2024/01/01 16:11:54.15,86.15,-32.49,-58.02,-59.54,55.32,-12.59,-1.21
2024/01/01 16:11:54.16,86.16,-32.29,-57.93,-59.34,54.44,-12.80,-1.05
2024/01/01 16:11:54.17,86.17,-32.09,-57.85,-59.15,53.70,-12.83,-0.73
2024/01/01 16:11:54.18,86.18,-31.87,-57.79,-58.99,53.49,-12.62,-0.28
2024/01/01 16:11:54.19,86.19,-31.70,-57.79,-58.91,53.99,-12.15,0.15
2024/01/01 16:11:54.20,86.20,-31.62,-57.84,-58.94,55.01,-11.29,0.38
2024/01/01 16:11:54.21,86.21,-31.62,-57.89,-59.06,56.21,-10.17,0.41
2024/01/01 16:11:54.22,86.22,-31.68,-57.90,-59.20,57.20,-9.13,0.28
2024/01/01 16:11:54.23,86.23,-31.77,-57.86,-59.36,57.73,-8.38,-0.06
2024/01/01 16:11:54.24,86.24,-31.88,-57.81,-59.51,57.86,-8.10,-0.54
2024/01/01 16:11:54.25,86.25,-31.97,-57.80,-59.64,57.81,-8.27,-0.93
2024/01/01 16:11:54.26,86.26,-31.98,-57.85,-59.78,57.77,-8.55,-1.06
2024/01/01 16:11:54.27,86.27,-31.91,-57.90,-59.91,57.89,-8.68,-1.08
2024/01/01 16:11:54.28,86.28,-31.79,-57.90,-60.03,58.13,-8.61,-1.04
2024/01/01 16:11:54.29,86.29,-31.68,-57.80,-60.09,58.17,-8.52,-0.82
2024/01/01 16:11:54.30,86.30,-31.59,-57.62,-60.11,57.73,-8.71,-0.59
2024/01/01 16:11:54.31,86.31,-31.52,-57.43,-60.16,56.93,-9.23,-0.62
2024/01/01 16:11:54.32,86.32,-31.46,-57.32,-60.24,56.08,-9.88,-0.91
2024/01/01 16:11:54.33,86.33,-31.44,-57.27,-60.29,55.40,-10.53,-1.36
2024/01/01 16:11:54.34,86.34,-31.45,-57.26,-60.26,54.87,-11.03,-1.88
2024/01/01 16:11:54.35,86.35,-31.49,-57.27,-60.16,54.42,-11.37,-2.39
2024/01/01 16:11:54.36,86.36,-31.53,-57.34,-59.98,54.01,-11.64,-2.62
2024/01/01 16:11:54.37,86.37,-31.56,-57.47,-59.73,53.67,-11.82,-2.15
2024/01/01 16:11:54.38,86.38,-31.57,-57.66,-59.46,53.57,-11.83,-1.01
2024/01/01 16:11:54.39,86.39,-31.60,-57.87,-59.20,53.99,-11.52,0.11
2024/01/01 16:11:54.40,86.40,-31.61,-58.12,-58.97,54.89,-10.84,0.72
2024/01/01 16:11:54.41,86.41,-31.62,-58.38,-58.80,55.99,-10.03,0.88
2024/01/01 16:11:54.42,86.42,-31.60,-58.65,-58.68,57.01,-9.45,0.72
2024/01/01 16:11:54.43,86.43,-31.55,-58.89,-58.58,57.82,-9.25,0.47
2024/01/01 16:11:54.44,86.44,-31.45,-59.11,-58.50,58.38,-9.30,0.26
2024/01/01 16:11:54.45,86.45,-31.36,-59.23,-58.45,58.63,-9.44,0.05
2024/01/01 16:11:54.46,86.46,-31.37,-59.18,-58.45,58.64,-9.68,-0.03
2024/01/01 16:11:54.47,86.47,-31.53,-58.98,-58.49,58.48,-10.06,0.19
2024/01/01 16:11:54.48,86.48,-31.76,-58.68,-58.52,58.15,-10.60,0.51
2024/01/01 16:11:54.49,86.49,-31.97,-58.29,-58.52,57.73,-11.43,0.73
2024/01/01 16:11:54.50,86.50,-32.12,-57.93,-58.49,57.30,-12.46,0.94
2024/01/01 16:11:54.51,86.51,-32.24,-57.67,-58.45,56.91,-13.27,0.98
2024/01/01 16:11:54.52,86.52,-32.31,-57.56,-58.41,56.63,-13.45,0.76
2024/01/01 16:11:54.53,86.53,-32.32,-57.57,-58.38,56.60,-12.89,0.59
2024/01/01 16:11:54.54,86.54,-32.21,-57.60,-58.40,56.80,-11.86,0.59
2024/01/01 16:11:54.55,86.55,-32.04,-57.57,-58.45,56.91,-10.80,0.61
2024/01/01 16:11:54.56,86.56,-31.88,-57.48,-58.52,56.33,-9.89,0.63
2024/01/01 16:11:54.57,86.57,-31.77,-57.37,-58.62,54.76,-9.15,0.52
2024/01/01 16:11:54.58,86.58,-31.72,-57.26,-58.72,52.58,-8.57,0.09
2024/01/01 16:11:54.59,86.59,-31.71,-57.17,-58.84,50.73,-8.13,-0.51
2024/01/01 16:11:54.60,86.60,-31.76,-57.16,-59.03,49.93,-7.83,-0.89
2024/01/01 16:11:54.61,86.61,-31.88,-57.23,-59.29,50.44,-7.78,-1.05
2024/01/01 16:11:54.62,86.62,-32.05,-57.33,-59.58,52.11,-7.90,-1.16
2024/01/01 16:11:54.63,86.63,-32.21,-57.40,-59.85,54.44,-7.92,-1.12
2024/01/01 16:11:54.64,86.64,-32.36,-57.46,-60.12,56.80,-7.78,-0.94
2024/01/01 16:11:54.65,86.65,-32.50,-57.49,-60.36,58.77,-7.59,-0.81
2024/01/01 16:11:54.66,86.66,-32.64,-57.42,-60.55,60.14,-7.44,-0.72
2024/01/01 16:11:54.67,86.67,-32.82,-57.21,-60.68,60.73,-7.47,-0.62
2024/01/01 16:11:54.68,86.68,-32.97,-56.88,-60.77,60.53,-7.81,-0.73
2024/01/01 16:11:54.69,86.69,-33.05,-56.53,-60.83,59.57,-8.54,-1.07
2024/01/01 16:11:54.70,86.70,-33.03,-56.23,-60.85,58.03,-9.63,-1.42
2024/01/01 16:11:54.71,86.71,-32.95,-56.05,-60.85,56.26,-10.79,-1.61
2024/01/01 16:11:54.72,86.72,-32.85,-56.02,-60.89,54.64,-11.67,-1.60
2024/01/01 16:11:54.73,86.73,-32.79,-56.08,-60.92,53.37,-12.15,-1.47
2024/01/01 16:11:54.74,86.74,-32.79,-56.12,-60.93,52.50,-12.22,-1.38
2024/01/01 16:11:54.75,86.75,-32.83,-56.08,-60.92,52.05,-11.83,-1.47
2024/01/01 16:11:54.76,86.76,-32.88,-55.98,-60.90,51.86,-11.00,-1.84
2024/01/01 16:11:54.77,86.77,-32.91,-55.84,-60.86,51.75,-9.87,-2.34
2024/01/01 16:11:54.78,86.78,-32.88,-55.68,-60.81,51.72,-8.68,-2.62
2024/01/01 16:11:54.79,86.79,-32.80,-55.54,-60.75,51.83,-7.57,-2.64
2024/01/01 16:11:54.80,86.80,-32.71,-55.45,-60.69,52.08,-6.58,-2.51
2024/01/01 16:11:54.81,86.81,-32.59,-55.41,-60.63,52.44,-5.84,-2.20
2024/01/01 16:11:54.82,86.82,-32.45,-55.39,-60.60,52.86,-5.56,-1.86
2024/01/01 16:11:54.83,86.83,-32.32,-55.39,-60.59,53.29,-5.85,-1.64
2024/01/01 16:11:54.84,86.84,-32.25,-55.44,-60.58,53.69,-6.61,-1.49
2024/01/01 16:11:54.85,86.85,-32.28,-55.57,-60.61,54.13,-7.51,-1.30
2024/01/01 16:11:54.86,86.86,-32.40,-55.76,-60.65,54.87,-8.20,-1.09
2024/01/01 16:11:54.87,86.87,-32.55,-56.00,-60.68,56.06,-8.29,-0.84
2024/01/01 16:11:54.88,86.88,-32.64,-56.23,-60.67,57.47,-7.66,-0.56
2024/01/01 16:11:54.89,86.89,-32.62,-56.38,-60.60,58.70,-6.60,-0.33
2024/01/01 16:11:54.90,86.90,-32.49,-56.46,-60.48,59.44,-5.55,-0.15
2024/01/01 16:11:54.91,86.91,-32.29,-56.52,-60.35,59.62,-4.93,-0.06
2024/01/01 16:11:54.92,86.92,-32.06,-56.57,-60.25,59.37,-5.09,-0.21
2024/01/01 16:11:54.93,86.93,-31.81,-56.67,-60.20,58.96,-6.25,-0.68
2024/01/01 16:11:54.94,86.94,-31.52,-56.83,-60.18,58.55,-8.24,-1.28
2024/01/01 16:11:54.95,86.95,-31.24,-57.08,-60.17,57.92,-10.58,-1.70
2024/01/01 16:11:54.96,86.96,-30.96,-57.40,-60.15,56.77,-12.88,-1.76
2024/01/01 16:11:54.97,86.97,-30.71,-57.75,-60.15,55.30,-14.74,-1.63
2024/01/01 16:11:54.98,86.98,-30.52,-58.07,-60.16,54.01,-15.63,-1.54
2024/01/01 16:11:54.99,86.99,-30.41,-58.32,-60.16,53.37,-15.24,-1.47
2024/01/01 16:11:55.00,87.00,-30.37,-58.52,-60.15,53.56,-13.83,-1.38
2024/01/01 16:11:55.01,87.01,-30.45,-58.73,-60.12,54.32,-12.02,-1.49
2024/01/01 16:11:55.02,87.02,-30.63,-58.93,-60.07,55.17,-10.35,-1.89
2024/01/01 16:11:55.03,87.03,-30.85,-59.10,-60.02,55.88,-9.26,-2.32
2024/01/01 16:11:55.04,87.04,-31.09,-59.21,-60.01,56.58,-9.13,-2.46
2024/01/01 16:11:55.05,87.05,-31.30,-59.30,-60.05,57.47,-10.03,-2.13
2024/01/01 16:11:55.06,87.06,-31.45,-59.40,-60.11,58.58,-11.43,-1.37
2024/01/01 16:11:55.07,87.07,-31.55,-59.48,-60.15,59.69,-12.69,-0.53
2024/01/01 16:11:55.08,87.08,-31.64,-59.47,-60.13,60.63,-13.57,-0.03
2024/01/01 16:11:55.09,87.09,-31.72,-59.39,-60.07,61.20,-14.03,0.11
2024/01/01 16:11:55.10,87.10,-31.74,-59.29,-59.95,61.19,-14.00,0.12
2024/01/01 16:11:55.11,87.11,-31.66,-59.14,-59.74,60.59,-13.56,0.19
2024/01/01 16:11:55.12,87.12,-31.49,-58.91,-59.48,59.49,-12.68,0.25
2024/01/01 16:11:55.13,87.13,-31.29,-58.61,-59.23,58.08,-11.36,0.13
2024/01/01 16:11:55.14,87.14,-31.11,-58.30,-59.04,56.63,-9.96,-0.19
2024/01/01 16:11:55.15,87.15,-31.03,-58.03,-58.92,55.44,-9.02,-0.39
2024/01/01 16:11:55.16,87.16,-31.05,-57.82,-58.85,54.70,-8.74,-0.38
2024/01/01 16:11:55.17,87.17,-31.14,-57.67,-58.80,54.29,-8.99,-0.49
2024/01/01 16:11:55.18,87.18,-31.23,-57.58,-58.79,53.96,-9.58,-0.72
2024/01/01 16:11:55.19,87.19,-31.27,-57.60,-58.84,53.73,-10.38,-0.73
2024/01/01 16:11:55.20,87.20,-31.30,-57.73,-58.94,53.84,-11.13,-0.39
2024/01/01 16:11:55.21,87.21,-31.32,-57.91,-59.05,54.48,-11.54,0.12
2024/01/01 16:11:55.22,87.22,-31.33,-58.04,-59.16,55.67,-11.46,0.53
2024/01/01 16:11:55.23,87.23,-31.36,-58.08,-59.26,57.09,-10.76,0.52
2024/01/01 16:11:55.24,87.24,-31.42,-58.02,-59.40,58.09,-9.56,-0.06
2024/01/01 16:11:55.25,87.25,-31.52,-57.83,-59.61,58.25,-8.26,-0.96
2024/01/01 16:11:55.26,87.26,-31.68,-57.55,-59.87,57.59,-7.20,-1.80
2024/01/01 16:11:55.27,87.27,-31.86,-57.22,-60.16,56.69,-6.69,-2.25
2024/01/01 16:11:55.28,87.28,-32.02,-56.90,-60.41,56.29,-7.11,-2.14
2024/01/01 16:11:55.29,87.29,-32.10,-56.63,-60.58,56.66,-8.26,-1.65
2024/01/01 16:11:55.30,87.30,-32.04,-56.45,-60.65,57.60,-9.50,-1.21
2024/01/01 16:11:55.31,87.31,-31.89,-56.35,-60.66,58.59,-10.30,-1.04
2024/01/01 16:11:55.32,87.32,-31.73,-56.32,-60.61,59.04,-10.42,-1.18
2024/01/01 16:11:55.33,87.33,-31.62,-56.30,-60.57,58.59,-10.09,-1.51
2024/01/01 16:11:55.34,87.34,-31.55,-56.30,-60.59,57.33,-9.77,-1.85
2024/01/01 16:11:55.35,87.35,-31.50,-56.36,-60.69,55.63,-9.52,-2.11
2024/01/01 16:11:55.36,87.36,-31.50,-56.49,-60.80,53.98,-9.29,-2.13
2024/01/01 16:11:55.37,87.37,-31.57,-56.63,-60.88,52.79,-9.12,-1.89
2024/01/01 16:11:55.38,87.38,-31.68,-56.73,-60.92,52.33,-8.87,-1.82
2024/01/01 16:11:55.39,87.39,-31.75,-56.75,-60.94,52.78,-8.51,-2.15
2024/01/01 16:11:55.40,87.40,-31.70,-56.69,-60.98,54.04,-8.26,-2.44
2024/01/01 16:11:55.41,87.41,-31.53,-56.54,-61.01,55.59,-8.19,-2.36
2024/01/01 16:11:55.42,87.42,-31.30,-56.31,-61.01,56.86,-8.22,-2.04
2024/01/01 16:11:55.43,87.43,-31.11,-56.00,-60.96,57.62,-8.34,-1.83
2024/01/01 16:11:55.44,87.44,-31.00,-55.70,-60.87,57.88,-8.57,-1.98
2024/01/01 16:11:55.45,87.45,-30.93,-55.47,-60.82,57.63,-8.88,-2.29
2024/01/01 16:11:55.46,87.46,-30.91,-55.36,-60.80,56.93,-9.17,-2.42
2024/01/01 16:11:55.47,87.47,-30.95,-55.34,-60.78,55.97,-9.31,-2.25
2024/01/01 16:11:55.48,87.48,-31.11,-55.42,-60.73,54.98,-9.12,-1.88
2024/01/01 16:11:55.49,87.49,-31.38,-55.53,-60.63,54.41,-8.59,-1.49
2024/01/01 16:11:55.50,87.50,-31.74,-55.62,-60.52,54.79,-7.67,-1.16
2024/01/01 16:11:55.51,87.51,-32.08,-55.64,-60.46,56.19,-6.36,-0.81
2024/01/01 16:11:55.52,87.52,-32.34,-55.62,-60.44,58.03,-5.07,-0.46
2024/01/01 16:11:55.53,87.53,-32.51,-55.57,-60.41,59.36,-4.22,-0.26
2024/01/01 16:11:55.54,87.54,-32.65,-55.56,-60.34,59.51,-3.89,-0.25
2024/01/01 16:11:55.55,87.55,-32.74,-55.60,-60.26,58.57,-4.19,-0.40
2024/01/01 16:11:55.56,87.56,-32.76,-55.72,-60.19,57.20,-5.22,-0.62
2024/01/01 16:11:55.57,87.57,-32.70,-55.93,-60.16,56.08,-6.72,-0.80
2024/01/01 16:11:55.58,87.58,-32.55,-56.23,-60.16,55.48,-8.36,-0.92
2024/01/01 16:11:55.59,87.59,-32.32,-56.57,-60.21,55.06,-9.71,-1.15
2024/01/01 16:11:55.60,87.60,-32.02,-56.87,-60.31,54.28,-10.44,-1.51
2024/01/01 16:11:55.61,87.61,-31.72,-57.07,-60.43,53.18,-10.63,-1.73
2024/01/01 16:11:55.62,87.62,-31.50,-57.19,-60.48,52.26,-10.52,-1.64
2024/01/01 16:11:55.63,87.63,-31.45,-57.24,-60.48,51.93,-10.26,-1.48
2024/01/01 16:11:55.64,87.64,-31.57,-57.26,-60.46,52.21,-10.08,-1.72
2024/01/01 16:11:55.65,87.65,-31.81,-57.31,-60.44,52.71,-10.01,-2.32
2024/01/01 16:11:55.66,87.66,-32.09,-57.35,-60.39,52.90,-10.10,-2.70
2024/01/01 16:11:55.67,87.67,-32.36,-57.35,-60.34,52.83,-10.55,-2.57
2024/01/01 16:11:55.68,87.68,-32.57,-57.34,-60.31,53.14,-11.42,-2.15
2024/01/01 16:11:55.69,87.69,-32.77,-57.34,-60.33,54.45,-12.55,-1.58
2024/01/01 16:11:55.70,87.70,-32.93,-57.32,-60.35,56.79,-13.73,-0.79
2024/01/01 16:11:55.71,87.71,-32.97,-57.27,-60.33,59.47,-14.58,-0.02
2024/01/01 16:11:55.72,87.72,-32.83,-57.23,-60.22,61.43,-14.79,0.31
2024/01/01 16:11:55.73,87.73,-32.54,-57.23,-60.07,61.99,-14.26,0.10
2024/01/01 16:11:55.74,87.74,-32.15,-57.28,-59.93,61.00,-13.00,-0.46
2024/01/01 16:11:55.75,87.75,-31.68,-57.38,-59.83,58.96,-11.02,-1.05
2024/01/01 16:11:55.76,87.76,-31.20,-57.51,-59.76,56.71,-8.53,-1.48
2024/01/01 16:11:55.77,87.77,-30.76,-57.59,-59.66,54.90,-5.92,-1.65
2024/01/01 16:11:55.78,87.78,-30.40,-57.57,-59.50,53.81,-3.92,-1.56
2024/01/01 16:11:55.79,87.79,-30.14,-57.47,-59.33,53.46,-3.20,-1.44
2024/01/01 16:11:55.80,87.80,-29.96,-57.37,-59.20,53.67,-3.78,-1.40
2024/01/01 16:11:55.81,87.81,-29.87,-57.38,-59.15,54.13,-5.30,-1.16
2024/01/01 16:11:55.82,87.82,-29.87,-57.51,-59.14,54.80,-7.52,-0.66
2024/01/01 16:11:55.83,87.83,-29.93,-57.69,-59.15,55.80,-9.94,-0.18
2024/01/01 16:11:55.84,87.84,-30.05,-57.86,-59.18,57.18,-11.91,0.05
2024/01/01 16:11:55.85,87.85,-30.19,-58.06,-59.26,58.91,-13.11,0.06
2024/01/01 16:11:55.86,87.86,-30.34,-58.29,-59.38,60.63,-13.45,0.15
2024/01/01 16:11:55.87,87.87,-30.47,-58.49,-59.48,61.77,-13.01,0.57
2024/01/01 16:11:55.88,87.88,-30.60,-58.63,-59.56,62.12,-12.06,0.95
2024/01/01 16:11:55.89,87.89,-30.73,-58.67,-59.58,61.84,-10.76,0.80
2024/01/01 16:11:55.90,87.90,-30.87,-58.62,-59.57,61.21,-9.44,0.22
2024/01/01 16:11:55.91,87.91,-31.03,-58.54,-59.53,60.52,-8.67,-0.33
2024/01/01 16:11:55.92,87.92,-31.22,-58.51,-59.45,59.84,-8.66,-0.75
2024/01/01 16:11:55.93,87.93,-31.41,-58.56,-59.35,58.94,-9.46,-1.10
2024/01/01 16:11:55.94,87.94,-31.59,-58.65,-59.25,57.65,-11.14,-1.29
2024/01/01 16:11:55.95,87.95,-31.76,-58.76,-59.14,56.07,-13.15,-1.12
2024/01/01 16:11:55.96,87.96,-31.88,-58.90,-58.97,54.52,-14.66,-0.37
2024/01/01 16:11:55.97,87.97,-31.94,-59.06,-58.74,53.41,-15.41,0.64
2024/01/01 16:11:55.98,87.98,-31.97,-59.21,-58.49,52.97,-15.23,1.10
2024/01/01 16:11:55.99,87.99,-32.02,-59.31,-58.31,53.03,-14.12,0.74
2024/01/01 16:11:56.00,88.00,-32.11,-59.30,-58.20,53.08,-12.67,0.15
2024/01/01 16:11:56.01,88.01,-32.22,-59.14,-58.13,52.77,-11.43,-0.24
2024/01/01 16:11:56.02,88.02,-32.27,-58.84,-58.09,52.13,-10.48,-0.36
2024/01/01 16:11:56.03,88.03,-32.20,-58.47,-58.11,51.79,-9.86,-0.25
2024/01/01 16:11:56.04,88.04,-32.01,-58.08,-58.16,52.29,-9.58,-0.05
2024/01/01 16:11:56.05,88.05,-31.80,-57.73,-58.22,53.64,-9.53,0.29
2024/01/01 16:11:56.06,88.06,-31.60,-57.45,-58.30,55.46,-9.76,0.56
2024/01/01 16:11:56.07,88.07,-31.39,-57.23,-58.37,57.12,-10.10,0.50
2024/01/01 16:11:56.08,88.08,-31.18,-57.03,-58.42,58.14,-10.44,0.35
2024/01/01 16:11:56.09,88.09,-31.01,-56.88,-58.45,58.64,-10.77,0.47
2024/01/01 16:11:56.10,88.10,-30.87,-56.83,-58.49,58.81,-10.72,0.76
2024/01/01 16:11:56.11,88.11,-30.73,-56.82,-58.53,58.89,-9.96,1.08
2024/01/01 16:11:56.12,88.12,-30.56,-56.75,-58.55,59.29,-8.71,1.31
2024/01/01 16:11:56.13,88.13,-30.35,-56.59,-58.59,59.94,-7.16,1.31
2024/01/01 16:11:56.14,88.14,-30.13,-56.40,-58.66,60.54,-5.77,1.10
2024/01/01 16:11:56.15,88.15,-29.97,-56.26,-58.72,60.82,-5.11,0.71
2024/01/01 16:11:56.16,88.16,-29.92,-56.21,-58.79,60.55,-5.07,0.30
2024/01/01 16:11:56.17,88.17,-29.97,-56.22,-58.89,59.83,-5.57,-0.01
2024/01/01 16:11:56.18,88.18,-30.10,-56.21,-59.00,59.11,-6.72,-0.22
2024/01/01 16:11:56.19,88.19,-30.24,-56.12,-59.10,58.57,-8.03,-0.29
2024/01/01 16:11:56.20,88.20,-30.37,-55.99,-59.18,58.12,-9.03,-0.15
2024/01/01 16:11:56.21,88.21,-30.48,-55.87,-59.28,57.75,-9.72,0.09
2024/01/01 16:11:56.22,88.22,-30.60,-55.76,-59.41,57.50,-9.84,0.18
2024/01/01 16:11:56.23,88.23,-30.78,-55.67,-59.56,57.35,-9.45,0.09
2024/01/01 16:11:56.24,88.24,-31.05,-55.62,-59.70,57.22,-8.98,-0.12
2024/01/01 16:11:56.25,88.25,-31.35,-55.63,-59.86,57.07,-8.54,-0.57
2024/01/01 16:11:56.26,88.26,-31.64,-55.70,-60.03,56.58,-8.20,-1.14
2024/01/01 16:11:56.27,88.27,-31.88,-55.85,-60.19,55.48,-8.22,-1.47
2024/01/01 16:11:56.28,88.28,-32.08,-56.05,-60.33,54.03,-8.47,-1.44
2024/01/01 16:11:56.29,88.29,-32.23,-56.24,-60.43,52.79,-8.54,-1.32
2024/01/01 16:11:56.30,88.30,-32.35,-56.38,-60.48,52.28,-8.30,-1.35
2024/01/01 16:11:56.31,88.31,-32.51,-56.49,-60.51,52.66,-7.90,-1.43
2024/01/01 16:11:56.32,88.32,-32.71,-56.66,-60.54,53.51,-7.45,-1.56
2024/01/01 16:11:56.33,88.33,-32.93,-56.91,-60.55,54.05,-7.14,-1.81
2024/01/01 16:11:56.34,88.34,-33.09,-57.19,-60.50,53.75,-7.40,-1.96
2024/01/01 16:11:56.35,88.35,-33.21,-57.42,-60.38,52.86,-8.44,-1.92
2024/01/01 16:11:56.36,88.36,-33.27,-57.55,-60.23,52.24,-9.98,-1.70
2024/01/01 16:11:56.37,88.37,-33.27,-57.60,-60.06,52.44,-11.58,-1.15
2024/01/01 16:11:56.38,88.38,-33.19,-57.61,-59.87,53.56,-12.72,-0.37
2024/01/01 16:11:56.39,88.39,-33.10,-57.63,-59.65,55.22,-12.87,0.17
2024/01/01 16:11:56.40,88.40,-33.04,-57.66,-59.40,56.65,-12.10,0.27
2024/01/01 16:11:56.41,88.41,-33.05,-57.75,-59.17,57.37,-11.08,0.03
2024/01/01 16:11:56.42,88.42,-33.09,-57.86,-58.98,57.35,-10.30,-0.23
2024/01/01 16:11:56.43,88.43,-33.09,-57.95,-58.83,56.83,-10.09,-0.20
2024/01/01 16:11:56.44,88.44,-33.05,-57.95,-58.71,56.20,-10.62,0.17
2024/01/01 16:11:56.45,88.45,-32.95,-57.87,-58.61,55.71,-11.46,0.60
2024/01/01 16:11:56.46,88.46,-32.77,-57.76,-58.51,55.53,-11.98,0.75
2024/01/01 16:11:56.47,88.47,-32.54,-57.66,-58.41,55.76,-12.04,0.63
2024/01/01 16:11:56.48,88.48,-32.28,-57.59,-58.33,56.24,-11.72,0.51
2024/01/01 16:11:56.49,88.49,-32.05,-57.52,-58.27,56.56,-11.16,0.42
2024/01/01 16:11:56.50,88.50,-31.89,-57.43,-58.19,56.35,-10.67,0.40
2024/01/01 16:11:56.51,88.51,-31.81,-57.36,-58.09,55.53,-10.40,0.55
2024/01/01 16:11:56.52,88.52,-31.76,-57.30,-58.01,54.38,-10.08,0.67
2024/01/01 16:11:56.53,88.53,-31.73,-57.23,-58.03,53.45,-9.52,0.58
2024/01/01 16:11:56.54,88.54,-31.74,-57.15,-58.15,53.23,-8.72,0.52
2024/01/01 16:11:56.55,88.55,-31.81,-57.04,-58.34,53.87,-7.87,0.70
2024/01/01 16:11:56.56,88.56,-31.90,-56.86,-58.53,55.13,-7.26,0.95
2024/01/01 16:11:56.57,88.57,-31.97,-56.63,-58.69,56.60,-7.06,1.00
2024/01/01 16:11:56.58,88.58,-31.99,-56.44,-58.84,57.89,-7.11,0.83
2024/01/01 16:11:56.59,88.59,-31.96,-56.31,-59.01,58.74,-7.28,0.59
2024/01/01 16:11:56.60,88.60,-31.88,-56.25,-59.15,58.99,-7.65,0.47
2024/01/01 16:11:56.61,88.61,-31.76,-56.26,-59.26,58.72,-8.35,0.37
2024/01/01 16:11:56.62,88.62,-31.62,-56.28,-59.33,58.20,-9.11,0.02
2024/01/01 16:11:56.63,88.63,-31.47,-56.29,-59.40,57.62,-9.54,-0.45
2024/01/01 16:11:56.64,88.64,-31.42,-56.31,-59.45,57.05,-9.55,-0.62
2024/01/01 16:11:56.65,88.65,-31.54,-56.34,-59.47,56.39,-9.06,-0.58
2024/01/01 16:11:56.66,88.66,-31.79,-56.37,-59.50,55.53,-8.14,-0.76
2024/01/01 16:11:56.67,88.67,-32.13,-56.38,-59.54,54.58,-7.24,-1.18
2024/01/01 16:11:56.68,88.68,-32.49,-56.42,-59.55,53.81,-6.78,-1.34
2024/01/01 16:11:56.69,88.69,-32.83,-56.43,-59.55,53.42,-6.92,-0.92
2024/01/01 16:11:56.70,88.70,-33.08,-56.38,-59.55,53.62,-7.74,-0.35
2024/01/01 16:11:56.71,88.71,-33.23,-56.31,-59.54,54.44,-8.99,-0.02
2024/01/01 16:11:56.72,88.72,-33.30,-56.28,-59.52,55.61,-10.18,0.19
2024/01/01 16:11:56.73,88.73,-33.32,-56.28,-59.53,56.65,-11.19,0.31
2024/01/01 16:11:56.74,88.74,-33.35,-56.27,-59.58,57.12,-11.97,0.13
2024/01/01 16:11:56.75,88.75,-33.42,-56.25,-59.70,56.84,-12.26,-0.38
2024/01/01 16:11:56.76,88.76,-33.53,-56.21,-59.88,55.90,-12.01,-0.92
2024/01/01 16:11:56.77,88.77,-33.61,-56.13,-60.06,54.57,-11.34,-1.34
2024/01/01 16:11:56.78,88.78,-33.66,-56.02,-60.21,53.20,-10.23,-1.60
2024/01/01 16:11:56.79,88.79,-33.72,-55.90,-60.36,52.11,-8.66,-1.65
2024/01/01 16:11:56.80,88.80,-33.82,-55.79,-60.50,51.52,-6.92,-1.55
2024/01/01 16:11:56.81,88.81,-33.94,-55.68,-60.60,51.55,-5.45,-1.39
2024/01/01 16:11:56.82,88.82,-34.01,-55.58,-60.63,52.18,-4.63,-1.29
2024/01/01 16:11:56.83,88.83,-33.97,-55.48,-60.61,53.02,-4.75,-1.39
2024/01/01 16:11:56.84,88.84,-33.85,-55.38,-60.60,53.58,-5.62,-1.66
2024/01/01 16:11:56.85,88.85,-33.66,-55.27,-60.60,53.54,-6.76,-1.83
2024/01/01 16:11:56.86,88.86,-33.41,-55.13,-60.64,53.01,-7.88,-1.72
2024/01/01 16:11:56.87,88.87,-33.12,-54.99,-60.75,52.46,-8.70,-1.52
2024/01/01 16:11:56.88,88.88,-32.90,-54.87,-60.87,52.36,-8.83,-1.46
2024/01/01 16:11:56.89,88.89,-32.80,-54.89,-60.95,52.75,-8.40,-1.54
2024/01/01 16:11:56.90,88.90,-32.77,-55.08,-60.97,53.35,-7.69,-1.86
2024/01/01 16:11:56.91,88.91,-32.74,-55.36,-60.95,53.78,-6.72,-2.38
2024/01/01 16:11:56.92,88.92,-32.67,-55.65,-60.91,53.96,-5.84,-2.76
2024/01/01 16:11:56.93,88.93,-32.58,-55.89,-60.87,54.15,-5.49,-2.65
2024/01/01 16:11:56.94,88.94,-32.49,-56.04,-60.83,54.71,-5.68,-2.15
2024/01/01 16:11:56.95,88.95,-32.43,-56.02,-60.76,55.96,-6.23,-1.53
2024/01/01 16:11:56.96,88.96,-32.39,-55.88,-60.67,57.81,-6.93,-1.08
2024/01/01 16:11:56.97,88.97,-32.34,-55.69,-60.60,59.57,-7.59,-0.99
2024/01/01 16:11:56.98,88.98,-32.26,-55.51,-60.56,60.50,-8.31,-1.18
2024/01/01 16:11:56.99,88.99,-32.16,-55.38,-60.55,60.21,-9.22,-1.37
2024/01/01 16:11:57.00,89.00,-32.08,-55.29,-60.58,58.81,-10.14,-1.48
2024/01/01 16:11:57.01,89.01,-32.02,-55.21,-60.63,56.96,-10.96,-1.54
2024/01/01 16:11:57.02,89.02,-31.98,-55.12,-60.65,55.45,-11.53,-1.55
2024/01/01 16:11:57.03,89.03,-31.96,-55.08,-60.67,54.62,-11.58,-1.48
2024/01/01 16:11:57.04,89.04,-32.00,-55.13,-60.68,54.36,-11.01,-1.48
2024/01/01 16:11:57.05,89.05,-32.09,-55.30,-60.70,54.37,-9.70,-1.61
2024/01/01 16:11:57.06,89.06,-32.21,-55.55,-60.75,54.31,-7.77,-1.67
2024/01/01 16:11:57.07,89.07,-32.30,-55.86,-60.83,54.19,-5.79,-1.66
2024/01/01 16:11:57.08,89.08,-32.34,-56.18,-60.91,54.24,-4.16,-1.76
2024/01/01 16:11:57.09,89.09,-32.33,-56.42,-60.95,54.53,-3.19,-1.93
2024/01/01 16:11:57.10,89.10,-32.35,-56.49,-60.99,54.99,-3.23,-2.10
2024/01/01 16:11:57.11,89.11,-32.44,-56.42,-61.05,55.47,-4.18,-2.26
2024/01/01 16:11:57.12,89.12,-32.56,-56.27,-61.13,55.73,-5.63,-2.36
2024/01/01 16:11:57.13,89.13,-32.61,-56.09,-61.21,55.63,-7.48,-2.30
2024/01/01 16:11:57.14,89.14,-32.55,-55.93,-61.24,55.29,-9.59,-2.14
2024/01/01 16:11:57.15,89.15,-32.44,-55.86,-61.21,54.92,-11.51,-2.07
2024/01/01 16:11:57.16,89.16,-32.36,-55.91,-61.15,54.72,-12.96,-2.15
2024/01/01 16:11:57.17,89.17,-32.33,-56.01,-61.11,54.84,-13.59,-2.29
2024/01/01 16:11:57.18,89.18,-32.35,-56.12,-61.11,55.23,-13.06,-2.32
2024/01/01 16:11:57.19,89.19,-32.40,-56.22,-61.11,55.54,-11.57,-2.10
2024/01/01 16:11:57.20,89.20,-32.45,-56.32,-61.09,55.46,-9.55,-1.72
2024/01/01 16:11:57.21,89.21,-32.51,-56.39,-61.02,54.86,-7.40,-1.43
2024/01/01 16:11:57.22,89.22,-32.58,-56.39,-60.92,54.03,-5.81,-1.36
2024/01/01 16:11:57.23,89.23,-32.64,-56.31,-60.85,53.56,-5.32,-1.47
2024/01/01 16:11:57.24,89.24,-32.71,-56.19,-60.80,53.73,-6.00,-1.67
2024/01/01 16:11:57.25,89.25,-32.77,-56.05,-60.75,54.45,-7.56,-1.76
2024/01/01 16:11:57.26,89.26,-32.78,-55.98,-60.69,55.26,-9.27,-1.69
2024/01/01 16:11:57.27,89.27,-32.75,-55.99,-60.63,55.70,-10.48,-1.60
2024/01/01 16:11:57.28,89.28,-32.70,-56.04,-60.57,55.84,-11.14,-1.51
2024/01/01 16:11:57.29,89.29,-32.63,-56.08,-60.49,55.97,-11.29,-1.30
2024/01/01 16:11:57.30,89.30,-32.53,-56.09,-60.39,56.21,-10.87,-0.98
2024/01/01 16:11:57.31,89.31,-32.39,-56.09,-60.31,56.56,-9.97,-0.79
2024/01/01 16:11:57.32,89.32,-32.25,-56.11,-60.26,56.72,-8.49,-0.86
2024/01/01 16:11:57.33,89.33,-32.15,-56.17,-60.23,56.30,-6.64,-1.02
2024/01/01 16:11:57.34,89.34,-32.09,-56.26,-60.19,55.41,-5.23,-1.17
2024/01/01 16:11:57.35,89.35,-32.02,-56.33,-60.16,54.43,-4.68,-1.41
2024/01/01 16:11:57.36,89.36,-31.90,-56.37,-60.13,53.63,-4.92,-1.66
2024/01/01 16:11:57.37,89.37,-31.74,-56.40,-60.10,53.20,-6.03,-1.69
2024/01/01 16:11:57.38,89.38,-31.62,-56.44,-60.06,53.10,-7.68,-1.39
2024/01/01 16:11:57.39,89.39,-31.55,-56.53,-60.05,53.27,-9.21,-1.09
2024/01/01 16:11:57.40,89.40,-31.53,-56.67,-60.07,53.77,-10.28,-1.10
2024/01/01 16:11:57.41,89.41,-31.53,-56.88,-60.08,54.64,-10.74,-1.15
2024/01/01 16:11:57.42,89.42,-31.54,-57.10,-60.06,55.86,-10.69,-0.94
2024/01/01 16:11:57.43,89.43,-31.52,-57.30,-59.98,57.16,-10.41,-0.68
2024/01/01 16:11:57.44,89.44,-31.46,-57.48,-59.87,58.17,-9.94,-0.56
2024/01/01 16:11:57.45,89.45,-31.39,-57.69,-59.78,58.88,-9.41,-0.57
2024/01/01 16:11:57.46,89.46,-31.36,-57.95,-59.76,59.30,-9.09,-0.60
2024/01/01 16:11:57.47,89.47,-31.39,-58.25,-59.76,59.37,-9.15,-0.57
2024/01/01 16:11:57.48,89.48,-31.47,-58.55,-59.74,59.18,-9.58,-0.60
2024/01/01 16:11:57.49,89.49,-31.55,-58.82,-59.70,58.74,-10.06,-0.81
2024/01/01 16:11:57.50,89.50,-31.59,-59.07,-59.64,58.10,-10.56,-1.04
2024/01/01 16:11:57.51,89.51,-31.58,-59.26,-59.59,57.56,-11.32,-0.97
2024/01/01 16:11:57.52,89.52,-31.55,-59.36,-59.55,57.35,-12.05,-0.66
2024/01/01 16:11:57.53,89.53,-31.54,-59.36,-59.48,57.40,-12.47,-0.35
2024/01/01 16:11:57.54,89.54,-31.55,-59.30,-59.39,57.51,-13.01,-0.15
2024/01/01 16:11:57.55,89.55,-31.54,-59.22,-59.35,57.45,-13.73,-0.21
2024/01/01 16:11:57.56,89.56,-31.51,-59.14,-59.38,56.89,-14.37,-0.45
2024/01/01 16:11:57.57,89.57,-31.44,-59.08,-59.42,55.85,-15.04,-0.50
2024/01/01 16:11:57.58,89.58,-31.37,-59.07,-59.46,54.84,-15.60,-0.33
2024/01/01 16:11:57.59,89.59,-31.30,-59.16,-59.47,54.26,-15.68,-0.28
2024/01/01 16:11:57.60,89.60,-31.24,-59.35,-59.47,54.25,-15.37,-0.42
2024/01/01 16:11:57.61,89.61,-31.20,-59.60,-59.48,54.68,-14.50,-0.65
2024/01/01 16:11:57.62,89.62,-31.15,-59.85,-59.49,55.14,-12.91,-0.82
2024/01/01 16:11:57.63,89.63,-31.10,-60.01,-59.51,55.47,-11.16,-1.02
2024/01/01 16:11:57.64,89.64,-31.07,-60.05,-59.56,55.78,-9.71,-1.33
2024/01/01 16:11:57.65,89.65,-31.07,-60.00,-59.62,56.13,-8.62,-1.45
2024/01/01 16:11:57.66,89.66,-31.07,-59.90,-59.63,56.73,-8.27,-1.17
2024/01/01 16:11:57.67,89.67,-31.03,-59.73,-59.60,57.65,-8.83,-0.68
2024/01/01 16:11:57.68,89.68,-30.93,-59.54,-59.55,58.61,-9.99,-0.28
2024/01/01 16:11:57.69,89.69,-30.80,-59.39,-59.51,59.37,-11.62,-0.10
2024/01/01 16:11:57.70,89.70,-30.67,-59.33,-59.48,59.81,-13.38,-0.09
2024/01/01 16:11:57.71,89.71,-30.53,-59.30,-59.45,59.98,-14.56,-0.14
2024/01/01 16:11:57.72,89.72,-30.35,-59.27,-59.41,60.14,-14.91,-0.28
2024/01/01 16:11:57.73,89.73,-30.14,-59.29,-59.34,60.22,-14.50,-0.53
2024/01/01 16:11:57.74,89.74,-29.93,-59.38,-59.24,59.84,-13.39,-0.69
2024/01/01 16:11:57.75,89.75,-29.74,-59.50,-59.15,58.87,-12.13,-0.71
2024/01/01 16:11:57.76,89.76,-29.63,-59.57,-59.10,57.52,-11.01,-0.81
2024/01/01 16:11:57.77,89.77,-29.62,-59.59,-59.10,56.17,-10.00,-0.95
2024/01/01 16:11:57.78,89.78,-29.72,-59.57,-59.11,55.36,-9.39,-0.94
2024/01/01 16:11:57.79,89.79,-29.91,-59.52,-59.08,55.43,-9.43,-0.83
2024/01/01 16:11:57.80,89.80,-30.17,-59.43,-59.01,56.34,-9.87,-0.73
2024/01/01 16:11:57.81,89.81,-30.42,-59.32,-58.93,57.67,-10.55,-0.59
2024/01/01 16:11:57.82,89.82,-30.62,-59.19,-58.86,58.95,-11.40,-0.30
2024/01/01 16:11:57.83,89.83,-30.80,-59.04,-58.82,60.02,-12.45,0.20
2024/01/01 16:11:57.84,89.84,-30.95,-58.91,-58.79,60.79,-13.67,0.76
2024/01/01 16:11:57.85,89.85,-31.08,-58.82,-58.78,60.99,-14.59,1.01
2024/01/01 16:11:57.86,89.86,-31.21,-58.74,-58.80,60.47,-14.81,0.84
2024/01/01 16:11:57.87,89.87,-31.31,-58.66,-58.85,59.33,-14.27,0.52
2024/01/01 16:11:57.88,89.88,-31.38,-58.60,-58.94,57.81,-13.13,0.17
2024/01/01 16:11:57.89,89.89,-31.42,-58.60,-59.07,56.33,-11.81,-0.17
2024/01/01 16:11:57.90,89.90,-31.44,-58.64,-59.26,55.30,-10.58,-0.42
2024/01/01 16:11:57.91,89.91,-31.42,-58.64,-59.44,54.83,-9.38,-0.43
2024/01/01 16:11:57.92,89.92,-31.41,-58.57,-59.57,54.71,-8.38,-0.26
2024/01/01 16:11:57.93,89.93,-31.44,-58.42,-59.63,54.65,-7.74,-0.32
2024/01/01 16:11:57.94,89.94,-31.51,-58.25,-59.67,54.56,-7.43,-0.80
2024/01/01 16:11:57.95,89.95,-31.63,-58.11,-59.73,54.39,-7.48,-1.33
2024/01/01 16:11:57.96,89.96,-31.81,-58.04,-59.84,54.17,-7.98,-1.36
2024/01/01 16:11:57.97,89.97,-32.02,-57.99,-59.99,54.00,-8.90,-1.00
2024/01/01 16:11:57.98,89.98,-32.18,-57.96,-60.18,54.05,-10.14,-0.77
2024/01/01 16:11:57.99,89.99,-32.25,-57.95,-60.36,54.51,-11.43,-0.83
2024/01/01 16:11:58.00,90.00,-32.21,-57.89,-60.45,55.36,-12.37,-0.87
2024/01/01 16:11:58.01,90.01,-32.10,-57.74,-60.46,56.36,-12.61,-0.90
2024/01/01 16:11:58.02,90.02,-31.95,-57.50,-60.41,57.22,-12.11,-1.14
2024/01/01 16:11:58.03,90.03,-31.78,-57.24,-60.31,57.75,-11.10,-1.44
2024/01/01 16:11:58.04,90.04,-31.61,-56.99,-60.16,57.89,-9.93,-1.54
2024/01/01 16:11:58.05,90.05,-31.47,-56.81,-59.99,57.71,-9.13,-1.43
2024/01/01 16:11:58.06,90.06,-31.36,-56.73,-59.79,57.33,-9.06,-1.26
2024/01/01 16:11:58.07,90.07,-31.27,-56.73,-59.60,56.80,-9.57,-1.14
2024/01/01 16:11:58.08,90.08,-31.18,-56.83,-59.44,56.09,-10.33,-0.97
2024/01/01 16:11:58.09,90.09,-31.14,-57.00,-59.30,55.34,-11.02,-0.61
2024/01/01 16:11:58.10,90.10,-31.17,-57.18,-59.17,54.81,-11.11,-0.20
2024/01/01 16:11:58.11,90.11,-31.27,-57.31,-59.07,54.68,-10.39,0.04
2024/01/01 16:11:58.12,90.12,-31.38,-57.36,-59.02,55.03,-9.15,-0.00
2024/01/01 16:11:58.13,90.13,-31.51,-57.33,-59.02,55.83,-7.77,-0.16
2024/01/01 16:11:58.14,90.14,-31.64,-57.26,-59.03,56.76,-6.69,-0.14
2024/01/01 16:11:58.15,90.15,-31.75,-57.16,-59.02,57.53,-6.27,0.05
2024/01/01 16:11:58.16,90.16,-31.77,-57.02,-59.00,58.09,-6.39,0.25
2024/01/01 16:11:58.17,90.17,-31.72,-56.86,-59.00,58.45,-6.85,0.46
2024/01/01 16:11:58.18,90.18,-31.63,-56.71,-59.04,58.69,-7.70,0.72
2024/01/01 16:11:58.19,90.19,-31.53,-56.62,-59.12,58.78,-8.84,0.82
2024/01/01 16:11:58.20,90.20,-31.48,-56.59,-59.26,58.57,-9.84,0.55
2024/01/01 16:11:58.21,90.21,-31.47,-56.64,-59.44,57.99,-10.42,0.03
2024/01/01 16:11:58.22,90.22,-31.49,-56.74,-59.60,57.10,-10.59,-0.38
2024/01/01 16:11:58.23,90.23,-31.55,-56.89,-59.72,56.02,-10.33,-0.59
2024/01/01 16:11:58.24,90.24,-31.67,-57.10,-59.83,54.91,-9.77,-0.77
2024/01/01 16:11:58.25,90.25,-31.87,-57.32,-59.93,54.04,-9.25,-1.03
2024/01/01 16:11:58.26,90.26,-32.13,-57.52,-60.01,53.59,-8.98,-1.28
2024/01/01 16:11:58.27,90.27,-32.34,-57.66,-60.11,53.51,-9.03,-1.44
2024/01/01 16:11:58.28,90.28,-32.49,-57.77,-60.22,53.68,-9.57,-1.54
2024/01/01 16:11:58.29,90.29,-32.57,-57.84,-60.32,53.97,-10.46,-1.57
2024/01/01 16:11:58.30,90.30,-32.63,-57.86,-60.38,54.23,-11.42,-1.52
2024/01/01 16:11:58.31,90.31,-32.69,-57.84,-60.41,54.50,-12.38,-1.42
2024/01/01 16:11:58.32,90.32,-32.74,-57.79,-60.41,54.94,-13.04,-1.32
2024/01/01 16:11:58.33,90.33,-32.78,-57.70,-60.37,55.52,-13.04,-1.24
2024/01/01 16:11:58.34,90.34,-32.78,-57.58,-60.27,56.07,-12.41,-1.18
2024/01/01 16:11:58.35,90.35,-32.74,-57.44,-60.11,56.36,-11.32,-1.09
2024/01/01 16:11:58.36,90.36,-32.66,-57.34,-59.93,56.29,-9.93,-1.05
2024/01/01 16:11:58.37,90.37,-32.54,-57.32,-59.75,55.95,-8.65,-1.05
2024/01/01 16:11:58.38,90.38,-32.32,-57.31,-59.61,55.61,-7.93,-0.99
2024/01/01 16:11:58.39,90.39,-32.04,-57.31,-59.45,55.50,-7.77,-0.76
2024/01/01 16:11:58.40,90.40,-31.76,-57.34,-59.26,55.61,-8.06,-0.37
2024/01/01 16:11:58.41,90.41,-31.54,-57.43,-59.04,55.89,-8.72,-0.10
2024/01/01 16:11:58.42,90.42,-31.36,-57.56,-58.82,56.17,-9.38,-0.20
2024/01/01 16:11:58.43,90.43,-31.18,-57.64,-58.66,56.24,-9.74,-0.36
2024/01/01 16:11:58.44,90.44,-31.03,-57.65,-58.59,56.09,-9.95,-0.29
2024/01/01 16:11:58.45,90.45,-30.99,-57.59,-58.59,55.84,-10.08,-0.06
2024/01/01 16:11:58.46,90.46,-31.09,-57.49,-58.66,55.59,-10.10,0.28
2024/01/01 16:11:58.47,90.47,-31.24,-57.33,-58.76,55.63,-10.18,0.57
2024/01/01 16:11:58.48,90.48,-31.37,-57.14,-58.88,56.28,-10.17,0.61
2024/01/01 16:11:58.49,90.49,-31.43,-56.94,-59.02,57.46,-9.81,0.48
2024/01/01 16:11:58.50,90.50,-31.44,-56.75,-59.20,58.74,-9.52,0.18
2024/01/01 16:11:58.51,90.51,-31.40,-56.58,-59.35,59.66,-9.55,-0.32
2024/01/01 16:11:58.52,90.52,-31.31,-56.45,-59.45,60.03,-9.57,-0.71
2024/01/01 16:11:58.53,90.53,-31.19,-56.36,-59.52,59.97,-9.50,-0.71
2024/01/01 16:11:58.54,90.54,-31.14,-56.32,-59.55,59.55,-9.51,-0.45
2024/01/01 16:11:58.55,90.55,-31.18,-56.32,-59.52,58.81,-9.43,-0.12
2024/01/01 16:11:58.56,90.56,-31.31,-56.34,-59.47,57.82,-9.16,0.05
2024/01/01 16:11:58.57,90.57,-31.48,-56.35,-59.41,56.62,-8.78,-0.16
2024/01/01 16:11:58.58,90.58,-31.67,-56.34,-59.38,55.36,-8.38,-0.52
2024/01/01 16:11:58.59,90.59,-31.87,-56.30,-59.36,54.28,-8.02,-0.62
2024/01/01 16:11:58.60,90.60,-32.00,-56.24,-59.34,53.72,-7.76,-0.46
2024/01/01 16:11:58.61,90.61,-32.02,-56.17,-59.29,53.94,-7.57,-0.30
2024/01/01 16:11:58.62,90.62,-31.95,-56.10,-59.25,54.74,-7.28,-0.26
2024/01/01 16:11:58.63,90.63,-31.91,-56.05,-59.24,55.59,-7.02,-0.26
2024/01/01 16:11:58.64,90.64,-31.93,-56.04,-59.28,56.01,-7.05,-0.24
2024/01/01 16:11:58.65,90.65,-32.00,-56.09,-59.34,55.77,-7.32,-0.19
2024/01/01 16:11:58.66,90.66,-32.10,-56.19,-59.41,54.99,-7.70,-0.18
2024/01/01 16:11:58.67,90.67,-32.18,-56.31,-59.46,54.03,-8.14,-0.36
2024/01/01 16:11:58.68,90.68,-32.21,-56.40,-59.48,53.28,-8.38,-0.73
2024/01/01 16:11:58.69,90.69,-32.17,-56.43,-59.48,52.96,-8.35,-1.03
2024/01/01 16:11:58.70,90.70,-32.07,-56.41,-59.47,53.20,-8.31,-1.06
2024/01/01 16:11:58.71,90.71,-31.97,-56.37,-59.45,54.05,-8.35,-0.95
2024/01/01 16:11:58.72,90.72,-31.93,-56.34,-59.41,55.29,-8.43,-0.88
2024/01/01 16:11:58.73,90.73,-31.95,-56.34,-59.34,56.51,-8.65,-0.77
2024/01/01 16:11:58.74,90.74,-31.98,-56.36,-59.27,57.43,-8.92,-0.63
2024/01/01 16:11:58.75,90.75,-31.99,-56.38,-59.19,57.87,-9.28,-0.54
2024/01/01 16:11:58.76,90.76,-31.97,-56.41,-59.11,57.85,-9.87,-0.39
2024/01/01 16:11:58.77,90.77,-31.93,-56.47,-59.06,57.54,-10.52,-0.01
2024/01/01 16:11:58.78,90.78,-31.86,-56.58,-59.06,57.26,-10.85,0.37
2024/01/01 16:11:58.79,90.79,-31.78,-56.69,-59.12,57.25,-10.66,0.52
2024/01/01 16:11:58.80,90.80,-31.69,-56.77,-59.20,57.37,-9.92,0.60
2024/01/01 16:11:58.81,90.81,-31.62,-56.81,-59.27,57.31,-8.73,0.59
2024/01/01 16:11:58.82,90.82,-31.56,-56.78,-59.35,56.97,-7.44,0.32
2024/01/01 16:11:58.83,90.83,-31.48,-56.71,-59.44,56.40,-6.37,-0.10
2024/01/01 16:11:58.84,90.84,-31.38,-56.63,-59.53,55.74,-5.76,-0.35
2024/01/01 16:11:58.85,90.85,-31.24,-56.56,-59.64,55.24,-5.82,-0.45
2024/01/01 16:11:58.86,90.86,-31.06,-56.48,-59.78,55.10,-6.56,-0.65
2024/01/01 16:11:58.87,90.87,-30.84,-56.40,-59.94,55.38,-7.73,-1.00
2024/01/01 16:11:58.88,90.88,-30.63,-56.34,-60.08,55.84,-8.94,-1.32
2024/01/01 16:11:58.89,90.89,-30.48,-56.30,-60.17,56.20,-9.96,-1.51
2024/01/01 16:11:58.90,90.90,-30.43,-56.26,-60.23,56.24,-10.70,-1.68
2024/01/01 16:11:58.91,90.91,-30.49,-56.20,-60.24,55.99,-11.06,-1.88
2024/01/01 16:11:58.92,90.92,-30.62,-56.16,-60.22,55.64,-11.02,-1.96
2024/01/01 16:11:58.93,90.93,-30.80,-56.18,-60.19,55.54,-10.72,-1.86
2024/01/01 16:11:58.94,90.94,-30.95,-56.27,-60.16,55.87,-10.30,-1.68
2024/01/01 16:11:58.95,90.95,-31.02,-56.42,-60.14,56.65,-9.72,-1.47
2024/01/01 16:11:58.96,90.96,-31.00,-56.58,-60.09,57.74,-8.93,-1.11
2024/01/01 16:11:58.97,90.97,-30.94,-56.70,-60.01,58.92,-8.04,-0.73
2024/01/01 16:11:58.98,90.98,-30.86,-56.80,-59.91,59.95,-7.29,-0.60
2024/01/01 16:11:58.99,90.99,-30.78,-56.91,-59.83,60.62,-6.94,-0.74
2024/01/01 16:11:59.00,91.00,-30.68,-57.09,-59.79,60.73,-6.98,-0.93
2024/01/01 16:11:59.01,91.01,-30.58,-57.28,-59.80,60.22,-7.32,-1.03
2024/01/01 16:11:59.02,91.02,-30.49,-57.42,-59.83,59.26,-7.96,-1.04
2024/01/01 16:11:59.03,91.03,-30.40,-57.46,-59.86,58.18,-8.76,-1.08
2024/01/01 16:11:59.04,91.04,-30.33,-57.44,-59.85,57.31,-9.46,-1.05
2024/01/01 16:11:59.05,91.05,-30.28,-57.41,-59.77,56.93,-10.02,-0.77
2024/01/01 16:11:59.06,91.06,-30.26,-57.41,-59.67,57.05,-10.44,-0.44
2024/01/01 16:11:59.07,91.07,-30.26,-57.46,-59.57,57.35,-10.57,-0.33
2024/01/01 16:11:59.08,91.08,-30.29,-57.56,-59.47,57.52,-10.58,-0.34
2024/01/01 16:11:59.09,91.09,-30.37,-57.70,-59.38,57.50,-10.77,-0.29
2024/01/01 16:11:59.10,91.10,-30.49,-57.87,-59.29,57.30,-11.26,-0.23
2024/01/01 16:11:59.11,91.11,-30.66,-58.05,-59.21,56.92,-11.94,-0.27
2024/01/01 16:11:59.12,91.12,-30.84,-58.22,-59.19,56.38,-12.58,-0.39
2024/01/01 16:11:59.13,91.13,-31.01,-58.37,-59.25,55.81,-12.89,-0.56
2024/01/01 16:11:59.14,91.14,-31.17,-58.50,-59.33,55.37,-12.72,-0.71
2024/01/01 16:11:59.15,91.15,-31.29,-58.62,-59.38,55.15,-12.08,-0.62
2024/01/01 16:11:59.16,91.16,-31.36,-58.71,-59.39,55.16,-11.18,-0.37
2024/01/01 16:11:59.17,91.17,-31.41,-58.81,-59.38,55.48,-10.34,-0.29
2024/01/01 16:11:59.18,91.18,-31.43,-58.91,-59.38,56.02,-9.75,-0.37
2024/01/01 16:11:59.19,91.19,-31.39,-59.02,-59.36,56.59,-9.44,-0.36
2024/01/01 16:11:59.20,91.20,-31.28,-59.13,-59.34,57.12,-9.51,-0.34
2024/01/01 16:11:59.21,91.21,-31.13,-59.24,-59.31,57.70,-9.87,-0.49
2024/01/01 16:11:59.22,91.22,-30.98,-59.33,-59.28,58.31,-10.36,-0.76
2024/01/01 16:11:59.23,91.23,-30.82,-59.37,-59.23,58.72,-10.89,-0.94
2024/01/01 16:11:59.24,91.24,-30.65,-59.38,-59.20,58.75,-11.40,-0.84
2024/01/01 16:11:59.25,91.25,-30.49,-59.37,-59.16,58.47,-11.78,-0.52
2024/01/01 16:11:59.26,91.26,-30.37,-59.41,-59.08,58.03,-12.07,-0.17
2024/01/01 16:11:59.27,91.27,-30.29,-59.48,-58.95,57.67,-12.43,0.09
2024/01/01 16:11:59.28,91.28,-30.23,-59.58,-58.83,57.62,-12.95,0.24
2024/01/01 16:11:59.29,91.29,-30.22,-59.71,-58.75,57.92,-13.46,0.26
2024/01/01 16:11:59.30,91.30,-30.25,-59.88,-58.70,58.39,-13.76,0.15
2024/01/01 16:11:59.31,91.31,-30.30,-60.04,-58.65,58.77,-13.90,0.11
2024/01/01 16:11:59.32,91.32,-30.35,-60.15,-58.60,58.90,-13.87,0.23
2024/01/01 16:11:59.33,91.33,-30.41,-60.22,-58.55,58.81,-13.51,0.25
2024/01/01 16:11:59.34,91.34,-30.47,-60.26,-58.53,58.59,-12.81,0.21
2024/01/01 16:11:59.35,91.35,-30.55,-60.29,-58.49,58.27,-12.09,0.41
2024/01/01 16:11:59.36,91.36,-30.68,-60.32,-58.39,57.93,-11.65,0.74
2024/01/01 16:11:59.37,91.37,-30.87,-60.30,-58.27,57.64,-11.55,0.88
2024/01/01 16:11:59.38,91.38,-31.10,-60.24,-58.16,57.40,-11.72,0.84
2024/01/01 16:11:59.39,91.39,-31.32,-60.14,-58.11,57.20,-12.12,0.84
2024/01/01 16:11:59.40,91.40,-31.47,-60.01,-58.09,57.04,-12.56,1.08
2024/01/01 16:11:59.41,91.41,-31.56,-59.84,-58.10,56.97,-12.76,1.42
2024/01/01 16:11:59.42,91.42,-31.62,-59.65,-58.12,56.99,-12.64,1.50
2024/01/01 16:11:59.43,91.43,-31.66,-59.50,-58.15,57.08,-12.28,1.18
2024/01/01 16:11:59.44,91.44,-31.67,-59.41,-58.21,57.13,-11.87,0.75
2024/01/01 16:11:59.45,91.45,-31.64,-59.33,-58.29,57.05,-11.63,0.46
2024/01/01 16:11:59.46,91.46,-31.61,-59.24,-58.35,56.74,-11.58,0.32
2024/01/01 16:11:59.47,91.47,-31.63,-59.11,-58.41,56.19,-11.72,0.35
2024/01/01 16:11:59.48,91.48,-31.71,-58.94,-58.49,55.55,-12.01,0.45
2024/01/01 16:11:59.49,91.49,-31.83,-58.73,-58.60,55.02,-12.14,0.55
2024/01/01 16:11:59.50,91.50,-31.93,-58.49,-58.71,54.74,-11.87,0.64
2024/01/01 16:11:59.51,91.51,-31.98,-58.24,-58.80,54.78,-11.23,0.54
2024/01/01 16:11:59.52,91.52,-31.97,-58.01,-58.91,55.13,-10.39,0.09
2024/01/01 16:11:59.53,91.53,-31.95,-57.79,-59.05,55.72,-9.67,-0.46
2024/01/01 16:11:59.54,91.54,-31.96,-57.59,-59.20,56.44,-9.33,-0.77
2024/01/01 16:11:59.55,91.55,-32.00,-57.44,-59.37,57.13,-9.43,-0.71
2024/01/01 16:11:59.56,91.56,-32.07,-57.31,-59.58,57.66,-9.82,-0.45
2024/01/01 16:11:59.57,91.57,-32.13,-57.20,-59.80,57.89,-10.19,-0.25
2024/01/01 16:11:59.58,91.58,-32.18,-57.12,-59.99,57.65,-10.33,-0.22
2024/01/01 16:11:59.59,91.59,-32.19,-57.08,-60.16,56.93,-10.26,-0.46
2024/01/01 16:11:59.60,91.60,-32.14,-57.08,-60.32,56.03,-9.96,-1.07
2024/01/01 16:11:59.61,91.61,-31.99,-57.11,-60.47,55.32,-9.34,-1.73
2024/01/01 16:11:59.62,91.62,-31.80,-57.15,-60.59,54.99,-8.44,-1.98
2024/01/01 16:11:59.63,91.63,-31.63,-57.19,-60.69,54.96,-7.43,-1.88
2024/01/01 16:11:59.64,91.64,-31.54,-57.22,-60.75,55.07,-6.60,-1.82
2024/01/01 16:11:59.65,91.65,-31.51,-57.22,-60.76,55.21,-6.18,-1.91
2024/01/01 16:11:59.66,91.66,-31.51,-57.15,-60.75,55.28,-6.27,-1.93
2024/01/01 16:11:59.67,91.67,-31.52,-57.01,-60.74,55.30,-7.04,-1.76
2024/01/01 16:11:59.68,91.68,-31.51,-56.85,-60.74,55.39,-8.37,-1.58
2024/01/01 16:11:59.69,91.69,-31.48,-56.70,-60.76,55.61,-9.78,-1.61
2024/01/01 16:11:59.70,91.70,-31.43,-56.59,-60.78,55.99,-10.87,-1.77
2024/01/01 16:11:59.71,91.71,-31.40,-56.57,-60.79,56.56,-11.54,-1.87
2024/01/01 16:11:59.72,91.72,-31.37,-56.61,-60.78,57.21,-11.82,-1.86
2024/01/01 16:11:59.73,91.73,-31.35,-56.73,-60.74,57.72,-11.87,-1.80
2024/01/01 16:11:59.74,91.74,-31.36,-56.91,-60.67,57.84,-11.79,-1.77
2024/01/01 16:11:59.75,91.75,-31.38,-57.09,-60.61,57.51,-11.50,-1.78
2024/01/01 16:11:59.76,91.76,-31.40,-57.20,-60.55,56.77,-10.81,-1.71
2024/01/01 16:11:59.77,91.77,-31.41,-57.27,-60.47,55.90,-9.73,-1.53
2024/01/01 16:11:59.78,91.78,-31.42,-57.34,-60.36,55.32,-8.45,-1.32
2024/01/01 16:11:59.79,91.79,-31.43,-57.39,-60.25,55.32,-7.30,-1.22
2024/01/01 16:11:59.80,91.80,-31.47,-57.40,-60.12,55.74,-6.51,-1.26
2024/01/01 16:11:59.81,91.81,-31.50,-57.32,-59.99,56.26,-6.27,-1.29
2024/01/01 16:11:59.82,91.82,-31.49,-57.16,-59.87,56.61,-6.71,-1.31
2024/01/01 16:11:59.83,91.83,-31.43,-56.97,-59.78,56.75,-7.85,-1.39
2024/01/01 16:11:59.84,91.84,-31.33,-56.82,-59.69,56.80,-9.46,-1.36
2024/01/01 16:11:59.85,91.85,-31.23,-56.70,-59.63,56.96,-11.04,-1.09
2024/01/01 16:11:59.86,91.86,-31.17,-56.55,-59.63,57.28,-12.03,-0.78
2024/01/01 16:11:59.87,91.87,-31.14,-56.37,-59.63,57.65,-12.12,-0.47
2024/01/01 16:11:59.88,91.88,-31.15,-56.22,-59.64,57.91,-11.37,-0.10
2024/01/01 16:11:59.89,91.89,-31.19,-56.17,-59.66,57.88,-10.07,0.02
2024/01/01 16:11:59.90,91.90,-31.24,-56.23,-59.72,57.54,-8.62,-0.25
2024/01/01 16:11:59.91,91.91,-31.27,-56.35,-59.81,56.98,-7.46,-0.61
2024/01/01 16:11:59.92,91.92,-31.27,-56.45,-59.91,56.32,-6.81,-0.85
2024/01/01 16:11:59.93,91.93,-31.25,-56.51,-59.98,55.82,-6.83,-1.05
2024/01/01 16:11:59.94,91.94,-31.18,-56.54,-60.09,55.72,-7.52,-1.28
2024/01/01 16:11:59.95,91.95,-31.10,-56.55,-60.22,55.98,-8.54,-1.49
2024/01/01 16:11:59.96,91.96,-31.00,-56.50,-60.36,56.29,-9.37,-1.49
2024/01/01 16:11:59.97,91.97,-30.92,-56.42,-60.49,56.38,-9.80,-1.26
2024/01/01 16:11:59.98,91.98,-30.85,-56.35,-60.65,56.33,-9.86,-1.20
2024/01/01 16:11:59.99,91.99,-30.81,-56.29,-60.83,56.34,-9.56,-1.52
2024/01/01 16:12:00.00,92.00,-30.84,-56.21,-61.01,56.52,-8.98,-1.86
2024/01/01 16:12:00.01,92.01,-30.94,-56.10,-61.15,56.87,-8.40,-2.01
2024/01/01 16:12:00.02,92.02,-31.06,-55.97,-61.26,57.28,-8.02,-2.29
2024/01/01 16:12:00.03,92.03,-31.13,-55.87,-61.35,57.54,-7.98,-2.71
2024/01/01 16:12:00.04,92.04,-31.14,-55.84,-61.44,57.62,-8.29,-2.93
2024/01/01 16:12:00.05,92.05,-31.10,-55.88,-61.48,57.59,-8.65,-2.81
2024/01/01 16:12:00.06,92.06,-31.05,-56.02,-61.47,57.54,-8.77,-2.44
2024/01/01 16:12:00.07,92.07,-31.06,-56.21,-61.43,57.49,-8.70,-2.07
2024/01/01 16:12:00.08,92.08,-31.13,-56.41,-61.38,57.31,-8.43,-2.04
2024/01/01 16:12:00.09,92.09,-31.27,-56.58,-61.31,56.86,-7.98,-2.23
2024/01/01 16:12:00.10,92.10,-31.44,-56.70,-61.19,56.19,-7.68,-2.33
2024/01/01 16:12:00.11,92.11,-31.63,-56.74,-61.04,55.42,-7.63,-2.46
2024/01/01 16:12:00.12,92.12,-31.81,-56.72,-60.88,54.73,-7.75,-2.59
2024/01/01 16:12:00.13,92.13,-32.00,-56.67,-60.74,54.34,-8.12,-2.38
2024/01/01 16:12:00.14,92.14,-32.19,-56.63,-60.63,54.40,-8.61,-1.94
2024/01/01 16:12:00.15,92.15,-32.36,-56.58,-60.54,54.86,-9.05,-1.58
2024/01/01 16:12:00.16,92.16,-32.48,-56.54,-60.47,55.48,-9.56,-1.32
2024/01/01 16:12:00.17,92.17,-32.52,-56.51,-60.43,55.94,-10.11,-1.20
2024/01/01 16:12:00.18,92.18,-32.48,-56.50,-60.43,55.98,-10.47,-1.14
2024/01/01 16:12:00.19,92.19,-32.40,-56.52,-60.47,55.71,-10.55,-0.99
2024/01/01 16:12:00.20,92.20,-32.30,-56.59,-60.52,55.33,-10.28,-0.85
2024/01/01 16:12:00.21,92.21,-32.18,-56.71,-60.55,54.99,-9.69,-0.90
2024/01/01 16:12:00.22,92.22,-32.04,-56.84,-60.56,54.81,-9.09,-1.17
2024/01/01 16:12:00.23,92.23,-31.89,-56.98,-60.57,54.69,-8.66,-1.67
2024/01/01 16:12:00.24,92.24,-31.74,-57.11,-60.61,54.37,-8.28,-2.23
2024/01/01 16:12:00.25,92.25,-31.59,-57.22,-60.68,53.89,-7.98,-2.52
2024/01/01 16:12:00.26,92.26,-31.47,-57.30,-60.76,53.57,-7.86,-2.48
2024/01/01 16:12:00.27,92.27,-31.39,-57.30,-60.86,53.73,-7.94,-2.25
2024/01/01 16:12:00.28,92.28,-31.33,-57.21,-60.96,54.50,-8.25,-2.06
2024/01/01 16:12:00.29,92.29,-31.30,-57.07,-61.03,55.72,-8.78,-2.00
2024/01/01 16:12:00.30,92.30,-31.29,-56.94,-61.10,57.07,-9.52,-1.99
2024/01/01 16:12:00.31,92.31,-31.28,-56.86,-61.17,58.23,-10.41,-2.04
2024/01/01 16:12:00.32,92.32,-31.25,-56.83,-61.20,58.93,-11.15,-2.18
2024/01/01 16:12:00.33,92.33,-31.19,-56.89,-61.15,59.10,-11.55,-2.16
2024/01/01 16:12:00.34,92.34,-31.08,-57.03,-61.06,58.98,-11.59,-1.93
2024/01/01 16:12:00.35,92.35,-30.96,-57.19,-60.98,58.81,-11.26,-1.77
2024/01/01 16:12:00.36,92.36,-30.88,-57.28,-60.93,58.72,-10.58,-1.77
2024/01/01 16:12:00.37,92.37,-30.85,-57.30,-60.90,58.67,-9.66,-1.87
2024/01/01 16:12:00.38,92.38,-30.88,-57.25,-60.87,58.41,-8.66,-2.06
2024/01/01 16:12:00.39,92.39,-30.92,-57.16,-60.80,57.75,-7.88,-2.29
2024/01/01 16:12:00.40,92.40,-30.95,-57.04,-60.75,56.76,-7.47,-2.32
2024/01/01 16:12:00.41,92.41,-30.98,-56.89,-60.72,55.77,-7.39,-2.08
2024/01/01 16:12:00.42,92.42,-31.04,-56.76,-60.70,55.32,-7.74,-1.70
2024/01/01 16:12:00.43,92.43,-31.16,-56.70,-60.68,55.64,-8.48,-1.37
2024/01/01 16:12:00.44,92.44,-31.35,-56.71,-60.68,56.39,-9.26,-1.22
2024/01/01 16:12:00.45,92.45,-31.58,-56.75,-60.74,56.97,-9.91,-1.27
2024/01/01 16:12:00.46,92.46,-31.84,-56.79,-60.83,56.97,-10.34,-1.32
2024/01/01 16:12:00.47,92.47,-32.10,-56.79,-60.91,56.35,-10.42,-1.29
2024/01/01 16:12:00.48,92.48,-32.34,-56.78,-60.95,55.43,-10.17,-1.36
2024/01/01 16:12:00.49,92.49,-32.52,-56.77,-60.96,54.68,-9.60,-1.59
2024/01/01 16:12:00.50,92.50,-32.61,-56.81,-60.94,54.38,-8.69,-1.80
2024/01/01 16:12:00.51,92.51,-32.62,-56.90,-60.91,54.34,-7.74,-1.86
2024/01/01 16:12:00.52,92.52,-32.59,-57.00,-60.86,54.18,-7.22,-1.82
2024/01/01 16:12:00.53,92.53,-32.55,-57.06,-60.81,53.81,-7.39,-1.83
2024/01/01 16:12:00.54,92.54,-32.54,-57.07,-60.77,53.46,-8.18,-1.91
2024/01/01 16:12:00.55,92.55,-32.58,-57.05,-60.78,53.37,-9.26,-1.86
2024/01/01 16:12:00.56,92.56,-32.67,-57.07,-60.82,53.69,-10.31,-1.64
2024/01/01 16:12:00.57,92.57,-32.77,-57.15,-60.85,54.40,-11.04,-1.44
2024/01/01 16:12:00.58,92.58,-32.84,-57.28,-60.86,55.21,-11.29,-1.40
2024/01/01 16:12:00.59,92.59,-32.85,-57.44,-60.83,55.75,-11.23,-1.45
2024/01/01 16:12:00.60,92.60,-32.81,-57.59,-60.76,55.93,-11.05,-1.55
2024/01/01 16:12:00.61,92.61,-32.74,-57.74,-60.66,55.85,-10.78,-1.60
2024/01/01 16:12:00.62,92.62,-32.65,-57.86,-60.57,55.71,-10.43,-1.57
2024/01/01 16:12:00.63,92.63,-32.58,-57.97,-60.50,55.70,-10.08,-1.50
2024/01/01 16:12:00.64,92.64,-32.54,-58.05,-60.45,55.83,-9.81,-1.38
2024/01/01 16:12:00.65,92.65,-32.52,-58.10,-60.42,55.87,-9.70,-1.22
2024/01/01 16:12:00.66,92.66,-32.50,-58.11,-60.38,55.59,-9.78,-1.06
2024/01/01 16:12:00.67,92.67,-32.49,-58.10,-60.32,55.08,-10.03,-0.85
2024/01/01 16:12:00.68,92.68,-32.50,-58.06,-60.27,54.70,-10.37,-0.64
2024/01/01 16:12:00.69,92.69,-32.53,-58.02,-60.27,54.77,-10.67,-0.67
2024/01/01 16:12:00.70,92.70,-32.60,-57.99,-60.29,55.31,-10.93,-0.94
2024/01/01 16:12:00.71,92.71,-32.71,-57.98,-60.31,56.01,-11.22,-1.25
2024/01/01 16:12:00.72,92.72,-32.81,-57.99,-60.33,56.34,-11.60,-1.54
2024/01/01 16:12:00.73,92.73,-32.85,-58.03,-60.34,55.99,-12.09,-1.76
2024/01/01 16:12:00.74,92.74,-32.81,-58.05,-60.34,55.21,-12.53,-1.73
2024/01/01 16:12:00.75,92.75,-32.71,-58.04,-60.30,54.58,-12.70,-1.40
2024/01/01 16:12:00.76,92.76,-32.59,-58.00,-60.28,54.62,-12.41,-1.09
2024/01/01 16:12:00.77,92.77,-32.49,-57.97,-60.25,55.40,-11.59,-1.02
2024/01/01 16:12:00.78,92.78,-32.44,-57.94,-60.17,56.36,-10.36,-1.02
2024/01/01 16:12:00.79,92.79,-32.39,-57.93,-60.09,56.75,-9.16,-1.05
2024/01/01 16:12:00.80,92.80,-32.29,-57.89,-60.04,56.16,-8.31,-1.26
2024/01/01 16:12:00.81,92.81,-32.20,-57.80,-60.01,54.78,-7.92,-1.54
2024/01/01 16:12:00.82,92.82,-32.15,-57.69,-59.98,53.28,-8.10,-1.47
2024/01/01 16:12:00.83,92.83,-32.14,-57.59,-59.95,52.37,-8.79,-1.11
2024/01/01 16:12:00.84,92.84,-32.13,-57.52,-59.90,52.50,-9.69,-0.86
2024/01/01 16:12:00.85,92.85,-32.14,-57.49,-59.84,53.57,-10.49,-0.76
2024/01/01 16:12:00.86,92.86,-32.18,-57.50,-59.78,55.08,-10.96,-0.62
2024/01/01 16:12:00.87,92.87,-32.27,-57.55,-59.72,56.41,-11.09,-0.46
2024/01/01 16:12:00.88,92.88,-32.39,-57.61,-59.65,57.28,-10.90,-0.38
2024/01/01 16:12:00.89,92.89,-32.49,-57.62,-59.55,57.73,-10.46,-0.38
2024/01/01 16:12:00.90,92.90,-32.56,-57.57,-59.42,57.89,-9.96,-0.42
2024/01/01 16:12:00.91,92.91,-32.59,-57.44,-59.31,57.79,-9.57,-0.44
2024/01/01 16:12:00.92,92.92,-32.59,-57.25,-59.24,57.46,-9.29,-0.42
2024/01/01 16:12:00.93,92.93,-32.55,-57.06,-59.18,56.87,-9.17,-0.34
2024/01/01 16:12:00.94,92.94,-32.47,-56.95,-59.10,56.11,-9.23,-0.14
2024/01/01 16:12:00.95,92.95,-32.33,-56.92,-58.99,55.40,-9.38,0.08
2024/01/01 16:12:00.96,92.96,-32.18,-56.91,-58.89,54.94,-9.62,0.11
2024/01/01 16:12:00.97,92.97,-32.08,-56.91,-58.84,54.72,-9.96,-0.00
2024/01/01 16:12:00.98,92.98,-32.07,-56.92,-58.85,54.63,-10.28,0.02
2024/01/01 16:12:00.99,92.99,-32.13,-56.94,-58.88,54.54,-10.42,0.20
2024/01/01 16:12:01.00,93.00,-32.22,-56.95,-58.91,54.45,-10.29,0.32
2024/01/01 16:12:01.01,93.01,-32.30,-56.91,-58.97,54.45,-9.82,0.19
2024/01/01 16:12:01.02,93.02,-32.35,-56.84,-59.07,54.63,-8.97,-0.09
2024/01/01 16:12:01.03,93.03,-32.36,-56.75,-59.16,55.04,-8.04,-0.25
2024/01/01 16:12:01.04,93.04,-32.33,-56.68,-59.22,55.69,-7.50,-0.28
2024/01/01 16:12:01.05,93.05,-32.30,-56.62,-59.25,56.34,-7.58,-0.32
2024/01/01 16:12:01.06,93.06,-32.30,-56.53,-59.25,56.72,-8.21,-0.39
2024/01/01 16:12:01.07,93.07,-32.32,-56.41,-59.25,56.73,-9.13,-0.36
2024/01/01 16:12:01.08,93.08,-32.34,-56.29,-59.26,56.51,-10.03,-0.25
2024/01/01 16:12:01.09,93.09,-32.34,-56.21,-59.31,56.29,-10.66,-0.20
2024/01/01 16:12:01.10,93.10,-32.34,-56.18,-59.35,56.18,-10.89,-0.28
2024/01/01 16:12:01.11,93.11,-32.38,-56.15,-59.38,56.17,-10.68,-0.37
2024/01/01 16:12:01.12,93.12,-32.45,-56.11,-59.41,56.12,-10.13,-0.41
2024/01/01 16:12:01.13,93.13,-32.52,-56.06,-59.46,55.94,-9.38,-0.45
2024/01/01 16:12:01.14,93.14,-32.55,-56.05,-59.50,55.69,-8.53,-0.46
2024/01/01 16:12:01.15,93.15,-32.55,-56.09,-59.53,55.46,-7.75,-0.40
2024/01/01 16:12:01.16,93.16,-32.51,-56.12,-59.53,55.25,-7.17,-0.42
2024/01/01 16:12:01.17,93.17,-32.44,-56.08,-59.52,55.08,-6.80,-0.68
2024/01/01 16:12:01.18,93.18,-32.39,-55.97,-59.53,54.92,-6.60,-1.02
2024/01/01 16:12:01.19,93.19,-32.39,-55.84,-59.53,54.73,-6.62,-1.16
2024/01/01 16:12:01.20,93.20,-32.45,-55.73,-59.53,54.53,-6.91,-1.02
2024/01/01 16:12:01.21,93.21,-32.57,-55.62,-59.55,54.40,-7.36,-0.79
2024/01/01 16:12:01.22,93.22,-32.69,-55.49,-59.57,54.41,-7.81,-0.58
2024/01/01 16:12:01.23,93.23,-32.77,-55.34,-59.60,54.57,-8.22,-0.35
2024/01/01 16:12:01.24,93.24,-32.79,-55.20,-59.61,54.93,-8.52,-0.11
2024/01/01 16:12:01.25,93.25,-32.74,-55.12,-59.61,55.50,-8.69,0.04
2024/01/01 16:12:01.26,93.26,-32.66,-55.09,-59.61,56.13,-8.73,0.06
2024/01/01 16:12:01.27,93.27,-32.60,-55.09,-59.63,56.54,-8.60,-0.02
2024/01/01 16:12:01.28,93.28,-32.57,-55.09,-59.67,56.52,-8.32,-0.13
2024/01/01 16:12:01.29,93.29,-32.57,-55.08,-59.69,56.06,-7.88,-0.24
2024/01/01 16:12:01.30,93.30,-32.57,-55.07,-59.69,55.29,-7.22,-0.39
2024/01/01 16:12:01.31,93.31,-32.59,-55.05,-59.68,54.42,-6.47,-0.59
2024/01/01 16:12:01.32,93.32,-32.61,-55.05,-59.66,53.74,-5.87,-0.80
2024/01/01 16:12:01.33,93.33,-32.65,-55.06,-59.64,53.34,-5.64,-0.96
2024/01/01 16:12:01.34,93.34,-32.66,-55.08,-59.61,53.24,-5.88,-1.03
2024/01/01 16:12:01.35,93.35,-32.64,-55.14,-59.56,53.38,-6.56,-0.94
2024/01/01 16:12:01.36,93.36,-32.58,-55.24,-59.47,53.66,-7.42,-0.70
2024/01/01 16:12:01.37,93.37,-32.51,-55.32,-59.35,53.99,-8.11,-0.41
2024/01/01 16:12:01.38,93.38,-32.45,-55.35,-59.23,54.30,-8.43,-0.22
2024/01/01 16:12:01.39,93.39,-32.42,-55.33,-59.10,54.60,-8.30,-0.18
2024/01/01 16:12:01.40,93.40,-32.41,-55.32,-59.01,54.92,-7.87,-0.12
2024/01/01 16:12:01.41,93.41,-32.40,-55.34,-58.94,55.29,-7.40,0.10
2024/01/01 16:12:01.42,93.42,-32.35,-55.39,-58.89,55.70,-7.12,0.30
2024/01/01 16:12:01.43,93.43,-32.25,-55.47,-58.85,56.16,-7.09,0.32
2024/01/01 16:12:01.44,93.44,-32.13,-55.60,-58.81,56.63,-7.30,0.26
2024/01/01 16:12:01.45,93.45,-32.00,-55.77,-58.77,57.01,-7.85,0.19
2024/01/01 16:12:01.46,93.46,-31.88,-55.94,-58.76,57.27,-8.55,0.11
2024/01/01 16:12:01.47,93.47,-31.79,-56.07,-58.80,57.39,-8.99,0.01
2024/01/01 16:12:01.48,93.48,-31.69,-56.15,-58.85,57.29,-9.01,0.00
2024/01/01 16:12:01.49,93.49,-31.59,-56.19,-58.90,56.96,-8.73,0.17
2024/01/01 16:12:01.50,93.50,-31.50,-56.22,-58.93,56.56,-8.27,0.29
2024/01/01 16:12:01.51,93.51,-31.43,-56.24,-58.96,56.30,-7.81,0.09
2024/01/01 16:12:01.52,93.52,-31.36,-56.23,-59.04,56.35,-7.48,-0.30
2024/01/01 16:12:01.53,93.53,-31.29,-56.21,-59.14,56.68,-7.45,-0.51
2024/01/01 16:12:01.54,93.54,-31.25,-56.19,-59.26,57.09,-7.85,-0.45
2024/01/01 16:12:01.55,93.55,-31.23,-56.20,-59.36,57.28,-8.52,-0.41
2024/01/01 16:12:01.56,93.56,-31.24,-56.22,-59.46,57.14,-9.18,-0.58
2024/01/01 16:12:01.57,93.57,-31.25,-56.23,-59.53,56.78,-9.71,-0.83
2024/01/01 16:12:01.58,93.58,-31.25,-56.25,-59.55,56.35,-10.11,-0.93
2024/01/01 16:12:01.59,93.59,-31.27,-56.28,-59.55,55.96,-10.30,-0.86
2024/01/01 16:12:01.60,93.60,-31.30,-56.31,-59.55,55.68,-10.13,-0.74
2024/01/01 16:12:01.61,93.61,-31.36,-56.33,-59.53,55.57,-9.55,-0.57
2024/01/01 16:12:01.62,93.62,-31.41,-56.35,-59.49,55.67,-8.73,-0.33
2024/01/01 16:12:01.63,93.63,-31.45,-56.37,-59.45,56.00,-8.00,-0.20
2024/01/01 16:12:01.64,93.64,-31.45,-56.41,-59.44,56.43,-7.59,-0.45
2024/01/01 16:12:01.65,93.65,-31.45,-56.45,-59.46,56.73,-7.65,-0.82
2024/01/01 16:12:01.66,93.66,-31.44,-56.48,-59.47,56.77,-8.17,-0.86
2024/01/01 16:12:01.67,93.67,-31.41,-56.51,-59.45,56.57,-8.87,-0.57
2024/01/01 16:12:01.68,93.68,-31.37,-56.53,-59.41,56.31,-9.43,-0.34
2024/01/01 16:12:01.69,93.69,-31.33,-56.52,-59.37,56.14,-9.70,-0.37
2024/01/01 16:12:01.70,93.70,-31.33,-56.45,-59.36,56.13,-9.64,-0.54
2024/01/01 16:12:01.71,93.71,-31.35,-56.36,-59.36,56.15,-9.31,-0.64
2024/01/01 16:12:01.72,93.72,-31.38,-56.29,-59.35,56.07,-8.89,-0.66
2024/01/01 16:12:01.73,93.73,-31.39,-56.24,-59.33,55.96,-8.49,-0.68
2024/01/01 16:12:01.74,93.74,-31.35,-56.20,-59.28,56.01,-8.16,-0.59
2024/01/01 16:12:01.75,93.75,-31.24,-56.20,-59.24,56.38,-8.03,-0.29
2024/01/01 16:12:01.76,93.76,-31.08,-56.22,-59.24,57.03,-8.18,-0.04
2024/01/01 16:12:01.77,93.77,-30.89,-56.23,-59.26,57.68,-8.48,-0.03
2024/01/01 16:12:01.78,93.78,-30.74,-56.18,-59.27,58.08,-8.68,-0.07
2024/01/01 16:12:01.79,93.79,-30.64,-56.10,-59.27,58.10,-8.60,-0.13
2024/01/01 16:12:01.80,93.80,-30.58,-56.03,-59.26,57.86,-8.28,-0.32
2024/01/01 16:12:01.81,93.81,-30.56,-55.99,-59.27,57.59,-7.92,-0.59
2024/01/01 16:12:01.82,93.82,-30.61,-55.96,-59.29,57.38,-7.69,-0.72
2024/01/01 16:12:01.83,93.83,-30.71,-55.92,-59.31,57.16,-7.73,-0.57
2024/01/01 16:12:01.84,93.84,-30.82,-55.88,-59.34,57.02,-8.05,-0.24
2024/01/01 16:12:01.85,93.85,-30.91,-55.87,-59.33,57.04,-8.41,0.09
2024/01/01 16:12:01.86,93.86,-30.95,-55.90,-59.27,57.31,-8.54,0.28
2024/01/01 16:12:01.87,93.87,-30.94,-55.98,-59.20,57.79,-8.34,0.23
2024/01/01 16:12:01.88,93.88,-30.93,-56.12,-59.13,58.27,-7.87,-0.04
2024/01/01 16:12:01.89,93.89,-30.96,-56.33,-59.08,58.38,-7.40,-0.26
2024/01/01 16:12:01.90,93.90,-31.05,-56.58,-59.02,57.91,-7.28,-0.20
2024/01/01 16:12:01.91,93.91,-31.16,-56.81,-58.98,56.96,-7.55,-0.07
2024/01/01 16:12:01.92,93.92,-31.22,-56.99,-58.98,55.90,-8.06,-0.06
2024/01/01 16:12:01.93,93.93,-31.25,-57.12,-59.01,55.11,-8.73,-0.00
2024/01/01 16:12:01.94,93.94,-31.28,-57.21,-59.02,54.77,-9.44,0.16
2024/01/01 16:12:01.95,93.95,-31.33,-57.31,-59.02,54.87,-10.13,0.19
2024/01/01 16:12:01.96,93.96,-31.36,-57.44,-59.00,55.40,-10.77,0.00
2024/01/01 16:12:01.97,93.97,-31.35,-57.59,-59.00,56.21,-11.24,-0.22
2024/01/01 16:12:01.98,93.98,-31.29,-57.75,-59.03,57.00,-11.51,-0.20
2024/01/01 16:12:01.99,93.99,-31.22,-57.91,-59.08,57.60,-11.71,0.03
2024/01/01 16:12:02.00,94.00,-31.17,-58.06,-59.11,57.95,-11.77,0.23
2024/01/01 16:12:02.01,94.01,-31.14,-58.20,-59.14,58.01,-11.59,0.21
2024/01/01 16:12:02.02,94.02,-31.12,-58.34,-59.22,57.84,-11.25,-0.01
2024/01/01 16:12:02.03,94.03,-31.12,-58.45,-59.33,57.56,-10.90,-0.27
2024/01/01 16:12:02.04,94.04,-31.12,-58.50,-59.46,57.18,-10.62,-0.43
2024/01/01 16:12:02.05,94.05,-31.13,-58.48,-59.58,56.72,-10.50,-0.53
2024/01/01 16:12:02.06,94.06,-31.17,-58.42,-59.68,56.34,-10.62,-0.69
2024/01/01 16:12:02.07,94.07,-31.25,-58.39,-59.78,56.19,-10.94,-0.82
2024/01/01 16:12:02.08,94.08,-31.34,-58.38,-59.88,56.24,-11.27,-0.75
2024/01/01 16:12:02.09,94.09,-31.42,-58.38,-59.97,56.40,-11.55,-0.58
2024/01/01 16:12:02.10,94.10,-31.50,-58.37,-60.06,56.61,-11.75,-0.55
2024/01/01 16:12:02.11,94.11,-31.60,-58.36,-60.13,56.83,-11.79,-0.73
2024/01/01 16:12:02.12,94.12,-31.70,-58.35,-60.19,57.08,-11.75,-0.98
2024/01/01 16:12:02.13,94.13,-31.81,-58.32,-60.21,57.34,-11.75,-1.15
2024/01/01 16:12:02.14,94.14,-31.95,-58.22,-60.22,57.50,-11.69,-1.24
2024/01/01 16:12:02.15,94.15,-32.10,-58.04,-60.22,57.38,-11.46,-1.31
2024/01/01 16:12:02.16,94.16,-32.21,-57.81,-60.21,56.82,-11.05,-1.31
2024/01/01 16:12:02.17,94.17,-32.26,-57.55,-60.17,55.84,-10.54,-1.16
2024/01/01 16:12:02.18,94.18,-32.25,-57.30,-60.12,54.73,-10.05,-1.02
2024/01/01 16:12:02.19,94.19,-32.25,-57.07,-60.06,53.92,-9.59,-1.02
2024/01/01 16:12:02.20,94.20,-32.31,-56.87,-60.00,53.65,-9.17,-1.04
2024/01/01 16:12:02.21,94.21,-32.42,-56.67,-59.98,53.81,-8.83,-1.02
2024/01/01 16:12:02.22,94.22,-32.57,-56.45,-59.98,54.15,-8.65,-1.07
2024/01/01 16:12:02.23,94.23,-32.71,-56.23,-59.97,54.37,-8.55,-1.15
2024/01/01 16:12:02.24,94.24,-32.81,-56.02,-59.94,54.34,-8.38,-1.08
2024/01/01 16:12:02.25,94.25,-32.85,-55.81,-59.91,54.24,-8.11,-0.81
2024/01/01 16:12:02.26,94.26,-32.84,-55.64,-59.87,54.40,-7.77,-0.54
2024/01/01 16:12:02.27,94.27,-32.77,-55.52,-59.83,54.87,-7.34,-0.41
2024/01/01 16:12:02.28,94.28,-32.66,-55.44,-59.77,55.44,-6.91,-0.38
2024/01/01 16:12:02.29,94.29,-32.51,-55.38,-59.71,55.80,-6.65,-0.49
2024/01/01 16:12:02.30,94.30,-32.33,-55.33,-59.64,55.75,-6.58,-0.76
2024/01/01 16:12:02.31,94.31,-32.16,-55.30,-59.59,55.23,-6.65,-1.02
2024/01/01 16:12:02.32,94.32,-32.00,-55.27,-59.58,54.47,-6.81,-1.08
2024/01/01 16:12:02.33,94.33,-31.87,-55.24,-59.60,53.93,-6.90,-0.88
2024/01/01 16:12:02.34,94.34,-31.76,-55.21,-59.64,53.88,-6.80,-0.59
2024/01/01 16:12:02.35,94.35,-31.66,-55.18,-59.67,54.30,-6.59,-0.41
2024/01/01 16:12:02.36,94.36,-31.56,-55.13,-59.67,55.06,-6.46,-0.49
2024/01/01 16:12:02.37,94.37,-31.48,-55.08,-59.63,56.01,-6.54,-0.73
2024/01/01 16:12:02.38,94.38,-31.44,-55.05,-59.57,56.91,-6.83,-0.89
2024/01/01 16:12:02.39,94.39,-31.43,-55.08,-59.50,57.47,-7.25,-0.84
2024/01/01 16:12:02.40,94.40,-31.44,-55.16,-59.44,57.67,-7.71,-0.61
2024/01/01 16:12:02.41,94.41,-31.43,-55.26,-59.41,57.66,-8.14,-0.31
2024/01/01 16:12:02.42,94.42,-31.41,-55.36,-59.39,57.58,-8.46,-0.10
2024/01/01 16:12:02.43,94.43,-31.37,-55.47,-59.40,57.50,-8.63,-0.11
2024/01/01 16:12:02.44,94.44,-31.30,-55.57,-59.41,57.51,-8.67,-0.33
2024/01/01 16:12:02.45,94.45,-31.21,-55.69,-59.42,57.60,-8.53,-0.68
2024/01/01 16:12:02.46,94.46,-31.10,-55.83,-59.45,57.65,-8.24,-0.99
2024/01/01 16:12:02.47,94.47,-30.99,-56.01,-59.50,57.62,-7.92,-1.10
2024/01/01 16:12:02.48,94.48,-30.89,-56.19,-59.55,57.55,-7.77,-1.03
2024/01/01 16:12:02.49,94.49,-30.80,-56.35,-59.60,57.47,-7.89,-0.84
2024/01/01 16:12:02.50,94.50,-30.73,-56.53,-59.65,57.30,-8.27,-0.64
2024/01/01 16:12:02.51,94.51,-30.68,-56.72,-59.70,56.95,-8.78,-0.56
2024/01/01 16:12:02.52,94.52,-30.62,-56.92,-59.74,56.49,-9.28,-0.67
2024/01/01 16:12:02.53,94.53,-30.53,-57.12,-59.78,56.12,-9.58,-0.99
2024/01/01 16:12:02.54,94.54,-30.44,-57.31,-59.84,56.07,-9.60,-1.38
2024/01/01 16:12:02.55,94.55,-30.39,-57.46,-59.94,56.39,-9.49,-1.60
2024/01/01 16:12:02.56,94.56,-30.40,-57.55,-60.05,56.90,-9.43,-1.57
2024/01/01 16:12:02.57,94.57,-30.46,-57.58,-60.17,57.38,-9.50,-1.45
2024/01/01 16:12:02.58,94.58,-30.56,-57.57,-60.25,57.63,-9.71,-1.40
2024/01/01 16:12:02.59,94.59,-30.71,-57.53,-60.29,57.67,-10.01,-1.40
2024/01/01 16:12:02.60,94.60,-30.88,-57.51,-60.30,57.58,-10.30,-1.37
2024/01/01 16:12:02.61,94.61,-31.05,-57.54,-60.31,57.54,-10.54,-1.33
2024/01/01 16:12:02.62,94.62,-31.19,-57.61,-60.31,57.71,-10.67,-1.24
2024/01/01 16:12:02.63,94.63,-31.29,-57.70,-60.33,58.02,-10.67,-1.11
2024/01/01 16:12:02.64,94.64,-31.35,-57.69,-60.35,58.34,-10.63,-1.02
2024/01/01 16:12:02.65,94.65,-31.36,-57.57,-60.39,58.49,-10.52,-1.08
2024/01/01 16:12:02.66,94.66,-31.35,-57.39,-60.43,58.39,-10.31,-1.23
2024/01/01 16:12:02.67,94.67,-31.34,-57.23,-60.46,58.02,-10.13,-1.33
2024/01/01 16:12:02.68,94.68,-31.30,-57.14,-60.47,57.41,-9.96,-1.44
2024/01/01 16:12:02.69,94.69,-31.25,-57.13,-60.47,56.61,-9.65,-1.57
2024/01/01 16:12:02.70,94.70,-31.23,-57.19,-60.46,55.83,-9.24,-1.62
2024/01/01 16:12:02.71,94.71,-31.28,-57.28,-60.46,55.22,-8.96,-1.63
2024/01/01 16:12:02.72,94.72,-31.40,-57.34,-60.47,54.84,-8.87,-1.73
2024/01/01 16:12:02.73,94.73,-31.54,-57.36,-60.49,54.71,-8.91,-1.86
2024/01/01 16:12:02.74,94.74,-31.67,-57.33,-60.50,54.79,-8.96,-1.83
2024/01/01 16:12:02.75,94.75,-31.77,-57.21,-60.49,54.99,-9.01,-1.65
2024/01/01 16:12:02.76,94.76,-31.84,-57.05,-60.49,55.23,-9.16,-1.46
2024/01/01 16:12:02.77,94.77,-31.92,-56.91,-60.50,55.56,-9.43,-1.39
2024/01/01 16:12:02.78,94.78,-32.05,-56.83,-60.52,56.03,-9.74,-1.39
2024/01/01 16:12:02.79,94.79,-32.19,-56.83,-60.53,56.56,-10.09,-1.41
2024/01/01 16:12:02.80,94.80,-32.30,-56.87,-60.53,56.93,-10.48,-1.46
2024/01/01 16:12:02.81,94.81,-32.35,-56.93,-60.51,56.91,-10.75,-1.51
2024/01/01 16:12:02.82,94.82,-32.36,-57.00,-60.49,56.48,-10.74,-1.44
2024/01/01 16:12:02.83,94.83,-32.33,-57.05,-60.44,55.86,-10.37,-1.19
2024/01/01 16:12:02.84,94.84,-32.28,-57.05,-60.39,55.40,-9.71,-0.93
2024/01/01 16:12:02.85,94.85,-32.22,-57.04,-60.33,55.26,-8.86,-0.83
2024/01/01 16:12:02.86,94.86,-32.16,-57.01,-60.25,55.29,-8.03,-0.90
2024/01/01 16:12:02.87,94.87,-32.11,-56.99,-60.14,55.17,-7.52,-1.06
2024/01/01 16:12:02.88,94.88,-32.08,-56.98,-60.01,54.74,-7.48,-1.22
2024/01/01 16:12:02.89,94.89,-32.05,-56.99,-59.87,54.17,-7.89,-1.37
2024/01/01 16:12:02.90,94.90,-32.02,-56.99,-59.75,53.83,-8.67,-1.37
2024/01/01 16:12:02.91,94.91,-32.00,-56.97,-59.65,53.94,-9.67,-1.12
2024/01/01 16:12:02.92,94.92,-32.00,-56.96,-59.59,54.38,-10.61,-0.69
2024/01/01 16:12:02.93,94.93,-32.02,-56.95,-59.54,54.90,-11.18,-0.31
2024/01/01 16:12:02.94,94.94,-32.05,-56.97,-59.49,55.30,-11.16,-0.15
2024/01/01 16:12:02.95,94.95,-32.06,-57.03,-59.47,55.58,-10.60,-0.15
2024/01/01 16:12:02.96,94.96,-32.04,-57.14,-59.46,55.89,-9.80,-0.19
2024/01/01 16:12:02.97,94.97,-31.99,-57.24,-59.48,56.38,-9.06,-0.26
2024/01/01 16:12:02.98,94.98,-31.93,-57.27,-59.51,56.99,-8.59,-0.37
2024/01/01 16:12:02.99,94.99,-31.89,-57.20,-59.54,57.49,-8.53,-0.53
2024/01/01 16:12:03.00,95.00,-31.87,-57.04,-59.55,57.72,-8.84,-0.71
2024/01/01 16:12:03.01,95.01,-31.87,-56.85,-59.53,57.60,-9.37,-0.84
2024/01/01 16:12:03.02,95.02,-31.88,-56.71,-59.50,57.14,-9.84,-0.88
2024/01/01 16:12:03.03,95.03,-31.85,-56.61,-59.47,56.52,-10.10,-0.87
2024/01/01 16:12:03.04,95.04,-31.78,-56.57,-59.44,56.04,-10.16,-0.75
2024/01/01 16:12:03.05,95.05,-31.66,-56.56,-59.43,55.85,-10.05,-0.47
2024/01/01 16:12:03.06,95.06,-31.49,-56.57,-59.43,55.95,-9.86,-0.13
2024/01/01 16:12:03.07,95.07,-31.33,-56.60,-59.41,56.22,-9.56,0.07
2024/01/01 16:12:03.08,95.08,-31.24,-56.62,-59.41,56.46,-9.01,0.03
2024/01/01 16:12:03.09,95.09,-31.24,-56.60,-59.43,56.46,-8.21,-0.20
2024/01/01 16:12:03.10,95.10,-31.31,-56.56,-59.46,56.20,-7.42,-0.48
2024/01/01 16:12:03.11,95.11,-31.43,-56.49,-59.48,55.80,-6.94,-0.68
2024/01/01 16:12:03.12,95.12,-31.56,-56.41,-59.54,55.40,-6.90,-0.77
2024/01/01 16:12:03.13,95.13,-31.67,-56.40,-59.61,55.17,-7.23,-0.82
2024/01/01 16:12:03.14,95.14,-31.73,-56.49,-59.68,55.19,-7.68,-0.80
2024/01/01 16:12:03.15,95.15,-31.72,-56.66,-59.73,55.49,-8.12,-0.66
2024/01/01 16:12:03.16,95.16,-31.67,-56.84,-59.77,56.00,-8.43,-0.59
2024/01/01 16:12:03.17,95.17,-31.58,-57.02,-59.79,56.62,-8.59,-0.69
2024/01/01 16:12:03.18,95.18,-31.46,-57.12,-59.78,57.17,-8.66,-0.81
2024/01/01 16:12:03.19,95.19,-31.34,-57.14,-59.76,57.42,-8.69,-0.88
2024/01/01 16:12:03.20,95.20,-31.24,-57.11,-59.74,57.28,-8.70,-0.92
2024/01/01 16:12:03.21,95.21,-31.17,-57.06,-59.70,56.79,-8.77,-0.95
2024/01/01 16:12:03.22,95.22,-31.16,-57.05,-59.64,56.15,-8.97,-1.01
2024/01/01 16:12:03.23,95.23,-31.23,-57.10,-59.60,55.71,-9.41,-1.10
2024/01/01 16:12:03.24,95.24,-31.37,-57.21,-59.58,55.73,-10.06,-1.19
2024/01/01 16:12:03.25,95.25,-31.55,-57.37,-59.58,56.19,-10.74,-1.12
2024/01/01 16:12:03.26,95.26,-31.71,-57.57,-59.58,56.90,-11.43,-0.77
2024/01/01 16:12:03.27,95.27,-31.80,-57.82,-59.60,57.65,-12.04,-0.30
2024/01/01 16:12:03.28,95.28,-31.81,-58.07,-59.63,58.21,-12.30,0.03
2024/01/01 16:12:03.29,95.29,-31.80,-58.27,-59.66,58.45,-12.14,0.28
2024/01/01 16:12:03.30,95.30,-31.79,-58.40,-59.68,58.42,-11.77,0.38
2024/01/01 16:12:03.31,95.31,-31.79,-58.46,-59.71,58.22,-11.27,0.09
2024/01/01 16:12:03.32,95.32,-31.76,-58.47,-59.75,57.84,-10.77,-0.55
2024/01/01 16:12:03.33,95.33,-31.74,-58.49,-59.80,57.18,-10.43,-1.13
2024/01/01 16:12:03.34,95.34,-31.76,-58.58,-59.84,56.16,-10.37,-1.34
2024/01/01 16:12:03.35,95.35,-31.82,-58.71,-59.91,55.04,-10.69,-1.31
2024/01/01 16:12:03.36,95.36,-31.86,-58.84,-59.99,54.23,-11.25,-1.19
2024/01/01 16:12:03.37,95.37,-31.85,-58.92,-60.07,53.99,-11.71,-0.90
2024/01/01 16:12:03.38,95.38,-31.79,-58.95,-60.10,54.38,-11.96,-0.53
2024/01/01 16:12:03.39,95.39,-31.72,-58.96,-60.07,55.19,-11.88,-0.42
2024/01/01 16:12:03.40,95.40,-31.65,-58.99,-60.03,55.99,-11.36,-0.69
2024/01/01 16:12:03.41,95.41,-31.63,-59.05,-60.00,56.45,-10.67,-1.13
2024/01/01 16:12:03.42,95.42,-31.65,-59.13,-59.98,56.50,-10.21,-1.44
2024/01/01 16:12:03.43,95.43,-31.70,-59.18,-59.94,56.23,-10.28,-1.51
2024/01/01 16:12:03.44,95.44,-31.76,-59.23,-59.91,55.83,-11.05,-1.48
2024/01/01 16:12:03.45,95.45,-31.83,-59.30,-59.88,55.53,-12.25,-1.49
2024/01/01 16:12:03.46,95.46,-31.90,-59.38,-59.84,55.53,-13.34,-1.32
2024/01/01 16:12:03.47,95.47,-31.93,-59.48,-59.76,55.90,-14.05,-0.86
2024/01/01 16:12:03.48,95.48,-31.93,-59.57,-59.68,56.67,-14.23,-0.41
2024/01/01 16:12:03.49,95.49,-31.90,-59.64,-59.63,57.69,-13.81,-0.22
2024/01/01 16:12:03.50,95.50,-31.85,-59.68,-59.59,58.70,-13.03,-0.22
2024/01/01 16:12:03.51,95.51,-31.80,-59.70,-59.57,59.32,-12.20,-0.24
2024/01/01 16:12:03.52,95.52,-31.79,-59.69,-59.59,59.30,-11.53,-0.30
2024/01/01 16:12:03.53,95.53,-31.80,-59.65,-59.65,58.67,-11.23,-0.49
2024/01/01 16:12:03.54,95.54,-31.81,-59.58,-59.74,57.66,-11.33,-0.70
2024/01/01 16:12:03.55,95.55,-31.84,-59.46,-59.83,56.59,-11.68,-0.76
2024/01/01 16:12:03.56,95.56,-31.91,-59.30,-59.93,55.83,-12.19,-0.71
2024/01/01 16:12:03.57,95.57,-32.02,-59.14,-60.04,55.56,-12.68,-0.75
2024/01/01 16:12:03.58,95.58,-32.13,-58.97,-60.15,55.69,-12.93,-0.89
2024/01/01 16:12:03.59,95.59,-32.24,-58.77,-60.27,55.95,-12.90,-1.02
2024/01/01 16:12:03.60,95.60,-32.35,-58.57,-60.37,56.05,-12.62,-1.13
2024/01/01 16:12:03.61,95.61,-32.45,-58.38,-60.47,55.81,-12.06,-1.29
2024/01/01 16:12:03.62,95.62,-32.51,-58.21,-60.53,55.26,-11.26,-1.47
2024/01/01 16:12:03.63,95.63,-32.55,-58.09,-60.58,54.57,-10.37,-1.57
2024/01/01 16:12:03.64,95.64,-32.56,-58.04,-60.61,53.99,-9.52,-1.58
2024/01/01 16:12:03.65,95.65,-32.56,-58.01,-60.63,53.65,-8.84,-1.64
2024/01/01 16:12:03.66,95.66,-32.52,-57.98,-60.64,53.49,-8.46,-1.80
2024/01/01 16:12:03.67,95.67,-32.47,-57.91,-60.65,53.45,-8.37,-1.91
2024/01/01 16:12:03.68,95.68,-32.44,-57.82,-60.64,53.50,-8.56,-1.86
2024/01/01 16:12:03.69,95.69,-32.44,-57.73,-60.60,53.64,-8.97,-1.70
2024/01/01 16:12:03.70,95.70,-32.44,-57.66,-60.53,53.88,-9.44,-1.60
2024/01/01 16:12:03.71,95.71,-32.42,-57.58,-60.43,54.34,-9.80,-1.58
2024/01/01 16:12:03.72,95.72,-32.36,-57.49,-60.30,55.00,-10.01,-1.50
2024/01/01 16:12:03.73,95.73,-32.29,-57.41,-60.18,55.70,-10.14,-1.40
2024/01/01 16:12:03.74,95.74,-32.23,-57.36,-60.08,56.25,-10.25,-1.35
2024/01/01 16:12:03.75,95.75,-32.18,-57.33,-60.02,56.52,-10.36,-1.22
2024/01/01 16:12:03.76,95.76,-32.12,-57.31,-59.99,56.52,-10.43,-0.92
2024/01/01 16:12:03.77,95.77,-32.05,-57.28,-59.97,56.35,-10.37,-0.63
2024/01/01 16:12:03.78,95.78,-31.96,-57.22,-59.94,56.23,-10.23,-0.51
2024/01/01 16:12:03.79,95.79,-31.87,-57.16,-59.90,56.27,-10.09,-0.56
2024/01/01 16:12:03.80,95.80,-31.78,-57.14,-59.86,56.44,-9.97,-0.70
2024/01/01 16:12:03.81,95.81,-31.69,-57.18,-59.84,56.63,-9.85,-0.76
2024/01/01 16:12:03.82,95.82,-31.61,-57.27,-59.84,56.78,-9.68,-0.72
2024/01/01 16:12:03.83,95.83,-31.54,-57.33,-59.85,56.84,-9.40,-0.67
2024/01/01 16:12:03.84,95.84,-31.47,-57.34,-59.84,56.80,-9.04,-0.63
2024/01/01 16:12:03.85,95.85,-31.43,-57.25,-59.80,56.69,-8.66,-0.53
2024/01/01 16:12:03.86,95.86,-31.43,-57.09,-59.76,56.58,-8.35,-0.42
2024/01/01 16:12:03.87,95.87,-31.46,-56.93,-59.77,56.55,-8.20,-0.42
2024/01/01 16:12:03.88,95.88,-31.49,-56.83,-59.81,56.60,-8.29,-0.56
2024/01/01 16:12:03.89,95.89,-31.53,-56.81,-59.86,56.63,-8.63,-0.75
2024/01/01 16:12:03.90,95.90,-31.56,-56.84,-59.92,56.54,-9.18,-0.94
2024/01/01 16:12:03.91,95.91,-31.56,-56.89,-59.98,56.32,-9.83,-1.13
2024/01/01 16:12:03.92,95.92,-31.53,-56.91,-60.05,56.01,-10.39,-1.25
2024/01/01 16:12:03.93,95.93,-31.45,-56.91,-60.13,55.72,-10.66,-1.22
2024/01/01 16:12:03.94,95.94,-31.32,-56.91,-60.21,55.61,-10.51,-1.12
2024/01/01 16:12:03.95,95.95,-31.16,-56.92,-60.27,55.66,-9.88,-1.16
2024/01/01 16:12:03.96,95.96,-31.01,-56.94,-60.31,55.72,-8.91,-1.48
2024/01/01 16:12:03.97,95.97,-30.89,-56.95,-60.34,55.72,-7.98,-2.01
2024/01/01 16:12:03.98,95.98,-30.84,-56.95,-60.39,55.77,-7.45,-2.46
2024/01/01 16:12:03.99,95.99,-30.88,-56.95,-60.44,55.96,-7.49,-2.62
2024/01/01 16:12:04.00,96.00,-30.95,-56.98,-60.48,56.31,-8.07,-2.41
2024/01/01 16:12:04.01,96.01,-30.99,-57.01,-60.49,56.75,-8.92,-2.01
2024/01/01 16:12:04.02,96.02,-30.97,-57.02,-60.50,57.30,-9.69,-1.69
2024/01/01 16:12:04.03,96.03,-30.89,-57.01,-60.52,58.03,-10.21,-1.50
2024/01/01 16:12:04.04,96.04,-30.76,-56.99,-60.51,58.88,-10.44,-1.37
2024/01/01 16:12:04.05,96.05,-30.62,-56.95,-60.48,59.73,-10.39,-1.30
2024/01/01 16:12:04.06,96.06,-30.47,-56.89,-60.44,60.36,-10.06,-1.41
2024/01/01 16:12:04.07,96.07,-30.36,-56.84,-60.41,60.47,-9.48,-1.64
2024/01/01 16:12:04.08,96.08,-30.30,-56.80,-60.41,59.84,-8.84,-1.84
2024/01/01 16:12:04.09,96.09,-30.30,-56.76,-60.39,58.58,-8.44,-1.87
2024/01/01 16:12:04.10,96.10,-30.37,-56.71,-60.36,57.15,-8.41,-1.75
2024/01/01 16:12:04.11,96.11,-30.48,-56.69,-60.34,56.06,-8.75,-1.60
2024/01/01 16:12:04.12,96.12,-30.61,-56.68,-60.34,55.68,-9.29,-1.51
2024/01/01 16:12:04.13,96.13,-30.73,-56.70,-60.40,56.09,-9.72,-1.42
2024/01/01 16:12:04.14,96.14,-30.82,-56.72,-60.48,56.98,-9.86,-1.31
2024/01/01 16:12:04.15,96.15,-30.88,-56.77,-60.57,57.81,-9.64,-1.26
2024/01/01 16:12:04.16,96.16,-30.91,-56.83,-60.63,58.19,-9.13,-1.29
2024/01/01 16:12:04.17,96.17,-30.92,-56.89,-60.66,58.02,-8.61,-1.30
2024/01/01 16:12:04.18,96.18,-30.93,-56.93,-60.68,57.45,-8.39,-1.29
2024/01/01 16:12:04.19,96.19,-30.93,-56.95,-60.69,56.69,-8.52,-1.32
2024/01/01 16:12:04.20,96.20,-30.91,-56.97,-60.71,55.97,-8.91,-1.49
2024/01/01 16:12:04.21,96.21,-30.86,-56.98,-60.73,55.46,-9.42,-1.75
2024/01/01 16:12:04.22,96.22,-30.80,-57.00,-60.73,55.12,-9.88,-1.92
2024/01/01 16:12:04.23,96.23,-30.71,-57.05,-60.70,54.87,-10.08,-1.92
2024/01/01 16:12:04.24,96.24,-30.61,-57.11,-60.66,54.80,-9.90,-1.80
2024/01/01 16:12:04.25,96.25,-30.51,-57.19,-60.60,55.05,-9.37,-1.64
2024/01/01 16:12:04.26,96.26,-30.42,-57.28,-60.54,55.61,-8.79,-1.56
2024/01/01 16:12:04.27,96.27,-30.35,-57.39,-60.49,56.29,-8.45,-1.63
2024/01/01 16:12:04.28,96.28,-30.30,-57.50,-60.45,56.88,-8.49,-1.73
2024/01/01 16:12:04.29,96.29,-30.26,-57.62,-60.40,57.39,-8.86,-1.78
2024/01/01 16:12:04.30,96.30,-30.24,-57.74,-60.32,57.85,-9.35,-1.79
2024/01/01 16:12:04.31,96.31,-30.24,-57.88,-60.24,58.38,-9.83,-1.84
2024/01/01 16:12:04.32,96.32,-30.22,-57.98,-60.16,59.06,-10.30,-1.91
2024/01/01 16:12:04.33,96.33,-30.20,-58.04,-60.09,59.72,-10.68,-1.83
2024/01/01 16:12:04.34,96.34,-30.19,-58.08,-60.02,60.10,-11.01,-1.56
2024/01/01 16:12:04.35,96.35,-30.19,-58.12,-59.93,60.11,-11.44,-1.23
2024/01/01 16:12:04.36,96.36,-30.18,-58.18,-59.85,59.77,-11.81,-1.00
2024/01/01 16:12:04.37,96.37,-30.19,-58.24,-59.78,59.25,-11.94,-0.83
2024/01/01 16:12:04.38,96.38,-30.20,-58.26,-59.71,58.77,-11.82,-0.62
2024/01/01 16:12:04.39,96.39,-30.22,-58.25,-59.64,58.45,-11.43,-0.44
2024/01/01 16:12:04.40,96.40,-30.27,-58.22,-59.58,58.30,-10.86,-0.42
2024/01/01 16:12:04.41,96.41,-30.35,-58.18,-59.57,58.27,-10.41,-0.49
2024/01/01 16:12:04.42,96.42,-30.46,-58.10,-59.59,58.22,-10.09,-0.51
2024/01/01 16:12:04.43,96.43,-30.58,-57.97,-59.61,57.90,-9.85,-0.41
2024/01/01 16:12:04.44,96.44,-30.72,-57.82,-59.59,57.22,-9.87,-0.29
2024/01/01 16:12:04.45,96.45,-30.84,-57.68,-59.54,56.39,-10.15,-0.29
2024/01/01 16:12:04.46,96.46,-30.94,-57.59,-59.50,55.73,-10.43,-0.41
2024/01/01 16:12:04.47,96.47,-31.01,-57.54,-59.48,55.44,-10.56,-0.49
2024/01/01 16:12:04.48,96.48,-31.06,-57.51,-59.48,55.46,-10.41,-0.48
2024/01/01 16:12:04.49,96.49,-31.09,-57.48,-59.49,55.58,-9.92,-0.50
2024/01/01 16:12:04.50,96.50,-31.11,-57.45,-59.53,55.59,-9.24,-0.65
2024/01/01 16:12:04.51,96.51,-31.14,-57.41,-59.56,55.51,-8.56,-0.84
2024/01/01 16:12:04.52,96.52,-31.18,-57.36,-59.58,55.51,-7.98,-0.93
2024/01/01 16:12:04.53,96.53,-31.20,-57.32,-59.56,55.75,-7.66,-0.88
2024/01/01 16:12:04.54,96.54,-31.20,-57.33,-59.52,56.22,-7.73,-0.79
2024/01/01 16:12:04.55,96.55,-31.19,-57.35,-59.49,56.75,-8.10,-0.72
2024/01/01 16:12:04.56,96.56,-31.18,-57.35,-59.46,57.10,-8.74,-0.67
2024/01/01 16:12:04.57,96.57,-31.20,-57.33,-59.43,57.14,-9.62,-0.62
2024/01/01 16:12:04.58,96.58,-31.23,-57.35,-59.40,56.97,-10.50,-0.57
2024/01/01 16:12:04.59,96.59,-31.26,-57.40,-59.38,56.86,-11.13,-0.51
2024/01/01 16:12:04.60,96.60,-31.22,-57.47,-59.36,56.95,-11.32,-0.42
2024/01/01 16:12:04.61,96.61,-31.17,-57.52,-59.35,57.18,-10.98,-0.32
2024/01/01 16:12:04.62,96.62,-31.15,-57.53,-59.33,57.45,-10.33,-0.27
2024/01/01 16:12:04.63,96.63,-31.14,-57.50,-59.31,57.69,-9.70,-0.33
2024/01/01 16:12:04.64,96.64,-31.12,-57.43,-59.30,57.89,-9.30,-0.47
2024/01/01 16:12:04.65,96.65,-31.09,-57.36,-59.33,57.96,-9.14,-0.54
2024/01/01 16:12:04.66,96.66,-31.09,-57.30,-59.38,57.79,-9.16,-0.53
2024/01/01 16:12:04.67,96.67,-31.11,-57.27,-59.44,57.37,-9.29,-0.54
2024/01/01 16:12:04.68,96.68,-31.14,-57.31,-59.54,56.81,-9.48,-0.65
2024/01/01 16:12:04.69,96.69,-31.16,-57.41,-59.66,56.36,-9.69,-0.79
2024/01/01 16:12:04.70,96.70,-31.17,-57.57,-59.79,56.25,-9.93,-0.83
2024/01/01 16:12:04.71,96.71,-31.15,-57.75,-59.92,56.40,-10.17,-0.82
2024/01/01 16:12:04.72,96.72,-31.12,-57.93,-60.02,56.57,-10.19,-0.93
2024/01/01 16:12:04.73,96.73,-31.09,-58.11,-60.08,56.62,-9.89,-1.09
2024/01/01 16:12:04.74,96.74,-31.06,-58.26,-60.10,56.51,-9.35,-1.19
2024/01/01 16:12:04.75,96.75,-31.05,-58.36,-60.10,56.30,-8.77,-1.34
2024/01/01 16:12:04.76,96.76,-31.04,-58.42,-60.11,56.18,-8.48,-1.53
2024/01/01 16:12:04.77,96.77,-31.02,-58.46,-60.12,56.22,-8.72,-1.60
2024/01/01 16:12:04.78,96.78,-30.98,-58.47,-60.14,56.27,-9.52,-1.43
2024/01/01 16:12:04.79,96.79,-30.95,-58.44,-60.15,56.26,-10.75,-1.13
2024/01/01 16:12:04.80,96.80,-30.96,-58.38,-60.16,56.29,-11.98,-0.86
2024/01/01 16:12:04.81,96.81,-31.02,-58.31,-60.18,56.48,-12.78,-0.71
2024/01/01 16:12:04.82,96.82,-31.12,-58.24,-60.18,56.91,-13.14,-0.70
2024/01/01 16:12:04.83,96.83,-31.21,-58.19,-60.17,57.50,-13.17,-0.81
2024/01/01 16:12:04.84,96.84,-31.27,-58.18,-60.14,58.02,-12.91,-1.03
2024/01/01 16:12:04.85,96.85,-31.32,-58.21,-60.11,58.27,-12.52,-1.35
2024/01/01 16:12:04.86,96.86,-31.38,-58.27,-60.07,58.19,-12.09,-1.53
2024/01/01 16:12:04.87,96.87,-31.42,-58.35,-60.05,57.94,-11.58,-1.40
2024/01/01 16:12:04.88,96.88,-31.42,-58.44,-60.06,57.79,-11.04,-1.15
2024/01/01 16:12:04.89,96.89,-31.39,-58.53,-60.07,57.78,-10.43,-1.03
2024/01/01 16:12:04.90,96.90,-31.35,-58.62,-60.11,57.70,-9.73,-0.99
2024/01/01 16:12:04.91,96.91,-31.31,-58.71,-60.16,57.30,-9.16,-1.01
2024/01/01 16:12:04.92,96.92,-31.27,-58.76,-60.23,56.60,-8.91,-1.12
2024/01/01 16:12:04.93,96.93,-31.21,-58.75,-60.30,55.86,-8.95,-1.23
2024/01/01 16:12:04.94,96.94,-31.16,-58.70,-60.38,55.33,-9.33,-1.31
2024/01/01 16:12:04.95,96.95,-31.14,-58.63,-60.47,55.21,-9.97,-1.44
2024/01/01 16:12:04.96,96.96,-31.16,-58.55,-60.54,55.45,-10.63,-1.56
2024/01/01 16:12:04.97,96.97,-31.22,-58.47,-60.59,55.85,-11.15,-1.58
2024/01/01 16:12:04.98,96.98,-31.29,-58.39,-60.64,56.22,-11.52,-1.60
2024/01/01 16:12:04.99,96.99,-31.36,-58.33,-60.69,56.46,-11.75,-1.71
2024/01/01 16:12:05.00,97.00,-31.43,-58.32,-60.73,56.62,-11.95,-1.72
2024/01/01 16:12:05.01,97.01,-31.52,-58.34,-60.76,56.82,-12.17,-1.65
2024/01/01 16:12:05.02,97.02,-31.63,-58.35,-60.78,57.15,-12.28,-1.67
2024/01/01 16:12:05.03,97.03,-31.71,-58.36,-60.76,57.52,-12.20,-1.76
2024/01/01 16:12:05.04,97.04,-31.77,-58.39,-60.69,57.77,-11.97,-1.77
2024/01/01 16:12:05.05,97.05,-31.80,-58.45,-60.58,57.65,-11.57,-1.63
2024/01/01 16:12:05.06,97.06,-31.80,-58.54,-60.45,57.12,-11.14,-1.39
2024/01/01 16:12:05.07,97.07,-31.76,-58.62,-60.32,56.38,-10.83,-1.15
2024/01/01 16:12:05.08,97.08,-31.66,-58.67,-60.22,55.71,-10.65,-1.04
2024/01/01 16:12:05.09,97.09,-31.54,-58.67,-60.13,55.35,-10.61,-1.07
2024/01/01 16:12:05.10,97.10,-31.43,-58.61,-60.08,55.36,-10.80,-1.15
2024/01/01 16:12:05.11,97.11,-31.37,-58.52,-60.06,55.50,-11.05,-1.23
2024/01/01 16:12:05.12,97.12,-31.36,-58.39,-60.09,55.60,-11.22,-1.27
2024/01/01 16:12:05.13,97.13,-31.39,-58.25,-60.16,55.69,-11.28,-1.27
2024/01/01 16:12:05.14,97.14,-31.38,-58.12,-60.26,55.85,-11.17,-1.31
2024/01/01 16:12:05.15,97.15,-31.35,-58.00,-60.37,56.12,-10.96,-1.34
2024/01/01 16:12:05.16,97.16,-31.28,-57.93,-60.45,56.49,-10.70,-1.35
2024/01/01 16:12:05.17,97.17,-31.22,-57.87,-60.52,56.92,-10.31,-1.35
2024/01/01 16:12:05.18,97.18,-31.17,-57.81,-60.57,57.33,-9.80,-1.40
2024/01/01 16:12:05.19,97.19,-31.14,-57.72,-60.61,57.59,-9.31,-1.47
2024/01/01 16:12:05.20,97.20,-31.14,-57.62,-60.65,57.64,-8.87,-1.54
2024/01/01 16:12:05.21,97.21,-31.16,-57.54,-60.70,57.50,-8.62,-1.62
2024/01/01 16:12:05.22,97.22,-31.21,-57.47,-60.73,57.25,-8.64,-1.68
2024/01/01 16:12:05.23,97.23,-31.26,-57.41,-60.71,56.99,-8.93,-1.70
2024/01/01 16:12:05.24,97.24,-31.28,-57.35,-60.67,56.85,-9.42,-1.70
2024/01/01 16:12:05.25,97.25,-31.26,-57.30,-60.61,56.90,-9.89,-1.73
2024/01/01 16:12:05.26,97.26,-31.24,-57.28,-60.57,57.11,-10.18,-1.71
2024/01/01 16:12:05.27,97.27,-31.24,-57.26,-60.54,57.35,-10.17,-1.59
2024/01/01 16:12:05.28,97.28,-31.29,-57.23,-60.51,57.44,-9.86,-1.44
2024/01/01 16:12:05.29,97.29,-31.34,-57.21,-60.48,57.29,-9.41,-1.31
2024/01/01 16:12:05.30,97.30,-31.36,-57.20,-60.46,56.88,-9.01,-1.28
2024/01/01 16:12:05.31,97.31,-31.35,-57.18,-60.45,56.30,-8.77,-1.34
2024/01/01 16:12:05.32,97.32,-31.33,-57.13,-60.43,55.68,-8.74,-1.41
2024/01/01 16:12:05.33,97.33,-31.34,-57.09,-60.42,55.14,-8.89,-1.45
2024/01/01 16:12:05.34,97.34,-31.37,-57.09,-60.41,54.84,-9.18,-1.51
2024/01/01 16:12:05.35,97.35,-31.41,-57.14,-60.42,54.91,-9.55,-1.67
2024/01/01 16:12:05.36,97.36,-31.45,-57.20,-60.45,55.31,-9.84,-1.83
2024/01/01 16:12:05.37,97.37,-31.50,-57.24,-60.50,55.86,-10.05,-1.83
2024/01/01 16:12:05.38,97.38,-31.54,-57.27,-60.55,56.31,-10.23,-1.68
2024/01/01 16:12:05.39,97.39,-31.59,-57.29,-60.60,56.52,-10.36,-1.48
2024/01/01 16:12:05.40,97.40,-31.61,-57.30,-60.63,56.64,-10.39,-1.34
2024/01/01 16:12:05.41,97.41,-31.59,-57.31,-60.65,56.86,-10.23,-1.30
2024/01/01 16:12:05.42,97.42,-31.56,-57.32,-60.66,57.22,-9.84,-1.36
2024/01/01 16:12:05.43,97.43,-31.52,-57.33,-60.68,57.58,-9.34,-1.51
2024/01/01 16:12:05.44,97.44,-31.47,-57.37,-60.71,57.67,-8.88,-1.71
2024/01/01 16:12:05.45,97.45,-31.43,-57.40,-60.72,57.28,-8.67,-1.82
2024/01/01 16:12:05.46,97.46,-31.40,-57.40,-60.71,56.51,-8.84,-1.79
2024/01/01 16:12:05.47,97.47,-31.41,-57.36,-60.67,55.69,-9.19,-1.70
2024/01/01 16:12:05.48,97.48,-31.49,-57.29,-60.64,55.16,-9.44,-1.64
2024/01/01 16:12:05.49,97.49,-31.61,-57.24,-60.64,55.08,-9.57,-1.66
2024/01/01 16:12:05.50,97.50,-31.72,-57.20,-60.66,55.38,-9.60,-1.69
2024/01/01 16:12:05.51,97.51,-31.82,-57.17,-60.66,55.86,-9.56,-1.66
2024/01/01 16:12:05.52,97.52,-31.89,-57.15,-60.65,56.30,-9.71,-1.61
2024/01/01 16:12:05.53,97.53,-31.93,-57.17,-60.63,56.62,-10.09,-1.64
2024/01/01 16:12:05.54,97.54,-31.94,-57.22,-60.63,56.83,-10.57,-1.66
2024/01/01 16:12:05.55,97.55,-31.93,-57.29,-60.62,56.95,-11.03,-1.53
2024/01/01 16:12:05.56,97.56,-31.88,-57.37,-60.60,56.93,-11.28,-1.33
2024/01/01 16:12:05.57,97.57,-31.79,-57.44,-60.58,56.71,-11.18,-1.28
2024/01/01 16:12:05.58,97.58,-31.69,-57.48,-60.58,56.31,-10.76,-1.42
2024/01/01 16:12:05.59,97.59,-31.63,-57.51,-60.61,55.80,-10.11,-1.62
2024/01/01 16:12:05.60,97.60,-31.65,-57.52,-60.65,55.31,-9.40,-1.78
2024/01/01 16:12:05.61,97.61,-31.70,-57.54,-60.67,54.91,-8.77,-1.96
2024/01/01 16:12:05.62,97.62,-31.70,-57.59,-60.67,54.63,-8.33,-2.17
2024/01/01 16:12:05.63,97.63,-31.63,-57.65,-60.67,54.51,-8.21,-2.28
2024/01/01 16:12:05.64,97.64,-31.51,-57.67,-60.66,54.63,-8.45,-2.15
2024/01/01 16:12:05.65,97.65,-31.39,-57.64,-60.66,55.12,-8.92,-1.86
2024/01/01 16:12:05.66,97.66,-31.28,-57.59,-60.67,55.98,-9.49,-1.64
2024/01/01 16:12:05.67,97.67,-31.17,-57.56,-60.67,57.00,-10.11,-1.62
2024/01/01 16:12:05.68,97.68,-31.07,-57.60,-60.66,57.85,-10.65,-1.78
2024/01/01 16:12:05.69,97.69,-31.00,-57.70,-60.66,58.22,-11.06,-2.05
2024/01/01 16:12:05.70,97.70,-30.99,-57.84,-60.69,58.06,-11.38,-2.28
2024/01/01 16:12:05.71,97.71,-31.01,-58.01,-60.71,57.60,-11.59,-2.29
2024/01/01 16:12:05.72,97.72,-31.01,-58.16,-60.71,57.19,-11.64,-2.05
2024/01/01 16:12:05.73,97.73,-30.98,-58.25,-60.67,57.09,-11.40,-1.79
2024/01/01 16:12:05.74,97.74,-30.95,-58.28,-60.58,57.33,-10.77,-1.69
2024/01/01 16:12:05.75,97.75,-30.94,-58.26,-60.47,57.71,-9.82,-1.67
2024/01/01 16:12:05.76,97.76,-30.92,-58.24,-60.36,58.02,-8.90,-1.63
2024/01/01 16:12:05.77,97.77,-30.89,-58.21,-60.27,58.20,-8.42,-1.54
2024/01/01 16:12:05.78,97.78,-30.87,-58.14,-60.19,58.23,-8.56,-1.38
2024/01/01 16:12:05.79,97.79,-30.87,-58.03,-60.10,58.07,-9.27,-1.19
2024/01/01 16:12:05.80,97.80,-30.87,-57.91,-60.01,57.80,-10.34,-1.03
2024/01/01 16:12:05.81,97.81,-30.85,-57.81,-59.95,57.49,-11.42,-0.91
2024/01/01 16:12:05.82,97.82,-30.83,-57.74,-59.90,57.20,-12.14,-0.82
2024/01/01 16:12:05.83,97.83,-30.84,-57.68,-59.84,56.94,-12.26,-0.72
2024/01/01 16:12:05.84,97.84,-30.89,-57.65,-59.78,56.65,-11.77,-0.66
2024/01/01 16:12:05.85,97.85,-30.99,-57.64,-59.73,56.39,-10.94,-0.65
2024/01/01 16:12:05.86,97.86,-31.12,-57.64,-59.71,56.27,-10.11,-0.63
2024/01/01 16:12:05.87,97.87,-31.24,-57.63,-59.72,56.27,-9.32,-0.54
2024/01/01 16:12:05.88,97.88,-31.35,-57.57,-59.74,56.25,-8.64,-0.39
2024/01/01 16:12:05.89,97.89,-31.44,-57.46,-59.76,56.15,-8.23,-0.33
2024/01/01 16:12:05.90,97.90,-31.52,-57.33,-59.80,56.02,-8.04,-0.49
2024/01/01 16:12:05.91,97.91,-31.59,-57.21,-59.83,55.98,-8.10,-0.80
2024/01/01 16:12:05.92,97.92,-31.68,-57.12,-59.88,56.18,-8.52,-1.03
2024/01/01 16:12:05.93,97.93,-31.79,-57.05,-59.94,56.51,-9.24,-1.10
2024/01/01 16:12:05.94,97.94,-31.90,-56.96,-60.01,56.72,-10.10,-1.07
2024/01/01 16:12:05.95,97.95,-32.00,-56.87,-60.08,56.51,-10.87,-1.04
2024/01/01 16:12:05.96,97.96,-32.07,-56.81,-60.16,55.90,-11.30,-1.04
2024/01/01 16:12:05.97,97.97,-32.13,-56.78,-60.22,55.19,-11.22,-0.98
2024/01/01 16:12:05.98,97.98,-32.21,-56.77,-60.26,54.73,-10.63,-0.87
2024/01/01 16:12:05.99,97.99,-32.29,-56.76,-60.27,54.75,-9.72,-0.90
2024/01/01 16:12:06.00,98.00,-32.37,-56.75,-60.29,55.16,-8.80,-1.19
2024/01/01 16:12:06.01,98.01,-32.43,-56.75,-60.35,55.57,-8.09,-1.60
2024/01/01 16:12:06.02,98.02,-32.48,-56.72,-60.39,55.55,-7.75,-1.80
2024/01/01 16:12:06.03,98.03,-32.54,-56.67,-60.42,54.99,-7.83,-1.65
2024/01/01 16:12:06.04,98.04,-32.63,-56.61,-60.44,54.24,-8.24,-1.43
2024/01/01 16:12:06.05,98.05,-32.71,-56.56,-60.43,53.82,-8.83,-1.35
2024/01/01 16:12:06.06,98.06,-32.79,-56.53,-60.42,53.96,-9.50,-1.34
2024/01/01 16:12:06.07,98.07,-32.87,-56.53,-60.39,54.51,-10.10,-1.27
2024/01/01 16:12:06.08,98.08,-32.94,-56.55,-60.36,55.05,-10.43,-1.15
2024/01/01 16:12:06.09,98.09,-32.99,-56.56,-60.33,55.20,-10.36,-1.05
2024/01/01 16:12:06.10,98.10,-33.03,-56.56,-60.30,54.98,-9.93,-0.99
2024/01/01 16:12:06.11,98.11,-33.05,-56.56,-60.29,54.72,-9.27,-0.93
2024/01/01 16:12:06.12,98.12,-33.04,-56.58,-60.30,54.66,-8.53,-0.83
2024/01/01 16:12:06.13,98.13,-33.01,-56.63,-60.33,54.81,-7.86,-0.79
2024/01/01 16:12:06.14,98.14,-32.96,-56.66,-60.35,54.95,-7.38,-0.93
2024/01/01 16:12:06.15,98.15,-32.91,-56.65,-60.37,54.90,-7.23,-1.23
2024/01/01 16:12:06.16,98.16,-32.88,-56.62,-60.39,54.62,-7.47,-1.52
2024/01/01 16:12:06.17,98.17,-32.87,-56.59,-60.39,54.27,-7.94,-1.65
2024/01/01 16:12:06.18,98.18,-32.83,-56.57,-60.40,54.05,-8.46,-1.61
2024/01/01 16:12:06.19,98.19,-32.74,-56.57,-60.42,54.09,-8.97,-1.49
2024/01/01 16:12:06.20,98.20,-32.62,-56.60,-60.42,54.32,-9.41,-1.34
2024/01/01 16:12:06.21,98.21,-32.50,-56.65,-60.42,54.57,-9.83,-1.21
2024/01/01 16:12:06.22,98.22,-32.39,-56.72,-60.44,54.79,-10.37,-1.22
2024/01/01 16:12:06.23,98.23,-32.28,-56.81,-60.47,55.05,-10.85,-1.39
2024/01/01 16:12:06.24,98.24,-32.16,-56.92,-60.49,55.37,-11.06,-1.54
2024/01/01 16:12:06.25,98.25,-32.03,-57.01,-60.52,55.74,-11.02,-1.60
2024/01/01 16:12:06.26,98.26,-31.93,-57.06,-60.54,56.04,-10.66,-1.70
2024/01/01 16:12:06.27,98.27,-31.87,-57.05,-60.55,56.17,-9.97,-1.79
2024/01/01 16:12:06.28,98.28,-31.82,-57.01,-60.52,56.16,-9.19,-1.70
2024/01/01 16:12:06.29,98.29,-31.74,-56.95,-60.48,56.09,-8.58,-1.45
2024/01/01 16:12:06.30,98.30,-31.66,-56.88,-60.42,56.07,-8.26,-1.17
2024/01/01 16:12:06.31,98.31,-31.59,-56.83,-60.37,56.20,-8.23,-0.99
2024/01/01 16:12:06.32,98.32,-31.53,-56.83,-60.33,56.45,-8.38,-0.98
2024/01/01 16:12:06.33,98.33,-31.48,-56.86,-60.28,56.86,-8.71,-1.08
2024/01/01 16:12:06.34,98.34,-31.43,-56.91,-60.25,57.37,-9.18,-1.18
2024/01/01 16:12:06.35,98.35,-31.38,-56.93,-60.26,57.75,-9.63,-1.22
2024/01/01 16:12:06.36,98.36,-31.36,-56.93,-60.30,57.85,-9.98,-1.19
2024/01/01 16:12:06.37,98.37,-31.34,-56.92,-60.38,57.73,-10.17,-1.17
2024/01/01 16:12:06.38,98.38,-31.33,-56.92,-60.44,57.47,-10.05,-1.18
2024/01/01 16:12:06.39,98.39,-31.32,-56.91,-60.47,57.15,-9.67,-1.24
2024/01/01 16:12:06.40,98.40,-31.34,-56.89,-60.47,56.87,-9.16,-1.40
2024/01/01 16:12:06.41,98.41,-31.40,-56.86,-60.48,56.64,-8.70,-1.61
2024/01/01 16:12:06.42,98.42,-31.46,-56.85,-60.50,56.41,-8.55,-1.76
2024/01/01 16:12:06.43,98.43,-31.54,-56.89,-60.51,56.13,-8.70,-1.73
2024/01/01 16:12:06.44,98.44,-31.64,-56.94,-60.53,55.84,-8.95,-1.57
2024/01/01 16:12:06.45,98.45,-31.72,-56.99,-60.55,55.65,-9.20,-1.45
2024/01/01 16:12:06.46,98.46,-31.75,-57.02,-60.54,55.66,-9.37,-1.40
2024/01/01 16:12:06.47,98.47,-31.74,-57.02,-60.46,55.86,-9.41,-1.33
2024/01/01 16:12:06.48,98.48,-31.72,-56.98,-60.34,56.18,-9.42,-1.32
2024/01/01 16:12:06.49,98.49,-31.70,-56.95,-60.23,56.40,-9.38,-1.46
2024/01/01 16:12:06.50,98.50,-31.73,-56.93,-60.15,56.31,-9.28,-1.63
2024/01/01 16:12:06.51,98.51,-31.80,-56.96,-60.09,55.84,-9.24,-1.65
2024/01/01 16:12:06.52,98.52,-31.88,-57.01,-60.02,55.17,-9.31,-1.53
2024/01/01 16:12:06.53,98.53,-31.94,-57.08,-59.96,54.55,-9.46,-1.42
2024/01/01 16:12:06.54,98.54,-31.99,-57.15,-59.90,54.25,-9.72,-1.31
2024/01/01 16:12:06.55,98.55,-32.02,-57.18,-59.84,54.44,-9.99,-1.05
2024/01/01 16:12:06.56,98.56,-32.06,-57.16,-59.80,55.08,-10.14,-0.71
2024/01/01 16:12:06.57,98.57,-32.12,-57.11,-59.79,55.99,-10.08,-0.48
2024/01/01 16:12:06.58,98.58,-32.20,-57.07,-59.79,56.84,-9.80,-0.38
2024/01/01 16:12:06.59,98.59,-32.26,-57.04,-59.78,57.37,-9.49,-0.38
2024/01/01 16:12:06.60,98.60,-32.30,-57.04,-59.75,57.46,-9.36,-0.53
2024/01/01 16:12:06.61,98.61,-32.31,-57.06,-59.72,57.09,-9.47,-0.73
2024/01/01 16:12:06.62,98.62,-32.29,-57.07,-59.69,56.40,-9.75,-0.81
2024/01/01 16:12:06.63,98.63,-32.25,-57.09,-59.71,55.74,-10.04,-0.81
2024/01/01 16:12:06.64,98.64,-32.21,-57.10,-59.77,55.41,-10.15,-0.71
2024/01/01 16:12:06.65,98.65,-32.17,-57.10,-59.87,55.49,-9.97,-0.52
2024/01/01 16:12:06.66,98.66,-32.14,-57.09,-59.97,55.79,-9.52,-0.45
2024/01/01 16:12:06.67,98.67,-32.11,-57.07,-60.06,56.09,-8.93,-0.63
2024/01/01 16:12:06.68,98.68,-32.08,-57.06,-60.12,56.21,-8.45,-0.94
2024/01/01 16:12:06.69,98.69,-32.05,-57.05,-60.14,56.05,-8.20,-1.22
2024/01/01 16:12:06.70,98.70,-32.01,-57.03,-60.15,55.64,-8.20,-1.42
2024/01/01 16:12:06.71,98.71,-31.98,-56.99,-60.18,55.22,-8.42,-1.60
2024/01/01 16:12:06.72,98.72,-31.96,-56.93,-60.21,54.97,-8.76,-1.77
2024/01/01 16:12:06.73,98.73,-31.94,-56.88,-60.25,54.92,-9.18,-1.85
2024/01/01 16:12:06.74,98.74,-31.95,-56.85,-60.30,55.00,-9.67,-1.83
2024/01/01 16:12:06.75,98.75,-32.00,-56.87,-60.35,55.14,-10.12,-1.77
2024/01/01 16:12:06.76,98.76,-32.06,-56.91,-60.37,55.29,-10.45,-1.65
2024/01/01 16:12:06.77,98.77,-32.11,-56.96,-60.38,55.52,-10.63,-1.46
2024/01/01 16:12:06.78,98.78,-32.12,-57.01,-60.40,55.89,-10.60,-1.28
2024/01/01 16:12:06.79,98.79,-32.08,-57.00,-60.41,56.37,-10.25,-1.17
2024/01/01 16:12:06.80,98.80,-32.02,-56.94,-60.41,56.85,-9.63,-1.15
2024/01/01 16:12:06.81,98.81,-31.96,-56.86,-60.39,57.13,-8.92,-1.26
2024/01/01 16:12:06.82,98.82,-31.89,-56.80,-60.34,57.10,-8.31,-1.44
2024/01/01 16:12:06.83,98.83,-31.81,-56.79,-60.28,56.82,-7.98,-1.51
2024/01/01 16:12:06.84,98.84,-31.70,-56.82,-60.22,56.45,-8.09,-1.35
2024/01/01 16:12:06.85,98.85,-31.57,-56.88,-60.15,56.17,-8.58,-1.06
2024/01/01 16:12:06.86,98.86,-31.48,-56.94,-60.10,56.05,-9.27,-0.78
2024/01/01 16:12:06.87,98.87,-31.43,-56.98,-60.04,56.07,-9.97,-0.68
2024/01/01 16:12:06.88,98.88,-31.42,-57.03,-59.99,56.12,-10.40,-0.78
2024/01/01 16:12:06.89,98.89,-31.44,-57.06,-59.96,56.11,-10.35,-0.94
2024/01/01 16:12:06.90,98.90,-31.47,-57.01,-59.94,56.02,-9.89,-1.13
2024/01/01 16:12:06.91,98.91,-31.51,-56.92,-59.94,55.88,-9.21,-1.28
2024/01/01 16:12:06.92,98.92,-31.54,-56.81,-59.95,55.79,-8.58,-1.24
2024/01/01 16:12:06.93,98.93,-31.56,-56.73,-59.94,55.82,-8.31,-1.02
2024/01/01 16:12:06.94,98.94,-31.55,-56.67,-59.91,56.02,-8.47,-0.74
2024/01/01 16:12:06.95,98.95,-31.52,-56.64,-59.88,56.33,-8.96,-0.51
2024/01/01 16:12:06.96,98.96,-31.49,-56.66,-59.86,56.65,-9.63,-0.37
2024/01/01 16:12:06.97,98.97,-31.47,-56.75,-59.86,56.82,-10.24,-0.38
2024/01/01 16:12:06.98,98.98,-31.48,-56.89,-59.87,56.78,-10.47,-0.53
2024/01/01 16:12:06.99,98.99,-31.49,-57.06,-59.85,56.57,-10.25,-0.68
2024/01/01 16:12:07.00,99.00,-31.47,-57.19,-59.80,56.25,-9.70,-0.75
2024/01/01 16:12:07.01,99.01,-31.42,-57.28,-59.74,55.89,-9.03,-0.85
2024/01/01 16:12:07.02,99.02,-31.37,-57.37,-59.69,55.61,-8.43,-0.97
2024/01/01 16:12:07.03,99.03,-31.32,-57.46,-59.66,55.49,-8.00,-1.01
2024/01/01 16:12:07.04,99.04,-31.31,-57.56,-59.65,55.54,-7.78,-0.96
2024/01/01 16:12:07.05,99.05,-31.33,-57.66,-59.64,55.77,-7.91,-0.92
2024/01/01 16:12:07.06,99.06,-31.35,-57.78,-59.62,56.16,-8.48,-0.93
2024/01/01 16:12:07.07,99.07,-31.34,-57.88,-59.59,56.58,-9.41,-0.94
2024/01/01 16:12:07.08,99.08,-31.31,-57.94,-59.53,56.88,-10.56,-0.83
2024/01/01 16:12:07.09,99.09,-31.28,-57.94,-59.47,57.04,-11.61,-0.58
2024/01/01 16:12:07.10,99.10,-31.28,-57.90,-59.41,57.08,-12.19,-0.38
2024/01/01 16:12:07.11,99.11,-31.31,-57.88,-59.34,57.10,-12.21,-0.32
2024/01/01 16:12:07.12,99.12,-31.35,-57.88,-59.26,57.14,-11.89,-0.34
2024/01/01 16:12:07.13,99.13,-31.39,-57.90,-59.20,57.14,-11.44,-0.40
2024/01/01 16:12:07.14,99.14,-31.43,-57.92,-59.16,57.00,-11.18,-0.44
2024/01/01 16:12:07.15,99.15,-31.46,-57.94,-59.12,56.75,-11.23,-0.38
2024/01/01 16:12:07.16,99.16,-31.49,-57.94,-59.07,56.56,-11.41,-0.19
2024/01/01 16:12:07.17,99.17,-31.51,-57.93,-59.02,56.67,-11.55,0.03
2024/01/01 16:12:07.18,99.18,-31.48,-57.90,-58.97,57.14,-11.44,0.17
2024/01/01 16:12:07.19,99.19,-31.45,-57.86,-58.93,57.75,-10.87,0.24
2024/01/01 16:12:07.20,99.20,-31.45,-57.80,-58.91,58.06,-10.00,0.22
2024/01/01 16:12:07.21,99.21,-31.47,-57.73,-58.90,57.81,-9.20,0.12
2024/01/01 16:12:07.22,99.22,-31.48,-57.68,-58.89,57.03,-8.73,-0.02
2024/01/01 16:12:07.23,99.23,-31.49,-57.63,-58.88,56.04,-8.62,-0.14
2024/01/01 16:12:07.24,99.24,-31.50,-57.54,-58.87,55.22,-8.85,-0.10
2024/01/01 16:12:07.25,99.25,-31.49,-57.42,-58.85,54.84,-9.22,0.03
2024/01/01 16:12:07.26,99.26,-31.48,-57.26,-58.80,54.92,-9.45,0.12
2024/01/01 16:12:07.27,99.27,-31.47,-57.09,-58.78,55.36,-9.43,0.16
2024/01/01 16:12:07.28,99.28,-31.50,-56.95,-58.80,56.04,-9.27,0.19
2024/01/01 16:12:07.29,99.29,-31.53,-56.86,-58.83,56.68,-9.02,0.27
2024/01/01 16:12:07.30,99.30,-31.57,-56.80,-58.85,57.00,-8.82,0.37
2024/01/01 16:12:07.31,99.31,-31.60,-56.74,-58.84,56.98,-8.87,0.37
2024/01/01 16:12:07.32,99.32,-31.62,-56.67,-58.81,56.76,-9.12,0.16
2024/01/01 16:12:07.33,99.33,-31.64,-56.60,-58.80,56.47,-9.41,-0.07
2024/01/01 16:12:07.34,99.34,-31.66,-56.57,-58.82,56.26,-9.75,-0.11
2024/01/01 16:12:07.35,99.35,-31.69,-56.60,-58.86,56.23,-9.91,0.02
2024/01/01 16:12:07.36,99.36,-31.73,-56.66,-58.89,56.28,-9.73,0.19
2024/01/01 16:12:07.37,99.37,-31.79,-56.72,-58.89,56.26,-9.38,0.34
2024/01/01 16:12:07.38,99.38,-31.86,-56.74,-58.87,56.17,-9.02,0.37
2024/01/01 16:12:07.39,99.39,-31.91,-56.69,-58.85,56.08,-8.68,0.30
2024/01/01 16:12:07.40,99.40,-31.93,-56.61,-58.83,56.10,-8.43,0.23
2024/01/01 16:12:07.41,99.41,-31.92,-56.53,-58.83,56.22,-8.15,0.16
2024/01/01 16:12:07.42,99.42,-31.86,-56.48,-58.85,56.43,-7.81,0.04
2024/01/01 16:12:07.43,99.43,-31.75,-56.46,-58.87,56.70,-7.59,-0.08
2024/01/01 16:12:07.44,99.44,-31.61,-56.51,-58.89,56.86,-7.71,-0.11
2024/01/01 16:12:07.45,99.45,-31.50,-56.58,-58.92,56.75,-8.26,-0.03
2024/01/01 16:12:07.46,99.46,-31.45,-56.66,-58.97,56.34,-9.20,0.06
2024/01/01 16:12:07.47,99.47,-31.48,-56.74,-59.02,55.71,-10.12,0.13
2024/01/01 16:12:07.48,99.48,-31.56,-56.80,-59.08,55.04,-10.59,0.09
2024/01/01 16:12:07.49,99.49,-31.67,-56.84,-59.15,54.66,-10.46,-0.13
2024/01/01 16:12:07.50,99.50,-31.79,-56.86,-59.21,54.74,-9.82,-0.42
2024/01/01 16:12:07.51,99.51,-31.91,-56.88,-59.24,55.19,-9.00,-0.56
2024/01/01 16:12:07.52,99.52,-32.00,-56.92,-59.25,55.84,-8.39,-0.51
2024/01/01 16:12:07.53,99.53,-32.07,-56.99,-59.23,56.52,-8.19,-0.37
2024/01/01 16:12:07.54,99.54,-32.11,-57.08,-59.20,57.03,-8.42,-0.19
2024/01/01 16:12:07.55,99.55,-32.14,-57.14,-59.21,57.26,-9.01,-0.02
2024/01/01 16:12:07.56,99.56,-32.19,-57.16,-59.23,57.13,-9.71,0.12
2024/01/01 16:12:07.57,99.57,-32.24,-57.16,-59.23,56.66,-10.28,0.24
2024/01/01 16:12:07.58,99.58,-32.28,-57.15,-59.21,55.97,-10.62,0.26
2024/01/01 16:12:07.59,99.59,-32.30,-57.12,-59.18,55.29,-10.67,0.06
2024/01/01 16:12:07.60,99.60,-32.32,-57.11,-59.13,54.83,-10.41,-0.21
2024/01/01 16:12:07.61,99.61,-32.35,-57.12,-59.10,54.66,-9.98,-0.27
2024/01/01 16:12:07.62,99.62,-32.41,-57.16,-59.07,54.68,-9.55,-0.14
2024/01/01 16:12:07.63,99.63,-32.46,-57.20,-59.05,54.82,-9.24,0.00
2024/01/01 16:12:07.64,99.64,-32.51,-57.24,-59.03,55.01,-9.09,0.13
2024/01/01 16:12:07.65,99.65,-32.54,-57.26,-59.02,55.23,-9.10,0.25
2024/01/01 16:12:07.66,99.66,-32.54,-57.24,-59.01,55.46,-9.32,0.36
2024/01/01 16:12:07.67,99.67,-32.51,-57.20,-59.03,55.63,-9.73,0.34
2024/01/01 16:12:07.68,99.68,-32.46,-57.17,-59.08,55.66,-10.15,0.10
2024/01/01 16:12:07.69,99.69,-32.40,-57.18,-59.11,55.54,-10.43,-0.21
2024/01/01 16:12:07.70,99.70,-32.33,-57.22,-59.15,55.34,-10.44,-0.44
2024/01/01 16:12:07.71,99.71,-32.25,-57.25,-59.19,55.14,-10.12,-0.58
2024/01/01 16:12:07.72,99.72,-32.16,-57.26,-59.21,54.99,-9.64,-0.59
2024/01/01 16:12:07.73,99.73,-32.07,-57.26,-59.21,55.00,-9.28,-0.44
2024/01/01 16:12:07.74,99.74,-32.00,-57.29,-59.21,55.17,-9.15,-0.25
2024/01/01 16:12:07.75,99.75,-31.95,-57.30,-59.22,55.53,-9.23,-0.16
2024/01/01 16:12:07.76,99.76,-31.90,-57.28,-59.23,56.02,-9.37,-0.16
2024/01/01 16:12:07.77,99.77,-31.83,-57.25,-59.24,56.50,-9.39,-0.19
2024/01/01 16:12:07.78,99.78,-31.76,-57.23,-59.27,56.88,-9.26,-0.24
2024/01/01 16:12:07.79,99.79,-31.71,-57.23,-59.32,57.11,-9.05,-0.34
2024/01/01 16:12:07.80,99.80,-31.68,-57.28,-59.39,57.15,-8.89,-0.36
2024/01/01 16:12:07.81,99.81,-31.66,-57.35,-59.47,57.08,-8.96,-0.26
2024/01/01 16:12:07.82,99.82,-31.62,-57.43,-59.55,56.98,-9.40,-0.16
2024/01/01 16:12:07.83,99.83,-31.58,-57.50,-59.63,56.94,-10.11,-0.21
2024/01/01 16:12:07.84,99.84,-31.54,-57.54,-59.72,56.99,-10.80,-0.44
2024/01/01 16:12:07.85,99.85,-31.51,-57.55,-59.82,57.10,-11.15,-0.75
2024/01/01 16:12:07.86,99.86,-31.54,-57.55,-59.92,57.27,-11.02,-1.01
2024/01/01 16:12:07.87,99.87,-31.61,-57.55,-60.03,57.48,-10.48,-1.15
2024/01/01 16:12:07.88,99.88,-31.69,-57.56,-60.12,57.57,-9.72,-1.21
2024/01/01 16:12:07.89,99.89,-31.76,-57.56,-60.21,57.41,-9.05,-1.20
2024/01/01 16:12:07.90,99.90,-31.82,-57.53,-60.31,57.01,-8.71,-1.17
2024/01/01 16:12:07.91,99.91,-31.87,-57.47,-60.40,56.44,-8.78,-1.22
2024/01/01 16:12:07.92,99.92,-31.93,-57.42,-60.47,55.81,-9.31,-1.36
2024/01/01 16:12:07.93,99.93,-31.99,-57.39,-60.54,55.31,-10.17,-1.51
2024/01/01 16:12:07.94,99.94,-32.05,-57.38,-60.61,55.08,-11.04,-1.63
2024/01/01 16:12:07.95,99.95,-32.08,-57.39,-60.65,55.11,-11.62,-1.71
2024/01/01 16:12:07.96,99.96,-32.10,-57.39,-60.68,55.18,-11.81,-1.68
2024/01/01 16:12:07.97,99.97,-32.10,-57.37,-60.71,55.15,-11.57,-1.56
2024/01/01 16:12:07.98,99.98,-32.08,-57.32,-60.75,55.04,-11.00,-1.44
2024/01/01 16:12:07.99,99.99,-32.08,-57.24,-60.78,54.86,-10.24,-1.32
2024/01/01 16:12:08.00,100.00,-32.11,-57.13,-60.79,54.67,-9.46,-1.32
2024/01/01 16:12:08.01,100.01,-32.15,-57.04,-60.80,54.61,-8.74,-1.62
2024/01/01 16:12:08.02,100.02,-32.19,-56.95,-60.82,54.70,-8.19,-2.08
2024/01/01 16:12:08.03,100.03,-32.20,-56.89,-60.85,54.87,-7.99,-2.34
2024/01/01 16:12:08.04,100.04,-32.19,-56.86,-60.87,55.10,-8.19,-2.28
2024/01/01 16:12:08.05,100.05,-32.17,-56.85,-60.88,55.43,-8.59,-2.05
2024/01/01 16:12:08.06,100.06,-32.14,-56.82,-60.90,55.88,-9.01,-1.76
2024/01/01 16:12:08.07,100.07,-32.13,-56.77,-60.93,56.40,-9.25,-1.53
2024/01/01 16:12:08.08,100.08,-32.14,-56.71,-60.95,56.83,-9.19,-1.45
2024/01/01 16:12:08.09,100.09,-32.15,-56.70,-60.93,56.96,-8.97,-1.50
2024/01/01 16:12:08.10,100.10,-32.13,-56.74,-60.89,56.76,-8.76,-1.75
2024/01/01 16:12:08.11,100.11,-32.06,-56.81,-60.84,56.32,-8.65,-2.06
2024/01/01 16:12:08.12,100.12,-31.97,-56.90,-60.77,55.84,-8.75,-2.12
2024/01/01 16:12:08.13,100.13,-31.90,-57.01,-60.69,55.47,-9.11,-1.92
2024/01/01 16:12:08.14,100.14,-31.88,-57.10,-60.59,55.25,-9.58,-1.67
2024/01/01 16:12:08.15,100.15,-31.89,-57.16,-60.47,55.17,-9.97,-1.46
2024/01/01 16:12:08.16,100.16,-31.91,-57.19,-60.36,55.20,-10.11,-1.30
2024/01/01 16:12:08.17,100.17,-31.93,-57.19,-60.28,55.29,-9.92,-1.20
2024/01/01 16:12:08.18,100.18,-31.97,-57.19,-60.21,55.40,-9.60,-1.12
2024/01/01 16:12:08.19,100.19,-32.04,-57.19,-60.16,55.51,-9.41,-1.04
2024/01/01 16:12:08.20,100.20,-32.12,-57.21,-60.13,55.69,-9.42,-0.99
2024/01/01 16:12:08.21,100.21,-32.22,-57.21,-60.09,55.96,-9.65,-0.95
2024/01/01 16:12:08.22,100.22,-32.33,-57.18,-60.04,56.25,-10.06,-0.85
2024/01/01 16:12:08.23,100.23,-32.44,-57.11,-60.03,56.38,-10.44,-0.79
2024/01/01 16:12:08.24,100.24,-32.53,-57.03,-60.04,56.31,-10.60,-0.83
2024/01/01 16:12:08.25,100.25,-32.60,-56.95,-60.08,56.09,-10.42,-0.83
2024/01/01 16:12:08.26,100.26,-32.64,-56.89,-60.13,55.79,-9.93,-0.73
2024/01/01 16:12:08.27,100.27,-32.66,-56.84,-60.18,55.51,-9.37,-0.66
2024/01/01 16:12:08.28,100.28,-32.63,-56.80,-60.23,55.36,-9.01,-0.80
2024/01/01 16:12:08.29,100.29,-32.57,-56.79,-60.27,55.29,-8.87,-1.08
2024/01/01 16:12:08.30,100.30,-32.50,-56.83,-60.29,55.19,-8.90,-1.36
2024/01/01 16:12:08.31,100.31,-32.41,-56.88,-60.31,55.02,-9.02,-1.61
2024/01/01 16:12:08.32,100.32,-32.32,-56.91,-60.33,54.77,-9.11,-1.84
2024/01/01 16:12:08.33,100.33,-32.24,-56.90,-60.33,54.54,-9.14,-1.92
2024/01/01 16:12:08.34,100.34,-32.20,-56.84,-60.32,54.44,-9.10,-1.74
2024/01/01 16:12:08.35,100.35,-32.19,-56.75,-60.31,54.46,-8.97,-1.50
2024/01/01 16:12:08.36,100.36,-32.20,-56.69,-60.29,54.57,-8.78,-1.42
2024/01/01 16:12:08.37,100.37,-32.21,-56.69,-60.27,54.78,-8.61,-1.46
2024/01/01 16:12:08.38,100.38,-32.20,-56.77,-60.25,55.03,-8.45,-1.44
2024/01/01 16:12:08.39,100.39,-32.18,-56.89,-60.23,55.31,-8.47,-1.36
2024/01/01 16:12:08.40,100.40,-32.14,-56.99,-60.22,55.68,-8.72,-1.32
2024/01/01 16:12:08.41,100.41,-32.09,-57.02,-60.20,56.19,-9.07,-1.31
2024/01/01 16:12:08.42,100.42,-32.04,-57.00,-60.19,56.86,-9.51,-1.22
2024/01/01 16:12:08.43,100.43,-31.98,-56.95,-60.21,57.58,-10.00,-1.09
2024/01/01 16:12:08.44,100.44,-31.91,-56.95,-60.24,58.09,-10.32,-0.99
2024/01/01 16:12:08.45,100.45,-31.83,-57.02,-60.24,58.10,-10.35,-0.94
2024/01/01 16:12:08.46,100.46,-31.78,-57.13,-60.21,57.57,-10.19,-0.96
2024/01/01 16:12:08.47,100.47,-31.78,-57.26,-60.16,56.77,-9.93,-1.11
2024/01/01 16:12:08.48,100.48,-31.82,-57.39,-60.14,56.04,-9.68,-1.34
2024/01/01 16:12:08.49,100.49,-31.88,-57.51,-60.14,55.59,-9.45,-1.43
2024/01/01 16:12:08.50,100.50,-31.92,-57.61,-60.16,55.42,-9.24,-1.30
2024/01/01 16:12:08.51,100.51,-31.94,-57.67,-60.16,55.37,-9.07,-1.16
2024/01/01 16:12:08.52,100.52,-31.97,-57.68,-60.13,55.30,-9.02,-1.18
2024/01/01 16:12:08.53,100.53,-32.04,-57.66,-60.06,55.23,-9.15,-1.25
2024/01/01 16:12:08.54,100.54,-32.13,-57.62,-60.00,55.27,-9.44,-1.23
2024/01/01 16:12:08.55,100.55,-32.19,-57.55,-59.94,55.48,-9.82,-1.08
2024/01/01 16:12:08.56,100.56,-32.24,-57.48,-59.89,55.74,-10.18,-0.83
2024/01/01 16:12:08.57,100.57,-32.30,-57.44,-59.84,55.85,-10.47,-0.66
2024/01/01 16:12:08.58,100.58,-32.37,-57.46,-59.80,55.72,-10.68,-0.64
2024/01/01 16:12:08.59,100.59,-32.42,-57.53,-59.78,55.44,-10.89,-0.65
2024/01/01 16:12:08.60,100.60,-32.47,-57.62,-59.78,55.23,-11.12,-0.57
2024/01/01 16:12:08.61,100.61,-32.52,-57.70,-59.75,55.23,-11.29,-0.44
2024/01/01 16:12:08.62,100.62,-32.58,-57.74,-59.71,55.44,-11.31,-0.43
2024/01/01 16:12:08.63,100.63,-32.64,-57.74,-59.67,55.72,-11.04,-0.57
2024/01/01 16:12:08.64,100.64,-32.68,-57.72,-59.62,55.82,-10.43,-0.64
2024/01/01 16:12:08.65,100.65,-32.69,-57.69,-59.56,55.59,-9.66,-0.54
2024/01/01 16:12:08.66,100.66,-32.66,-57.65,-59.51,55.14,-8.97,-0.43
2024/01/01 16:12:08.67,100.67,-32.60,-57.58,-59.49,54.74,-8.59,-0.46
2024/01/01 16:12:08.68,100.68,-32.51,-57.49,-59.50,54.61,-8.68,-0.57
2024/01/01 16:12:08.69,100.69,-32.40,-57.42,-59.53,54.79,-9.19,-0.63
2024/01/01 16:12:08.70,100.70,-32.27,-57.36,-59.56,55.13,-9.90,-0.70
2024/01/01 16:12:08.71,100.71,-32.11,-57.34,-59.60,55.48,-10.60,-0.83
2024/01/01 16:12:08.72,100.72,-31.93,-57.35,-59.65,55.64,-11.07,-0.89
2024/01/01 16:12:08.73,100.73,-31.78,-57.39,-59.72,55.62,-11.19,-0.81
2024/01/01 16:12:08.74,100.74,-31.71,-57.42,-59.78,55.60,-10.99,-0.69
2024/01/01 16:12:08.75,100.75,-31.72,-57.43,-59.82,55.75,-10.49,-0.65
2024/01/01 16:12:08.76,100.76,-31.77,-57.43,-59.84,56.08,-9.80,-0.71
2024/01/01 16:12:08.77,100.77,-31.81,-57.40,-59.87,56.44,-9.13,-0.87
2024/01/01 16:12:08.78,100.78,-31.83,-57.40,-59.89,56.65,-8.67,-1.02
2024/01/01 16:12:08.79,100.79,-31.82,-57.45,-59.90,56.62,-8.52,-1.13
2024/01/01 16:12:08.80,100.80,-31.79,-57.54,-59.90,56.54,-8.75,-1.12
2024/01/01 16:12:08.81,100.81,-31.77,-57.63,-59.90,56.68,-9.30,-0.95
2024/01/01 16:12:08.82,100.82,-31.74,-57.73,-59.91,57.16,-9.98,-0.67
2024/01/01 16:12:08.83,100.83,-31.71,-57.82,-59.91,57.74,-10.66,-0.50
2024/01/01 16:12:08.84,100.84,-31.69,-57.90,-59.89,58.04,-11.18,-0.58
2024/01/01 16:12:08.85,100.85,-31.71,-57.96,-59.87,57.79,-11.39,-0.91
2024/01/01 16:12:08.86,100.86,-31.76,-57.98,-59.88,56.99,-11.19,-1.26
2024/01/01 16:12:08.87,100.87,-31.83,-57.97,-59.93,55.90,-10.72,-1.33
2024/01/01 16:12:08.88,100.88,-31.87,-57.95,-59.96,55.00,-10.21,-1.11
2024/01/01 16:12:08.89,100.89,-31.89,-57.90,-59.95,54.56,-9.78,-0.88
2024/01/01 16:12:08.90,100.90,-31.91,-57.85,-59.91,54.57,-9.52,-0.82
2024/01/01 16:12:08.91,100.91,-31.95,-57.81,-59.88,54.81,-9.54,-0.92
2024/01/01 16:12:08.92,100.92,-31.99,-57.81,-59.87,55.07,-9.90,-1.02
2024/01/01 16:12:08.93,100.93,-32.02,-57.83,-59.87,55.27,-10.56,-1.01
2024/01/01 16:12:08.94,100.94,-32.02,-57.86,-59.89,55.49,-11.31,-0.98
2024/01/01 16:12:08.95,100.95,-31.98,-57.86,-59.92,55.80,-11.91,-0.98
2024/01/01 16:12:08.96,100.96,-31.92,-57.83,-59.94,56.18,-12.24,-0.92
2024/01/01 16:12:08.97,100.97,-31.86,-57.79,-59.93,56.43,-12.20,-0.77
2024/01/01 16:12:08.98,100.98,-31.81,-57.77,-59.89,56.44,-11.80,-0.67
2024/01/01 16:12:08.99,100.99,-31.78,-57.76,-59.83,56.25,-11.13,-0.68
2024/01/01 16:12:09.00,101.00,-31.76,-57.73,-59.76,55.97,-10.24,-0.72
2024/01/01 16:12:09.01,101.01,-31.76,-57.68,-59.70,55.77,-9.39,-0.68
2024/01/01 16:12:09.02,101.02,-31.76,-57.59,-59.66,55.80,-8.89,-0.66
2024/01/01 16:12:09.03,101.03,-31.78,-57.49,-59.62,56.03,-8.80,-0.66
2024/01/01 16:12:09.04,101.04,-31.80,-57.39,-59.57,56.37,-8.99,-0.59
2024/01/01 16:12:09.05,101.05,-31.83,-57.31,-59.51,56.66,-9.23,-0.47
2024/01/01 16:12:09.06,101.06,-31.86,-57.24,-59.43,56.79,-9.29,-0.43
2024/01/01 16:12:09.07,101.07,-31.88,-57.20,-59.34,56.79,-9.19,-0.45
2024/01/01 16:12:09.08,101.08,-31.88,-57.18,-59.27,56.66,-9.04,-0.39
2024/01/01 16:12:09.09,101.09,-31.84,-57.21,-59.22,56.44,-9.01,-0.21
2024/01/01 16:12:09.10,101.10,-31.77,-57.26,-59.19,56.20,-9.22,-0.04
2024/01/01 16:12:09.11,101.11,-31.70,-57.31,-59.16,55.92,-9.52,0.03
2024/01/01 16:12:09.12,101.12,-31.67,-57.32,-59.15,55.65,-9.70,-0.05
2024/01/01 16:12:09.13,101.13,-31.66,-57.31,-59.16,55.50,-9.75,-0.29
2024/01/01 16:12:09.14,101.14,-31.65,-57.29,-59.16,55.55,-9.69,-0.53
2024/01/01 16:12:09.15,101.15,-31.61,-57.26,-59.15,55.79,-9.59,-0.56
2024/01/01 16:12:09.16,101.16,-31.54,-57.21,-59.13,56.12,-9.52,-0.43
2024/01/01 16:12:09.17,101.17,-31.45,-57.14,-59.10,56.39,-9.45,-0.31
2024/01/01 16:12:09.18,101.18,-31.36,-57.05,-59.07,56.59,-9.44,-0.19
2024/01/01 16:12:09.19,101.19,-31.30,-56.98,-59.05,56.69,-9.54,-0.04
2024/01/01 16:12:09.20,101.20,-31.24,-56.95,-59.04,56.65,-9.68,0.10
2024/01/01 16:12:09.21,101.21,-31.21,-56.99,-59.05,56.53,-9.90,0.10
2024/01/01 16:12:09.22,101.22,-31.21,-57.06,-59.08,56.36,-10.11,-0.04
2024/01/01 16:12:09.23,101.23,-31.23,-57.13,-59.14,56.23,-10.20,-0.24
2024/01/01 16:12:09.24,101.24,-31.23,-57.21,-59.20,56.28,-10.17,-0.35
2024/01/01 16:12:09.25,101.25,-31.20,-57.30,-59.27,56.54,-9.95,-0.30
2024/01/01 16:12:09.26,101.26,-31.14,-57.35,-59.32,56.94,-9.42,-0.15
2024/01/01 16:12:09.27,101.27,-31.06,-57.36,-59.34,57.38,-8.73,-0.04
2024/01/01 16:12:09.28,101.28,-30.98,-57.35,-59.31,57.72,-8.03,-0.05
2024/01/01 16:12:09.29,101.29,-30.90,-57.32,-59.25,57.89,-7.56,-0.19
2024/01/01 16:12:09.30,101.30,-30.83,-57.29,-59.19,57.89,-7.58,-0.47
2024/01/01 16:12:09.31,101.31,-30.78,-57.23,-59.15,57.65,-8.12,-0.72
2024/01/01 16:12:09.32,101.32,-30.78,-57.20,-59.12,57.20,-9.11,-0.72
2024/01/01 16:12:09.33,101.33,-30.83,-57.20,-59.08,56.64,-10.30,-0.48
2024/01/01 16:12:09.34,101.34,-30.89,-57.23,-59.03,56.23,-11.17,-0.22
2024/01/01 16:12:09.35,101.35,-30.96,-57.30,-58.96,56.21,-11.52,-0.05
2024/01/01 16:12:09.36,101.36,-31.02,-57.40,-58.89,56.64,-11.33,0.07
2024/01/01 16:12:09.37,101.37,-31.09,-57.52,-58.83,57.28,-10.72,0.17
2024/01/01 16:12:09.38,101.38,-31.16,-57.63,-58.78,57.80,-10.07,0.20
2024/01/01 16:12:09.39,101.39,-31.25,-57.71,-58.75,57.97,-9.59,0.17
2024/01/01 16:12:09.40,101.40,-31.32,-57.75,-58.75,57.79,-9.20,0.17
2024/01/01 16:12:09.41,101.41,-31.36,-57.75,-58.75,57.47,-8.95,0.24
2024/01/01 16:12:09.42,101.42,-31.39,-57.74,-58.76,57.20,-8.93,0.33
2024/01/01 16:12:09.43,101.43,-31.40,-57.73,-58.77,57.06,-9.16,0.34
2024/01/01 16:12:09.44,101.44,-31.39,-57.72,-58.79,57.03,-9.63,0.22
2024/01/01 16:12:09.45,101.45,-31.35,-57.72,-58.80,57.04,-10.20,0.05
2024/01/01 16:12:09.46,101.46,-31.29,-57.72,-58.82,57.09,-10.78,-0.03
2024/01/01 16:12:09.47,101.47,-31.22,-57.69,-58.84,57.12,-11.26,-0.03
2024/01/01 16:12:09.48,101.48,-31.15,-57.63,-58.87,57.03,-11.40,0.02
2024/01/01 16:12:09.49,101.49,-31.10,-57.53,-58.88,56.84,-11.20,0.07
2024/01/01 16:12:09.50,101.50,-31.05,-57.41,-58.88,56.63,-10.70,0.07
2024/01/01 16:12:09.51,101.51,-30.99,-57.31,-58.90,56.39,-9.99,0.04
2024/01/01 16:12:09.52,101.52,-30.92,-57.23,-58.93,56.16,-9.31,-0.05
2024/01/01 16:12:09.53,101.53,-30.82,-57.19,-58.96,56.09,-8.86,-0.26
2024/01/01 16:12:09.54,101.54,-30.74,-57.18,-58.99,56.17,-8.76,-0.43
2024/01/01 16:12:09.55,101.55,-30.68,-57.18,-59.02,56.39,-9.14,-0.48
2024/01/01 16:12:09.56,101.56,-30.62,-57.17,-59.02,56.72,-9.77,-0.43
2024/01/01 16:12:09.57,101.57,-30.58,-57.15,-59.00,57.13,-10.24,-0.22
2024/01/01 16:12:09.58,101.58,-30.53,-57.14,-58.97,57.60,-10.39,0.12
2024/01/01 16:12:09.59,101.59,-30.48,-57.15,-58.94,58.05,-10.11,0.38
2024/01/01 16:12:09.60,101.60,-30.42,-57.16,-58.91,58.38,-9.47,0.50
2024/01/01 16:12:09.61,101.61,-30.33,-57.16,-58.89,58.53,-8.79,0.48
2024/01/01 16:12:09.62,101.62,-30.23,-57.15,-58.88,58.52,-8.21,0.32
2024/01/01 16:12:09.63,101.63,-30.15,-57.15,-58.88,58.44,-7.82,0.10
2024/01/01 16:12:09.64,101.64,-30.11,-57.14,-58.92,58.39,-7.80,-0.10
2024/01/01 16:12:09.65,101.65,-30.13,-57.12,-58.99,58.40,-8.04,-0.26
2024/01/01 16:12:09.66,101.66,-30.19,-57.10,-59.08,58.44,-8.35,-0.33
2024/01/01 16:12:09.67,101.67,-30.27,-57.08,-59.15,58.46,-8.65,-0.27
2024/01/01 16:12:09.68,101.68,-30.33,-57.08,-59.21,58.38,-9.00,-0.14
2024/01/01 16:12:09.69,101.69,-30.38,-57.10,-59.28,58.28,-9.39,-0.09
2024/01/01 16:12:09.70,101.70,-30.43,-57.14,-59.33,58.23,-9.75,-0.13
2024/01/01 16:12:09.71,101.71,-30.49,-57.21,-59.36,58.13,-10.00,-0.15
2024/01/01 16:12:09.72,101.72,-30.58,-57.32,-59.38,57.94,-10.21,-0.23
2024/01/01 16:12:09.73,101.73,-30.70,-57.46,-59.40,57.61,-10.34,-0.49
2024/01/01 16:12:09.74,101.74,-30.84,-57.60,-59.45,57.12,-10.34,-0.76
2024/01/01 16:12:09.75,101.75,-31.00,-57.71,-59.49,56.61,-10.32,-0.86
2024/01/01 16:12:09.76,101.76,-31.15,-57.76,-59.52,56.28,-10.30,-0.82
2024/01/01 16:12:09.77,101.77,-31.23,-57.78,-59.54,56.23,-10.28,-0.71
2024/01/01 16:12:09.78,101.78,-31.26,-57.80,-59.56,56.45,-10.32,-0.62
2024/01/01 16:12:09.79,101.79,-31.27,-57.82,-59.57,56.76,-10.29,-0.57
2024/01/01 16:12:09.80,101.80,-31.28,-57.85,-59.59,56.87,-10.08,-0.54
2024/01/01 16:12:09.81,101.81,-31.31,-57.88,-59.63,56.65,-9.93,-0.59
2024/01/01 16:12:09.82,101.82,-31.36,-57.88,-59.67,56.19,-9.97,-0.82
2024/01/01 16:12:09.83,101.83,-31.40,-57.85,-59.73,55.68,-10.18,-1.05
2024/01/01 16:12:09.84,101.84,-31.40,-57.79,-59.79,55.29,-10.53,-1.12
2024/01/01 16:12:09.85,101.85,-31.38,-57.72,-59.85,55.13,-10.80,-1.13
2024/01/01 16:12:09.86,101.86,-31.37,-57.64,-59.89,55.18,-10.86,-1.11
2024/01/01 16:12:09.87,101.87,-31.38,-57.58,-59.92,55.46,-10.78,-1.08
2024/01/01 16:12:09.88,101.88,-31.42,-57.54,-59.91,55.94,-10.57,-1.11
2024/01/01 16:12:09.89,101.89,-31.48,-57.53,-59.90,56.54,-10.23,-1.12
2024/01/01 16:12:09.90,101.90,-31.51,-57.54,-59.92,57.14,-9.95,-1.02
2024/01/01 16:12:09.91,101.91,-31.50,-57.53,-59.96,57.57,-9.74,-0.88
2024/01/01 16:12:09.92,101.92,-31.45,-57.49,-59.99,57.76,-9.53,-0.76
2024/01/01 16:12:09.93,101.93,-31.37,-57.40,-60.03,57.80,-9.36,-0.70
2024/01/01 16:12:09.94,101.94,-31.28,-57.29,-60.06,57.77,-9.26,-0.84
2024/01/01 16:12:09.95,101.95,-31.19,-57.20,-60.11,57.70,-9.20,-1.14
2024/01/01 16:12:09.96,101.96,-31.12,-57.13,-60.15,57.62,-9.14,-1.37
2024/01/01 16:12:09.97,101.97,-31.06,-57.09,-60.19,57.47,-9.09,-1.49
2024/01/01 16:12:09.98,101.98,-31.00,-57.05,-60.20,57.22,-9.11,-1.60
2024/01/01 16:12:09.99,101.99,-30.95,-57.01,-60.19,56.95,-9.21,-1.63
2024/01/01 16:12:10.00,102.00,-30.91,-57.01,-60.20,56.73,-9.33,-1.50
2024/01/01 16:12:10.01,102.01,-30.89,-57.05,-60.20,56.66,-9.33,-1.29
2024/01/01 16:12:10.02,102.02,-30.91,-57.11,-60.20,56.69,-9.10,-1.11
2024/01/01 16:12:10.03,102.03,-30.94,-57.14,-60.21,56.69,-8.68,-1.08
2024/01/01 16:12:10.04,102.04,-30.99,-57.12,-60.21,56.59,-8.29,-1.23
2024/01/01 16:12:10.05,102.05,-31.04,-57.09,-60.20,56.39,-8.09,-1.40
2024/01/01 16:12:10.06,102.06,-31.08,-57.06,-60.20,56.18,-8.19,-1.47
2024/01/01 16:12:10.07,102.07,-31.10,-57.04,-60.22,56.11,-8.64,-1.55
2024/01/01 16:12:10.08,102.08,-31.13,-57.03,-60.25,56.21,-9.27,-1.58
2024/01/01 16:12:10.09,102.09,-31.17,-57.00,-60.28,56.44,-9.91,-1.40
2024/01/01 16:12:10.10,102.10,-31.19,-56.95,-60.29,56.69,-10.54,-1.19
2024/01/01 16:12:10.11,102.11,-31.19,-56.90,-60.28,56.90,-10.98,-1.12
2024/01/01 16:12:10.12,102.12,-31.16,-56.86,-60.27,57.05,-11.04,-1.10
2024/01/01 16:12:10.13,102.13,-31.12,-56.86,-60.24,57.14,-10.73,-1.04
2024/01/01 16:12:10.14,102.14,-31.07,-56.88,-60.20,57.15,-10.14,-1.04
2024/01/01 16:12:10.15,102.15,-31.02,-56.89,-60.16,57.06,-9.45,-1.15
2024/01/01 16:12:10.16,102.16,-30.98,-56.88,-60.13,56.86,-8.86,-1.29
2024/01/01 16:12:10.17,102.17,-30.97,-56.87,-60.12,56.57,-8.44,-1.34
2024/01/01 16:12:10.18,102.18,-31.01,-56.87,-60.14,56.31,-8.26,-1.26
2024/01/01 16:12:10.19,102.19,-31.07,-56.88,-60.19,56.20,-8.36,-1.16
2024/01/01 16:12:10.20,102.20,-31.11,-56.88,-60.24,56.27,-8.55,-1.18
2024/01/01 16:12:10.21,102.21,-31.13,-56.86,-60.30,56.51,-8.70,-1.28
2024/01/01 16:12:10.22,102.22,-31.15,-56.83,-60.37,56.90,-8.80,-1.37
2024/01/01 16:12:10.23,102.23,-31.16,-56.81,-60.42,57.30,-8.77,-1.40
2024/01/01 16:12:10.24,102.24,-31.15,-56.80,-60.45,57.58,-8.63,-1.38
2024/01/01 16:12:10.25,102.25,-31.13,-56.80,-60.47,57.66,-8.45,-1.39
2024/01/01 16:12:10.26,102.26,-31.13,-56.77,-60.49,57.53,-8.26,-1.51
2024/01/01 16:12:10.27,102.27,-31.15,-56.70,-60.50,57.23,-8.14,-1.66
2024/01/01 16:12:10.28,102.28,-31.17,-56.59,-60.50,56.86,-8.26,-1.70
2024/01/01 16:12:10.29,102.29,-31.18,-56.46,-60.50,56.50,-8.62,-1.68
2024/01/01 16:12:10.30,102.30,-31.16,-56.36,-60.50,56.25,-9.11,-1.67
2024/01/01 16:12:10.31,102.31,-31.14,-56.33,-60.51,56.15,-9.55,-1.67
2024/01/01 16:12:10.32,102.32,-31.14,-56.36,-60.51,56.15,-9.80,-1.62
2024/01/01 16:12:10.33,102.33,-31.18,-56.42,-60.50,56.24,-9.84,-1.52
2024/01/01 16:12:10.34,102.34,-31.25,-56.47,-60.49,56.44,-9.80,-1.45
2024/01/01 16:12:10.35,102.35,-31.33,-56.49,-60.49,56.64,-9.68,-1.39
2024/01/01 16:12:10.36,102.36,-31.40,-56.50,-60.48,56.66,-9.52,-1.28
2024/01/01 16:12:10.37,102.37,-31.47,-56.48,-60.47,56.47,-9.34,-1.20
2024/01/01 16:12:10.38,102.38,-31.52,-56.45,-60.47,56.13,-9.01,-1.27
2024/01/01 16:12:10.39,102.39,-31.56,-56.43,-60.48,55.84,-8.56,-1.46
2024/01/01 16:12:10.40,102.40,-31.59,-56.42,-60.50,55.82,-8.21,-1.57
2024/01/01 16:12:10.41,102.41,-31.62,-56.42,-60.52,56.05,-8.07,-1.53
2024/01/01 16:12:10.42,102.42,-31.64,-56.44,-60.53,56.36,-8.09,-1.45
2024/01/01 16:12:10.43,102.43,-31.66,-56.46,-60.53,56.52,-8.18,-1.47
2024/01/01 16:12:10.44,102.44,-31.68,-56.46,-60.52,56.40,-8.24,-1.56
2024/01/01 16:12:10.45,102.45,-31.70,-56.46,-60.52,56.06,-8.24,-1.62
2024/01/01 16:12:10.46,102.46,-31.70,-56.46,-60.52,55.68,-8.34,-1.63
2024/01/01 16:12:10.47,102.47,-31.70,-56.45,-60.51,55.41,-8.56,-1.62
2024/01/01 16:12:10.48,102.48,-31.72,-56.45,-60.47,55.30,-8.77,-1.56
2024/01/01 16:12:10.49,102.49,-31.77,-56.48,-60.42,55.31,-8.95,-1.47
2024/01/01 16:12:10.50,102.50,-31.82,-56.52,-60.37,55.38,-9.10,-1.41
2024/01/01 16:12:10.51,102.51,-31.86,-56.54,-60.32,55.46,-9.21,-1.37
2024/01/01 16:12:10.52,102.52,-31.89,-56.56,-60.29,55.52,-9.32,-1.28
2024/01/01 16:12:10.53,102.53,-31.92,-56.60,-60.28,55.59,-9.42,-1.14
2024/01/01 16:12:10.54,102.54,-31.93,-56.67,-60.26,55.69,-9.47,-0.94
2024/01/01 16:12:10.55,102.55,-31.97,-56.76,-60.23,55.86,-9.50,-0.76
2024/01/01 16:12:10.56,102.56,-32.02,-56.86,-60.20,56.10,-9.46,-0.74
2024/01/01 16:12:10.57,102.57,-32.09,-56.94,-60.19,56.36,-9.28,-0.91
2024/01/01 16:12:10.58,102.58,-32.14,-56.99,-60.18,56.52,-9.01,-1.06
2024/01/01 16:12:10.59,102.59,-32.17,-57.02,-60.19,56.44,-8.78,-1.04
2024/01/01 16:12:10.60,102.60,-32.14,-57.03,-60.21,56.12,-8.67,-0.95
2024/01/01 16:12:10.61,102.61,-32.05,-57.01,-60.23,55.76,-8.64,-0.87
2024/01/01 16:12:10.62,102.62,-31.94,-56.96,-60.23,55.52,-8.78,-0.78
2024/01/01 16:12:10.63,102.63,-31.86,-56.92,-60.23,55.46,-9.20,-0.76
2024/01/01 16:12:10.64,102.64,-31.82,-56.93,-60.23,55.54,-9.83,-0.94
2024/01/01 16:12:10.65,102.65,-31.84,-56.99,-60.25,55.65,-10.43,-1.20
2024/01/01 16:12:10.66,102.66,-31.90,-57.06,-60.27,55.64,-10.82,-1.33
2024/01/01 16:12:10.67,102.67,-31.97,-57.14,-60.30,55.53,-10.91,-1.32
2024/01/01 16:12:10.68,102.68,-32.01,-57.21,-60.34,55.44,-10.68,-1.35
2024/01/01 16:12:10.69,102.69,-32.03,-57.28,-60.37,55.48,-10.23,-1.42
2024/01/01 16:12:10.70,102.70,-32.04,-57.35,-60.38,55.65,-9.72,-1.38
2024/01/01 16:12:10.71,102.71,-32.05,-57.44,-60.38,55.88,-9.27,-1.24
2024/01/01 16:12:10.72,102.72,-32.04,-57.50,-60.35,56.11,-8.96,-1.18
2024/01/01 16:12:10.73,102.73,-32.00,-57.53,-60.31,56.28,-8.88,-1.24
2024/01/01 16:12:10.74,102.74,-31.94,-57.56,-60.25,56.33,-9.06,-1.33
2024/01/01 16:12:10.75,102.75,-31.87,-57.56,-60.19,56.27,-9.41,-1.38
2024/01/01 16:12:10.76,102.76,-31.81,-57.53,-60.15,56.09,-9.78,-1.32
2024/01/01 16:12:10.77,102.77,-31.76,-57.52,-60.13,55.87,-10.11,-1.21
2024/01/01 16:12:10.78,102.78,-31.73,-57.52,-60.11,55.72,-10.38,-1.10
2024/01/01 16:12:10.79,102.79,-31.71,-57.54,-60.06,55.74,-10.54,-1.01
2024/01/01 16:12:10.80,102.80,-31.71,-57.55,-59.98,55.91,-10.56,-1.00
2024/01/01 16:12:10.81,102.81,-31.72,-57.56,-59.89,56.12,-10.48,-1.15
2024/01/01 16:12:10.82,102.82,-31.73,-57.57,-59.81,56.28,-10.31,-1.23
2024/01/01 16:12:10.83,102.83,-31.73,-57.56,-59.74,56.31,-10.11,-1.02
2024/01/01 16:12:10.84,102.84,-31.73,-57.54,-59.64,56.24,-9.98,-0.68
2024/01/01 16:12:10.85,102.85,-31.71,-57.51,-59.54,56.17,-9.88,-0.40
2024/01/01 16:12:10.86,102.86,-31.73,-57.50,-59.45,56.19,-9.80,-0.28
2024/01/01 16:12:10.87,102.87,-31.77,-57.52,-59.40,56.28,-9.84,-0.28
2024/01/01 16:12:10.88,102.88,-31.85,-57.57,-59.38,56.38,-10.08,-0.32
2024/01/01 16:12:10.89,102.89,-31.94,-57.60,-59.36,56.40,-10.34,-0.34
2024/01/01 16:12:10.90,102.90,-32.03,-57.59,-59.35,56.36,-10.48,-0.40
2024/01/01 16:12:10.91,102.91,-32.10,-57.55,-59.34,56.34,-10.47,-0.43
2024/01/01 16:12:10.92,102.92,-32.14,-57.49,-59.34,56.40,-10.29,-0.38
2024/01/01 16:12:10.93,102.93,-32.13,-57.42,-59.34,56.51,-9.97,-0.26
2024/01/01 16:12:10.94,102.94,-32.09,-57.33,-59.35,56.55,-9.63,-0.17
2024/01/01 16:12:10.95,102.95,-32.05,-57.24,-59.35,56.45,-9.40,-0.13
2024/01/01 16:12:10.96,102.96,-32.02,-57.17,-59.33,56.15,-9.31,-0.16
2024/01/01 16:12:10.97,102.97,-32.00,-57.14,-59.32,55.72,-9.35,-0.31
2024/01/01 16:12:10.98,102.98,-31.98,-57.13,-59.33,55.28,-9.44,-0.50
2024/01/01 16:12:10.99,102.99,-31.93,-57.12,-59.36,54.99,-9.52,-0.61
2024/01/01 16:12:11.00,103.00,-31.88,-57.09,-59.42,54.87,-9.55,-0.66
2024/01/01 16:12:11.01,103.01,-31.83,-57.05,-59.49,54.91,-9.54,-0.67
2024/01/01 16:12:11.02,103.02,-31.78,-57.00,-59.59,55.08,-9.47,-0.67
2024/01/01 16:12:11.03,103.03,-31.76,-56.97,-59.68,55.38,-9.38,-0.71
2024/01/01 16:12:11.04,103.04,-31.77,-56.97,-59.76,55.79,-9.29,-0.82
2024/01/01 16:12:11.05,103.05,-31.79,-56.98,-59.82,56.23,-9.25,-1.00
2024/01/01 16:12:11.06,103.06,-31.81,-56.99,-59.87,56.52,-9.32,-1.19
2024/01/01 16:12:11.07,103.07,-31.82,-57.00,-59.91,56.56,-9.47,-1.30
2024/01/01 16:12:11.08,103.08,-31.81,-56.96,-59.94,56.43,-9.58,-1.24
2024/01/01 16:12:11.09,103.09,-31.81,-56.88,-59.97,56.35,-9.52,-1.05
2024/01/01 16:12:11.10,103.10,-31.84,-56.77,-59.97,56.45,-9.30,-0.86
2024/01/01 16:12:11.11,103.11,-31.91,-56.64,-59.95,56.73,-8.99,-0.73
2024/01/01 16:12:11.12,103.12,-31.98,-56.54,-59.89,57.03,-8.71,-0.68
2024/01/01 16:12:11.13,103.13,-32.04,-56.47,-59.84,57.11,-8.56,-0.75
2024/01/01 16:12:11.14,103.14,-32.09,-56.43,-59.80,56.87,-8.57,-0.81
2024/01/01 16:12:11.15,103.15,-32.10,-56.41,-59.77,56.41,-8.70,-0.69
2024/01/01 16:12:11.16,103.16,-32.07,-56.38,-59.73,55.91,-8.87,-0.46
2024/01/01 16:12:11.17,103.17,-32.00,-56.32,-59.67,55.59,-9.04,-0.34
2024/01/01 16:12:11.18,103.18,-31.92,-56.23,-59.64,55.48,-9.11,-0.42
2024/01/01 16:12:11.19,103.19,-31.86,-56.15,-59.62,55.41,-9.02,-0.66
2024/01/01 16:12:11.20,103.20,-31.84,-56.09,-59.62,55.21,-8.81,-0.86
2024/01/01 16:12:11.21,103.21,-31.83,-56.05,-59.62,54.84,-8.55,-0.91
2024/01/01 16:12:11.22,103.22,-31.81,-56.04,-59.63,54.43,-8.26,-0.90
2024/01/01 16:12:11.23,103.23,-31.78,-56.03,-59.62,54.18,-8.02,-0.89
2024/01/01 16:12:11.24,103.24,-31.78,-56.04,-59.62,54.20,-7.93,-0.83
2024/01/01 16:12:11.25,103.25,-31.83,-56.06,-59.63,54.53,-7.98,-0.77
2024/01/01 16:12:11.26,103.26,-31.92,-56.07,-59.66,55.10,-8.02,-0.78
2024/01/01 16:12:11.27,103.27,-32.00,-56.08,-59.71,55.71,-7.96,-0.76
2024/01/01 16:12:11.28,103.28,-32.02,-56.13,-59.77,56.18,-7.88,-0.67
2024/01/01 16:12:11.29,103.29,-31.98,-56.20,-59.81,56.45,-7.84,-0.63
2024/01/01 16:12:11.30,103.30,-31.91,-56.27,-59.84,56.58,-7.87,-0.67
2024/01/01 16:12:11.31,103.31,-31.81,-56.29,-59.85,56.67,-7.97,-0.75
2024/01/01 16:12:11.32,103.32,-31.69,-56.27,-59.85,56.85,-8.18,-0.84
2024/01/01 16:12:11.33,103.33,-31.58,-56.26,-59.82,57.11,-8.43,-0.92
2024/01/01 16:12:11.34,103.34,-31.46,-56.26,-59.78,57.31,-8.63,-0.97
2024/01/01 16:12:11.35,103.35,-31.35,-56.28,-59.74,57.24,-8.72,-1.01
2024/01/01 16:12:11.36,103.36,-31.25,-56.31,-59.71,56.88,-8.80,-1.03
2024/01/01 16:12:11.37,103.37,-31.16,-56.35,-59.68,56.38,-8.97,-0.95
2024/01/01 16:12:11.38,103.38,-31.09,-56.38,-59.65,56.01,-9.28,-0.80
2024/01/01 16:12:11.39,103.39,-31.08,-56.40,-59.63,55.96,-9.60,-0.69
2024/01/01 16:12:11.40,103.40,-31.12,-56.42,-59.61,56.19,-9.76,-0.66
2024/01/01 16:12:11.41,103.41,-31.22,-56.45,-59.58,56.48,-9.64,-0.63
2024/01/01 16:12:11.42,103.42,-31.35,-56.52,-59.57,56.67,-9.31,-0.57
2024/01/01 16:12:11.43,103.43,-31.48,-56.60,-59.57,56.75,-8.98,-0.52
2024/01/01 16:12:11.44,103.44,-31.59,-56.64,-59.58,56.78,-8.72,-0.43
2024/01/01 16:12:11.45,103.45,-31.68,-56.62,-59.61,56.86,-8.58,-0.28
2024/01/01 16:12:11.46,103.46,-31.74,-56.54,-59.63,57.04,-8.56,-0.19
2024/01/01 16:12:11.47,103.47,-31.75,-56.45,-59.65,57.22,-8.56,-0.26
2024/01/01 16:12:11.48,103.48,-31.73,-56.38,-59.68,57.24,-8.51,-0.42
2024/01/01 16:12:11.49,103.49,-31.68,-56.34,-59.72,56.99,-8.47,-0.57
2024/01/01 16:12:11.50,103.50,-31.62,-56.33,-59.77,56.54,-8.50,-0.70
2024/01/01 16:12:11.51,103.51,-31.56,-56.35,-59.81,55.99,-8.63,-0.79
2024/01/01 16:12:11.52,103.52,-31.51,-56.40,-59.82,55.50,-8.84,-0.80
2024/01/01 16:12:11.53,103.53,-31.47,-56.45,-59.83,55.20,-9.06,-0.83
2024/01/01 16:12:11.54,103.54,-31.43,-56.51,-59.84,55.14,-9.16,-0.96
2024/01/01 16:12:11.55,103.55,-31.44,-56.59,-59.85,55.27,-9.06,-1.11
2024/01/01 16:12:11.56,103.56,-31.46,-56.69,-59.86,55.47,-8.79,-1.15
2024/01/01 16:12:11.57,103.57,-31.48,-56.79,-59.86,55.66,-8.50,-1.08
2024/01/01 16:12:11.58,103.58,-31.49,-56.88,-59.84,55.84,-8.33,-0.98
2024/01/01 16:12:11.59,103.59,-31.49,-56.94,-59.81,56.08,-8.40,-0.88
2024/01/01 16:12:11.60,103.60,-31.49,-56.97,-59.79,56.40,-8.74,-0.81
2024/01/01 16:12:11.61,103.61,-31.50,-56.98,-59.79,56.73,-9.31,-0.82
2024/01/01 16:12:11.62,103.62,-31.51,-56.99,-59.76,56.98,-9.96,-0.86
2024/01/01 16:12:11.63,103.63,-31.48,-56.99,-59.74,57.08,-10.45,-0.88
2024/01/01 16:12:11.64,103.64,-31.42,-57.01,-59.73,57.08,-10.64,-0.91
2024/01/01 16:12:11.65,103.65,-31.37,-57.08,-59.73,57.08,-10.55,-0.85
2024/01/01 16:12:11.66,103.66,-31.34,-57.19,-59.72,57.16,-10.30,-0.60
2024/01/01 16:12:11.67,103.67,-31.33,-57.32,-59.71,57.33,-10.01,-0.35
2024/01/01 16:12:11.68,103.68,-31.35,-57.44,-59.69,57.49,-9.70,-0.27
2024/01/01 16:12:11.69,103.69,-31.36,-57.53,-59.66,57.48,-9.37,-0.35
2024/01/01 16:12:11.70,103.70,-31.36,-57.58,-59.61,57.21,-9.05,-0.48
2024/01/01 16:12:11.71,103.71,-31.35,-57.59,-59.55,56.80,-8.74,-0.64
2024/01/01 16:12:11.72,103.72,-31.33,-57.55,-59.49,56.46,-8.53,-0.75
2024/01/01 16:12:11.73,103.73,-31.30,-57.48,-59.41,56.34,-8.57,-0.74
2024/01/01 16:12:11.74,103.74,-31.28,-57.40,-59.33,56.42,-9.00,-0.65
2024/01/01 16:12:11.75,103.75,-31.27,-57.37,-59.25,56.54,-9.78,-0.49
2024/01/01 16:12:11.76,103.76,-31.31,-57.38,-59.18,56.53,-10.68,-0.24
2024/01/01 16:12:11.77,103.77,-31.37,-57.41,-59.11,56.27,-11.41,0.01
2024/01/01 16:12:11.78,103.78,-31.43,-57.41,-59.06,55.90,-11.77,0.14
2024/01/01 16:12:11.79,103.79,-31.50,-57.34,-59.03,55.70,-11.73,0.16
2024/01/01 16:12:11.80,103.80,-31.56,-57.24,-59.01,55.82,-11.32,0.09
2024/01/01 16:12:11.81,103.81,-31.63,-57.14,-59.01,56.20,-10.66,0.01
2024/01/01 16:12:11.82,103.82,-31.69,-57.08,-59.01,56.67,-9.92,-0.02
2024/01/01 16:12:11.83,103.83,-31.73,-57.05,-59.03,56.95,-9.21,-0.04
2024/01/01 16:12:11.84,103.84,-31.73,-57.05,-59.05,56.90,-8.71,-0.07
2024/01/01 16:12:11.85,103.85,-31.71,-57.03,-59.08,56.60,-8.59,-0.10
2024/01/01 16:12:11.86,103.86,-31.68,-56.99,-59.12,56.28,-8.75,-0.17
2024/01/01 16:12:11.87,103.87,-31.65,-56.92,-59.18,56.08,-8.95,-0.30
2024/01/01 16:12:11.88,103.88,-31.61,-56.82,-59.27,56.04,-9.12,-0.44
2024/01/01 16:12:11.89,103.89,-31.57,-56.72,-59.36,56.06,-9.17,-0.55
2024/01/01 16:12:11.90,103.90,-31.50,-56.62,-59.47,56.01,-9.01,-0.64
2024/01/01 16:12:11.91,103.91,-31.42,-56.53,-59.58,55.88,-8.76,-0.70
2024/01/01 16:12:11.92,103.92,-31.36,-56.45,-59.65,55.78,-8.45,-0.67
2024/01/01 16:12:11.93,103.93,-31.34,-56.36,-59.68,55.80,-8.08,-0.55
2024/01/01 16:12:11.94,103.94,-31.34,-56.27,-59.69,56.03,-7.78,-0.52
2024/01/01 16:12:11.95,103.95,-31.37,-56.19,-59.70,56.40,-7.62,-0.62
2024/01/01 16:12:11.96,103.96,-31.39,-56.13,-59.71,56.76,-7.61,-0.69
2024/01/01 16:12:11.97,103.97,-31.41,-56.09,-59.71,57.02,-7.82,-0.62
2024/01/01 16:12:11.98,103.98,-31.39,-56.06,-59.68,57.19,-8.26,-0.50
2024/01/01 16:12:11.99,103.99,-31.33,-56.05,-59.62,57.31,-8.76,-0.44
2024/01/01 16:12:12.00,104.00,-31.26,-56.03,-59.57,57.41,-9.12,-0.45
2024/01/01 16:12:12.01,104.01,-31.20,-56.02,-59.54,57.40,-9.27,-0.48
2024/01/01 16:12:12.02,104.02,-31.16,-56.04,-59.53,57.16,-9.15,-0.52
2024/01/01 16:12:12.03,104.03,-31.16,-56.10,-59.52,56.68,-8.81,-0.61
2024/01/01 16:12:12.04,104.04,-31.17,-56.18,-59.50,56.05,-8.40,-0.76
2024/01/01 16:12:12.05,104.05,-31.19,-56.25,-59.47,55.52,-8.13,-0.88
2024/01/01 16:12:12.06,104.06,-31.21,-56.31,-59.45,55.36,-8.09,-0.90
2024/01/01 16:12:12.07,104.07,-31.24,-56.35,-59.46,55.62,-8.18,-0.84
2024/01/01 16:12:12.08,104.08,-31.28,-56.39,-59.49,56.20,-8.32,-0.71
2024/01/01 16:12:12.09,104.09,-31.32,-56.43,-59.54,56.88,-8.35,-0.54
2024/01/01 16:12:12.10,104.10,-31.33,-56.47,-59.60,57.39,-8.14,-0.38
2024/01/01 16:12:12.11,104.11,-31.31,-56.52,-59.65,57.58,-7.84,-0.31
2024/01/01 16:12:12.12,104.12,-31.25,-56.55,-59.70,57.49,-7.71,-0.41
2024/01/01 16:12:12.13,104.13,-31.17,-56.57,-59.75,57.26,-7.88,-0.63
2024/01/01 16:12:12.14,104.14,-31.09,-56.57,-59.82,56.97,-8.40,-0.85
2024/01/01 16:12:12.15,104.15,-31.01,-56.57,-59.92,56.72,-9.18,-1.02
2024/01/01 16:12:12.16,104.16,-30.95,-56.59,-60.02,56.55,-9.95,-1.13
2024/01/01 16:12:12.17,104.17,-30.89,-56.62,-60.12,56.43,-10.44,-1.19
2024/01/01 16:12:12.18,104.18,-30.87,-56.66,-60.19,56.37,-10.51,-1.24
2024/01/01 16:12:12.19,104.19,-30.87,-56.69,-60.23,56.41,-10.21,-1.36
2024/01/01 16:12:12.20,104.20,-30.89,-56.69,-60.26,56.57,-9.70,-1.53
2024/01/01 16:12:12.21,104.21,-30.92,-56.69,-60.28,56.78,-9.18,-1.63
2024/01/01 16:12:12.22,104.22,-30.96,-56.71,-60.29,56.92,-8.80,-1.57
2024/01/01 16:12:12.23,104.23,-31.00,-56.76,-60.29,56.93,-8.58,-1.42
2024/01/01 16:12:12.24,104.24,-31.05,-56.80,-60.27,56.86,-8.53,-1.30
2024/01/01 16:12:12.25,104.25,-31.09,-56.85,-60.27,56.77,-8.62,-1.26
2024/01/01 16:12:12.26,104.26,-31.11,-56.89,-60.29,56.76,-8.77,-1.22
2024/01/01 16:12:12.27,104.27,-31.11,-56.93,-60.30,56.85,-8.95,-1.17
2024/01/01 16:12:12.28,104.28,-31.09,-56.96,-60.31,56.98,-9.10,-1.12
2024/01/01 16:12:12.29,104.29,-31.05,-56.98,-60.31,57.10,-9.15,-1.15
2024/01/01 16:12:12.30,104.30,-31.03,-56.98,-60.33,57.17,-9.10,-1.30
2024/01/01 16:12:12.31,104.31,-31.02,-56.97,-60.37,57.16,-9.08,-1.44
2024/01/01 16:12:12.32,104.32,-31.04,-56.97,-60.40,57.08,-9.15,-1.47
2024/01/01 16:12:12.33,104.33,-31.08,-57.00,-60.40,56.92,-9.25,-1.41
2024/01/01 16:12:12.34,104.34,-31.14,-57.06,-60.37,56.71,-9.33,-1.36
2024/01/01 16:12:12.35,104.35,-31.20,-57.12,-60.35,56.55,-9.40,-1.34
2024/01/01 16:12:12.36,104.36,-31.28,-57.15,-60.34,56.50,-9.43,-1.31
2024/01/01 16:12:12.37,104.37,-31.33,-57.15,-60.35,56.51,-9.49,-1.21
2024/01/01 16:12:12.38,104.38,-31.37,-57.13,-60.39,56.52,-9.57,-1.18
2024/01/01 16:12:12.39,104.39,-31.38,-57.10,-60.44,56.50,-9.61,-1.31
2024/01/01 16:12:12.40,104.40,-31.40,-57.08,-60.50,56.43,-9.65,-1.50
2024/01/01 16:12:12.41,104.41,-31.42,-57.09,-60.55,56.34,-9.82,-1.64
2024/01/01 16:12:12.42,104.42,-31.46,-57.13,-60.59,56.26,-10.11,-1.75
2024/01/01 16:12:12.43,104.43,-31.50,-57.20,-60.63,56.23,-10.47,-1.83
2024/01/01 16:12:12.44,104.44,-31.54,-57.25,-60.64,56.26,-10.80,-1.82
2024/01/01 16:12:12.45,104.45,-31.59,-57.27,-60.64,56.28,-10.89,-1.73
2024/01/01 16:12:12.46,104.46,-31.66,-57.25,-60.63,56.28,-10.66,-1.68
2024/01/01 16:12:12.47,104.47,-31.76,-57.24,-60.62,56.28,-10.12,-1.70
2024/01/01 16:12:12.48,104.48,-31.87,-57.26,-60.59,56.27,-9.41,-1.73
2024/01/01 16:12:12.49,104.49,-31.99,-57.31,-60.55,56.22,-8.85,-1.72
2024/01/01 16:12:12.50,104.50,-32.09,-57.36,-60.53,56.11,-8.66,-1.70
2024/01/01 16:12:12.51,104.51,-32.16,-57.38,-60.51,55.92,-8.82,-1.61
2024/01/01 16:12:12.52,104.52,-32.22,-57.37,-60.48,55.72,-9.26,-1.42
2024/01/01 16:12:12.53,104.53,-32.26,-57.34,-60.45,55.65,-9.74,-1.27
2024/01/01 16:12:12.54,104.54,-32.31,-57.29,-60.39,55.72,-10.01,-1.19
2024/01/01 16:12:12.55,104.55,-32.36,-57.24,-60.33,55.86,-10.02,-1.22
2024/01/01 16:12:12.56,104.56,-32.41,-57.20,-60.28,55.90,-9.86,-1.32
2024/01/01 16:12:12.57,104.57,-32.46,-57.15,-60.24,55.66,-9.71,-1.35
2024/01/01 16:12:12.58,104.58,-32.52,-57.10,-60.22,55.15,-9.74,-1.25
2024/01/01 16:12:12.59,104.59,-32.57,-57.03,-60.21,54.57,-9.85,-1.11
2024/01/01 16:12:12.60,104.60,-32.60,-56.93,-60.22,54.16,-9.84,-1.01
2024/01/01 16:12:12.61,104.61,-32.62,-56.81,-60.22,54.05,-9.70,-0.98
2024/01/01 16:12:12.62,104.62,-32.66,-56.71,-60.23,54.24,-9.47,-1.02
2024/01/01 16:12:12.63,104.63,-32.71,-56.65,-60.25,54.60,-9.22,-1.13
2024/01/01 16:12:12.64,104.64,-32.76,-56.62,-60.28,54.93,-9.05,-1.27
2024/01/01 16:12:12.65,104.65,-32.79,-56.61,-60.31,55.14,-9.05,-1.30
2024/01/01 16:12:12.66,104.66,-32.80,-56.60,-60.33,55.27,-9.26,-1.24
2024/01/01 16:12:12.67,104.67,-32.79,-56.57,-60.34,55.30,-9.49,-1.19
2024/01/01 16:12:12.68,104.68,-32.77,-56.51,-60.33,55.24,-9.52,-1.14
2024/01/01 16:12:12.69,104.69,-32.75,-56.44,-60.33,55.14,-9.29,-1.13
2024/01/01 16:12:12.70,104.70,-32.72,-56.37,-60.34,55.01,-8.84,-1.20
2024/01/01 16:12:12.71,104.71,-32.69,-56.30,-60.35,54.89,-8.34,-1.31
2024/01/01 16:12:12.72,104.72,-32.66,-56.25,-60.35,54.80,-7.95,-1.42
2024/01/01 16:12:12.73,104.73,-32.63,-56.23,-60.33,54.77,-7.77,-1.52
2024/01/01 16:12:12.74,104.74,-32.61,-56.22,-60.32,54.78,-7.85,-1.52
2024/01/01 16:12:12.75,104.75,-32.60,-56.21,-60.32,54.84,-8.08,-1.42
2024/01/01 16:12:12.76,104.76,-32.59,-56.20,-60.32,54.93,-8.29,-1.28
2024/01/01 16:12:12.77,104.77,-32.58,-56.19,-60.33,55.08,-8.43,-1.15
2024/01/01 16:12:12.78,104.78,-32.56,-56.20,-60.32,55.29,-8.48,-1.06
2024/01/01 16:12:12.79,104.79,-32.55,-56.22,-60.30,55.51,-8.40,-1.01
2024/01/01 16:12:12.80,104.80,-32.55,-56.24,-60.27,55.68,-8.33,-0.98
2024/01/01 16:12:12.81,104.81,-32.57,-56.25,-60.25,55.72,-8.41,-1.03
2024/01/01 16:12:12.82,104.82,-32.58,-56.26,-60.26,55.60,-8.62,-1.17
2024/01/01 16:12:12.83,104.83,-32.56,-56.26,-60.27,55.35,-8.92,-1.26
2024/01/01 16:12:12.84,104.84,-32.53,-56.27,-60.28,55.09,-9.17,-1.23
2024/01/01 16:12:12.85,104.85,-32.50,-56.33,-60.28,54.92,-9.31,-1.16
2024/01/01 16:12:12.86,104.86,-32.48,-56.40,-60.26,54.96,-9.34,-1.15
2024/01/01 16:12:12.87,104.87,-32.47,-56.46,-60.23,55.22,-9.31,-1.15
2024/01/01 16:12:12.88,104.88,-32.48,-56.51,-60.20,55.60,-9.23,-1.09
2024/01/01 16:12:12.89,104.89,-32.51,-56.55,-60.17,55.86,-9.12,-0.99
2024/01/01 16:12:12.90,104.90,-32.52,-56.58,-60.14,55.88,-8.96,-0.92
2024/01/01 16:12:12.91,104.91,-32.52,-56.60,-60.11,55.69,-8.73,-0.87
2024/01/01 16:12:12.92,104.92,-32.50,-56.61,-60.10,55.41,-8.54,-0.84
2024/01/01 16:12:12.93,104.93,-32.47,-56.59,-60.10,55.19,-8.51,-0.87
2024/01/01 16:12:12.94,104.94,-32.45,-56.57,-60.10,55.07,-8.63,-0.96
2024/01/01 16:12:12.95,104.95,-32.46,-56.55,-60.10,55.02,-8.91,-1.01
2024/01/01 16:12:12.96,104.96,-32.49,-56.55,-60.12,55.00,-9.28,-1.01
2024/01/01 16:12:12.97,104.97,-32.54,-56.59,-60.15,54.98,-9.56,-0.98
2024/01/01 16:12:12.98,104.98,-32.60,-56.66,-60.18,54.98,-9.66,-0.97
2024/01/01 16:12:12.99,104.99,-32.66,-56.72,-60.21,55.10,-9.58,-1.00
2024/01/01 16:12:13.00,105.00,-32.71,-56.77,-60.25,55.35,-9.31,-1.10
2024/01/01 16:12:13.01,105.01,-32.72,-56.81,-60.26,55.61,-8.96,-1.22
2024/01/01 16:12:13.02,105.02,-32.70,-56.83,-60.26,55.76,-8.70,-1.28
2024/01/01 16:12:13.03,105.03,-32.66,-56.86,-60.25,55.72,-8.62,-1.30
2024/01/01 16:12:13.04,105.04,-32.60,-56.91,-60.26,55.46,-8.73,-1.30
2024/01/01 16:12:13.05,105.05,-32.54,-56.99,-60.26,55.04,-9.03,-1.25
2024/01/01 16:12:13.06,105.06,-32.52,-57.06,-60.27,54.61,-9.43,-1.22
2024/01/01 16:12:13.07,105.07,-32.52,-57.13,-60.29,54.30,-9.82,-1.26
2024/01/01 16:12:13.08,105.08,-32.55,-57.19,-60.33,54.18,-10.13,-1.35
2024/01/01 16:12:13.09,105.09,-32.60,-57.24,-60.38,54.25,-10.30,-1.38
2024/01/01 16:12:13.10,105.10,-32.63,-57.27,-60.42,54.49,-10.36,-1.32
2024/01/01 16:12:13.11,105.11,-32.64,-57.30,-60.44,54.89,-10.36,-1.30
2024/01/01 16:12:13.12,105.12,-32.61,-57.34,-60.42,55.37,-10.30,-1.39
2024/01/01 16:12:13.13,105.13,-32.56,-57.39,-60.38,55.84,-10.15,-1.51
2024/01/01 16:12:13.14,105.14,-32.51,-57.44,-60.32,56.19,-10.00,-1.52
2024/01/01 16:12:13.15,105.15,-32.48,-57.47,-60.26,56.35,-9.95,-1.45
2024/01/01 16:12:13.16,105.16,-32.48,-57.49,-60.19,56.27,-10.05,-1.35
2024/01/01 16:12:13.17,105.17,-32.48,-57.52,-60.13,55.98,-10.24,-1.20
2024/01/01 16:12:13.18,105.18,-32.46,-57.55,-60.06,55.67,-10.43,-1.00
2024/01/01 16:12:13.19,105.19,-32.43,-57.60,-60.01,55.48,-10.52,-0.81
2024/01/01 16:12:13.20,105.20,-32.42,-57.65,-59.95,55.48,-10.47,-0.68
2024/01/01 16:12:13.21,105.21,-32.44,-57.69,-59.90,55.58,-10.33,-0.66
2024/01/01 16:12:13.22,105.22,-32.47,-57.73,-59.85,55.72,-10.12,-0.77
2024/01/01 16:12:13.23,105.23,-32.50,-57.75,-59.81,55.75,-9.86,-0.87
2024/01/01 16:12:13.24,105.24,-32.52,-57.75,-59.77,55.58,-9.64,-0.83
2024/01/01 16:12:13.25,105.25,-32.54,-57.73,-59.74,55.26,-9.59,-0.71
2024/01/01 16:12:13.26,105.26,-32.55,-57.70,-59.72,54.99,-9.70,-0.66
2024/01/01 16:12:13.27,105.27,-32.55,-57.67,-59.72,54.91,-9.93,-0.69
2024/01/01 16:12:13.28,105.28,-32.53,-57.65,-59.70,55.05,-10.21,-0.66
2024/01/01 16:12:13.29,105.29,-32.51,-57.61,-59.69,55.32,-10.51,-0.56
2024/01/01 16:12:13.30,105.30,-32.49,-57.56,-59.69,55.58,-10.76,-0.50
2024/01/01 16:12:13.31,105.31,-32.44,-57.51,-59.72,55.70,-10.84,-0.56
2024/01/01 16:12:13.32,105.32,-32.38,-57.48,-59.74,55.67,-10.73,-0.61
2024/01/01 16:12:13.33,105.33,-32.32,-57.48,-59.77,55.56,-10.48,-0.59
2024/01/01 16:12:13.34,105.34,-32.27,-57.50,-59.79,55.44,-10.21,-0.63
2024/01/01 16:12:13.35,105.35,-32.24,-57.53,-59.80,55.37,-10.01,-0.78
2024/01/01 16:12:13.36,105.36,-32.23,-57.57,-59.81,55.36,-9.90,-0.90
2024/01/01 16:12:13.37,105.37,-32.21,-57.62,-59.81,55.36,-9.88,-0.91
2024/01/01 16:12:13.38,105.38,-32.16,-57.64,-59.79,55.37,-9.91,-0.89
2024/01/01 16:12:13.39,105.39,-32.10,-57.61,-59.78,55.44,-9.88,-0.88
2024/01/01 16:12:13.40,105.40,-32.04,-57.54,-59.76,55.60,-9.79,-0.85
2024/01/01 16:12:13.41,105.41,-32.00,-57.47,-59.72,55.87,-9.68,-0.79
2024/01/01 16:12:13.42,105.42,-31.99,-57.43,-59.68,56.20,-9.61,-0.69
2024/01/01 16:12:13.43,105.43,-31.98,-57.43,-59.62,56.45,-9.63,-0.62
2024/01/01 16:12:13.44,105.44,-31.97,-57.44,-59.58,56.51,-9.78,-0.61
2024/01/01 16:12:13.45,105.45,-31.95,-57.47,-59.55,56.36,-10.01,-0.60
2024/01/01 16:12:13.46,105.46,-31.95,-57.50,-59.55,56.09,-10.23,-0.55
2024/01/01 16:12:13.47,105.47,-31.97,-57.51,-59.56,55.85,-10.34,-0.51
2024/01/01 16:12:13.48,105.48,-32.00,-57.51,-59.58,55.76,-10.26,-0.50
2024/01/01 16:12:13.49,105.49,-32.02,-57.50,-59.60,55.85,-10.00,-0.50
2024/01/01 16:12:13.50,105.50,-32.01,-57.48,-59.61,56.07,-9.70,-0.48
2024/01/01 16:12:13.51,105.51,-31.99,-57.45,-59.63,56.28,-9.52,-0.50
2024/01/01 16:12:13.52,105.52,-31.97,-57.42,-59.65,56.32,-9.52,-0.58
2024/01/01 16:12:13.53,105.53,-31.95,-57.40,-59.65,56.16,-9.67,-0.66
2024/01/01 16:12:13.54,105.54,-31.93,-57.41,-59.66,55.92,-9.91,-0.68
2024/01/01 16:12:13.55,105.55,-31.92,-57.42,-59.67,55.76,-10.15,-0.71
2024/01/01 16:12:13.56,105.56,-31.92,-57.44,-59.69,55.71,-10.25,-0.80
2024/01/01 16:12:13.57,105.57,-31.95,-57.46,-59.71,55.72,-10.16,-0.88
2024/01/01 16:12:13.58,105.58,-32.00,-57.49,-59.73,55.73,-9.94,-0.89
2024/01/01 16:12:13.59,105.59,-32.05,-57.51,-59.77,55.70,-9.70,-0.88
2024/01/01 16:12:13.60,105.60,-32.11,-57.49,-59.81,55.66,-9.52,-0.85
2024/01/01 16:12:13.61,105.61,-32.17,-57.45,-59.85,55.68,-9.41,-0.77
2024/01/01 16:12:13.62,105.62,-32.21,-57.43,-59.87,55.84,-9.31,-0.74
2024/01/01 16:12:13.63,105.63,-32.21,-57.44,-59.89,56.06,-9.25,-0.84
2024/01/01 16:12:13.64,105.64,-32.21,-57.47,-59.89,56.19,-9.25,-1.01
2024/01/01 16:12:13.65,105.65,-32.19,-57.50,-59.87,56.10,-9.37,-1.16
2024/01/01 16:12:13.66,105.66,-32.16,-57.53,-59.85,55.82,-9.66,-1.22
2024/01/01 16:12:13.67,105.67,-32.11,-57.54,-59.83,55.49,-10.09,-1.16
2024/01/01 16:12:13.68,105.68,-32.05,-57.55,-59.82,55.29,-10.55,-0.96
2024/01/01 16:12:13.69,105.69,-31.97,-57.56,-59.81,55.27,-10.83,-0.72
2024/01/01 16:12:13.70,105.70,-31.90,-57.57,-59.81,55.39,-10.83,-0.62
2024/01/01 16:12:13.71,105.71,-31.86,-57.58,-59.79,55.51,-10.60,-0.67
2024/01/01 16:12:13.72,105.72,-31.84,-57.60,-59.77,55.54,-10.27,-0.77
2024/01/01 16:12:13.73,105.73,-31.84,-57.62,-59.75,55.50,-10.04,-0.82
2024/01/01 16:12:13.74,105.74,-31.85,-57.64,-59.72,55.52,-10.00,-0.79
2024/01/01 16:12:13.75,105.75,-31.86,-57.67,-59.70,55.72,-10.08,-0.68
2024/01/01 16:12:13.76,105.76,-31.87,-57.69,-59.70,56.13,-10.16,-0.56
2024/01/01 16:12:13.77,105.77,-31.85,-57.72,-59.72,56.63,-10.13,-0.54
2024/01/01 16:12:13.78,105.78,-31.79,-57.74,-59.76,57.08,-9.95,-0.64
2024/01/01 16:12:13.79,105.79,-31.70,-57.75,-59.82,57.35,-9.70,-0.79
2024/01/01 16:12:13.80,105.80,-31.61,-57.75,-59.89,57.36,-9.51,-0.94
2024/01/01 16:12:13.81,105.81,-31.55,-57.76,-59.95,57.14,-9.46,-1.05
2024/01/01 16:12:13.82,105.82,-31.51,-57.77,-60.02,56.84,-9.57,-1.07
2024/01/01 16:12:13.83,105.83,-31.49,-57.79,-60.10,56.60,-9.77,-1.05
2024/01/01 16:12:13.84,105.84,-31.47,-57.81,-60.16,56.49,-10.01,-1.11
2024/01/01 16:12:13.85,105.85,-31.44,-57.82,-60.21,56.51,-10.25,-1.25
2024/01/01 16:12:13.86,105.86,-31.41,-57.82,-60.24,56.58,-10.43,-1.42
2024/01/01 16:12:13.87,105.87,-31.38,-57.81,-60.28,56.59,-10.54,-1.58
2024/01/01 16:12:13.88,105.88,-31.38,-57.81,-60.32,56.50,-10.59,-1.64
2024/01/01 16:12:13.89,105.89,-31.39,-57.80,-60.35,56.39,-10.57,-1.53
2024/01/01 16:12:13.90,105.90,-31.40,-57.80,-60.37,56.34,-10.53,-1.34
2024/01/01 16:12:13.91,105.91,-31.39,-57.80,-60.38,56.39,-10.50,-1.20
2024/01/01 16:12:13.92,105.92,-31.33,-57.79,-60.39,56.50,-10.47,-1.13
2024/01/01 16:12:13.93,105.93,-31.26,-57.79,-60.39,56.62,-10.44,-1.18
2024/01/01 16:12:13.94,105.94,-31.19,-57.79,-60.38,56.64,-10.41,-1.33
2024/01/01 16:12:13.95,105.95,-31.14,-57.78,-60.38,56.53,-10.43,-1.52
2024/01/01 16:12:13.96,105.96,-31.11,-57.76,-60.37,56.34,-10.46,-1.68
2024/01/01 16:12:13.97,105.97,-31.09,-57.71,-60.35,56.19,-10.45,-1.71
2024/01/01 16:12:13.98,105.98,-31.09,-57.64,-60.33,56.14,-10.38,-1.59
2024/01/01 16:12:13.99,105.99,-31.07,-57.55,-60.30,56.24,-10.19,-1.41
2024/01/01 16:12:14.00,106.00,-31.02,-57.48,-60.26,56.50,-9.87,-1.29
2024/01/01 16:12:14.01,106.01,-30.96,-57.42,-60.23,56.87,-9.47,-1.21
2024/01/01 16:12:14.02,106.02,-30.90,-57.39,-60.20,57.24,-9.08,-1.17
2024/01/01 16:12:14.03,106.03,-30.84,-57.36,-60.16,57.56,-8.85,-1.21
2024/01/01 16:12:14.04,106.04,-30.78,-57.33,-60.13,57.76,-8.87,-1.30
2024/01/01 16:12:14.05,106.05,-30.74,-57.27,-60.10,57.80,-9.16,-1.32
2024/01/01 16:12:14.06,106.06,-30.71,-57.20,-60.07,57.67,-9.62,-1.24
2024/01/01 16:12:14.07,106.07,-30.69,-57.15,-60.02,57.45,-10.06,-1.14
2024/01/01 16:12:14.08,106.08,-30.70,-57.11,-59.95,57.22,-10.26,-1.08
2024/01/01 16:12:14.09,106.09,-30.74,-57.11,-59.87,57.11,-10.13,-1.05
2024/01/01 16:12:14.10,106.10,-30.80,-57.13,-59.80,57.20,-9.75,-0.98
2024/01/01 16:12:14.11,106.11,-30.87,-57.15,-59.75,57.42,-9.25,-0.80
2024/01/01 16:12:14.12,106.12,-30.92,-57.15,-59.71,57.66,-8.74,-0.57
2024/01/01 16:12:14.13,106.13,-30.93,-57.13,-59.66,57.76,-8.33,-0.45
2024/01/01 16:12:14.14,106.14,-30.92,-57.11,-59.62,57.69,-8.10,-0.42
2024/01/01 16:12:14.15,106.15,-30.89,-57.08,-59.58,57.50,-8.09,-0.45
2024/01/01 16:12:14.16,106.16,-30.88,-57.06,-59.56,57.27,-8.30,-0.54
2024/01/01 16:12:14.17,106.17,-30.90,-57.07,-59.57,57.07,-8.69,-0.62
2024/01/01 16:12:14.18,106.18,-30.92,-57.09,-59.59,56.89,-9.18,-0.66
2024/01/01 16:12:14.19,106.19,-30.95,-57.10,-59.61,56.74,-9.65,-0.74
2024/01/01 16:12:14.20,106.20,-31.00,-57.10,-59.62,56.63,-10.01,-0.85
2024/01/01 16:12:14.21,106.21,-31.08,-57.10,-59.65,56.54,-10.21,-0.91
2024/01/01 16:12:14.22,106.22,-31.17,-57.13,-59.70,56.50,-10.24,-0.91
2024/01/01 16:12:14.23,106.23,-31.26,-57.16,-59.75,56.54,-10.12,-0.83
2024/01/01 16:12:14.24,106.24,-31.32,-57.21,-59.80,56.67,-9.91,-0.71
2024/01/01 16:12:14.25,106.25,-31.37,-57.28,-59.84,56.84,-9.68,-0.67
2024/01/01 16:12:14.26,106.26,-31.41,-57.38,-59.86,56.95,-9.55,-0.76
2024/01/01 16:12:14.27,106.27,-31.42,-57.49,-59.88,56.97,-9.51,-0.91
2024/01/01 16:12:14.28,106.28,-31.42,-57.59,-59.92,56.89,-9.54,-1.09
2024/01/01 16:12:14.29,106.29,-31.41,-57.65,-59.96,56.69,-9.61,-1.22
2024/01/01 16:12:14.30,106.30,-31.39,-57.68,-59.99,56.38,-9.69,-1.18
2024/01/01 16:12:14.31,106.31,-31.38,-57.71,-60.02,56.04,-9.76,-1.06
2024/01/01 16:12:14.32,106.32,-31.36,-57.76,-60.04,55.81,-9.82,-1.04
2024/01/01 16:12:14.33,106.33,-31.36,-57.82,-60.04,55.76,-9.89,-1.05
2024/01/01 16:12:14.34,106.34,-31.38,-57.91,-60.02,55.86,-10.04,-1.04
2024/01/01 16:12:14.35,106.35,-31.43,-58.02,-60.01,56.11,-10.29,-1.08
2024/01/01 16:12:14.36,106.36,-31.48,-58.11,-60.01,56.42,-10.54,-1.15
2024/01/01 16:12:14.37,106.37,-31.49,-58.18,-60.03,56.70,-10.67,-1.14
2024/01/01 16:12:14.38,106.38,-31.49,-58.24,-60.05,56.87,-10.65,-1.01
2024/01/01 16:12:14.39,106.39,-31.48,-58.28,-60.06,56.97,-10.54,-0.89
2024/01/01 16:12:14.40,106.40,-31.47,-58.32,-60.07,57.02,-10.49,-0.89
2024/01/01 16:12:14.41,106.41,-31.47,-58.37,-60.07,57.05,-10.56,-0.98
2024/01/01 16:12:14.42,106.42,-31.47,-58.42,-60.07,57.06,-10.77,-1.04
2024/01/01 16:12:14.43,106.43,-31.48,-58.45,-60.06,57.00,-11.03,-1.05
2024/01/01 16:12:14.44,106.44,-31.46,-58.46,-60.07,56.82,-11.30,-1.07
2024/01/01 16:12:14.45,106.45,-31.42,-58.44,-60.07,56.59,-11.50,-1.17
2024/01/01 16:12:14.46,106.46,-31.37,-58.38,-60.06,56.44,-11.58,-1.27
2024/01/01 16:12:14.47,106.47,-31.33,-58.31,-60.09,56.46,-11.58,-1.28
2024/01/01 16:12:14.48,106.48,-31.32,-58.24,-60.12,56.63,-11.58,-1.20
2024/01/01 16:12:14.49,106.49,-31.35,-58.21,-60.16,56.86,-11.56,-1.10
2024/01/01 16:12:14.50,106.50,-31.39,-58.20,-60.18,57.00,-11.47,-1.04
2024/01/01 16:12:14.51,106.51,-31.44,-58.21,-60.19,56.96,-11.30,-1.12
2024/01/01 16:12:14.52,106.52,-31.49,-58.24,-60.21,56.76,-11.05,-1.28
2024/01/01 16:12:14.53,106.53,-31.55,-58.28,-60.22,56.44,-10.72,-1.37
2024/01/01 16:12:14.54,106.54,-31.59,-58.32,-60.23,56.17,-10.35,-1.29
2024/01/01 16:12:14.55,106.55,-31.65,-58.35,-60.24,56.07,-10.00,-1.16
2024/01/01 16:12:14.56,106.56,-31.72,-58.37,-60.25,56.16,-9.73,-1.10
2024/01/01 16:12:14.57,106.57,-31.82,-58.36,-60.25,56.30,-9.61,-1.08
2024/01/01 16:12:14.58,106.58,-31.90,-58.34,-60.22,56.36,-9.68,-1.06
2024/01/01 16:12:14.59,106.59,-31.94,-58.31,-60.18,56.29,-9.94,-1.08
2024/01/01 16:12:14.60,106.60,-31.95,-58.28,-60.14,56.09,-10.27,-1.12
2024/01/01 16:12:14.61,106.61,-31.96,-58.25,-60.09,55.86,-10.63,-1.12
2024/01/01 16:12:14.62,106.62,-31.96,-58.21,-60.04,55.74,-11.00,-0.98
2024/01/01 16:12:14.63,106.63,-31.96,-58.18,-60.00,55.81,-11.30,-0.84
2024/01/01 16:12:14.64,106.64,-31.95,-58.18,-59.99,55.99,-11.48,-0.83
2024/01/01 16:12:14.65,106.65,-31.94,-58.21,-59.98,56.13,-11.54,-0.93
2024/01/01 16:12:14.66,106.66,-31.95,-58.27,-59.96,56.07,-11.49,-1.04
2024/01/01 16:12:14.67,106.67,-31.98,-58.34,-59.93,55.78,-11.31,-1.13
2024/01/01 16:12:14.68,106.68,-32.03,-58.40,-59.91,55.39,-10.99,-1.20
2024/01/01 16:12:14.69,106.69,-32.06,-58.43,-59.88,55.11,-10.62,-1.16
2024/01/01 16:12:14.70,106.70,-32.06,-58.45,-59.85,55.10,-10.33,-1.00
2024/01/01 16:12:14.71,106.71,-32.04,-58.45,-59.82,55.37,-10.20,-0.84
2024/01/01 16:12:14.72,106.72,-31.99,-58.45,-59.80,55.77,-10.22,-0.78
2024/01/01 16:12:14.73,106.73,-31.94,-58.43,-59.77,56.17,-10.39,-0.75
2024/01/01 16:12:14.74,106.74,-31.89,-58.40,-59.75,56.49,-10.68,-0.70
2024/01/01 16:12:14.75,106.75,-31.83,-58.37,-59.73,56.73,-11.01,-0.71
2024/01/01 16:12:14.76,106.76,-31.76,-58.32,-59.69,56.89,-11.29,-0.79
2024/01/01 16:12:14.77,106.77,-31.68,-58.25,-59.66,56.93,-11.49,-0.83
2024/01/01 16:12:14.78,106.78,-31.59,-58.18,-59.62,56.82,-11.54,-0.80
2024/01/01 16:12:14.79,106.79,-31.51,-58.11,-59.58,56.63,-11.45,-0.68
2024/01/01 16:12:14.80,106.80,-31.47,-58.06,-59.54,56.50,-11.25,-0.52
2024/01/01 16:12:14.81,106.81,-31.44,-58.02,-59.50,56.52,-10.99,-0.40
2024/01/01 16:12:14.82,106.82,-31.42,-57.99,-59.47,56.64,-10.70,-0.39
2024/01/01 16:12:14.83,106.83,-31.40,-57.98,-59.44,56.72,-10.42,-0.38
2024/01/01 16:12:14.84,106.84,-31.38,-57.97,-59.42,56.62,-10.18,-0.34
2024/01/01 16:12:14.85,106.85,-31.37,-57.97,-59.40,56.33,-10.00,-0.36
2024/01/01 16:12:14.86,106.86,-31.37,-57.97,-59.41,56.05,-9.84,-0.44
2024/01/01 16:12:14.87,106.87,-31.37,-57.98,-59.45,56.02,-9.68,-0.48
2024/01/01 16:12:14.88,106.88,-31.36,-58.00,-59.52,56.31,-9.61,-0.49
2024/01/01 16:12:14.89,106.89,-31.35,-58.05,-59.62,56.76,-9.70,-0.51
2024/01/01 16:12:14.90,106.90,-31.35,-58.10,-59.72,57.10,-9.90,-0.59
2024/01/01 16:12:14.91,106.91,-31.36,-58.12,-59.82,57.19,-10.13,-0.74
2024/01/01 16:12:14.92,106.92,-31.38,-58.12,-59.93,57.12,-10.29,-0.91
2024/01/01 16:12:14.93,106.93,-31.39,-58.10,-60.04,57.06,-10.36,-1.01
2024/01/01 16:12:14.94,106.94,-31.39,-58.08,-60.14,57.12,-10.33,-1.05
2024/01/01 16:12:14.95,106.95,-31.36,-58.06,-60.22,57.27,-10.22,-1.10
2024/01/01 16:12:14.96,106.96,-31.32,-58.04,-60.28,57.43,-10.09,-1.18
2024/01/01 16:12:14.97,106.97,-31.27,-58.03,-60.32,57.44,-10.06,-1.28
2024/01/01 16:12:14.98,106.98,-31.23,-58.05,-60.34,57.26,-10.21,-1.41
2024/01/01 16:12:14.99,106.99,-31.20,-58.09,-60.36,56.91,-10.52,-1.58
2024/01/01 16:12:15.00,107.00,-31.20,-58.14,-60.38,56.50,-10.92,-1.68
2024/01/01 16:12:15.01,107.01,-31.21,-58.19,-60.37,56.06,-11.29,-1.65
2024/01/01 16:12:15.02,107.02,-31.23,-58.24,-60.35,55.64,-11.55,-1.57
2024/01/01 16:12:15.03,107.03,-31.25,-58.31,-60.32,55.35,-11.61,-1.47
2024/01/01 16:12:15.04,107.04,-31.26,-58.36,-60.29,55.34,-11.44,-1.34
2024/01/01 16:12:15.05,107.05,-31.27,-58.39,-60.27,55.65,-11.07,-1.22
2024/01/01 16:12:15.06,107.06,-31.30,-58.41,-60.25,56.15,-10.61,-1.19
2024/01/01 16:12:15.07,107.07,-31.34,-58.44,-60.26,56.61,-10.21,-1.29
2024/01/01 16:12:15.08,107.08,-31.39,-58.47,-60.29,56.83,-9.94,-1.41
2024/01/01 16:12:15.09,107.09,-31.45,-58.49,-60.34,56.80,-9.90,-1.41
2024/01/01 16:12:15.10,107.10,-31.51,-58.49,-60.39,56.68,-10.08,-1.35
2024/01/01 16:12:15.11,107.11,-31.57,-58.48,-60.42,56.65,-10.43,-1.38
2024/01/01 16:12:15.12,107.12,-31.61,-58.48,-60.44,56.82,-10.82,-1.45
2024/01/01 16:12:15.13,107.13,-31.61,-58.50,-60.43,57.09,-11.10,-1.48
2024/01/01 16:12:15.14,107.14,-31.57,-58.54,-60.40,57.29,-11.20,-1.45
2024/01/01 16:12:15.15,107.15,-31.51,-58.58,-60.36,57.29,-11.14,-1.42
2024/01/01 16:12:15.16,107.16,-31.44,-58.63,-60.33,57.11,-10.98,-1.42
2024/01/01 16:12:15.17,107.17,-31.36,-58.66,-60.29,56.86,-10.87,-1.42
2024/01/01 16:12:15.18,107.18,-31.30,-58.66,-60.25,56.60,-10.87,-1.33
2024/01/01 16:12:15.19,107.19,-31.25,-58.65,-60.21,56.35,-11.03,-1.23
2024/01/01 16:12:15.20,107.20,-31.22,-58.63,-60.19,56.10,-11.24,-1.19
2024/01/01 16:12:15.21,107.21,-31.21,-58.59,-60.18,55.88,-11.41,-1.17
2024/01/01 16:12:15.22,107.22,-31.23,-58.55,-60.16,55.77,-11.44,-1.17
2024/01/01 16:12:15.23,107.23,-31.26,-58.53,-60.15,55.86,-11.33,-1.22
2024/01/01 16:12:15.24,107.24,-31.31,-58.53,-60.13,56.14,-11.15,-1.28
2024/01/01 16:12:15.25,107.25,-31.36,-58.53,-60.12,56.53,-11.01,-1.22
2024/01/01 16:12:15.26,107.26,-31.40,-58.50,-60.12,56.91,-10.97,-1.05
2024/01/01 16:12:15.27,107.27,-31.43,-58.44,-60.11,57.17,-11.03,-0.92
2024/01/01 16:12:15.28,107.28,-31.44,-58.37,-60.11,57.30,-11.08,-0.91
2024/01/01 16:12:15.29,107.29,-31.44,-58.30,-60.12,57.31,-11.04,-0.99
2024/01/01 16:12:15.30,107.30,-31.42,-58.25,-60.14,57.25,-10.91,-1.09
2024/01/01 16:12:15.31,107.31,-31.39,-58.18,-60.17,57.16,-10.70,-1.19
2024/01/01 16:12:15.32,107.32,-31.36,-58.11,-60.18,57.06,-10.50,-1.29
2024/01/01 16:12:15.33,107.33,-31.34,-58.03,-60.17,56.93,-10.37,-1.39
2024/01/01 16:12:15.34,107.34,-31.34,-57.96,-60.17,56.80,-10.34,-1.43
2024/01/01 16:12:15.35,107.35,-31.36,-57.91,-60.17,56.68,-10.34,-1.35
2024/01/01 16:12:15.36,107.36,-31.40,-57.87,-60.18,56.53,-10.33,-1.15
2024/01/01 16:12:15.37,107.37,-31.46,-57.86,-60.17,56.35,-10.29,-0.95
2024/01/01 16:12:15.38,107.38,-31.52,-57.86,-60.15,56.19,-10.22,-0.88
2024/01/01 16:12:15.39,107.39,-31.57,-57.83,-60.13,56.14,-10.10,-0.95
2024/01/01 16:12:15.40,107.40,-31.60,-57.79,-60.13,56.19,-9.90,-1.06
2024/01/01 16:12:15.41,107.41,-31.62,-57.76,-60.14,56.26,-9.66,-1.14
2024/01/01 16:12:15.42,107.42,-31.63,-57.74,-60.16,56.20,-9.43,-1.17
2024/01/01 16:12:15.43,107.43,-31.65,-57.75,-60.19,56.03,-9.29,-1.21
2024/01/01 16:12:15.44,107.44,-31.68,-57.76,-60.23,55.80,-9.31,-1.25
2024/01/01 16:12:15.45,107.45,-31.72,-57.76,-60.26,55.58,-9.52,-1.21
2024/01/01 16:12:15.46,107.46,-31.74,-57.75,-60.28,55.49,-9.87,-1.15
2024/01/01 16:12:15.47,107.47,-31.76,-57.73,-60.30,55.63,-10.22,-1.17
2024/01/01 16:12:15.48,107.48,-31.79,-57.70,-60.31,55.95,-10.44,-1.22
2024/01/01 16:12:15.49,107.49,-31.84,-57.67,-60.31,56.31,-10.47,-1.21
2024/01/01 16:12:15.50,107.50,-31.89,-57.64,-60.28,56.60,-10.36,-1.22
2024/01/01 16:12:15.51,107.51,-31.92,-57.62,-60.24,56.80,-10.17,-1.28
2024/01/01 16:12:15.52,107.52,-31.92,-57.60,-60.20,56.83,-10.03,-1.33
2024/01/01 16:12:15.53,107.53,-31.88,-57.59,-60.15,56.64,-10.03,-1.30
2024/01/01 16:12:15.54,107.54,-31.82,-57.60,-60.09,56.27,-10.16,-1.23
2024/01/01 16:12:15.55,107.55,-31.77,-57.61,-60.02,55.84,-10.35,-1.15
2024/01/01 16:12:15.56,107.56,-31.73,-57.64,-59.97,55.49,-10.50,-1.09
2024/01/01 16:12:15.57,107.57,-31.71,-57.66,-59.94,55.32,-10.55,-1.01
2024/01/01 16:12:15.58,107.58,-31.71,-57.66,-59.92,55.33,-10.47,-0.85
2024/01/01 16:12:15.59,107.59,-31.73,-57.66,-59.89,55.46,-10.29,-0.73
2024/01/01 16:12:15.60,107.60,-31.74,-57.69,-59.85,55.61,-10.07,-0.78
2024/01/01 16:12:15.61,107.61,-31.74,-57.74,-59.82,55.74,-9.87,-0.91
2024/01/01 16:12:15.62,107.62,-31.74,-57.81,-59.81,55.92,-9.74,-0.94
2024/01/01 16:12:15.63,107.63,-31.73,-57.87,-59.83,56.14,-9.72,-0.88
2024/01/01 16:12:15.64,107.64,-31.72,-57.90,-59.87,56.38,-9.80,-0.81
2024/01/01 16:12:15.65,107.65,-31.69,-57.92,-59.91,56.60,-9.90,-0.78
2024/01/01 16:12:15.66,107.66,-31.63,-57.95,-59.93,56.79,-9.96,-0.81
2024/01/01 16:12:15.67,107.67,-31.58,-57.97,-59.95,56.92,-9.94,-0.90
2024/01/01 16:12:15.68,107.68,-31.53,-58.00,-59.98,56.91,-9.89,-1.00
2024/01/01 16:12:15.69,107.69,-31.50,-58.03,-60.02,56.78,-9.95,-1.04
2024/01/01 16:12:15.70,107.70,-31.48,-58.03,-60.04,56.57,-10.20,-1.00
2024/01/01 16:12:15.71,107.71,-31.45,-58.02,-60.05,56.37,-10.57,-0.97
2024/01/01 16:12:15.72,107.72,-31.41,-57.99,-60.04,56.28,-10.90,-1.05
2024/01/01 16:12:15.73,107.73,-31.36,-57.95,-60.02,56.34,-11.09,-1.18
2024/01/01 16:12:15.74,107.74,-31.30,-57.94,-60.00,56.52,-11.11,-1.24
2024/01/01 16:12:15.75,107.75,-31.25,-57.95,-59.99,56.71,-11.03,-1.25
2024/01/01 16:12:15.76,107.76,-31.23,-58.00,-59.98,56.78,-10.94,-1.20
2024/01/01 16:12:15.77,107.77,-31.23,-58.07,-59.97,56.69,-10.87,-1.08
2024/01/01 16:12:15.78,107.78,-31.24,-58.13,-59.94,56.51,-10.81,-0.93
2024/01/01 16:12:15.79,107.79,-31.23,-58.15,-59.91,56.40,-10.74,-0.86
2024/01/01 16:12:15.80,107.80,-31.21,-58.12,-59.89,56.45,-10.63,-0.89
2024/01/01 16:12:15.81,107.81,-31.21,-58.06,-59.88,56.62,-10.43,-0.97
2024/01/01 16:12:15.82,107.82,-31.21,-57.98,-59.87,56.84,-10.13,-1.01
2024/01/01 16:12:15.83,107.83,-31.22,-57.89,-59.86,57.04,-9.81,-0.99
2024/01/01 16:12:15.84,107.84,-31.22,-57.82,-59.86,57.20,-9.58,-0.91
2024/01/01 16:12:15.85,107.85,-31.21,-57.76,-59.86,57.30,-9.51,-0.83
2024/01/01 16:12:15.86,107.86,-31.20,-57.70,-59.87,57.34,-9.60,-0.78
2024/01/01 16:12:15.87,107.87,-31.19,-57.64,-59.86,57.35,-9.79,-0.80
2024/01/01 16:12:15.88,107.88,-31.19,-57.60,-59.84,57.32,-9.97,-0.88
2024/01/01 16:12:15.89,107.89,-31.19,-57.55,-59.82,57.21,-10.09,-0.93
2024/01/01 16:12:15.90,107.90,-31.18,-57.49,-59.79,57.06,-10.13,-0.91
2024/01/01 16:12:15.91,107.91,-31.15,-57.42,-59.78,56.88,-10.09,-0.85
2024/01/01 16:12:15.92,107.92,-31.13,-57.36,-59.77,56.72,-9.97,-0.82
2024/01/01 16:12:15.93,107.93,-31.15,-57.31,-59.76,56.56,-9.84,-0.82
2024/01/01 16:12:15.94,107.94,-31.20,-57.29,-59.74,56.44,-9.73,-0.81
2024/01/01 16:12:15.95,107.95,-31.27,-57.29,-59.70,56.38,-9.62,-0.78
2024/01/01 16:12:15.96,107.96,-31.33,-57.28,-59.66,56.37,-9.55,-0.75
2024/01/01 16:12:15.97,107.97,-31.37,-57.26,-59.62,56.40,-9.51,-0.70
2024/01/01 16:12:15.98,107.98,-31.39,-57.24,-59.58,56.45,-9.54,-0.60
2024/01/01 16:12:15.99,107.99,-31.38,-57.23,-59.52,56.53,-9.60,-0.46
2024/01/01 16:12:16.00,108.00,-31.37,-57.23,-59.47,56.66,-9.63,-0.32
2024/01/01 16:12:16.01,108.01,-31.37,-57.21,-59.44,56.82,-9.52,-0.30
2024/01/01 16:12:16.02,108.02,-31.38,-57.20,-59.41,56.89,-9.25,-0.34
2024/01/01 16:12:16.03,108.03,-31.39,-57.20,-59.38,56.78,-8.92,-0.39
2024/01/01 16:12:16.04,108.04,-31.39,-57.22,-59.36,56.51,-8.67,-0.51
2024/01/01 16:12:16.05,108.05,-31.39,-57.22,-59.34,56.22,-8.58,-0.68
2024/01/01 16:12:16.06,108.06,-31.39,-57.20,-59.33,56.03,-8.68,-0.69
2024/01/01 16:12:16.07,108.07,-31.40,-57.16,-59.31,56.06,-8.99,-0.50
2024/01/01 16:12:16.08,108.08,-31.41,-57.14,-59.30,56.34,-9.44,-0.32
2024/01/01 16:12:16.09,108.09,-31.43,-57.13,-59.28,56.77,-9.87,-0.24
2024/01/01 16:12:16.10,108.10,-31.44,-57.15,-59.26,57.11,-10.15,-0.21
2024/01/01 16:12:16.11,108.11,-31.44,-57.16,-59.24,57.23,-10.26,-0.25
2024/01/01 16:12:16.12,108.12,-31.42,-57.15,-59.23,57.13,-10.27,-0.33
2024/01/01 16:12:16.13,108.13,-31.40,-57.14,-59.23,56.87,-10.25,-0.35
2024/01/01 16:12:16.14,108.14,-31.37,-57.15,-59.25,56.56,-10.20,-0.31
2024/01/01 16:12:16.15,108.15,-31.35,-57.18,-59.26,56.36,-10.12,-0.29
2024/01/01 16:12:16.16,108.16,-31.32,-57.22,-59.26,56.30,-9.94,-0.32
2024/01/01 16:12:16.17,108.17,-31.30,-57.27,-59.28,56.30,-9.67,-0.38
2024/01/01 16:12:16.18,108.18,-31.28,-57.32,-59.30,56.33,-9.41,-0.44
2024/01/01 16:12:16.19,108.19,-31.26,-57.37,-59.33,56.41,-9.23,-0.46
2024/01/01 16:12:16.20,108.20,-31.24,-57.40,-59.39,56.56,-9.12,-0.39
2024/01/01 16:12:16.21,108.21,-31.25,-57.40,-59.47,56.74,-9.05,-0.34
2024/01/01 16:12:16.22,108.22,-31.28,-57.36,-59.54,56.88,-9.00,-0.36
2024/01/01 16:12:16.23,108.23,-31.33,-57.29,-59.61,56.96,-8.98,-0.49
2024/01/01 16:12:16.24,108.24,-31.39,-57.21,-59.67,56.94,-9.03,-0.71
2024/01/01 16:12:16.25,108.25,-31.42,-57.13,-59.72,56.82,-9.19,-0.92
2024/01/01 16:12:16.26,108.26,-31.43,-57.06,-59.75,56.68,-9.44,-0.96
2024/01/01 16:12:16.27,108.27,-31.41,-57.00,-59.78,56.61,-9.69,-0.81
2024/01/01 16:12:16.28,108.28,-31.38,-56.94,-59.79,56.65,-9.87,-0.64
2024/01/01 16:12:16.29,108.29,-31.35,-56.93,-59.80,56.75,-9.97,-0.59
2024/01/01 16:12:16.30,108.30,-31.33,-56.95,-59.82,56.80,-9.98,-0.65
2024/01/01 16:12:16.31,108.31,-31.33,-56.99,-59.85,56.70,-9.94,-0.74
2024/01/01 16:12:16.32,108.32,-31.35,-57.03,-59.88,56.41,-9.87,-0.85
2024/01/01 16:12:16.33,108.33,-31.37,-57.06,-59.90,56.04,-9.72,-0.98
2024/01/01 16:12:16.34,108.34,-31.38,-57.07,-59.91,55.77,-9.52,-1.11
2024/01/01 16:12:16.35,108.35,-31.40,-57.06,-59.91,55.76,-9.37,-1.16
2024/01/01 16:12:16.36,108.36,-31.42,-57.03,-59.92,55.96,-9.28,-1.10
2024/01/01 16:12:16.37,108.37,-31.46,-56.97,-59.93,56.26,-9.29,-0.97
2024/01/01 16:12:16.38,108.38,-31.50,-56.90,-59.94,56.55,-9.37,-0.89
2024/01/01 16:12:16.39,108.39,-31.55,-56.83,-59.95,56.70,-9.49,-0.89
2024/01/01 16:12:16.40,108.40,-31.59,-56.78,-59.96,56.68,-9.58,-0.89
2024/01/01 16:12:16.41,108.41,-31.63,-56.76,-59.96,56.59,-9.59,-0.88
2024/01/01 16:12:16.42,108.42,-31.63,-56.75,-59.96,56.51,-9.47,-0.91
2024/01/01 16:12:16.43,108.43,-31.61,-56.74,-59.96,56.50,-9.27,-0.96
2024/01/01 16:12:16.44,108.44,-31.59,-56.73,-59.97,56.54,-9.02,-0.97
2024/01/01 16:12:16.45,108.45,-31.58,-56.70,-59.97,56.59,-8.70,-0.91
2024/01/01 16:12:16.46,108.46,-31.58,-56.65,-59.95,56.60,-8.35,-0.86
2024/01/01 16:12:16.47,108.47,-31.59,-56.59,-59.90,56.52,-8.01,-0.91
2024/01/01 16:12:16.48,108.48,-31.59,-56.54,-59.84,56.33,-7.86,-1.04
2024/01/01 16:12:16.49,108.49,-31.59,-56.50,-59.77,56.06,-7.98,-1.14
2024/01/01 16:12:16.50,108.50,-31.61,-56.47,-59.73,55.80,-8.29,-1.11
2024/01/01 16:12:16.51,108.51,-31.64,-56.42,-59.70,55.64,-8.71,-0.98
2024/01/01 16:12:16.52,108.52,-31.67,-56.40,-59.66,55.67,-9.15,-0.79
2024/01/01 16:12:16.53,108.53,-31.70,-56.39,-59.60,55.87,-9.48,-0.63
2024/01/01 16:12:16.54,108.54,-31.73,-56.41,-59.53,56.11,-9.62,-0.58
2024/01/01 16:12:16.55,108.55,-31.77,-56.45,-59.47,56.24,-9.56,-0.58
2024/01/01 16:12:16.56,108.56,-31.80,-56.51,-59.41,56.22,-9.33,-0.55
2024/01/01 16:12:16.57,108.57,-31.81,-56.57,-59.36,56.11,-9.06,-0.46
2024/01/01 16:12:16.58,108.58,-31.78,-56.62,-59.31,56.00,-8.84,-0.34
2024/01/01 16:12:16.59,108.59,-31.73,-56.64,-59.29,55.92,-8.67,-0.26
2024/01/01 16:12:16.60,108.60,-31.68,-56.62,-59.27,55.87,-8.50,-0.24
2024/01/01 16:12:16.61,108.61,-31.66,-56.57,-59.24,55.83,-8.34,-0.27
2024/01/01 16:12:16.62,108.62,-31.66,-56.51,-59.20,55.79,-8.24,-0.35
2024/01/01 16:12:16.63,108.63,-31.66,-56.46,-59.17,55.80,-8.26,-0.44
2024/01/01 16:12:16.64,108.64,-31.66,-56.43,-59.16,55.90,-8.41,-0.46
2024/01/01 16:12:16.65,108.65,-31.65,-56.44,-59.16,56.08,-8.68,-0.33
2024/01/01 16:12:16.66,108.66,-31.63,-56.48,-59.16,56.31,-9.08,-0.08
2024/01/01 16:12:16.67,108.67,-31.61,-56.53,-59.15,56.56,-9.51,0.10
2024/01/01 16:12:16.68,108.68,-31.59,-56.58,-59.13,56.81,-9.78,0.12
2024/01/01 16:12:16.69,108.69,-31.58,-56.63,-59.11,57.02,-9.81,0.06
2024/01/01 16:12:16.70,108.70,-31.56,-56.67,-59.09,57.12,-9.61,-0.03
2024/01/01 16:12:16.71,108.71,-31.54,-56.71,-59.07,57.05,-9.23,-0.11
2024/01/01 16:12:16.72,108.72,-31.53,-56.74,-59.06,56.81,-8.83,-0.19
2024/01/01 16:12:16.73,108.73,-31.53,-56.76,-59.05,56.50,-8.58,-0.25
2024/01/01 16:12:16.74,108.74,-31.53,-56.76,-59.05,56.28,-8.55,-0.28
2024/01/01 16:12:16.75,108.75,-31.54,-56.75,-59.05,56.19,-8.64,-0.24
2024/01/01 16:12:16.76,108.76,-31.56,-56.72,-59.04,56.23,-8.81,-0.18
2024/01/01 16:12:16.77,108.77,-31.58,-56.68,-59.05,56.36,-9.00,-0.18
2024/01/01 16:12:16.78,108.78,-31.61,-56.64,-59.06,56.47,-9.14,-0.21
2024/01/01 16:12:16.79,108.79,-31.65,-56.58,-59.07,56.48,-9.26,-0.17
2024/01/01 16:12:16.80,108.80,-31.70,-56.51,-59.08,56.42,-9.40,-0.05
2024/01/01 16:12:16.81,108.81,-31.75,-56.46,-59.09,56.37,-9.48,0.02
2024/01/01 16:12:16.82,108.82,-31.80,-56.43,-59.11,56.35,-9.41,0.05
2024/01/01 16:12:16.83,108.83,-31.84,-56.43,-59.13,56.30,-9.17,0.08
2024/01/01 16:12:16.84,108.84,-31.89,-56.46,-59.16,56.19,-8.82,0.10
2024/01/01 16:12:16.85,108.85,-31.95,-56.49,-59.19,56.00,-8.43,0.02
2024/01/01 16:12:16.86,108.86,-32.00,-56.49,-59.23,55.78,-8.16,-0.17
2024/01/01 16:12:16.87,108.87,-32.06,-56.47,-59.27,55.61,-8.04,-0.40
2024/01/01 16:12:16.88,108.88,-32.13,-56.43,-59.30,55.50,-8.06,-0.51
2024/01/01 16:12:16.89,108.89,-32.20,-56.38,-59.32,55.43,-8.19,-0.50
2024/01/01 16:12:16.90,108.90,-32.27,-56.33,-59.33,55.36,-8.34,-0.47
2024/01/01 16:12:16.91,108.91,-32.34,-56.31,-59.33,55.26,-8.45,-0.40
2024/01/01 16:12:16.92,108.92,-32.41,-56.30,-59.33,55.16,-8.62,-0.24
2024/01/01 16:12:16.93,108.93,-32.47,-56.31,-59.32,55.06,-8.90,-0.10
2024/01/01 16:12:16.94,108.94,-32.51,-56.34,-59.32,54.99,-9.18,-0.09
2024/01/01 16:12:16.95,108.95,-32.54,-56.38,-59.32,54.97,-9.38,-0.16
2024/01/01 16:12:16.96,108.96,-32.57,-56.41,-59.33,55.01,-9.37,-0.24
2024/01/01 16:12:16.97,108.97,-32.60,-56.45,-59.36,55.09,-9.11,-0.27
2024/01/01 16:12:16.98,108.98,-32.62,-56.51,-59.38,55.18,-8.71,-0.26
2024/01/01 16:12:16.99,108.99,-32.63,-56.58,-59.41,55.24,-8.27,-0.30
2024/01/01 16:12:17.00,109.00,-32.63,-56.63,-59.43,55.24,-7.91,-0.40
2024/01/01 16:12:17.01,109.01,-32.61,-56.67,-59.45,55.21,-7.83,-0.51
2024/01/01 16:12:17.02,109.02,-32.57,-56.71,-59.46,55.18,-8.11,-0.59
2024/01/01 16:12:17.03,109.03,-32.51,-56.75,-59.48,55.13,-8.64,-0.65
2024/01/01 16:12:17.04,109.04,-32.45,-56.77,-59.50,55.11,-9.26,-0.65
2024/01/01 16:12:17.05,109.05,-32.39,-56.79,-59.51,55.14,-9.79,-0.55
2024/01/01 16:12:17.06,109.06,-32.33,-56.81,-59.51,55.20,-10.12,-0.43
2024/01/01 16:12:17.07,109.07,-32.31,-56.83,-59.52,55.30,-10.23,-0.41
2024/01/01 16:12:17.08,109.08,-32.31,-56.86,-59.53,55.43,-10.21,-0.50
2024/01/01 16:12:17.09,109.09,-32.34,-56.89,-59.56,55.57,-10.07,-0.60
2024/01/01 16:12:17.10,109.10,-32.37,-56.90,-59.59,55.69,-9.91,-0.63
2024/01/01 16:12:17.11,109.11,-32.36,-56.89,-59.62,55.77,-9.79,-0.63
2024/01/01 16:12:17.12,109.12,-32.32,-56.86,-59.65,55.83,-9.69,-0.66
2024/01/01 16:12:17.13,109.13,-32.26,-56.82,-59.68,55.93,-9.56,-0.70
2024/01/01 16:12:17.14,109.14,-32.18,-56.79,-59.72,56.07,-9.46,-0.67
2024/01/01 16:12:17.15,109.15,-32.11,-56.77,-59.77,56.20,-9.44,-0.63
2024/01/01 16:12:17.16,109.16,-32.06,-56.74,-59.82,56.24,-9.40,-0.65
2024/01/01 16:12:17.17,109.17,-32.04,-56.70,-59.87,56.13,-9.35,-0.67
2024/01/01 16:12:17.18,109.18,-32.03,-56.65,-59.91,55.91,-9.31,-0.73
2024/01/01 16:12:17.19,109.19,-32.02,-56.60,-59.94,55.70,-9.19,-0.87
2024/01/01 16:12:17.20,109.20,-32.01,-56.54,-59.97,55.59,-9.01,-0.98
2024/01/01 16:12:17.21,109.21,-32.00,-56.48,-60.00,55.60,-8.80,-1.02
2024/01/01 16:12:17.22,109.22,-31.99,-56.41,-60.02,55.67,-8.57,-1.02
2024/01/01 16:12:17.23,109.23,-31.98,-56.34,-60.03,55.75,-8.40,-0.98
2024/01/01 16:12:17.24,109.24,-31.96,-56.29,-60.03,55.80,-8.36,-0.92
2024/01/01 16:12:17.25,109.25,-31.94,-56.28,-60.04,55.80,-8.37,-0.90
2024/01/01 16:12:17.26,109.26,-31.92,-56.30,-60.04,55.75,-8.36,-0.92
2024/01/01 16:12:17.27,109.27,-31.90,-56.31,-60.05,55.68,-8.41,-1.01
2024/01/01 16:12:17.28,109.28,-31.86,-56.33,-60.08,55.61,-8.47,-1.16
2024/01/01 16:12:17.29,109.29,-31.82,-56.34,-60.11,55.57,-8.51,-1.25
2024/01/01 16:12:17.30,109.30,-31.79,-56.34,-60.13,55.58,-8.59,-1.21
2024/01/01 16:12:17.31,109.31,-31.79,-56.33,-60.16,55.66,-8.66,-1.10
2024/01/01 16:12:17.32,109.32,-31.79,-56.33,-60.19,55.77,-8.67,-1.04
2024/01/01 16:12:17.33,109.33,-31.81,-56.34,-60.23,55.92,-8.66,-1.09
2024/01/01 16:12:17.34,109.34,-31.83,-56.37,-60.26,56.07,-8.67,-1.15
2024/01/01 16:12:17.35,109.35,-31.84,-56.41,-60.28,56.21,-8.71,-1.19
2024/01/01 16:12:17.36,109.36,-31.83,-56.44,-60.29,56.35,-8.82,-1.23
2024/01/01 16:12:17.37,109.37,-31.79,-56.46,-60.29,56.45,-8.98,-1.21
2024/01/01 16:12:17.38,109.38,-31.73,-56.46,-60.30,56.54,-9.11,-1.16
2024/01/01 16:12:17.39,109.39,-31.67,-56.49,-60.30,56.62,-9.20,-1.15
2024/01/01 16:12:17.40,109.40,-31.62,-56.56,-60.29,56.62,-9.18,-1.12
2024/01/01 16:12:17.41,109.41,-31.60,-56.64,-60.27,56.48,-9.05,-1.07
2024/01/01 16:12:17.42,109.42,-31.61,-56.72,-60.26,56.22,-8.89,-1.08
2024/01/01 16:12:17.43,109.43,-31.62,-56.77,-60.24,55.87,-8.81,-1.17
2024/01/01 16:12:17.44,109.44,-31.62,-56.81,-60.23,55.58,-8.84,-1.22
2024/01/01 16:12:17.45,109.45,-31.60,-56.85,-60.22,55.49,-8.97,-1.19
2024/01/01 16:12:17.46,109.46,-31.55,-56.90,-60.21,55.65,-9.09,-1.16
2024/01/01 16:12:17.47,109.47,-31.49,-56.94,-60.21,56.01,-9.12,-1.21
2024/01/01 16:12:17.48,109.48,-31.46,-56.98,-60.19,56.41,-9.09,-1.30
2024/01/01 16:12:17.49,109.49,-31.46,-57.04,-60.17,56.68,-9.06,-1.35
2024/01/01 16:12:17.50,109.50,-31.50,-57.09,-60.16,56.74,-9.17,-1.38
2024/01/01 16:12:17.51,109.51,-31.53,-57.14,-60.14,56.61,-9.37,-1.37
2024/01/01 16:12:17.52,109.52,-31.54,-57.15,-60.12,56.39,-9.59,-1.27
2024/01/01 16:12:17.53,109.53,-31.52,-57.16,-60.11,56.23,-9.80,-1.12
2024/01/01 16:12:17.54,109.54,-31.50,-57.18,-60.11,56.26,-9.99,-1.01
2024/01/01 16:12:17.55,109.55,-31.47,-57.20,-60.11,56.49,-10.12,-0.97
2024/01/01 16:12:17.56,109.56,-31.43,-57.23,-60.12,56.82,-10.24,-0.97
2024/01/01 16:12:17.57,109.57,-31.38,-57.25,-60.12,57.12,-10.32,-1.04
2024/01/01 16:12:17.58,109.58,-31.34,-57.29,-60.12,57.25,-10.32,-1.16
2024/01/01 16:12:17.59,109.59,-31.29,-57.35,-60.13,57.15,-10.27,-1.27
2024/01/01 16:12:17.60,109.60,-31.25,-57.41,-60.14,56.90,-10.16,-1.33
2024/01/01 16:12:17.61,109.61,-31.22,-57.44,-60.13,56.64,-10.01,-1.31
2024/01/01 16:12:17.62,109.62,-31.18,-57.45,-60.10,56.49,-9.87,-1.22
2024/01/01 16:12:17.63,109.63,-31.14,-57.42,-60.06,56.46,-9.75,-1.14
2024/01/01 16:12:17.64,109.64,-31.11,-57.38,-60.02,56.54,-9.64,-1.12
2024/01/01 16:12:17.65,109.65,-31.08,-57.32,-60.00,56.68,-9.55,-1.08
2024/01/01 16:12:17.66,109.66,-31.06,-57.27,-59.98,56.85,-9.47,-1.03
2024/01/01 16:12:17.67,109.67,-31.07,-57.25,-59.95,56.99,-9.44,-1.02
2024/01/01 16:12:17.68,109.68,-31.10,-57.25,-59.92,57.06,-9.46,-1.03
2024/01/01 16:12:17.69,109.69,-31.12,-57.25,-59.90,57.06,-9.55,-1.01
2024/01/01 16:12:17.70,109.70,-31.13,-57.24,-59.87,57.02,-9.65,-0.93
2024/01/01 16:12:17.71,109.71,-31.14,-57.21,-59.84,56.97,-9.67,-0.83
2024/01/01 16:12:17.72,109.72,-31.15,-57.17,-59.81,56.94,-9.54,-0.77
2024/01/01 16:12:17.73,109.73,-31.15,-57.10,-59.80,56.92,-9.31,-0.73
2024/01/01 16:12:17.74,109.74,-31.16,-57.03,-59.79,56.86,-9.06,-0.64
2024/01/01 16:12:17.75,109.75,-31.18,-56.95,-59.77,56.76,-8.89,-0.55
2024/01/01 16:12:17.76,109.76,-31.21,-56.87,-59.75,56.66,-8.87,-0.55
2024/01/01 16:12:17.77,109.77,-31.25,-56.84,-59.73,56.59,-8.99,-0.63
2024/01/01 16:12:17.78,109.78,-31.28,-56.83,-59.70,56.58,-9.19,-0.72
2024/01/01 16:12:17.79,109.79,-31.28,-56.84,-59.67,56.61,-9.39,-0.75
2024/01/01 16:12:17.80,109.80,-31.27,-56.86,-59.65,56.65,-9.48,-0.72
2024/01/01 16:12:17.81,109.81,-31.25,-56.88,-59.64,56.65,-9.42,-0.69
2024/01/01 16:12:17.82,109.82,-31.25,-56.91,-59.64,56.64,-9.24,-0.66
2024/01/01 16:12:17.83,109.83,-31.27,-56.91,-59.65,56.63,-8.97,-0.61
2024/01/01 16:12:17.84,109.84,-31.31,-56.88,-59.66,56.57,-8.67,-0.59
2024/01/01 16:12:17.85,109.85,-31.37,-56.82,-59.66,56.41,-8.44,-0.66
2024/01/01 16:12:17.86,109.86,-31.44,-56.76,-59.67,56.16,-8.36,-0.79
2024/01/01 16:12:17.87,109.87,-31.51,-56.73,-59.69,55.87,-8.50,-0.83
2024/01/01 16:12:17.88,109.88,-31.56,-56.70,-59.72,55.64,-8.85,-0.78
2024/01/01 16:12:17.89,109.89,-31.58,-56.68,-59.74,55.62,-9.29,-0.73
2024/01/01 16:12:17.90,109.90,-31.58,-56.66,-59.75,55.92,-9.66,-0.74
2024/01/01 16:12:17.91,109.91,-31.59,-56.65,-59.75,56.43,-9.85,-0.77
2024/01/01 16:12:17.92,109.92,-31.60,-56.65,-59.74,56.91,-9.81,-0.76
2024/01/01 16:12:17.93,109.93,-31.62,-56.68,-59.73,57.14,-9.55,-0.73
2024/01/01 16:12:17.94,109.94,-31.64,-56.74,-59.72,57.03,-9.15,-0.71
2024/01/01 16:12:17.95,109.95,-31.64,-56.80,-59.73,56.65,-8.76,-0.71
2024/01/01 16:12:17.96,109.96,-31.63,-56.83,-59.74,56.20,-8.49,-0.68
2024/01/01 16:12:17.97,109.97,-31.63,-56.85,-59.74,55.88,-8.37,-0.64
2024/01/01 16:12:17.98,109.98,-31.66,-56.87,-59.72,55.78,-8.37,-0.69
2024/01/01 16:12:17.99,109.99,-31.71,-56.89,-59.69,55.87,-8.45,-0.86
2024/01/01 16:12:18.00,110.00,-31.75,-56.89,-59.64,56.03,-8.56,-1.02
2024/01/01 16:12:18.01,110.01,-31.78,-56.89,-59.59,56.16,-8.75,-1.00
2024/01/01 16:12:18.02,110.02,-31.81,-56.90,-59.55,56.24,-9.04,-0.79
2024/01/01 16:12:18.03,110.03,-31.84,-56.91,-59.51,56.32,-9.40,-0.55
2024/01/01 16:12:18.04,110.04,-31.86,-56.91,-59.47,56.44,-9.75,-0.36
2024/01/01 16:12:18.05,110.05,-31.86,-56.91,-59.46,56.62,-10.00,-0.27
2024/01/01 16:12:18.06,110.06,-31.83,-56.92,-59.48,56.75,-10.11,-0.32
2024/01/01 16:12:18.07,110.07,-31.79,-56.96,-59.51,56.62,-10.13,-0.44
2024/01/01 16:12:18.08,110.08,-31.76,-57.01,-59.52,56.21,-10.12,-0.53
2024/01/01 16:12:18.09,110.09,-31.74,-57.07,-59.54,55.66,-10.10,-0.61
2024/01/01 16:12:18.10,110.10,-31.72,-57.12,-59.56,55.24,-10.03,-0.66
2024/01/01 16:12:18.11,110.11,-31.70,-57.14,-59.58,55.12,-9.97,-0.63
2024/01/01 16:12:18.12,110.12,-31.70,-57.15,-59.60,55.33,-9.91,-0.58
2024/01/01 16:12:18.13,110.13,-31.71,-57.15,-59.63,55.76,-9.83,-0.64
2024/01/01 16:12:18.14,110.14,-31.73,-57.14,-59.64,56.17,-9.67,-0.73
2024/01/01 16:12:18.15,110.15,-31.76,-57.13,-59.66,56.38,-9.46,-0.78
2024/01/01 16:12:18.16,110.16,-31.80,-57.12,-59.69,56.42,-9.32,-0.81
2024/01/01 16:12:18.17,110.17,-31.85,-57.10,-59.71,56.45,-9.28,-0.82
2024/01/01 16:12:18.18,110.18,-31.89,-57.06,-59.73,56.53,-9.32,-0.77
2024/01/01 16:12:18.19,110.19,-31.93,-57.01,-59.74,56.61,-9.38,-0.68
2024/01/01 16:12:18.20,110.20,-31.95,-56.96,-59.76,56.60,-9.40,-0.64
2024/01/01 16:12:18.21,110.21,-31.95,-56.92,-59.78,56.41,-9.34,-0.62
2024/01/01 16:12:18.22,110.22,-31.94,-56.90,-59.77,56.10,-9.24,-0.59
2024/01/01 16:12:18.23,110.23,-31.92,-56.88,-59.73,55.81,-9.13,-0.59
2024/01/01 16:12:18.24,110.24,-31.91,-56.86,-59.69,55.68,-9.03,-0.64
2024/01/01 16:12:18.25,110.25,-31.90,-56.85,-59.65,55.72,-8.97,-0.76
2024/01/01 16:12:18.26,110.26,-31.91,-56.86,-59.61,55.82,-8.96,-0.82
2024/01/01 16:12:18.27,110.27,-31.91,-56.87,-59.58,55.83,-9.02,-0.75
2024/01/01 16:12:18.28,110.28,-31.91,-56.88,-59.57,55.69,-9.16,-0.61
2024/01/01 16:12:18.29,110.29,-31.88,-56.89,-59.55,55.49,-9.34,-0.52
2024/01/01 16:12:18.30,110.30,-31.86,-56.89,-59.52,55.37,-9.53,-0.47
2024/01/01 16:12:18.31,110.31,-31.84,-56.89,-59.50,55.44,-9.71,-0.47
2024/01/01 16:12:18.32,110.32,-31.83,-56.91,-59.50,55.68,-9.84,-0.56
2024/01/01 16:12:18.33,110.33,-31.81,-56.94,-59.52,55.96,-9.82,-0.66
2024/01/01 16:12:18.34,110.34,-31.79,-56.97,-59.55,56.15,-9.65,-0.70
2024/01/01 16:12:18.35,110.35,-31.76,-57.02,-59.58,56.20,-9.40,-0.68
2024/01/01 16:12:18.36,110.36,-31.74,-57.08,-59.61,56.18,-9.15,-0.67
2024/01/01 16:12:18.37,110.37,-31.73,-57.14,-59.66,56.22,-8.95,-0.66
2024/01/01 16:12:18.38,110.38,-31.71,-57.17,-59.70,56.41,-8.85,-0.62
2024/01/01 16:12:18.39,110.39,-31.68,-57.17,-59.74,56.69,-8.91,-0.62
2024/01/01 16:12:18.40,110.40,-31.62,-57.13,-59.77,56.90,-9.09,-0.67
2024/01/01 16:12:18.41,110.41,-31.56,-57.10,-59.80,56.92,-9.34,-0.77
2024/01/01 16:12:18.42,110.42,-31.49,-57.07,-59.83,56.78,-9.59,-0.89
2024/01/01 16:12:18.43,110.43,-31.41,-57.05,-59.86,56.60,-9.82,-0.95
2024/01/01 16:12:18.44,110.44,-31.32,-57.03,-59.88,56.52,-9.99,-0.98
2024/01/01 16:12:18.45,110.45,-31.25,-57.03,-59.90,56.58,-10.09,-1.05
2024/01/01 16:12:18.46,110.46,-31.19,-57.03,-59.92,56.70,-10.13,-1.13
2024/01/01 16:12:18.47,110.47,-31.16,-57.03,-59.95,56.74,-10.08,-1.13
2024/01/01 16:12:18.48,110.48,-31.15,-57.04,-60.01,56.65,-9.94,-1.05
2024/01/01 16:12:18.49,110.49,-31.15,-57.04,-60.07,56.45,-9.68,-1.00
2024/01/01 16:12:18.50,110.50,-31.17,-57.03,-60.12,56.27,-9.31,-1.00
2024/01/01 16:12:18.51,110.51,-31.19,-57.03,-60.17,56.21,-8.87,-1.06
2024/01/01 16:12:18.52,110.52,-31.21,-57.03,-60.23,56.32,-8.47,-1.16
2024/01/01 16:12:18.53,110.53,-31.22,-57.02,-60.29,56.56,-8.19,-1.25
2024/01/01 16:12:18.54,110.54,-31.22,-56.99,-60.33,56.84,-8.10,-1.28
2024/01/01 16:12:18.55,110.55,-31.21,-56.94,-60.34,57.07,-8.21,-1.29
2024/01/01 16:12:18.56,110.56,-31.20,-56.87,-60.35,57.17,-8.50,-1.35
2024/01/01 16:12:18.57,110.57,-31.19,-56.80,-60.35,57.15,-8.92,-1.43
2024/01/01 16:12:18.58,110.58,-31.19,-56.75,-60.35,57.03,-9.36,-1.43
2024/01/01 16:12:18.59,110.59,-31.19,-56.74,-60.34,56.86,-9.73,-1.37
2024/01/01 16:12:18.60,110.60,-31.19,-56.75,-60.31,56.72,-9.98,-1.28
2024/01/01 16:12:18.61,110.61,-31.17,-56.79,-60.26,56.62,-10.06,-1.19
2024/01/01 16:12:18.62,110.62,-31.16,-56.83,-60.21,56.53,-9.95,-1.13
2024/01/01 16:12:18.63,110.63,-31.17,-56.84,-60.15,56.43,-9.65,-1.11
2024/01/01 16:12:18.64,110.64,-31.18,-56.85,-60.11,56.32,-9.25,-1.11
2024/01/01 16:12:18.65,110.65,-31.19,-56.86,-60.07,56.21,-8.85,-1.13
2024/01/01 16:12:18.66,110.66,-31.20,-56.87,-60.03,56.13,-8.55,-1.17
2024/01/01 16:12:18.67,110.67,-31.21,-56.88,-60.02,56.12,-8.43,-1.21
2024/01/01 16:12:18.68,110.68,-31.21,-56.90,-60.03,56.17,-8.54,-1.22
2024/01/01 16:12:18.69,110.69,-31.23,-56.91,-60.05,56.27,-8.84,-1.19
2024/01/01 16:12:18.70,110.70,-31.26,-56.92,-60.07,56.43,-9.22,-1.09
2024/01/01 16:12:18.71,110.71,-31.29,-56.92,-60.08,56.62,-9.48,-0.97
2024/01/01 16:12:18.72,110.72,-31.29,-56.93,-60.09,56.86,-9.54,-0.97
2024/01/01 16:12:18.73,110.73,-31.26,-56.96,-60.12,57.09,-9.40,-1.04
2024/01/01 16:12:18.74,110.74,-31.23,-57.02,-60.15,57.21,-9.16,-1.09
2024/01/01 16:12:18.75,110.75,-31.19,-57.08,-60.19,57.15,-8.96,-1.13
2024/01/01 16:12:18.76,110.76,-31.17,-57.12,-60.23,56.95,-8.89,-1.20
2024/01/01 16:12:18.77,110.77,-31.15,-57.12,-60.27,56.75,-8.95,-1.31
2024/01/01 16:12:18.78,110.78,-31.13,-57.08,-60.31,56.66,-9.12,-1.43
2024/01/01 16:12:18.79,110.79,-31.09,-57.02,-60.34,56.69,-9.31,-1.54
2024/01/01 16:12:18.80,110.80,-31.05,-56.99,-60.35,56.75,-9.47,-1.61
2024/01/01 16:12:18.81,110.81,-31.02,-56.97,-60.37,56.75,-9.60,-1.68
2024/01/01 16:12:18.82,110.82,-31.01,-56.98,-60.37,56.64,-9.78,-1.70
2024/01/01 16:12:18.83,110.83,-31.02,-56.99,-60.35,56.47,-10.07,-1.65
2024/01/01 16:12:18.84,110.84,-31.04,-57.02,-60.31,56.33,-10.36,-1.50
2024/01/01 16:12:18.85,110.85,-31.08,-57.07,-60.26,56.32,-10.52,-1.37
2024/01/01 16:12:18.86,110.86,-31.12,-57.13,-60.23,56.42,-10.43,-1.27
2024/01/01 16:12:18.87,110.87,-31.17,-57.20,-60.22,56.53,-10.07,-1.19
2024/01/01 16:12:18.88,110.88,-31.21,-57.26,-60.23,56.61,-9.52,-1.14
2024/01/01 16:12:18.89,110.89,-31.24,-57.28,-60.24,56.67,-8.94,-1.15
2024/01/01 16:12:18.90,110.90,-31.26,-57.26,-60.25,56.76,-8.50,-1.24
2024/01/01 16:12:18.91,110.91,-31.24,-57.20,-60.24,56.89,-8.34,-1.35
2024/01/01 16:12:18.92,110.92,-31.21,-57.14,-60.22,56.99,-8.46,-1.42
2024/01/01 16:12:18.93,110.93,-31.19,-57.08,-60.18,57.02,-8.78,-1.41
2024/01/01 16:12:18.94,110.94,-31.18,-57.04,-60.14,56.99,-9.17,-1.33
2024/01/01 16:12:18.95,110.95,-31.18,-57.03,-60.09,56.96,-9.56,-1.24
2024/01/01 16:12:18.96,110.96,-31.18,-57.04,-60.04,57.01,-9.89,-1.11
2024/01/01 16:12:18.97,110.97,-31.18,-57.08,-59.99,57.13,-10.14,-0.94
2024/01/01 16:12:18.98,110.98,-31.21,-57.15,-59.93,57.20,-10.28,-0.80
2024/01/01 16:12:18.99,110.99,-31.24,-57.23,-59.89,57.08,-10.29,-0.78
2024/01/01 16:12:19.00,111.00,-31.27,-57.31,-59.87,56.77,-10.14,-0.85
2024/01/01 16:12:19.01,111.01,-31.31,-57.39,-59.86,56.39,-9.90,-0.90
2024/01/01 16:12:19.02,111.02,-31.36,-57.43,-59.86,56.06,-9.66,-0.88
2024/01/01 16:12:19.03,111.03,-31.40,-57.43,-59.88,55.90,-9.47,-0.86
2024/01/01 16:12:19.04,111.04,-31.43,-57.39,-59.91,55.96,-9.36,-0.91
2024/01/01 16:12:19.05,111.05,-31.45,-57.33,-59.93,56.21,-9.38,-0.98
2024/01/01 16:12:19.06,111.06,-31.48,-57.28,-59.95,56.55,-9.52,-1.00
2024/01/01 16:12:19.07,111.07,-31.49,-57.22,-59.98,56.82,-9.74,-1.01
2024/01/01 16:12:19.08,111.08,-31.50,-57.15,-60.03,56.92,-9.96,-1.04
2024/01/01 16:12:19.09,111.09,-31.51,-57.08,-60.08,56.85,-10.13,-1.03
2024/01/01 16:12:19.10,111.10,-31.51,-57.02,-60.14,56.63,-10.22,-1.04
2024/01/01 16:12:19.11,111.11,-31.51,-56.98,-60.19,56.38,-10.22,-1.12
2024/01/01 16:12:19.12,111.12,-31.52,-56.96,-60.22,56.19,-10.08,-1.23
2024/01/01 16:12:19.13,111.13,-31.53,-56.96,-60.23,56.10,-9.80,-1.31
2024/01/01 16:12:19.14,111.14,-31.55,-56.98,-60.25,56.07,-9.41,-1.41
2024/01/01 16:12:19.15,111.15,-31.57,-56.99,-60.27,56.07,-8.97,-1.48
2024/01/01 16:12:19.16,111.16,-31.58,-57.00,-60.28,56.07,-8.55,-1.48
2024/01/01 16:12:19.17,111.17,-31.58,-56.99,-60.28,56.09,-8.24,-1.38
2024/01/01 16:12:19.18,111.18,-31.56,-56.95,-60.27,56.15,-8.11,-1.24
2024/01/01 16:12:19.19,111.19,-31.54,-56.88,-60.26,56.23,-8.20,-1.20
2024/01/01 16:12:19.20,111.20,-31.52,-56.81,-60.25,56.26,-8.55,-1.24
2024/01/01 16:12:19.21,111.21,-31.51,-56.77,-60.26,56.23,-9.07,-1.27
2024/01/01 16:12:19.22,111.22,-31.50,-56.74,-60.27,56.17,-9.61,-1.23
2024/01/01 16:12:19.23,111.23,-31.52,-56.72,-60.29,56.12,-10.06,-1.16
2024/01/01 16:12:19.24,111.24,-31.55,-56.72,-60.32,56.11,-10.31,-1.10
2024/01/01 16:12:19.25,111.25,-31.62,-56.72,-60.34,56.15,-10.29,-1.09
2024/01/01 16:12:19.26,111.26,-31.70,-56.73,-60.36,56.26,-10.01,-1.14
2024/01/01 16:12:19.27,111.27,-31.77,-56.73,-60.38,56.41,-9.55,-1.22
2024/01/01 16:12:19.28,111.28,-31.82,-56.73,-60.40,56.55,-9.03,-1.31
2024/01/01 16:12:19.29,111.29,-31.84,-56.75,-60.42,56.63,-8.57,-1.39
2024/01/01 16:12:19.30,111.30,-31.87,-56.77,-60.45,56.57,-8.23,-1.44
2024/01/01 16:12:19.31,111.31,-31.89,-56.81,-60.46,56.40,-8.06,-1.47
2024/01/01 16:12:19.32,111.32,-31.92,-56.84,-60.47,56.16,-8.08,-1.49
2024/01/01 16:12:19.33,111.33,-31.93,-56.87,-60.48,55.92,-8.29,-1.51
2024/01/01 16:12:19.34,111.34,-31.93,-56.89,-60.50,55.68,-8.70,-1.54
2024/01/01 16:12:19.35,111.35,-31.91,-56.90,-60.50,55.46,-9.19,-1.55
2024/01/01 16:12:19.36,111.36,-31.88,-56.89,-60.50,55.27,-9.61,-1.56
2024/01/01 16:12:19.37,111.37,-31.86,-56.87,-60.49,55.14,-9.90,-1.62
2024/01/01 16:12:19.38,111.38,-31.85,-56.86,-60.49,55.11,-10.02,-1.68
2024/01/01 16:12:19.39,111.39,-31.85,-56.87,-60.49,55.20,-10.01,-1.66
2024/01/01 16:12:19.40,111.40,-31.85,-56.90,-60.48,55.36,-9.91,-1.52
2024/01/01 16:12:19.41,111.41,-31.86,-56.93,-60.46,55.54,-9.74,-1.38
2024/01/01 16:12:19.42,111.42,-31.87,-56.97,-60.44,55.71,-9.53,-1.33
2024/01/01 16:12:19.43,111.43,-31.87,-57.02,-60.43,55.87,-9.35,-1.37
2024/01/01 16:12:19.44,111.44,-31.85,-57.08,-60.43,56.03,-9.28,-1.43
2024/01/01 16:12:19.45,111.45,-31.82,-57.13,-60.45,56.13,-9.32,-1.46
2024/01/01 16:12:19.46,111.46,-31.79,-57.14,-60.46,56.15,-9.42,-1.45
2024/01/01 16:12:19.47,111.47,-31.77,-57.12,-60.47,56.13,-9.53,-1.46
2024/01/01 16:12:19.48,111.48,-31.75,-57.08,-60.48,56.17,-9.62,-1.46
2024/01/01 16:12:19.49,111.49,-31.71,-57.04,-60.48,56.32,-9.66,-1.41
2024/01/01 16:12:19.50,111.50,-31.64,-57.01,-60.46,56.54,-9.62,-1.37
2024/01/01 16:12:19.51,111.51,-31.55,-56.98,-60.44,56.74,-9.54,-1.38
2024/01/01 16:12:19.52,111.52,-31.47,-56.92,-60.41,56.83,-9.46,-1.41
2024/01/01 16:12:19.53,111.53,-31.41,-56.85,-60.39,56.82,-9.38,-1.41
2024/01/01 16:12:19.54,111.54,-31.36,-56.77,-60.38,56.76,-9.29,-1.40
2024/01/01 16:12:19.55,111.55,-31.33,-56.69,-60.36,56.74,-9.13,-1.37
2024/01/01 16:12:19.56,111.56,-31.31,-56.62,-60.33,56.71,-8.90,-1.35
2024/01/01 16:12:19.57,111.57,-31.29,-56.58,-60.28,56.59,-8.65,-1.37
2024/01/01 16:12:19.58,111.58,-31.28,-56.57,-60.23,56.34,-8.49,-1.38
2024/01/01 16:12:19.59,111.59,-31.31,-56.60,-60.17,56.06,-8.47,-1.29
2024/01/01 16:12:19.60,111.60,-31.36,-56.66,-60.12,55.89,-8.61,-1.16
2024/01/01 16:12:19.61,111.61,-31.42,-56.71,-60.07,55.93,-8.83,-1.01
2024/01/01 16:12:19.62,111.62,-31.50,-56.75,-60.03,56.15,-9.03,-0.87
2024/01/01 16:12:19.63,111.63,-31.57,-56.78,-60.00,56.39,-9.13,-0.85
2024/01/01 16:12:19.64,111.64,-31.64,-56.77,-59.97,56.49,-9.09,-0.94
2024/01/01 16:12:19.65,111.65,-31.67,-56.75,-59.93,56.46,-8.94,-1.00
2024/01/01 16:12:19.66,111.66,-31.69,-56.71,-59.90,56.43,-8.78,-0.93
2024/01/01 16:12:19.67,111.67,-31.68,-56.67,-59.87,56.50,-8.68,-0.81
2024/01/01 16:12:19.68,111.68,-31.66,-56.65,-59.82,56.65,-8.72,-0.74
2024/01/01 16:12:19.69,111.69,-31.61,-56.64,-59.77,56.77,-8.89,-0.78
2024/01/01 16:12:19.70,111.70,-31.56,-56.66,-59.73,56.76,-9.16,-0.86
2024/01/01 16:12:19.71,111.71,-31.53,-56.68,-59.70,56.51,-9.47,-0.89
2024/01/01 16:12:19.72,111.72,-31.54,-56.72,-59.69,56.06,-9.73,-0.86
2024/01/01 16:12:19.73,111.73,-31.58,-56.77,-59.70,55.60,-9.84,-0.78
2024/01/01 16:12:19.74,111.74,-31.64,-56.82,-59.71,55.31,-9.70,-0.71
2024/01/01 16:12:19.75,111.75,-31.70,-56.87,-59.72,55.28,-9.35,-0.64
2024/01/01 16:12:19.76,111.76,-31.74,-56.90,-59.71,55.49,-8.89,-0.64
2024/01/01 16:12:19.77,111.77,-31.76,-56.92,-59.72,55.80,-8.52,-0.72
2024/01/01 16:12:19.78,111.78,-31.79,-56.94,-59.74,56.11,-8.36,-0.77
2024/01/01 16:12:19.79,111.79,-31.82,-56.96,-59.77,56.35,-8.48,-0.75
2024/01/01 16:12:19.80,111.80,-31.85,-56.97,-59.79,56.53,-8.80,-0.69
2024/01/01 16:12:19.81,111.81,-31.87,-56.97,-59.81,56.67,-9.27,-0.67
2024/01/01 16:12:19.82,111.82,-31.88,-56.98,-59.84,56.72,-9.80,-0.72
2024/01/01 16:12:19.83,111.83,-31.89,-56.99,-59.86,56.63,-10.24,-0.84
2024/01/01 16:12:19.84,111.84,-31.89,-57.02,-59.86,56.37,-10.51,-0.94
2024/01/01 16:12:19.85,111.85,-31.90,-57.04,-59.86,56.00,-10.50,-0.95
2024/01/01 16:12:19.86,111.86,-31.91,-57.07,-59.86,55.68,-10.16,-0.93
2024/01/01 16:12:19.87,111.87,-31.90,-57.08,-59.85,55.53,-9.62,-0.94
2024/01/01 16:12:19.88,111.88,-31.87,-57.09,-59.84,55.54,-9.08,-0.91
2024/01/01 16:12:19.89,111.89,-31.82,-57.11,-59.81,55.59,-8.74,-0.88
2024/01/01 16:12:19.90,111.90,-31.77,-57.13,-59.78,55.58,-8.69,-0.87
2024/01/01 16:12:19.91,111.91,-31.71,-57.15,-59.76,55.51,-8.89,-0.88
2024/01/01 16:12:19.92,111.92,-31.65,-57.18,-59.75,55.48,-9.27,-0.85
2024/01/01 16:12:19.93,111.93,-31.60,-57.20,-59.77,55.61,-9.71,-0.80
2024/01/01 16:12:19.94,111.94,-31.54,-57.20,-59.79,55.90,-10.04,-0.76
2024/01/01 16:12:19.95,111.95,-31.47,-57.20,-59.82,56.23,-10.16,-0.77
2024/01/01 16:12:19.96,111.96,-31.39,-57.19,-59.84,56.47,-10.13,-0.83
2024/01/01 16:12:19.97,111.97,-31.30,-57.21,-59.85,56.61,-10.06,-0.88
2024/01/01 16:12:19.98,111.98,-31.21,-57.23,-59.85,56.73,-9.95,-0.89
2024/01/01 16:12:19.99,111.99,-31.13,-57.25,-59.84,56.87,-9.78,-0.89
2024/01/01 16:12:20.00,112.00,-31.08,-57.27,-59.84,57.06,-9.54,-0.91
2024/01/01 16:12:20.01,112.01,-31.05,-57.29,-59.84,57.26,-9.30,-0.90
2024/01/01 16:12:20.02,112.02,-31.03,-57.32,-59.85,57.41,-9.12,-0.87
2024/01/01 16:12:20.03,112.03,-30.99,-57.35,-59.85,57.48,-9.01,-0.81
2024/01/01 16:12:20.04,112.04,-30.96,-57.39,-59.83,57.53,-8.94,-0.79
2024/01/01 16:12:20.05,112.05,-30.93,-57.44,-59.81,57.60,-8.97,-0.85
2024/01/01 16:12:20.06,112.06,-30.91,-57.51,-59.79,57.67,-9.18,-0.92
2024/01/01 16:12:20.07,112.07,-30.90,-57.57,-59.78,57.65,-9.58,-0.95
2024/01/01 16:12:20.08,112.08,-30.91,-57.63,-59.75,57.53,-10.03,-0.93
2024/01/01 16:12:20.09,112.09,-30.91,-57.67,-59.72,57.33,-10.44,-0.88
2024/01/01 16:12:20.10,112.10,-30.90,-57.71,-59.70,57.12,-10.71,-0.81
2024/01/01 16:12:20.11,112.11,-30.87,-57.76,-59.67,56.96,-10.80,-0.73
2024/01/01 16:12:20.12,112.12,-30.85,-57.83,-59.65,56.90,-10.70,-0.67
2024/01/01 16:12:20.13,112.13,-30.83,-57.89,-59.63,56.95,-10.47,-0.65
2024/01/01 16:12:20.14,112.14,-30.83,-57.95,-59.62,57.04,-10.23,-0.70
2024/01/01 16:12:20.15,112.15,-30.82,-57.98,-59.61,57.11,-10.08,-0.79
2024/01/01 16:12:20.16,112.16,-30.83,-57.99,-59.59,57.10,-10.02,-0.82
2024/01/01 16:12:20.17,112.17,-30.84,-57.98,-59.57,56.97,-10.02,-0.79
2024/01/01 16:12:20.18,112.18,-30.85,-57.97,-59.54,56.74,-10.11,-0.73
2024/01/01 16:12:20.19,112.19,-30.87,-57.95,-59.53,56.54,-10.28,-0.67
2024/01/01 16:12:20.20,112.20,-30.90,-57.94,-59.53,56.49,-10.51,-0.59
2024/01/01 16:12:20.21,112.21,-30.93,-57.95,-59.53,56.63,-10.77,-0.51
2024/01/01 16:12:20.22,112.22,-30.95,-57.97,-59.52,56.91,-11.03,-0.45
2024/01/01 16:12:20.23,112.23,-30.97,-58.00,-59.51,57.22,-11.15,-0.40
2024/01/01 16:12:20.24,112.24,-30.98,-58.01,-59.51,57.50,-11.08,-0.39
2024/01/01 16:12:20.25,112.25,-31.00,-58.01,-59.50,57.71,-10.83,-0.41
2024/01/01 16:12:20.26,112.26,-31.01,-58.01,-59.50,57.84,-10.45,-0.45
2024/01/01 16:12:20.27,112.27,-31.02,-58.00,-59.50,57.86,-10.03,-0.45
2024/01/01 16:12:20.28,112.28,-31.00,-57.98,-59.51,57.79,-9.66,-0.47
2024/01/01 16:12:20.29,112.29,-30.96,-57.96,-59.52,57.63,-9.43,-0.54
2024/01/01 16:12:20.30,112.30,-30.93,-57.94,-59.54,57.36,-9.40,-0.66
2024/01/01 16:12:20.31,112.31,-30.92,-57.92,-59.56,57.05,-9.52,-0.78
2024/01/01 16:12:20.32,112.32,-30.93,-57.89,-59.57,56.81,-9.71,-0.83
2024/01/01 16:12:20.33,112.33,-30.96,-57.86,-59.58,56.67,-9.92,-0.81
2024/01/01 16:12:20.34,112.34,-31.00,-57.81,-59.61,56.63,-10.09,-0.80
2024/01/01 16:12:20.35,112.35,-31.02,-57.76,-59.65,56.65,-10.26,-0.81
2024/01/01 16:12:20.36,112.36,-31.02,-57.72,-59.70,56.69,-10.46,-0.76
2024/01/01 16:12:20.37,112.37,-31.01,-57.71,-59.72,56.74,-10.68,-0.69
2024/01/01 16:12:20.38,112.38,-31.01,-57.72,-59.74,56.83,-10.85,-0.69
2024/01/01 16:12:20.39,112.39,-31.02,-57.73,-59.77,56.99,-10.88,-0.75
2024/01/01 16:12:20.40,112.40,-31.05,-57.74,-59.80,57.16,-10.75,-0.81
2024/01/01 16:12:20.41,112.41,-31.09,-57.73,-59.83,57.28,-10.51,-0.85
2024/01/01 16:12:20.42,112.42,-31.12,-57.71,-59.85,57.26,-10.20,-0.91
2024/01/01 16:12:20.43,112.43,-31.15,-57.69,-59.87,57.09,-9.87,-1.02
2024/01/01 16:12:20.44,112.44,-31.18,-57.67,-59.90,56.84,-9.63,-1.10
2024/01/01 16:12:20.45,112.45,-31.22,-57.66,-59.94,56.64,-9.54,-1.08
2024/01/01 16:12:20.46,112.46,-31.26,-57.66,-59.98,56.59,-9.56,-0.99
2024/01/01 16:12:20.47,112.47,-31.30,-57.66,-60.01,56.72,-9.66,-0.94
2024/01/01 16:12:20.48,112.48,-31.33,-57.67,-60.02,56.95,-9.80,-0.95
2024/01/01 16:12:20.49,112.49,-31.35,-57.68,-60.03,57.13,-9.91,-1.00
2024/01/01 16:12:20.50,112.50,-31.36,-57.68,-60.02,57.16,-9.95,-1.04
2024/01/01 16:12:20.51,112.51,-31.37,-57.67,-60.01,57.01,-9.92,-1.04
2024/01/01 16:12:20.52,112.52,-31.36,-57.64,-59.99,56.75,-9.87,-1.04
2024/01/01 16:12:20.53,112.53,-31.35,-57.60,-59.98,56.45,-9.84,-1.04
2024/01/01 16:12:20.54,112.54,-31.34,-57.56,-59.98,56.22,-9.85,-1.02
2024/01/01 16:12:20.55,112.55,-31.34,-57.54,-59.98,56.06,-9.91,-0.99
2024/01/01 16:12:20.56,112.56,-31.33,-57.54,-59.99,55.98,-10.01,-1.01
2024/01/01 16:12:20.57,112.57,-31.32,-57.56,-60.00,55.97,-10.08,-1.06
2024/01/01 16:12:20.58,112.58,-31.31,-57.58,-59.99,56.01,-10.10,-1.07
2024/01/01 16:12:20.59,112.59,-31.31,-57.61,-59.99,56.11,-10.08,-1.06
2024/01/01 16:12:20.60,112.60,-31.30,-57.63,-59.99,56.26,-10.04,-1.10
2024/01/01 16:12:20.61,112.61,-31.30,-57.65,-59.99,56.47,-10.01,-1.14
2024/01/01 16:12:20.62,112.62,-31.30,-57.66,-59.99,56.68,-10.02,-1.11
2024/01/01 16:12:20.63,112.63,-31.31,-57.68,-60.00,56.87,-10.08,-1.08
2024/01/01 16:12:20.64,112.64,-31.33,-57.71,-60.02,56.97,-10.16,-1.10
2024/01/01 16:12:20.65,112.65,-31.35,-57.74,-60.04,56.96,-10.23,-1.13
2024/01/01 16:12:20.66,112.66,-31.37,-57.77,-60.06,56.86,-10.26,-1.09
2024/01/01 16:12:20.67,112.67,-31.39,-57.79,-60.08,56.74,-10.23,-1.03
2024/01/01 16:12:20.68,112.68,-31.42,-57.78,-60.09,56.66,-10.15,-1.03
2024/01/01 16:12:20.69,112.69,-31.44,-57.77,-60.11,56.67,-10.04,-1.10
2024/01/01 16:12:20.70,112.70,-31.45,-57.77,-60.15,56.77,-9.92,-1.14
2024/01/01 16:12:20.71,112.71,-31.43,-57.77,-60.18,56.88,-9.84,-1.12
2024/01/01 16:12:20.72,112.72,-31.40,-57.77,-60.19,56.92,-9.84,-1.07
2024/01/01 16:12:20.73,112.73,-31.38,-57.79,-60.20,56.85,-9.92,-1.06
2024/01/01 16:12:20.74,112.74,-31.37,-57.81,-60.20,56.69,-10.08,-1.15
2024/01/01 16:12:20.75,112.75,-31.38,-57.82,-60.21,56.47,-10.28,-1.25
2024/01/01 16:12:20.76,112.76,-31.41,-57.83,-60.21,56.23,-10.46,-1.26
2024/01/01 16:12:20.77,112.77,-31.45,-57.81,-60.21,56.00,-10.56,-1.26
2024/01/01 16:12:20.78,112.78,-31.50,-57.78,-60.19,55.82,-10.54,-1.32
2024/01/01 16:12:20.79,112.79,-31.55,-57.73,-60.18,55.75,-10.44,-1.39
2024/01/01 16:12:20.80,112.80,-31.60,-57.68,-60.18,55.85,-10.32,-1.37
2024/01/01 16:12:20.81,112.81,-31.65,-57.63,-60.18,56.05,-10.21,-1.29
2024/01/01 16:12:20.82,112.82,-31.69,-57.58,-60.16,56.29,-10.09,-1.18
2024/01/01 16:12:20.83,112.83,-31.72,-57.53,-60.15,56.49,-9.97,-1.11
2024/01/01 16:12:20.84,112.84,-31.73,-57.47,-60.13,56.58,-9.88,-1.11
2024/01/01 16:12:20.85,112.85,-31.75,-57.41,-60.11,56.56,-9.84,-1.14
2024/01/01 16:12:20.86,112.86,-31.77,-57.36,-60.09,56.48,-9.82,-1.13
2024/01/01 16:12:20.87,112.87,-31.79,-57.32,-60.09,56.37,-9.84,-1.10
2024/01/01 16:12:20.88,112.88,-31.79,-57.28,-60.09,56.25,-9.83,-1.09
2024/01/01 16:12:20.89,112.89,-31.78,-57.26,-60.09,56.13,-9.78,-1.09
2024/01/01 16:12:20.90,112.90,-31.76,-57.24,-60.10,56.01,-9.70,-1.08
2024/01/01 16:12:20.91,112.91,-31.74,-57.24,-60.11,55.92,-9.59,-1.08
2024/01/01 16:12:20.92,112.92,-31.74,-57.24,-60.12,55.89,-9.44,-1.07
2024/01/01 16:12:20.93,112.93,-31.75,-57.25,-60.12,55.92,-9.28,-1.07
2024/01/01 16:12:20.94,112.94,-31.79,-57.26,-60.12,56.00,-9.17,-1.10
2024/01/01 16:12:20.95,112.95,-31.84,-57.28,-60.13,56.10,-9.12,-1.16
2024/01/01 16:12:20.96,112.96,-31.89,-57.30,-60.13,56.15,-9.12,-1.16
2024/01/01 16:12:20.97,112.97,-31.93,-57.31,-60.13,56.18,-9.16,-1.10
2024/01/01 16:12:20.98,112.98,-31.97,-57.31,-60.13,56.21,-9.26,-1.06
2024/01/01 16:12:20.99,112.99,-32.00,-57.30,-60.14,56.26,-9.40,-1.07
2024/01/01 16:12:21.00,113.00,-32.03,-57.28,-60.14,56.30,-9.54,-1.09
2024/01/01 16:12:21.01,113.01,-32.05,-57.27,-60.13,56.25,-9.65,-1.08
2024/01/01 16:12:21.02,113.02,-32.06,-57.28,-60.12,56.11,-9.75,-1.06
2024/01/01 16:12:21.03,113.03,-32.07,-57.29,-60.11,55.91,-9.86,-1.07
2024/01/01 16:12:21.04,113.04,-32.09,-57.33,-60.10,55.69,-9.99,-1.11
2024/01/01 16:12:21.05,113.05,-32.13,-57.39,-60.11,55.52,-10.14,-1.12
2024/01/01 16:12:21.06,113.06,-32.16,-57.46,-60.14,55.43,-10.25,-1.09
2024/01/01 16:12:21.07,113.07,-32.20,-57.52,-60.16,55.41,-10.26,-1.05
2024/01/01 16:12:21.08,113.08,-32.24,-57.54,-60.17,55.42,-10.16,-1.06
2024/01/01 16:12:21.09,113.09,-32.30,-57.54,-60.17,55.42,-9.99,-1.18
2024/01/01 16:12:21.10,113.10,-32.34,-57.51,-60.18,55.44,-9.85,-1.38
2024/01/01 16:12:21.11,113.11,-32.35,-57.48,-60.21,55.48,-9.78,-1.48
2024/01/01 16:12:21.12,113.12,-32.34,-57.45,-60.24,55.52,-9.84,-1.37
2024/01/01 16:12:21.13,113.13,-32.31,-57.41,-60.27,55.51,-10.03,-1.19
2024/01/01 16:12:21.14,113.14,-32.27,-57.37,-60.30,55.47,-10.26,-1.10
2024/01/01 16:12:21.15,113.15,-32.23,-57.34,-60.34,55.44,-10.40,-1.12
2024/01/01 16:12:21.16,113.16,-32.20,-57.31,-60.39,55.46,-10.39,-1.17
2024/01/01 16:12:21.17,113.17,-32.19,-57.30,-60.44,55.51,-10.23,-1.23
2024/01/01 16:12:21.18,113.18,-32.20,-57.29,-60.50,55.54,-9.94,-1.34
2024/01/01 16:12:21.19,113.19,-32.21,-57.29,-60.54,55.50,-9.56,-1.48
2024/01/01 16:12:21.20,113.20,-32.21,-57.27,-60.57,55.41,-9.20,-1.58
2024/01/01 16:12:21.21,113.21,-32.22,-57.23,-60.59,55.36,-8.95,-1.62
2024/01/01 16:12:21.22,113.22,-32.23,-57.17,-60.60,55.40,-8.84,-1.63
2024/01/01 16:12:21.23,113.23,-32.25,-57.10,-60.61,55.52,-8.88,-1.63
2024/01/01 16:12:21.24,113.24,-32.28,-57.03,-60.60,55.67,-9.04,-1.59
2024/01/01 16:12:21.25,113.25,-32.30,-56.98,-60.58,55.77,-9.28,-1.54
2024/01/01 16:12:21.26,113.26,-32.31,-56.94,-60.54,55.78,-9.57,-1.48
2024/01/01 16:12:21.27,113.27,-32.31,-56.92,-60.48,55.72,-9.84,-1.38
2024/01/01 16:12:21.28,113.28,-32.30,-56.91,-60.42,55.66,-10.03,-1.29
2024/01/01 16:12:21.29,113.29,-32.28,-56.93,-60.36,55.61,-10.09,-1.25
2024/01/01 16:12:21.30,113.30,-32.27,-56.95,-60.30,55.58,-9.97,-1.21
2024/01/01 16:12:21.31,113.31,-32.25,-56.98,-60.24,55.53,-9.64,-1.18
2024/01/01 16:12:21.32,113.32,-32.22,-57.00,-60.20,55.44,-9.18,-1.17
2024/01/01 16:12:21.33,113.33,-32.21,-57.03,-60.17,55.36,-8.75,-1.15
2024/01/01 16:12:21.34,113.34,-32.21,-57.06,-60.13,55.30,-8.50,-1.07
2024/01/01 16:12:21.35,113.35,-32.21,-57.07,-60.10,55.29,-8.48,-1.01
2024/01/01 16:12:21.36,113.36,-32.22,-57.06,-60.08,55.35,-8.67,-1.02
2024/01/01 16:12:21.37,113.37,-32.25,-57.06,-60.06,55.47,-8.98,-1.02
2024/01/01 16:12:21.38,113.38,-32.29,-57.08,-60.04,55.64,-9.35,-0.95
2024/01/01 16:12:21.39,113.39,-32.33,-57.11,-60.02,55.80,-9.70,-0.87
2024/01/01 16:12:21.40,113.40,-32.35,-57.14,-59.99,55.90,-9.99,-0.85
2024/01/01 16:12:21.41,113.41,-32.35,-57.15,-59.97,55.93,-10.22,-0.87
2024/01/01 16:12:21.42,113.42,-32.33,-57.17,-59.96,55.86,-10.38,-0.84
2024/01/01 16:12:21.43,113.43,-32.31,-57.20,-59.95,55.71,-10.44,-0.77
2024/01/01 16:12:21.44,113.44,-32.28,-57.24,-59.95,55.53,-10.36,-0.73
2024/01/01 16:12:21.45,113.45,-32.23,-57.27,-59.95,55.38,-10.10,-0.80
2024/01/01 16:12:21.46,113.46,-32.18,-57.29,-59.95,55.26,-9.79,-0.98
2024/01/01 16:12:21.47,113.47,-32.15,-57.31,-59.94,55.17,-9.59,-1.12
2024/01/01 16:12:21.48,113.48,-32.14,-57.32,-59.92,55.10,-9.56,-1.18
2024/01/01 16:12:21.49,113.49,-32.14,-57.30,-59.91,55.08,-9.60,-1.21
2024/01/01 16:12:21.50,113.50,-32.14,-57.25,-59.90,55.21,-9.62,-1.24
2024/01/01 16:12:21.51,113.51,-32.15,-57.20,-59.89,55.47,-9.63,-1.17
2024/01/01 16:12:21.52,113.52,-32.17,-57.15,-59.90,55.76,-9.68,-1.02
2024/01/01 16:12:21.53,113.53,-32.18,-57.14,-59.90,55.99,-9.73,-0.89
2024/01/01 16:12:21.54,113.54,-32.19,-57.14,-59.89,56.13,-9.75,-0.78
2024/01/01 16:12:21.55,113.55,-32.19,-57.16,-59.87,56.24,-9.75,-0.67
2024/01/01 16:12:21.56,113.56,-32.18,-57.18,-59.86,56.33,-9.81,-0.62
2024/01/01 16:12:21.57,113.57,-32.14,-57.21,-59.87,56.42,-9.89,-0.67
2024/01/01 16:12:21.58,113.58,-32.09,-57.26,-59.89,56.42,-9.89,-0.77
2024/01/01 16:12:21.59,113.59,-32.03,-57.30,-59.91,56.27,-9.75,-0.86
2024/01/01 16:12:21.60,113.60,-31.95,-57.32,-59.94,55.99,-9.51,-0.91
2024/01/01 16:12:21.61,113.61,-31.88,-57.33,-59.96,55.70,-9.26,-0.96
2024/01/01 16:12:21.62,113.62,-31.83,-57.33,-59.97,55.55,-9.06,-0.99
2024/01/01 16:12:21.63,113.63,-31.79,-57.32,-59.97,55.58,-8.99,-0.99
2024/01/01 16:12:21.64,113.64,-31.77,-57.32,-59.96,55.70,-9.06,-0.95
2024/01/01 16:12:21.65,113.65,-31.76,-57.31,-59.95,55.81,-9.25,-0.95
2024/01/01 16:12:21.66,113.66,-31.78,-57.29,-59.93,55.84,-9.55,-0.97
2024/01/01 16:12:21.67,113.67,-31.80,-57.29,-59.94,55.85,-9.93,-0.97
2024/01/01 16:12:21.68,113.68,-31.83,-57.30,-59.96,55.94,-10.27,-0.96
2024/01/01 16:12:21.69,113.69,-31.86,-57.32,-59.98,56.14,-10.49,-0.91
2024/01/01 16:12:21.70,113.70,-31.91,-57.35,-60.00,56.38,-10.51,-0.85
2024/01/01 16:12:21.71,113.71,-31.95,-57.39,-60.01,56.55,-10.36,-0.86
2024/01/01 16:12:21.72,113.72,-32.00,-57.43,-60.02,56.59,-10.09,-0.91
2024/01/01 16:12:21.73,113.73,-32.03,-57.45,-60.02,56.53,-9.77,-0.94
2024/01/01 16:12:21.74,113.74,-32.05,-57.45,-60.02,56.43,-9.48,-0.96
2024/01/01 16:12:21.75,113.75,-32.03,-57.44,-60.01,56.35,-9.29,-1.02
2024/01/01 16:12:21.76,113.76,-32.01,-57.44,-60.01,56.25,-9.23,-1.08
2024/01/01 16:12:21.77,113.77,-32.00,-57.45,-60.01,56.10,-9.32,-1.09
2024/01/01 16:12:21.78,113.78,-32.01,-57.47,-60.01,55.89,-9.53,-1.07
2024/01/01 16:12:21.79,113.79,-32.04,-57.48,-60.00,55.63,-9.84,-1.04
2024/01/01 16:12:21.80,113.80,-32.08,-57.47,-59.99,55.36,-10.12,-1.03
2024/01/01 16:12:21.81,113.81,-32.13,-57.44,-59.98,55.17,-10.30,-1.03
2024/01/01 16:12:21.82,113.82,-32.16,-57.41,-59.95,55.13,-10.35,-1.03
2024/01/01 16:12:21.83,113.83,-32.18,-57.39,-59.91,55.24,-10.30,-1.02
2024/01/01 16:12:21.84,113.84,-32.17,-57.37,-59.89,55.47,-10.21,-1.00
2024/01/01 16:12:21.85,113.85,-32.15,-57.36,-59.88,55.71,-10.15,-0.97
2024/01/01 16:12:21.86,113.86,-32.14,-57.35,-59.84,55.85,-10.13,-0.88
2024/01/01 16:12:21.87,113.87,-32.13,-57.34,-59.80,55.84,-10.13,-0.76
2024/01/01 16:12:21.88,113.88,-32.14,-57.33,-59.75,55.73,-10.06,-0.71
2024/01/01 16:12:21.89,113.89,-32.16,-57.31,-59.71,55.64,-9.86,-0.72
2024/01/01 16:12:21.90,113.90,-32.17,-57.27,-59.70,55.62,-9.57,-0.65
2024/01/01 16:12:21.91,113.91,-32.19,-57.24,-59.71,55.66,-9.30,-0.54
2024/01/01 16:12:21.92,113.92,-32.20,-57.21,-59.72,55.75,-9.14,-0.45
2024/01/01 16:12:21.93,113.93,-32.20,-57.17,-59.72,55.85,-9.12,-0.39
2024/01/01 16:12:21.94,113.94,-32.20,-57.12,-59.72,55.96,-9.23,-0.41
2024/01/01 16:12:21.95,113.95,-32.19,-57.05,-59.72,56.06,-9.42,-0.56
2024/01/01 16:12:21.96,113.96,-32.18,-56.97,-59.73,56.14,-9.58,-0.75
2024/01/01 16:12:21.97,113.97,-32.17,-56.90,-59.75,56.16,-9.67,-0.83
2024/01/01 16:12:21.98,113.98,-32.16,-56.87,-59.77,56.12,-9.70,-0.85
2024/01/01 16:12:21.99,113.99,-32.17,-56.87,-59.80,56.04,-9.69,-0.84
2024/01/01 16:12:22.00,114.00,-32.18,-56.89,-59.83,55.96,-9.64,-0.74
2024/01/01 16:12:22.01,114.01,-32.19,-56.92,-59.86,55.89,-9.57,-0.63
2024/01/01 16:12:22.02,114.02,-32.19,-56.95,-59.89,55.82,-9.50,-0.62
2024/01/01 16:12:22.03,114.03,-32.17,-56.98,-59.92,55.72,-9.38,-0.72
2024/01/01 16:12:22.04,114.04,-32.16,-57.00,-59.94,55.58,-9.21,-0.88
2024/01/01 16:12:22.05,114.05,-32.16,-57.02,-59.98,55.41,-8.99,-1.04
2024/01/01 16:12:22.06,114.06,-32.15,-57.03,-60.02,55.30,-8.78,-1.17
2024/01/01 16:12:22.07,114.07,-32.16,-57.03,-60.06,55.29,-8.66,-1.25
2024/01/01 16:12:22.08,114.08,-32.19,-57.04,-60.09,55.38,-8.71,-1.27
2024/01/01 16:12:22.09,114.09,-32.22,-57.07,-60.12,55.52,-8.90,-1.26
2024/01/01 16:12:22.10,114.10,-32.27,-57.10,-60.14,55.61,-9.18,-1.20
2024/01/01 16:12:22.11,114.11,-32.30,-57.13,-60.15,55.63,-9.51,-1.12
2024/01/01 16:12:22.12,114.12,-32.32,-57.14,-60.16,55.62,-9.81,-1.03
2024/01/01 16:12:22.13,114.13,-32.34,-57.15,-60.17,55.63,-10.03,-1.01
2024/01/01 16:12:22.14,114.14,-32.36,-57.18,-60.17,55.70,-10.12,-1.06
2024/01/01 16:12:22.15,114.15,-32.37,-57.23,-60.17,55.78,-10.08,-1.14
2024/01/01 16:12:22.16,114.16,-32.38,-57.27,-60.16,55.80,-9.92,-1.13
2024/01/01 16:12:22.17,114.17,-32.39,-57.31,-60.16,55.70,-9.74,-1.05
2024/01/01 16:12:22.18,114.18,-32.41,-57.32,-60.14,55.54,-9.63,-1.02
2024/01/01 16:12:22.19,114.19,-32.44,-57.32,-60.12,55.38,-9.65,-1.04
2024/01/01 16:12:22.20,114.20,-32.45,-57.31,-60.10,55.29,-9.77,-1.06
2024/01/01 16:12:22.21,114.21,-32.46,-57.28,-60.08,55.29,-9.91,-1.06
2024/01/01 16:12:22.22,114.22,-32.47,-57.23,-60.07,55.35,-10.03,-1.01
2024/01/01 16:12:22.23,114.23,-32.48,-57.18,-60.07,55.44,-10.10,-0.94
2024/01/01 16:12:22.24,114.24,-32.50,-57.13,-60.07,55.53,-10.10,-0.93
2024/01/01 16:12:22.25,114.25,-32.51,-57.09,-60.07,55.59,-10.00,-0.95
2024/01/01 16:12:22.26,114.26,-32.51,-57.05,-60.07,55.60,-9.83,-0.92
2024/01/01 16:12:22.27,114.27,-32.51,-57.03,-60.09,55.51,-9.66,-0.91
2024/01/01 16:12:22.28,114.28,-32.51,-57.01,-60.10,55.36,-9.54,-0.94
2024/01/01 16:12:22.29,114.29,-32.50,-56.99,-60.09,55.18,-9.46,-0.98
2024/01/01 16:12:22.30,114.30,-32.48,-56.96,-60.09,55.02,-9.37,-1.06
2024/01/01 16:12:22.31,114.31,-32.46,-56.91,-60.09,54.93,-9.26,-1.16
2024/01/01 16:12:22.32,114.32,-32.43,-56.86,-60.11,54.90,-9.13,-1.21
2024/01/01 16:12:22.33,114.33,-32.42,-56.83,-60.11,54.89,-8.98,-1.16
2024/01/01 16:12:22.34,114.34,-32.41,-56.81,-60.11,54.90,-8.88,-1.09
2024/01/01 16:12:22.35,114.35,-32.39,-56.78,-60.10,54.92,-8.84,-1.06
2024/01/01 16:12:22.36,114.36,-32.35,-56.76,-60.09,54.97,-8.89,-1.06
2024/01/01 16:12:22.37,114.37,-32.30,-56.72,-60.08,55.05,-9.04,-1.02
2024/01/01 16:12:22.38,114.38,-32.25,-56.69,-60.07,55.16,-9.23,-0.98
2024/01/01 16:12:22.39,114.39,-32.21,-56.68,-60.07,55.32,-9.35,-0.98
2024/01/01 16:12:22.40,114.40,-32.19,-56.68,-60.06,55.52,-9.33,-0.99
2024/01/01 16:12:22.41,114.41,-32.20,-56.69,-60.06,55.75,-9.21,-0.98
2024/01/01 16:12:22.42,114.42,-32.22,-56.73,-60.05,55.94,-9.07,-0.93
2024/01/01 16:12:22.43,114.43,-32.25,-56.76,-60.03,56.06,-8.99,-0.91
2024/01/01 16:12:22.44,114.44,-32.27,-56.79,-59.99,56.10,-8.96,-0.89
2024/01/01 16:12:22.45,114.45,-32.28,-56.82,-59.94,56.05,-9.01,-0.85
2024/01/01 16:12:22.46,114.46,-32.26,-56.84,-59.90,55.95,-9.11,-0.81
2024/01/01 16:12:22.47,114.47,-32.24,-56.87,-59.87,55.90,-9.22,-0.76
2024/01/01 16:12:22.48,114.48,-32.22,-56.90,-59.83,55.91,-9.30,-0.66
2024/01/01 16:12:22.49,114.49,-32.19,-56.93,-59.80,55.93,-9.32,-0.60
2024/01/01 16:12:22.50,114.50,-32.18,-56.95,-59.77,55.89,-9.32,-0.67
2024/01/01 16:12:22.51,114.51,-32.17,-56.95,-59.75,55.75,-9.36,-0.80
2024/01/01 16:12:22.52,114.52,-32.15,-56.94,-59.74,55.51,-9.44,-0.91
2024/01/01 16:12:22.53,114.53,-32.12,-56.93,-59.75,55.29,-9.51,-0.98
2024/01/01 16:12:22.54,114.54,-32.08,-56.94,-59.76,55.18,-9.55,-0.96
2024/01/01 16:12:22.55,114.55,-32.05,-56.97,-59.78,55.23,-9.56,-0.87
2024/01/01 16:12:22.56,114.56,-32.03,-57.01,-59.79,55.38,-9.61,-0.79
2024/01/01 16:12:22.57,114.57,-32.03,-57.05,-59.80,55.57,-9.69,-0.77
2024/01/01 16:12:22.58,114.58,-32.06,-57.06,-59.81,55.70,-9.75,-0.80
2024/01/01 16:12:22.59,114.59,-32.09,-57.06,-59.82,55.76,-9.77,-0.85
2024/01/01 16:12:22.60,114.60,-32.12,-57.06,-59.84,55.79,-9.71,-0.89
2024/01/01 16:12:22.61,114.61,-32.16,-57.05,-59.86,55.85,-9.57,-0.89
2024/01/01 16:12:22.62,114.62,-32.21,-57.04,-59.87,55.97,-9.40,-0.84
2024/01/01 16:12:22.63,114.63,-32.26,-57.03,-59.89,56.14,-9.25,-0.79
2024/01/01 16:12:22.64,114.64,-32.28,-57.01,-59.89,56.34,-9.20,-0.76
2024/01/01 16:12:22.65,114.65,-32.29,-57.00,-59.88,56.52,-9.27,-0.74
2024/01/01 16:12:22.66,114.66,-32.29,-56.98,-59.86,56.59,-9.40,-0.75
2024/01/01 16:12:22.67,114.67,-32.28,-56.98,-59.84,56.49,-9.49,-0.80
2024/01/01 16:12:22.68,114.68,-32.27,-56.97,-59.81,56.24,-9.50,-0.84
2024/01/01 16:12:22.69,114.69,-32.25,-56.98,-59.78,55.88,-9.47,-0.80
2024/01/01 16:12:22.70,114.70,-32.22,-56.98,-59.74,55.49,-9.43,-0.73
2024/01/01 16:12:22.71,114.71,-32.18,-56.98,-59.70,55.13,-9.40,-0.71
2024/01/01 16:12:22.72,114.72,-32.14,-57.00,-59.68,54.84,-9.35,-0.70
2024/01/01 16:12:22.73,114.73,-32.12,-57.04,-59.67,54.64,-9.30,-0.69
2024/01/01 16:12:22.74,114.74,-32.12,-57.10,-59.67,54.55,-9.25,-0.66
2024/01/01 16:12:22.75,114.75,-32.13,-57.14,-59.66,54.57,-9.23,-0.66
2024/01/01 16:12:22.76,114.76,-32.14,-57.17,-59.66,54.73,-9.27,-0.70
2024/01/01 16:12:22.77,114.77,-32.12,-57.18,-59.68,55.04,-9.37,-0.75
2024/01/01 16:12:22.78,114.78,-32.08,-57.18,-59.72,55.44,-9.51,-0.69
2024/01/01 16:12:22.79,114.79,-32.05,-57.19,-59.76,55.86,-9.68,-0.56
2024/01/01 16:12:22.80,114.80,-32.02,-57.19,-59.80,56.21,-9.85,-0.54
2024/01/01 16:12:22.81,114.81,-32.00,-57.20,-59.83,56.48,-9.97,-0.68
2024/01/01 16:12:22.82,114.82,-31.98,-57.20,-59.85,56.62,-10.04,-0.87
2024/01/01 16:12:22.83,114.83,-31.96,-57.20,-59.87,56.63,-10.08,-0.97
2024/01/01 16:12:22.84,114.84,-31.93,-57.23,-59.89,56.53,-10.08,-0.94
2024/01/01 16:12:22.85,114.85,-31.89,-57.27,-59.89,56.37,-10.01,-0.86
2024/01/01 16:12:22.86,114.86,-31.86,-57.32,-59.87,56.26,-9.87,-0.80
2024/01/01 16:12:22.87,114.87,-31.82,-57.35,-59.82,56.25,-9.72,-0.77
2024/01/01 16:12:22.88,114.88,-31.79,-57.38,-59.78,56.34,-9.63,-0.79
2024/01/01 16:12:22.89,114.89,-31.77,-57.40,-59.74,56.42,-9.63,-0.84
2024/01/01 16:12:22.90,114.90,-31.78,-57.42,-59.71,56.38,-9.69,-0.85
2024/01/01 16:12:22.91,114.91,-31.80,-57.43,-59.68,56.22,-9.77,-0.81
2024/01/01 16:12:22.92,114.92,-31.81,-57.42,-59.64,56.03,-9.85,-0.78
2024/01/01 16:12:22.93,114.93,-31.80,-57.39,-59.62,55.92,-9.95,-0.74
2024/01/01 16:12:22.94,114.94,-31.79,-57.35,-59.61,55.94,-10.09,-0.63
2024/01/01 16:12:22.95,114.95,-31.80,-57.32,-59.61,56.06,-10.24,-0.47
2024/01/01 16:12:22.96,114.96,-31.82,-57.30,-59.61,56.20,-10.34,-0.37
2024/01/01 16:12:22.97,114.97,-31.85,-57.29,-59.62,56.27,-10.31,-0.43
2024/01/01 16:12:22.98,114.98,-31.87,-57.28,-59.64,56.24,-10.13,-0.58
2024/01/01 16:12:22.99,114.99,-31.88,-57.27,-59.67,56.11,-9.85,-0.69
2024/01/01 16:12:23.00,115.00,-31.87,-57.26,-59.70,55.95,-9.58,-0.74
2024/01/01 16:12:23.01,115.01,-31.86,-57.24,-59.72,55.80,-9.34,-0.74
2024/01/01 16:12:23.02,115.02,-31.83,-57.20,-59.74,55.73,-9.11,-0.74
2024/01/01 16:12:23.03,115.03,-31.79,-57.16,-59.76,55.77,-8.92,-0.75
2024/01/01 16:12:23.04,115.04,-31.75,-57.14,-59.78,55.89,-8.82,-0.76
2024/01/01 16:12:23.05,115.05,-31.69,-57.13,-59.78,56.03,-8.81,-0.78
2024/01/01 16:12:23.06,115.06,-31.64,-57.15,-59.78,56.10,-8.91,-0.83
2024/01/01 16:12:23.07,115.07,-31.60,-57.16,-59.80,56.07,-9.15,-0.90
2024/01/01 16:12:23.08,115.08,-31.57,-57.18,-59.82,56.00,-9.49,-0.96
2024/01/01 16:12:23.09,115.09,-31.55,-57.18,-59.84,55.98,-9.80,-0.94
2024/01/01 16:12:23.10,115.10,-31.54,-57.18,-59.84,56.08,-9.98,-0.87
2024/01/01 16:12:23.11,115.11,-31.53,-57.19,-59.84,56.29,-9.95,-0.83
2024/01/01 16:12:23.12,115.12,-31.52,-57.22,-59.84,56.52,-9.77,-0.86
2024/01/01 16:12:23.13,115.13,-31.49,-57.25,-59.84,56.66,-9.52,-0.87
2024/01/01 16:12:23.14,115.14,-31.47,-57.30,-59.84,56.71,-9.35,-0.85
2024/01/01 16:12:23.15,115.15,-31.45,-57.34,-59.84,56.71,-9.31,-0.85
2024/01/01 16:12:23.16,115.16,-31.42,-57.37,-59.84,56.73,-9.41,-0.84
2024/01/01 16:12:23.17,115.17,-31.40,-57.39,-59.83,56.75,-9.59,-0.82
2024/01/01 16:12:23.18,115.18,-31.38,-57.40,-59.82,56.76,-9.80,-0.82
2024/01/01 16:12:23.19,115.19,-31.37,-57.39,-59.81,56.72,-9.96,-0.86
2024/01/01 16:12:23.20,115.20,-31.36,-57.37,-59.79,56.65,-10.05,-0.94
2024/01/01 16:12:23.21,115.21,-31.34,-57.37,-59.77,56.60,-10.09,-1.00
2024/01/01 16:12:23.22,115.22,-31.31,-57.38,-59.74,56.61,-10.12,-0.99
2024/01/01 16:12:23.23,115.23,-31.27,-57.41,-59.71,56.64,-10.17,-0.93
2024/01/01 16:12:23.24,115.24,-31.23,-57.46,-59.67,56.65,-10.24,-0.85
2024/01/01 16:12:23.25,115.25,-31.19,-57.51,-59.63,56.63,-10.29,-0.72
2024/01/01 16:12:23.26,115.26,-31.15,-57.54,-59.58,56.63,-10.27,-0.59
2024/01/01 16:12:23.27,115.27,-31.12,-57.56,-59.52,56.65,-10.16,-0.52
2024/01/01 16:12:23.28,115.28,-31.08,-57.58,-59.48,56.68,-9.93,-0.50
2024/01/01 16:12:23.29,115.29,-31.06,-57.57,-59.45,56.73,-9.64,-0.52
2024/01/01 16:12:23.30,115.30,-31.06,-57.56,-59.44,56.78,-9.39,-0.58
2024/01/01 16:12:23.31,115.31,-31.07,-57.54,-59.43,56.84,-9.27,-0.61
2024/01/01 16:12:23.32,115.32,-31.07,-57.52,-59.42,56.93,-9.30,-0.58
2024/01/01 16:12:23.33,115.33,-31.06,-57.51,-59.40,57.05,-9.45,-0.52
2024/01/01 16:12:23.34,115.34,-31.02,-57.51,-59.38,57.20,-9.66,-0.46
2024/01/01 16:12:23.35,115.35,-30.96,-57.50,-59.36,57.35,-9.86,-0.39
2024/01/01 16:12:23.36,115.36,-30.89,-57.48,-59.34,57.46,-10.02,-0.31
2024/01/01 16:12:23.37,115.37,-30.83,-57.46,-59.31,57.53,-10.13,-0.24
2024/01/01 16:12:23.38,115.38,-30.77,-57.45,-59.28,57.53,-10.14,-0.23
2024/01/01 16:12:23.39,115.39,-30.72,-57.45,-59.26,57.46,-9.98,-0.29
2024/01/01 16:12:23.40,115.40,-30.67,-57.45,-59.25,57.30,-9.69,-0.36
2024/01/01 16:12:23.41,115.41,-30.65,-57.46,-59.24,57.08,-9.38,-0.36
2024/01/01 16:12:23.42,115.42,-30.66,-57.46,-59.21,56.89,-9.16,-0.34
2024/01/01 16:12:23.43,115.43,-30.67,-57.47,-59.19,56.86,-9.12,-0.39
2024/01/01 16:12:23.44,115.44,-30.69,-57.48,-59.18,57.02,-9.27,-0.45
2024/01/01 16:12:23.45,115.45,-30.72,-57.48,-59.18,57.29,-9.57,-0.39
2024/01/01 16:12:23.46,115.46,-30.74,-57.47,-59.19,57.56,-9.94,-0.25
2024/01/01 16:12:23.47,115.47,-30.76,-57.47,-59.20,57.75,-10.24,-0.16
2024/01/01 16:12:23.48,115.48,-30.78,-57.47,-59.20,57.85,-10.38,-0.11
2024/01/01 16:12:23.49,115.49,-30.78,-57.48,-59.20,57.90,-10.34,-0.08
2024/01/01 16:12:23.50,115.50,-30.77,-57.50,-59.22,57.91,-10.17,-0.08
2024/01/01 16:12:23.51,115.51,-30.75,-57.54,-59.24,57.85,-9.94,-0.14
2024/01/01 16:12:23.52,115.52,-30.74,-57.58,-59.26,57.69,-9.71,-0.25
2024/01/01 16:12:23.53,115.53,-30.73,-57.60,-59.29,57.45,-9.53,-0.40
2024/01/01 16:12:23.54,115.54,-30.74,-57.59,-59.32,57.20,-9.45,-0.58
2024/01/01 16:12:23.55,115.55,-30.75,-57.59,-59.34,57.05,-9.45,-0.71
2024/01/01 16:12:23.56,115.56,-30.76,-57.60,-59.35,57.01,-9.53,-0.73
2024/01/01 16:12:23.57,115.57,-30.76,-57.62,-59.36,57.02,-9.66,-0.69
2024/01/01 16:12:23.58,115.58,-30.78,-57.62,-59.37,57.03,-9.81,-0.63
2024/01/01 16:12:23.59,115.59,-30.79,-57.61,-59.37,57.00,-9.97,-0.57
2024/01/01 16:12:23.60,115.60,-30.82,-57.60,-59.37,56.95,-10.12,-0.53
2024/01/01 16:12:23.61,115.61,-30.85,-57.59,-59.38,56.91,-10.25,-0.53
2024/01/01 16:12:23.62,115.62,-30.90,-57.59,-59.39,56.90,-10.32,-0.52
2024/01/01 16:12:23.63,115.63,-30.94,-57.61,-59.40,56.91,-10.32,-0.50
2024/01/01 16:12:23.64,115.64,-30.97,-57.62,-59.42,56.91,-10.31,-0.49
2024/01/01 16:12:23.65,115.65,-31.00,-57.64,-59.43,56.93,-10.30,-0.49
2024/01/01 16:12:23.66,115.66,-31.03,-57.65,-59.43,56.98,-10.32,-0.47
2024/01/01 16:12:23.67,115.67,-31.05,-57.65,-59.43,57.09,-10.33,-0.41
2024/01/01 16:12:23.68,115.68,-31.08,-57.65,-59.44,57.24,-10.26,-0.35
2024/01/01 16:12:23.69,115.69,-31.09,-57.66,-59.45,57.39,-10.10,-0.34
2024/01/01 16:12:23.70,115.70,-31.10,-57.67,-59.45,57.48,-9.88,-0.37
2024/01/01 16:12:23.71,115.71,-31.10,-57.67,-59.45,57.50,-9.63,-0.41
2024/01/01 16:12:23.72,115.72,-31.09,-57.66,-59.47,57.44,-9.44,-0.44
2024/01/01 16:12:23.73,115.73,-31.06,-57.63,-59.49,57.34,-9.36,-0.45
2024/01/01 16:12:23.74,115.74,-31.04,-57.58,-59.50,57.21,-9.41,-0.48
2024/01/01 16:12:23.75,115.75,-31.03,-57.54,-59.51,57.04,-9.56,-0.57
2024/01/01 16:12:23.76,115.76,-31.05,-57.50,-59.52,56.82,-9.72,-0.67
2024/01/01 16:12:23.77,115.77,-31.08,-57.48,-59.53,56.54,-9.80,-0.72
2024/01/01 16:12:23.78,115.78,-31.11,-57.49,-59.54,56.27,-9.84,-0.72
2024/01/01 16:12:23.79,115.79,-31.15,-57.53,-59.54,56.09,-9.88,-0.67
2024/01/01 16:12:23.80,115.80,-31.20,-57.58,-59.54,56.05,-9.98,-0.58
2024/01/01 16:12:23.81,115.81,-31.25,-57.64,-59.54,56.14,-10.08,-0.54
2024/01/01 16:12:23.82,115.82,-31.29,-57.68,-59.57,56.37,-10.09,-0.54
2024/01/01 16:12:23.83,115.83,-31.32,-57.71,-59.59,56.66,-9.99,-0.53
2024/01/01 16:12:23.84,115.84,-31.35,-57.73,-59.63,56.92,-9.86,-0.53
2024/01/01 16:12:23.85,115.85,-31.36,-57.73,-59.66,57.08,-9.76,-0.61
2024/01/01 16:12:23.86,115.86,-31.36,-57.72,-59.68,57.14,-9.77,-0.73
2024/01/01 16:12:23.87,115.87,-31.34,-57.70,-59.68,57.09,-9.95,-0.79
2024/01/01 16:12:23.88,115.88,-31.30,-57.70,-59.69,56.92,-10.28,-0.80
2024/01/01 16:12:23.89,115.89,-31.25,-57.69,-59.69,56.73,-10.68,-0.80
2024/01/01 16:12:23.90,115.90,-31.21,-57.69,-59.69,56.57,-10.95,-0.76
2024/01/01 16:12:23.91,115.91,-31.18,-57.67,-59.68,56.47,-11.00,-0.70
2024/01/01 16:12:23.92,115.92,-31.15,-57.65,-59.67,56.48,-10.80,-0.70
2024/01/01 16:12:23.93,115.93,-31.13,-57.61,-59.66,56.55,-10.47,-0.77
2024/01/01 16:12:23.94,115.94,-31.12,-57.58,-59.66,56.64,-10.11,-0.82
2024/01/01 16:12:23.95,115.95,-31.11,-57.55,-59.65,56.67,-9.83,-0.80
2024/01/01 16:12:23.96,115.96,-31.12,-57.52,-59.65,56.64,-9.67,-0.74
2024/01/01 16:12:23.97,115.97,-31.13,-57.50,-59.64,56.58,-9.63,-0.72
2024/01/01 16:12:23.98,115.98,-31.13,-57.48,-59.65,56.57,-9.65,-0.73
2024/01/01 16:12:23.99,115.99,-31.14,-57.46,-59.65,56.65,-9.69,-0.73
2024/01/01 16:12:24.00,116.00,-31.14,-57.44,-59.67,56.86,-9.72,-0.66
2024/01/01 16:12:24.01,116.01,-31.14,-57.44,-59.69,57.13,-9.76,-0.59
2024/01/01 16:12:24.02,116.02,-31.14,-57.45,-59.72,57.39,-9.78,-0.60
2024/01/01 16:12:24.03,116.03,-31.11,-57.46,-59.74,57.54,-9.76,-0.63
2024/01/01 16:12:24.04,116.04,-31.07,-57.48,-59.76,57.57,-9.70,-0.66
2024/01/01 16:12:24.05,116.05,-31.03,-57.49,-59.77,57.46,-9.59,-0.75
2024/01/01 16:12:24.06,116.06,-30.99,-57.47,-59.78,57.25,-9.44,-0.91
2024/01/01 16:12:24.07,116.07,-30.96,-57.41,-59.80,56.98,-9.28,-1.06
2024/01/01 16:12:24.08,116.08,-30.96,-57.34,-59.83,56.69,-9.13,-1.10
2024/01/01 16:12:24.09,116.09,-30.97,-57.26,-59.86,56.44,-9.07,-1.01
2024/01/01 16:12:24.10,116.10,-31.00,-57.20,-59.89,56.27,-9.14,-0.93
2024/01/01 16:12:24.11,116.11,-31.05,-57.16,-59.91,56.23,-9.33,-0.91
2024/01/01 16:12:24.12,116.12,-31.10,-57.15,-59.91,56.35,-9.58,-0.91
2024/01/01 16:12:24.13,116.13,-31.15,-57.17,-59.90,56.58,-9.82,-0.95
2024/01/01 16:12:24.14,116.14,-31.19,-57.20,-59.88,56.83,-9.99,-0.99
2024/01/01 16:12:24.15,116.15,-31.22,-57.24,-59.86,56.99,-10.07,-1.00
2024/01/01 16:12:24.16,116.16,-31.25,-57.27,-59.85,57.01,-10.02,-0.99
2024/01/01 16:12:24.17,116.17,-31.27,-57.30,-59.85,56.91,-9.85,-0.95
2024/01/01 16:12:24.18,116.18,-31.29,-57.31,-59.84,56.72,-9.60,-0.85
2024/01/01 16:12:24.19,116.19,-31.30,-57.33,-59.84,56.52,-9.34,-0.75
2024/01/01 16:12:24.20,116.20,-31.32,-57.34,-59.83,56.39,-9.14,-0.71
2024/01/01 16:12:24.21,116.21,-31.35,-57.35,-59.82,56.39,-9.03,-0.73
2024/01/01 16:12:24.22,116.22,-31.40,-57.36,-59.81,56.50,-9.04,-0.76
2024/01/01 16:12:24.23,116.23,-31.44,-57.37,-59.82,56.67,-9.18,-0.79
2024/01/01 16:12:24.24,116.24,-31.48,-57.38,-59.83,56.83,-9.43,-0.83
2024/01/01 16:12:24.25,116.25,-31.50,-57.40,-59.83,56.90,-9.73,-0.89
2024/01/01 16:12:24.26,116.26,-31.52,-57.42,-59.85,56.85,-10.02,-0.95
2024/01/01 16:12:24.27,116.27,-31.55,-57.45,-59.87,56.70,-10.22,-0.98
2024/01/01 16:12:24.28,116.28,-31.59,-57.49,-59.89,56.52,-10.30,-1.00
2024/01/01 16:12:24.29,116.29,-31.64,-57.52,-59.91,56.34,-10.29,-1.01
2024/01/01 16:12:24.30,116.30,-31.68,-57.55,-59.93,56.16,-10.24,-0.99
2024/01/01 16:12:24.31,116.31,-31.72,-57.57,-59.95,56.00,-10.14,-0.98
2024/01/01 16:12:24.32,116.32,-31.74,-57.59,-59.96,55.85,-10.00,-0.95
2024/01/01 16:12:24.33,116.33,-31.75,-57.61,-59.95,55.74,-9.89,-0.88
2024/01/01 16:12:24.34,116.34,-31.74,-57.64,-59.94,55.71,-9.88,-0.81
2024/01/01 16:12:24.35,116.35,-31.74,-57.67,-59.92,55.83,-9.99,-0.83
2024/01/01 16:12:24.36,116.36,-31.74,-57.70,-59.90,56.04,-10.16,-0.88
2024/01/01 16:12:24.37,116.37,-31.75,-57.71,-59.87,56.22,-10.34,-0.91
2024/01/01 16:12:24.38,116.38,-31.75,-57.69,-59.85,56.26,-10.46,-0.94
2024/01/01 16:12:24.39,116.39,-31.76,-57.66,-59.83,56.19,-10.44,-0.95
2024/01/01 16:12:24.40,116.40,-31.77,-57.62,-59.83,56.05,-10.26,-0.90
2024/01/01 16:12:24.41,116.41,-31.77,-57.58,-59.82,55.94,-10.02,-0.82
2024/01/01 16:12:24.42,116.42,-31.76,-57.55,-59.81,55.92,-9.82,-0.75
2024/01/01 16:12:24.43,116.43,-31.74,-57.53,-59.79,56.00,-9.74,-0.73
2024/01/01 16:12:24.44,116.44,-31.73,-57.52,-59.79,56.08,-9.76,-0.78
2024/01/01 16:12:24.45,116.45,-31.72,-57.51,-59.78,56.14,-9.85,-0.82
2024/01/01 16:12:24.46,116.46,-31.70,-57.51,-59.77,56.19,-9.94,-0.79
2024/01/01 16:12:24.47,116.47,-31.67,-57.49,-59.77,56.30,-9.93,-0.74
2024/01/01 16:12:24.48,116.48,-31.63,-57.47,-59.76,56.48,-9.80,-0.72
2024/01/01 16:12:24.49,116.49,-31.60,-57.45,-59.74,56.65,-9.63,-0.67
2024/01/01 16:12:24.50,116.50,-31.56,-57.42,-59.73,56.74,-9.51,-0.67
2024/01/01 16:12:24.51,116.51,-31.53,-57.38,-59.73,56.71,-9.48,-0.76
2024/01/01 16:12:24.52,116.52,-31.51,-57.33,-59.73,56.59,-9.56,-0.81
2024/01/01 16:12:24.53,116.53,-31.49,-57.29,-59.73,56.43,-9.71,-0.77
2024/01/01 16:12:24.54,116.54,-31.49,-57.26,-59.73,56.35,-9.90,-0.74
2024/01/01 16:12:24.55,116.55,-31.49,-57.22,-59.74,56.42,-10.01,-0.74
2024/01/01 16:12:24.56,116.56,-31.49,-57.19,-59.74,56.58,-9.97,-0.71
2024/01/01 16:12:24.57,116.57,-31.51,-57.16,-59.74,56.72,-9.84,-0.65
2024/01/01 16:12:24.58,116.58,-31.52,-57.11,-59.75,56.78,-9.65,-0.63
2024/01/01 16:12:24.59,116.59,-31.54,-57.06,-59.77,56.72,-9.43,-0.70
2024/01/01 16:12:24.60,116.60,-31.57,-57.02,-59.79,56.56,-9.19,-0.76
2024/01/01 16:12:24.61,116.61,-31.59,-56.99,-59.83,56.34,-8.98,-0.79
2024/01/01 16:12:24.62,116.62,-31.62,-56.97,-59.85,56.17,-8.82,-0.77
2024/01/01 16:12:24.63,116.63,-31.65,-56.96,-59.87,56.06,-8.74,-0.76
2024/01/01 16:12:24.64,116.64,-31.68,-56.95,-59.90,56.01,-8.77,-0.79
2024/01/01 16:12:24.65,116.65,-31.70,-56.94,-59.92,56.00,-8.92,-0.82
2024/01/01 16:12:24.66,116.66,-31.71,-56.94,-59.94,56.03,-9.13,-0.83
2024/01/01 16:12:24.67,116.67,-31.74,-56.95,-59.94,56.05,-9.31,-0.88
2024/01/01 16:12:24.68,116.68,-31.77,-56.98,-59.95,56.07,-9.41,-0.99
2024/01/01 16:12:24.69,116.69,-31.80,-57.01,-59.96,56.08,-9.41,-1.10
2024/01/01 16:12:24.70,116.70,-31.82,-57.04,-59.97,56.11,-9.39,-1.10
2024/01/01 16:12:24.71,116.71,-31.83,-57.05,-59.98,56.12,-9.38,-1.02
2024/01/01 16:12:24.72,116.72,-31.84,-57.06,-59.99,56.08,-9.41,-0.94
2024/01/01 16:12:24.73,116.73,-31.86,-57.07,-60.02,55.98,-9.49,-0.90
2024/01/01 16:12:24.74,116.74,-31.88,-57.10,-60.04,55.83,-9.60,-0.88
2024/01/01 16:12:24.75,116.75,-31.92,-57.13,-60.06,55.66,-9.73,-0.92
2024/01/01 16:12:24.76,116.76,-31.97,-57.16,-60.07,55.52,-9.83,-1.04
2024/01/01 16:12:24.77,116.77,-32.00,-57.19,-60.07,55.50,-9.91,-1.20
2024/01/01 16:12:24.78,116.78,-32.02,-57.22,-60.07,55.58,-9.94,-1.27
2024/01/01 16:12:24.79,116.79,-32.04,-57.23,-60.07,55.72,-9.94,-1.22
2024/01/01 16:12:24.80,116.80,-32.04,-57.24,-60.08,55.83,-9.88,-1.12
2024/01/01 16:12:24.81,116.81,-32.03,-57.25,-60.10,55.93,-9.75,-1.06
2024/01/01 16:12:24.82,116.82,-32.00,-57.28,-60.12,56.05,-9.59,-1.02
2024/01/01 16:12:24.83,116.83,-31.98,-57.31,-60.13,56.20,-9.47,-1.00
2024/01/01 16:12:24.84,116.84,-31.96,-57.34,-60.16,56.32,-9.46,-1.04
2024/01/01 16:12:24.85,116.85,-31.94,-57.37,-60.18,56.33,-9.53,-1.16
2024/01/01 16:12:24.86,116.86,-31.92,-57.39,-60.20,56.20,-9.65,-1.26
2024/01/01 16:12:24.87,116.87,-31.90,-57.40,-60.21,55.96,-9.78,-1.26
2024/01/01 16:12:24.88,116.88,-31.88,-57.40,-60.21,55.75,-9.88,-1.21
2024/01/01 16:12:24.89,116.89,-31.87,-57.38,-60.20,55.68,-9.88,-1.22
2024/01/01 16:12:24.90,116.90,-31.87,-57.34,-60.19,55.79,-9.79,-1.25
2024/01/01 16:12:24.91,116.91,-31.88,-57.30,-60.19,55.98,-9.71,-1.26
2024/01/01 16:12:24.92,116.92,-31.89,-57.28,-60.20,56.11,-9.74,-1.27
2024/01/01 16:12:24.93,116.93,-31.90,-57.27,-60.20,56.10,-9.88,-1.25
2024/01/01 16:12:24.94,116.94,-31.91,-57.28,-60.20,56.00,-10.04,-1.16
2024/01/01 16:12:24.95,116.95,-31.91,-57.28,-60.18,55.94,-10.14,-1.05
2024/01/01 16:12:24.96,116.96,-31.90,-57.28,-60.17,56.03,-10.12,-0.98
2024/01/01 16:12:24.97,116.97,-31.89,-57.28,-60.16,56.22,-10.01,-0.97
2024/01/01 16:12:24.98,116.98,-31.88,-57.29,-60.14,56.38,-9.84,-1.02
2024/01/01 16:12:24.99,116.99,-31.87,-57.30,-60.14,56.44,-9.65,-1.12
2024/01/01 16:12:25.00,117.00,-31.86,-57.30,-60.13,56.35,-9.48,-1.20
2024/01/01 16:12:25.01,117.01,-31.85,-57.29,-60.13,56.16,-9.36,-1.22
2024/01/01 16:12:25.02,117.02,-31.84,-57.28,-60.13,55.97,-9.32,-1.18
2024/01/01 16:12:25.03,117.03,-31.82,-57.28,-60.12,55.86,-9.32,-1.13
2024/01/01 16:12:25.04,117.04,-31.81,-57.27,-60.11,55.86,-9.33,-1.14
2024/01/01 16:12:25.05,117.05,-31.81,-57.27,-60.09,55.92,-9.37,-1.18
2024/01/01 16:12:25.06,117.06,-31.82,-57.25,-60.07,55.98,-9.45,-1.20
2024/01/01 16:12:25.07,117.07,-31.81,-57.23,-60.04,56.02,-9.58,-1.22
2024/01/01 16:12:25.08,117.08,-31.79,-57.21,-60.02,56.04,-9.72,-1.23
2024/01/01 16:12:25.09,117.09,-31.76,-57.18,-59.99,56.02,-9.86,-1.15
2024/01/01 16:12:25.10,117.10,-31.73,-57.17,-59.96,56.01,-9.99,-1.00
2024/01/01 16:12:25.11,117.11,-31.71,-57.17,-59.93,56.03,-10.12,-0.84
2024/01/01 16:12:25.12,117.12,-31.69,-57.17,-59.90,56.08,-10.18,-0.75
2024/01/01 16:12:25.13,117.13,-31.68,-57.17,-59.87,56.17,-10.13,-0.71
2024/01/01 16:12:25.14,117.14,-31.66,-57.17,-59.85,56.24,-10.00,-0.74
2024/01/01 16:12:25.15,117.15,-31.64,-57.18,-59.83,56.27,-9.84,-0.82
2024/01/01 16:12:25.16,117.16,-31.63,-57.19,-59.82,56.26,-9.66,-0.86
2024/01/01 16:12:25.17,117.17,-31.61,-57.22,-59.80,56.27,-9.46,-0.82
2024/01/01 16:12:25.18,117.18,-31.59,-57.26,-59.78,56.32,-9.28,-0.78
2024/01/01 16:12:25.19,117.19,-31.57,-57.29,-59.76,56.42,-9.17,-0.76
2024/01/01 16:12:25.20,117.20,-31.57,-57.33,-59.74,56.49,-9.12,-0.75
2024/01/01 16:12:25.21,117.21,-31.58,-57.36,-59.72,56.50,-9.09,-0.72
2024/01/01 16:12:25.22,117.22,-31.59,-57.38,-59.70,56.47,-9.09,-0.73
2024/01/01 16:12:25.23,117.23,-31.60,-57.39,-59.69,56.47,-9.10,-0.76
2024/01/01 16:12:25.24,117.24,-31.61,-57.40,-59.69,56.55,-9.14,-0.78
2024/01/01 16:12:25.25,117.25,-31.61,-57.39,-59.69,56.64,-9.27,-0.76
2024/01/01 16:12:25.26,117.26,-31.61,-57.39,-59.70,56.67,-9.53,-0.70
2024/01/01 16:12:25.27,117.27,-31.61,-57.39,-59.70,56.60,-9.85,-0.66
2024/01/01 16:12:25.28,117.28,-31.61,-57.39,-59.71,56.47,-10.18,-0.67
2024/01/01 16:12:25.29,117.29,-31.62,-57.39,-59.71,56.33,-10.45,-0.68
2024/01/01 16:12:25.30,117.30,-31.63,-57.39,-59.71,56.25,-10.62,-0.71
2024/01/01 16:12:25.31,117.31,-31.65,-57.39,-59.72,56.23,-10.65,-0.81
2024/01/01 16:12:25.32,117.32,-31.64,-57.41,-59.73,56.21,-10.53,-0.91
2024/01/01 16:12:25.33,117.33,-31.62,-57.42,-59.75,56.16,-10.33,-0.91
2024/01/01 16:12:25.34,117.34,-31.59,-57.43,-59.77,56.07,-10.14,-0.85
2024/01/01 16:12:25.35,117.35,-31.58,-57.43,-59.79,56.00,-9.96,-0.78
2024/01/01 16:12:25.36,117.36,-31.57,-57.43,-59.79,55.97,-9.80,-0.74
2024/01/01 16:12:25.37,117.37,-31.59,-57.42,-59.79,55.98,-9.70,-0.76
2024/01/01 16:12:25.38,117.38,-31.62,-57.40,-59.78,56.01,-9.64,-0.87
2024/01/01 16:12:25.39,117.39,-31.65,-57.38,-59.77,56.05,-9.59,-0.99
2024/01/01 16:12:25.40,117.40,-31.66,-57.37,-59.77,56.09,-9.53,-1.03
2024/01/01 16:12:25.41,117.41,-31.65,-57.36,-59.77,56.17,-9.51,-0.97
2024/01/01 16:12:25.42,117.42,-31.62,-57.34,-59.77,56.31,-9.53,-0.83
2024/01/01 16:12:25.43,117.43,-31.58,-57.31,-59.77,56.55,-9.54,-0.71
2024/01/01 16:12:25.44,117.44,-31.54,-57.29,-59.75,56.84,-9.52,-0.66
2024/01/01 16:12:25.45,117.45,-31.51,-57.26,-59.72,57.07,-9.50,-0.66
2024/01/01 16:12:25.46,117.46,-31.49,-57.23,-59.69,57.16,-9.50,-0.72
2024/01/01 16:12:25.47,117.47,-31.47,-57.20,-59.68,57.03,-9.51,-0.85
2024/01/01 16:12:25.48,117.48,-31.45,-57.19,-59.69,56.73,-9.54,-0.93
2024/01/01 16:12:25.49,117.49,-31.42,-57.19,-59.70,56.34,-9.56,-0.88
2024/01/01 16:12:25.50,117.50,-31.40,-57.20,-59.71,56.04,-9.57,-0.77
2024/01/01 16:12:25.51,117.51,-31.38,-57.23,-59.72,55.95,-9.54,-0.71
2024/01/01 16:12:25.52,117.52,-31.38,-57.27,-59.73,56.05,-9.48,-0.72
2024/01/01 16:12:25.53,117.53,-31.39,-57.30,-59.73,56.23,-9.42,-0.77
2024/01/01 16:12:25.54,117.54,-31.42,-57.32,-59.73,56.39,-9.42,-0.86
2024/01/01 16:12:25.55,117.55,-31.46,-57.34,-59.72,56.45,-9.53,-0.91
2024/01/01 16:12:25.56,117.56,-31.51,-57.34,-59.73,56.42,-9.71,-0.89
2024/01/01 16:12:25.57,117.57,-31.54,-57.33,-59.75,56.39,-9.92,-0.84
2024/01/01 16:12:25.58,117.58,-31.55,-57.33,-59.78,56.44,-10.08,-0.79
2024/01/01 16:12:25.59,117.59,-31.55,-57.33,-59.81,56.54,-10.13,-0.69
2024/01/01 16:12:25.60,117.60,-31.55,-57.34,-59.85,56.62,-10.05,-0.62
2024/01/01 16:12:25.61,117.61,-31.55,-57.38,-59.88,56.62,-9.87,-0.66
2024/01/01 16:12:25.62,117.62,-31.58,-57.41,-59.91,56.58,-9.67,-0.78
2024/01/01 16:12:25.63,117.63,-31.61,-57.45,-59.95,56.48,-9.57,-0.93
2024/01/01 16:12:25.64,117.64,-31.64,-57.47,-59.99,56.32,-9.62,-1.07
2024/01/01 16:12:25.65,117.65,-31.65,-57.47,-60.02,56.16,-9.75,-1.11
2024/01/01 16:12:25.66,117.66,-31.64,-57.44,-60.04,56.03,-9.87,-1.07
2024/01/01 16:12:25.67,117.67,-31.63,-57.39,-60.07,56.01,-9.94,-1.08
2024/01/01 16:12:25.68,117.68,-31.60,-57.36,-60.08,56.11,-9.93,-1.11
2024/01/01 16:12:25.69,117.69,-31.58,-57.34,-60.10,56.26,-9.88,-1.08
2024/01/01 16:12:25.70,117.70,-31.55,-57.33,-60.12,56.34,-9.88,-1.06
2024/01/01 16:12:25.71,117.71,-31.52,-57.34,-60.14,56.30,-9.96,-1.12
2024/01/01 16:12:25.72,117.72,-31.48,-57.35,-60.15,56.13,-10.08,-1.17
2024/01/01 16:12:25.73,117.73,-31.46,-57.37,-60.17,55.90,-10.17,-1.17
2024/01/01 16:12:25.74,117.74,-31.47,-57.37,-60.21,55.76,-10.17,-1.15
2024/01/01 16:12:25.75,117.75,-31.48,-57.38,-60.26,55.80,-10.00,-1.15
2024/01/01 16:12:25.76,117.76,-31.49,-57.37,-60.31,55.97,-9.70,-1.20
2024/01/01 16:12:25.77,117.77,-31.49,-57.34,-60.35,56.16,-9.36,-1.32
2024/01/01 16:12:25.78,117.78,-31.48,-57.30,-60.37,56.32,-9.11,-1.45
2024/01/01 16:12:25.79,117.79,-31.47,-57.26,-60.38,56.43,-9.02,-1.54
2024/01/01 16:12:25.80,117.80,-31.46,-57.23,-60.39,56.50,-9.10,-1.58
2024/01/01 16:12:25.81,117.81,-31.45,-57.20,-60.39,56.60,-9.31,-1.51
2024/01/01 16:12:25.82,117.82,-31.44,-57.17,-60.39,56.75,-9.57,-1.33
2024/01/01 16:12:25.83,117.83,-31.43,-57.15,-60.40,56.89,-9.81,-1.21
2024/01/01 16:12:25.84,117.84,-31.42,-57.13,-60.40,56.98,-9.96,-1.19
2024/01/01 16:12:25.85,117.85,-31.42,-57.10,-60.39,56.99,-9.98,-1.17
2024/01/01 16:12:25.86,117.86,-31.43,-57.06,-60.37,56.94,-9.85,-1.13
2024/01/01 16:12:25.87,117.87,-31.44,-57.03,-60.33,56.82,-9.59,-1.18
2024/01/01 16:12:25.88,117.88,-31.45,-57.01,-60.30,56.66,-9.26,-1.29
2024/01/01 16:12:25.89,117.89,-31.46,-56.99,-60.26,56.49,-8.96,-1.32
2024/01/01 16:12:25.90,117.90,-31.47,-57.00,-60.21,56.33,-8.81,-1.26
2024/01/01 16:12:25.91,117.91,-31.50,-57.03,-60.18,56.18,-8.85,-1.18
2024/01/01 16:12:25.92,117.92,-31.53,-57.06,-60.15,56.08,-9.04,-1.16
2024/01/01 16:12:25.93,117.93,-31.55,-57.07,-60.14,56.06,-9.28,-1.18
2024/01/01 16:12:25.94,117.94,-31.59,-57.06,-60.12,56.09,-9.49,-1.19
2024/01/01 16:12:25.95,117.95,-31.63,-57.05,-60.11,56.12,-9.61,-1.20
2024/01/01 16:12:25.96,117.96,-31.69,-57.04,-60.09,56.11,-9.63,-1.22
2024/01/01 16:12:25.97,117.97,-31.75,-57.04,-60.08,56.04,-9.58,-1.21
2024/01/01 16:12:25.98,117.98,-31.80,-57.04,-60.07,55.95,-9.51,-1.11
2024/01/01 16:12:25.99,117.99,-31.82,-57.03,-60.05,55.91,-9.50,-0.98
2024/01/01 16:12:26.00,118.00,-31.81,-57.01,-60.03,55.93,-9.56,-0.91
2024/01/01 16:12:26.01,118.01,-31.78,-57.00,-60.02,56.02,-9.65,-0.91
2024/01/01 16:12:26.02,118.02,-31.77,-57.00,-60.00,56.12,-9.71,-0.92
2024/01/01 16:12:26.03,118.03,-31.75,-57.00,-59.99,56.21,-9.69,-0.93
2024/01/01 16:12:26.04,118.04,-31.73,-57.00,-59.98,56.21,-9.57,-0.96
2024/01/01 16:12:26.05,118.05,-31.71,-57.01,-59.98,56.11,-9.36,-1.01
2024/01/01 16:12:26.06,118.06,-31.69,-57.02,-59.99,55.94,-9.16,-1.07
2024/01/01 16:12:26.07,118.07,-31.68,-57.02,-60.00,55.81,-9.03,-1.07
2024/01/01 16:12:26.08,118.08,-31.67,-57.03,-60.00,55.80,-9.00,-1.02
2024/01/01 16:12:26.09,118.09,-31.64,-57.02,-59.98,55.96,-9.05,-0.97
2024/01/01 16:12:26.10,118.10,-31.61,-57.00,-59.96,56.25,-9.15,-0.96
2024/01/01 16:12:26.11,118.11,-31.59,-56.96,-59.92,56.56,-9.27,-0.99
2024/01/01 16:12:26.12,118.12,-31.57,-56.92,-59.89,56.76,-9.37,-0.99
2024/01/01 16:12:26.13,118.13,-31.55,-56.88,-59.86,56.79,-9.42,-0.98
2024/01/01 16:12:26.14,118.14,-31.56,-56.86,-59.83,56.71,-9.48,-0.94
2024/01/01 16:12:26.15,118.15,-31.57,-56.87,-59.81,56.62,-9.54,-0.89
2024/01/01 16:12:26.16,118.16,-31.60,-56.90,-59.80,56.57,-9.59,-0.81
2024/01/01 16:12:26.17,118.17,-31.62,-56.94,-59.79,56.57,-9.56,-0.73
2024/01/01 16:12:26.18,118.18,-31.63,-56.98,-59.78,56.58,-9.46,-0.68
2024/01/01 16:12:26.19,118.19,-31.63,-57.02,-59.77,56.59,-9.30,-0.70
2024/01/01 16:12:26.20,118.20,-31.64,-57.04,-59.77,56.58,-9.10,-0.75
2024/01/01 16:12:26.21,118.21,-31.64,-57.05,-59.77,56.54,-8.92,-0.79
2024/01/01 16:12:26.22,118.22,-31.63,-57.06,-59.78,56.46,-8.83,-0.79
2024/01/01 16:12:26.23,118.23,-31.64,-57.05,-59.79,56.33,-8.85,-0.79
2024/01/01 16:12:26.24,118.24,-31.66,-57.03,-59.80,56.11,-8.97,-0.82
2024/01/01 16:12:26.25,118.25,-31.69,-57.00,-59.82,55.84,-9.19,-0.87
2024/01/01 16:12:26.26,118.26,-31.71,-56.97,-59.84,55.63,-9.46,-0.91
2024/01/01 16:12:26.27,118.27,-31.72,-56.97,-59.88,55.54,-9.71,-0.95
2024/01/01 16:12:26.28,118.28,-31.75,-57.00,-59.92,55.61,-9.89,-0.96
2024/01/01 16:12:26.29,118.29,-31.77,-57.06,-59.95,55.80,-9.98,-0.95
2024/01/01 16:12:26.30,118.30,-31.79,-57.11,-59.98,56.01,-9.98,-0.96
2024/01/01 16:12:26.31,118.31,-31.82,-57.16,-60.01,56.15,-9.86,-0.98
2024/01/01 16:12:26.32,118.32,-31.86,-57.19,-60.03,56.16,-9.68,-0.98
2024/01/01 16:12:26.33,118.33,-31.89,-57.20,-60.04,56.05,-9.45,-0.97
2024/01/01 16:12:26.34,118.34,-31.91,-57.19,-60.05,55.93,-9.20,-1.00
2024/01/01 16:12:26.35,118.35,-31.92,-57.18,-60.06,55.88,-8.99,-1.06
2024/01/01 16:12:26.36,118.36,-31.90,-57.16,-60.06,55.92,-8.92,-1.10
2024/01/01 16:12:26.37,118.37,-31.87,-57.13,-60.07,56.01,-9.07,-1.12
2024/01/01 16:12:26.38,118.38,-31.83,-57.10,-60.06,56.12,-9.39,-1.15
2024/01/01 16:12:26.39,118.39,-31.78,-57.04,-60.03,56.23,-9.76,-1.12
2024/01/01 16:12:26.40,118.40,-31.74,-57.00,-59.99,56.27,-10.04,-1.02
2024/01/01 16:12:26.41,118.41,-31.72,-56.97,-59.94,56.20,-10.17,-0.92
2024/01/01 16:12:26.42,118.42,-31.70,-56.94,-59.89,56.03,-10.09,-0.87
2024/01/01 16:12:26.43,118.43,-31.70,-56.93,-59.84,55.83,-9.82,-0.81
2024/01/01 16:12:26.44,118.44,-31.71,-56.92,-59.79,55.67,-9.44,-0.79
2024/01/01 16:12:26.45,118.45,-31.72,-56.91,-59.74,55.61,-9.07,-0.79
2024/01/01 16:12:26.46,118.46,-31.72,-56.90,-59.69,55.69,-8.78,-0.75
2024/01/01 16:12:26.47,118.47,-31.71,-56.89,-59.64,55.90,-8.60,-0.66
2024/01/01 16:12:26.48,118.48,-31.68,-56.88,-59.59,56.16,-8.54,-0.61
2024/01/01 16:12:26.49,118.49,-31.64,-56.88,-59.56,56.42,-8.61,-0.60
2024/01/01 16:12:26.50,118.50,-31.59,-56.89,-59.55,56.62,-8.79,-0.58
2024/01/01 16:12:26.51,118.51,-31.55,-56.91,-59.55,56.75,-9.05,-0.53
2024/01/01 16:12:26.52,118.52,-31.52,-56.94,-59.56,56.77,-9.34,-0.53
2024/01/01 16:12:26.53,118.53,-31.49,-56.99,-59.58,56.72,-9.58,-0.61
2024/01/01 16:12:26.54,118.54,-31.45,-57.04,-59.61,56.61,-9.70,-0.72
2024/01/01 16:12:26.55,118.55,-31.41,-57.09,-59.63,56.48,-9.69,-0.76
2024/01/01 16:12:26.56,118.56,-31.38,-57.11,-59.65,56.37,-9.56,-0.74
2024/01/01 16:12:26.57,118.57,-31.36,-57.12,-59.67,56.35,-9.33,-0.74
2024/01/01 16:12:26.58,118.58,-31.36,-57.14,-59.68,56.47,-9.11,-0.75
2024/01/01 16:12:26.59,118.59,-31.36,-57.15,-59.69,56.70,-8.99,-0.73
2024/01/01 16:12:26.60,118.60,-31.37,-57.18,-59.68,56.92,-9.06,-0.72
2024/01/01 16:12:26.61,118.61,-31.39,-57.21,-59.66,57.04,-9.33,-0.74
2024/01/01 16:12:26.62,118.62,-31.40,-57.24,-59.64,57.02,-9.70,-0.75
2024/01/01 16:12:26.63,118.63,-31.42,-57.26,-59.62,56.90,-10.11,-0.72
2024/01/01 16:12:26.64,118.64,-31.42,-57.28,-59.60,56.77,-10.41,-0.65
2024/01/01 16:12:26.65,118.65,-31.43,-57.29,-59.58,56.69,-10.50,-0.57
2024/01/01 16:12:26.66,118.66,-31.43,-57.28,-59.56,56.62,-10.39,-0.53
2024/01/01 16:12:26.67,118.67,-31.44,-57.25,-59.54,56.52,-10.17,-0.54
2024/01/01 16:12:26.68,118.68,-31.45,-57.22,-59.52,56.38,-10.00,-0.56
2024/01/01 16:12:26.69,118.69,-31.46,-57.18,-59.49,56.23,-9.91,-0.58
2024/01/01 16:12:26.70,118.70,-31.45,-57.16,-59.47,56.15,-9.90,-0.59
2024/01/01 16:12:26.71,118.71,-31.44,-57.15,-59.46,56.15,-9.90,-0.55
2024/01/01 16:12:26.72,118.72,-31.43,-57.15,-59.46,56.24,-9.85,-0.48
2024/01/01 16:12:26.73,118.73,-31.44,-57.15,-59.47,56.35,-9.73,-0.46
2024/01/01 16:12:26.74,118.74,-31.46,-57.14,-59.49,56.43,-9.52,-0.49
2024/01/01 16:12:26.75,118.75,-31.47,-57.11,-59.51,56.47,-9.28,-0.55
2024/01/01 16:12:26.76,118.76,-31.46,-57.06,-59.55,56.49,-9.05,-0.61
2024/01/01 16:12:26.77,118.77,-31.45,-57.01,-59.60,56.51,-8.90,-0.64
2024/01/01 16:12:26.78,118.78,-31.43,-56.98,-59.65,56.54,-8.82,-0.64
2024/01/01 16:12:26.79,118.79,-31.40,-56.95,-59.69,56.58,-8.80,-0.65
2024/01/01 16:12:26.80,118.80,-31.35,-56.92,-59.72,56.68,-8.84,-0.70
2024/01/01 16:12:26.81,118.81,-31.31,-56.90,-59.75,56.82,-8.92,-0.76
2024/01/01 16:12:26.82,118.82,-31.27,-56.89,-59.78,56.91,-9.04,-0.79
2024/01/01 16:12:26.83,118.83,-31.26,-56.88,-59.80,56.90,-9.15,-0.81
2024/01/01 16:12:26.84,118.84,-31.27,-56.87,-59.81,56.82,-9.20,-0.84
2024/01/01 16:12:26.85,118.85,-31.27,-56.86,-59.81,56.71,-9.16,-0.88
2024/01/01 16:12:26.86,118.86,-31.27,-56.87,-59.78,56.64,-9.09,-0.91
2024/01/01 16:12:26.87,118.87,-31.27,-56.90,-59.74,56.62,-9.07,-0.91
2024/01/01 16:12:26.88,118.88,-31.26,-56.95,-59.70,56.65,-9.11,-0.85
2024/01/01 16:12:26.89,118.89,-31.26,-57.00,-59.66,56.68,-9.21,-0.76
2024/01/01 16:12:26.90,118.90,-31.27,-57.06,-59.62,56.67,-9.35,-0.68
2024/01/01 16:12:26.91,118.91,-31.28,-57.10,-59.56,56.64,-9.54,-0.64
2024/01/01 16:12:26.92,118.92,-31.31,-57.15,-59.51,56.59,-9.72,-0.65
2024/01/01 16:12:26.93,118.93,-31.35,-57.19,-59.47,56.53,-9.79,-0.67
2024/01/01 16:12:26.94,118.94,-31.39,-57.23,-59.43,56.43,-9.76,-0.61
2024/01/01 16:12:26.95,118.95,-31.44,-57.26,-59.40,56.35,-9.70,-0.49
2024/01/01 16:12:26.96,118.96,-31.48,-57.27,-59.37,56.33,-9.64,-0.38
2024/01/01 16:12:26.97,118.97,-31.52,-57.27,-59.35,56.41,-9.56,-0.30
2024/01/01 16:12:26.98,118.98,-31.56,-57.27,-59.33,56.54,-9.49,-0.24
2024/01/01 16:12:26.99,118.99,-31.59,-57.28,-59.31,56.67,-9.46,-0.23
2024/01/01 16:12:27.00,119.00,-31.60,-57.30,-59.31,56.70,-9.50,-0.29
2024/01/01 16:12:27.01,119.01,-31.61,-57.33,-59.32,56.61,-9.60,-0.38
2024/01/01 16:12:27.02,119.02,-31.61,-57.35,-59.34,56.45,-9.76,-0.41
2024/01/01 16:12:27.03,119.03,-31.61,-57.36,-59.36,56.32,-9.93,-0.39
2024/01/01 16:12:27.04,119.04,-31.59,-57.37,-59.39,56.29,-10.05,-0.37
2024/01/01 16:12:27.05,119.05,-31.57,-57.38,-59.43,56.34,-10.08,-0.34
2024/01/01 16:12:27.06,119.06,-31.55,-57.40,-59.47,56.39,-10.01,-0.33
2024/01/01 16:12:27.07,119.07,-31.55,-57.42,-59.51,56.37,-9.90,-0.40
2024/01/01 16:12:27.08,119.08,-31.56,-57.44,-59.56,56.27,-9.78,-0.54
2024/01/01 16:12:27.09,119.09,-31.58,-57.47,-59.62,56.14,-9.72,-0.64
2024/01/01 16:12:27.10,119.10,-31.59,-57.50,-59.69,56.06,-9.75,-0.69
2024/01/01 16:12:27.11,119.11,-31.60,-57.53,-59.75,56.08,-9.85,-0.70
2024/01/01 16:12:27.12,119.12,-31.61,-57.53,-59.81,56.17,-9.96,-0.74
2024/01/01 16:12:27.13,119.13,-31.63,-57.51,-59.85,56.31,-10.02,-0.82
2024/01/01 16:12:27.14,119.14,-31.63,-57.50,-59.90,56.43,-10.03,-0.89
2024/01/01 16:12:27.15,119.15,-31.62,-57.48,-59.94,56.53,-10.01,-0.92
2024/01/01 16:12:27.16,119.16,-31.60,-57.47,-59.97,56.58,-9.98,-0.94
2024/01/01 16:12:27.17,119.17,-31.57,-57.46,-59.99,56.56,-9.99,-0.98
2024/01/01 16:12:27.18,119.18,-31.54,-57.46,-59.99,56.44,-10.04,-1.01
2024/01/01 16:12:27.19,119.19,-31.52,-57.46,-59.98,56.26,-10.12,-1.02
2024/01/01 16:12:27.20,119.20,-31.52,-57.47,-59.97,56.08,-10.18,-1.03
2024/01/01 16:12:27.21,119.21,-31.52,-57.48,-59.97,55.97,-10.17,-1.04
2024/01/01 16:12:27.22,119.22,-31.54,-57.50,-59.97,55.96,-10.05,-1.00
2024/01/01 16:12:27.23,119.23,-31.55,-57.50,-59.95,56.02,-9.87,-0.93
2024/01/01 16:12:27.24,119.24,-31.57,-57.48,-59.93,56.15,-9.66,-0.90
2024/01/01 16:12:27.25,119.25,-31.56,-57.45,-59.91,56.31,-9.49,-0.91
2024/01/01 16:12:27.26,119.26,-31.56,-57.43,-59.91,56.47,-9.40,-0.91
2024/01/01 16:12:27.27,119.27,-31.55,-57.42,-59.92,56.62,-9.43,-0.90
2024/01/01 16:12:27.28,119.28,-31.54,-57.41,-59.92,56.74,-9.54,-0.88
2024/01/01 16:12:27.29,119.29,-31.53,-57.41,-59.92,56.80,-9.69,-0.89
2024/01/01 16:12:27.30,119.30,-31.52,-57.41,-59.92,56.79,-9.82,-0.95
2024/01/01 16:12:27.31,119.31,-31.51,-57.40,-59.94,56.73,-9.94,-0.99
2024/01/01 16:12:27.32,119.32,-31.50,-57.39,-59.96,56.63,-10.00,-0.97
2024/01/01 16:12:27.33,119.33,-31.50,-57.37,-59.97,56.51,-9.97,-0.95
2024/01/01 16:12:27.34,119.34,-31.49,-57.35,-59.98,56.37,-9.87,-0.96
2024/01/01 16:12:27.35,119.35,-31.48,-57.32,-59.99,56.23,-9.73,-0.98
2024/01/01 16:12:27.36,119.36,-31.48,-57.29,-60.00,56.11,-9.60,-1.01
2024/01/01 16:12:27.37,119.37,-31.48,-57.25,-60.00,56.07,-9.54,-1.01
2024/01/01 16:12:27.38,119.38,-31.48,-57.22,-59.98,56.15,-9.56,-1.02
2024/01/01 16:12:27.39,119.39,-31.48,-57.20,-59.97,56.32,-9.66,-1.07
2024/01/01 16:12:27.40,119.40,-31.47,-57.17,-59.97,56.49,-9.83,-1.15
2024/01/01 16:12:27.41,119.41,-31.46,-57.14,-59.97,56.58,-9.99,-1.13
2024/01/01 16:12:27.42,119.42,-31.45,-57.12,-59.97,56.56,-10.06,-1.03
2024/01/01 16:12:27.43,119.43,-31.43,-57.10,-59.97,56.48,-10.02,-0.95
2024/01/01 16:12:27.44,119.44,-31.42,-57.08,-59.97,56.40,-9.86,-0.91
2024/01/01 16:12:27.45,119.45,-31.42,-57.07,-59.98,56.33,-9.59,-0.89
2024/01/01 16:12:27.46,119.46,-31.44,-57.05,-59.98,56.29,-9.27,-0.92
2024/01/01 16:12:27.47,119.47,-31.45,-57.02,-59.99,56.25,-8.94,-0.99
2024/01/01 16:12:27.48,119.48,-31.46,-57.00,-60.00,56.22,-8.68,-1.07
2024/01/01 16:12:27.49,119.49,-31.46,-56.99,-60.04,56.23,-8.54,-1.13
2024/01/01 16:12:27.50,119.50,-31.44,-56.99,-60.08,56.33,-8.51,-1.19
2024/01/01 16:12:27.51,119.51,-31.42,-56.99,-60.11,56.50,-8.58,-1.19
2024/01/01 16:12:27.52,119.52,-31.39,-57.00,-60.12,56.69,-8.72,-1.15
2024/01/01 16:12:27.53,119.53,-31.37,-57.00,-60.12,56.85,-8.94,-1.17
2024/01/01 16:12:27.54,119.54,-31.34,-57.01,-60.12,56.93,-9.16,-1.23
2024/01/01 16:12:27.55,119.55,-31.31,-57.03,-60.11,56.89,-9.34,-1.25
2024/01/01 16:12:27.56,119.56,-31.30,-57.05,-60.11,56.76,-9.49,-1.21
2024/01/01 16:12:27.57,119.57,-31.30,-57.07,-60.10,56.57,-9.58,-1.17
2024/01/01 16:12:27.58,119.58,-31.30,-57.10,-60.10,56.40,-9.62,-1.13
2024/01/01 16:12:27.59,119.59,-31.31,-57.13,-60.08,56.31,-9.64,-1.09
2024/01/01 16:12:27.60,119.60,-31.32,-57.16,-60.06,56.31,-9.68,-1.07
2024/01/01 16:12:27.61,119.61,-31.33,-57.20,-60.03,56.37,-9.74,-1.07
2024/01/01 16:12:27.62,119.62,-31.35,-57.25,-60.01,56.44,-9.79,-1.08
2024/01/01 16:12:27.63,119.63,-31.37,-57.29,-59.98,56.51,-9.80,-1.06
2024/01/01 16:12:27.64,119.64,-31.39,-57.32,-59.96,56.57,-9.78,-1.00
2024/01/01 16:12:27.65,119.65,-31.42,-57.33,-59.94,56.65,-9.77,-0.94
2024/01/01 16:12:27.66,119.66,-31.45,-57.32,-59.92,56.69,-9.77,-0.93
2024/01/01 16:12:27.67,119.67,-31.47,-57.29,-59.92,56.67,-9.78,-0.93
2024/01/01 16:12:27.68,119.68,-31.50,-57.27,-59.92,56.57,-9.79,-0.91
2024/01/01 16:12:27.69,119.69,-31.52,-57.26,-59.92,56.42,-9.79,-0.91
2024/01/01 16:12:27.70,119.70,-31.55,-57.24,-59.93,56.28,-9.79,-0.95
2024/01/01 16:12:27.71,119.71,-31.57,-57.21,-59.94,56.22,-9.78,-0.99
2024/01/01 16:12:27.72,119.72,-31.60,-57.17,-59.95,56.27,-9.76,-0.98
2024/01/01 16:12:27.73,119.73,-31.62,-57.12,-59.95,56.37,-9.73,-0.93
2024/01/01 16:12:27.74,119.74,-31.62,-57.08,-59.94,56.45,-9.66,-0.89
2024/01/01 16:12:27.75,119.75,-31.62,-57.05,-59.94,56.45,-9.54,-0.93
2024/01/01 16:12:27.76,119.76,-31.62,-57.04,-59.95,56.37,-9.37,-1.00
2024/01/01 16:12:27.77,119.77,-31.61,-57.03,-59.96,56.24,-9.20,-1.06
2024/01/01 16:12:27.78,119.78,-31.61,-57.02,-59.98,56.08,-9.08,-1.08
2024/01/01 16:12:27.79,119.79,-31.60,-57.01,-60.01,55.95,-9.05,-1.12
2024/01/01 16:12:27.80,119.80,-31.59,-57.00,-60.03,55.88,-9.08,-1.17
2024/01/01 16:12:27.81,119.81,-31.59,-56.97,-60.06,55.87,-9.08,-1.18
2024/01/01 16:12:27.82,119.82,-31.58,-56.93,-60.07,55.90,-9.04,-1.14
2024/01/01 16:12:27.83,119.83,-31.58,-56.88,-60.09,55.94,-8.97,-1.12
2024/01/01 16:12:27.84,119.84,-31.59,-56.84,-60.10,56.00,-8.93,-1.12
2024/01/01 16:12:27.85,119.85,-31.59,-56.81,-60.11,56.09,-8.96,-1.15
2024/01/01 16:12:27.86,119.86,-31.59,-56.78,-60.11,56.23,-9.08,-1.20
2024/01/01 16:12:27.87,119.87,-31.60,-56.78,-60.12,56.39,-9.23,-1.24
2024/01/01 16:12:27.88,119.88,-31.61,-56.78,-60.12,56.54,-9.36,-1.21
2024/01/01 16:12:27.89,119.89,-31.62,-56.80,-60.12,56.64,-9.40,-1.12
2024/01/01 16:12:27.90,119.90,-31.64,-56.81,-60.12,56.68,-9.37,-1.02
2024/01/01 16:12:27.91,119.91,-31.66,-56.83,-60.13,56.69,-9.27,-0.95
2024/01/01 16:12:27.92,119.92,-31.67,-56.84,-60.13,56.67,-9.17,-0.95
2024/01/01 16:12:27.93,119.93,-31.67,-56.85,-60.15,56.62,-9.11,-1.02
2024/01/01 16:12:27.94,119.94,-31.66,-56.85,-60.17,56.53,-9.09,-1.14
2024/01/01 16:12:27.95,119.95,-31.64,-56.84,-60.19,56.38,-9.09,-1.25
2024/01/01 16:12:27.96,119.96,-31.64,-56.84,-60.19,56.17,-9.11,-1.31
2024/01/01 16:12:27.97,119.97,-31.66,-56.84,-60.20,55.96,-9.15,-1.33
2024/01/01 16:12:27.98,119.98,-31.70,-56.85,-60.21,55.83,-9.20,-1.33
2024/01/01 16:12:27.99,119.99,-31.73,-56.85,-60.23,55.80,-9.25,-1.31
2024/01/01 16:12:28.00,120.00,-31.77,-56.84,-60.24,55.84,-9.29,-1.26
2024/01/01 16:12:28.01,120.01,-31.80,-56.82,-60.25,55.88,-9.34,-1.24
2024/01/01 16:12:28.02,120.02,-31.84,-56.80,-60.25,55.90,-9.37,-1.27
2024/01/01 16:12:28.03,120.03,-31.88,-56.80,-60.26,55.91,-9.35,-1.29
2024/01/01 16:12:28.04,120.04,-31.91,-56.82,-60.28,55.91,-9.28,-1.28
2024/01/01 16:12:28.05,120.05,-31.94,-56.84,-60.29,55.93,-9.21,-1.27
2024/01/01 16:12:28.06,120.06,-31.96,-56.87,-60.30,55.96,-9.19,-1.30
2024/01/01 16:12:28.07,120.07,-31.99,-56.89,-60.31,55.94,-9.21,-1.36
2024/01/01 16:12:28.08,120.08,-32.01,-56.91,-60.31,55.90,-9.25,-1.40
2024/01/01 16:12:28.09,120.09,-32.03,-56.94,-60.32,55.86,-9.31,-1.35
2024/01/01 16:12:28.10,120.10,-32.03,-56.96,-60.33,55.82,-9.35,-1.27
2024/01/01 16:12:28.11,120.11,-32.02,-56.98,-60.35,55.81,-9.37,-1.22
2024/01/01 16:12:28.12,120.12,-32.01,-57.00,-60.37,55.81,-9.38,-1.19
2024/01/01 16:12:28.13,120.13,-32.02,-57.01,-60.37,55.80,-9.40,-1.21
2024/01/01 16:12:28.14,120.14,-32.01,-57.02,-60.37,55.78,-9.42,-1.29
2024/01/01 16:12:28.15,120.15,-32.00,-57.02,-60.38,55.76,-9.42,-1.40
2024/01/01 16:12:28.16,120.16,-31.98,-57.02,-60.41,55.72,-9.45,-1.45
2024/01/01 16:12:28.17,120.17,-31.96,-57.03,-60.45,55.64,-9.51,-1.43
2024/01/01 16:12:28.18,120.18,-31.94,-57.03,-60.48,55.55,-9.56,-1.41
2024/01/01 16:12:28.19,120.19,-31.93,-57.01,-60.50,55.49,-9.56,-1.43
2024/01/01 16:12:28.20,120.20,-31.93,-56.99,-60.51,55.55,-9.52,-1.47
2024/01/01 16:12:28.21,120.21,-31.93,-56.96,-60.52,55.71,-9.47,-1.50
2024/01/01 16:12:28.22,120.22,-31.95,-56.94,-60.52,55.91,-9.43,-1.51
2024/01/01 16:12:28.23,120.23,-31.97,-56.91,-60.54,56.06,-9.38,-1.54
2024/01/01 16:12:28.24,120.24,-31.98,-56.87,-60.56,56.09,-9.33,-1.58
2024/01/01 16:12:28.25,120.25,-31.99,-56.82,-60.58,56.02,-9.30,-1.60
2024/01/01 16:12:28.26,120.26,-31.98,-56.77,-60.58,55.93,-9.30,-1.58
2024/01/01 16:12:28.27,120.27,-31.97,-56.72,-60.57,55.92,-9.36,-1.56
2024/01/01 16:12:28.28,120.28,-31.95,-56.70,-60.55,56.03,-9.42,-1.54
2024/01/01 16:12:28.29,120.29,-31.92,-56.71,-60.54,56.17,-9.46,-1.51
2024/01/01 16:12:28.30,120.30,-31.87,-56.74,-60.53,56.27,-9.46,-1.46
2024/01/01 16:12:28.31,120.31,-31.83,-56.76,-60.52,56.24,-9.40,-1.39
2024/01/01 16:12:28.32,120.32,-31.81,-56.75,-60.52,56.11,-9.26,-1.36
2024/01/01 16:12:28.33,120.33,-31.80,-56.72,-60.51,55.96,-9.07,-1.41
2024/01/01 16:12:28.34,120.34,-31.80,-56.69,-60.51,55.84,-8.86,-1.48
2024/01/01 16:12:28.35,120.35,-31.81,-56.67,-60.53,55.76,-8.68,-1.53
2024/01/01 16:12:28.36,120.36,-31.82,-56.65,-60.55,55.67,-8.56,-1.53
2024/01/01 16:12:28.37,120.37,-31.86,-56.64,-60.55,55.55,-8.51,-1.50
2024/01/01 16:12:28.38,120.38,-31.91,-56.63,-60.54,55.50,-8.55,-1.45
2024/01/01 16:12:28.39,120.39,-31.97,-56.63,-60.54,55.57,-8.68,-1.45
2024/01/01 16:12:28.40,120.40,-32.02,-56.63,-60.55,55.78,-8.88,-1.46
2024/01/01 16:12:28.41,120.41,-32.08,-56.66,-60.55,56.04,-9.06,-1.43
2024/01/01 16:12:28.42,120.42,-32.12,-56.70,-60.55,56.20,-9.17,-1.39
2024/01/01 16:12:28.43,120.43,-32.15,-56.74,-60.56,56.18,-9.22,-1.39
2024/01/01 16:12:28.44,120.44,-32.17,-56.79,-60.56,56.02,-9.23,-1.43
2024/01/01 16:12:28.45,120.45,-32.16,-56.85,-60.56,55.81,-9.21,-1.45
2024/01/01 16:12:28.46,120.46,-32.14,-56.91,-60.57,55.62,-9.17,-1.50
2024/01/01 16:12:28.47,120.47,-32.12,-56.96,-60.58,55.47,-9.13,-1.60
2024/01/01 16:12:28.48,120.48,-32.10,-57.00,-60.58,55.34,-9.11,-1.69
2024/01/01 16:12:28.49,120.49,-32.10,-57.02,-60.58,55.20,-9.16,-1.75
2024/01/01 16:12:28.50,120.50,-32.12,-57.03,-60.59,55.08,-9.32,-1.78
2024/01/01 16:12:28.51,120.51,-32.16,-57.04,-60.59,55.05,-9.54,-1.73
2024/01/01 16:12:28.52,120.52,-32.19,-57.06,-60.58,55.11,-9.77,-1.60
2024/01/01 16:12:28.53,120.53,-32.23,-57.09,-60.57,55.24,-9.95,-1.50
2024/01/01 16:12:28.54,120.54,-32.24,-57.14,-60.56,55.42,-10.04,-1.47
2024/01/01 16:12:28.55,120.55,-32.25,-57.21,-60.56,55.61,-10.04,-1.48
2024/01/01 16:12:28.56,120.56,-32.24,-57.28,-60.58,55.79,-9.96,-1.46
2024/01/01 16:12:28.57,120.57,-32.23,-57.33,-60.60,55.92,-9.82,-1.44
2024/01/01 16:12:28.58,120.58,-32.20,-57.37,-60.62,55.97,-9.69,-1.45
2024/01/01 16:12:28.59,120.59,-32.18,-57.38,-60.63,55.91,-9.59,-1.52
2024/01/01 16:12:28.60,120.60,-32.16,-57.38,-60.62,55.79,-9.55,-1.59
2024/01/01 16:12:28.61,120.61,-32.14,-57.34,-60.60,55.71,-9.59,-1.64
2024/01/01 16:12:28.62,120.62,-32.13,-57.30,-60.56,55.69,-9.70,-1.65
2024/01/01 16:12:28.63,120.63,-32.14,-57.24,-60.53,55.71,-9.84,-1.65
2024/01/01 16:12:28.64,120.64,-32.14,-57.18,-60.51,55.73,-9.96,-1.61
2024/01/01 16:12:28.65,120.65,-32.14,-57.14,-60.49,55.74,-10.01,-1.53
2024/01/01 16:12:28.66,120.66,-32.14,-57.12,-60.44,55.72,-9.98,-1.41
2024/01/01 16:12:28.67,120.67,-32.14,-57.10,-60.40,55.70,-9.91,-1.30
2024/01/01 16:12:28.68,120.68,-32.14,-57.09,-60.35,55.73,-9.81,-1.27
2024/01/01 16:12:28.69,120.69,-32.13,-57.07,-60.32,55.79,-9.72,-1.29
2024/01/01 16:12:28.70,120.70,-32.12,-57.04,-60.28,55.82,-9.63,-1.26
2024/01/01 16:12:28.71,120.71,-32.09,-57.03,-60.25,55.76,-9.51,-1.19
2024/01/01 16:12:28.72,120.72,-32.07,-57.02,-60.22,55.65,-9.34,-1.19
2024/01/01 16:12:28.73,120.73,-32.06,-57.01,-60.19,55.53,-9.13,-1.22
2024/01/01 16:12:28.74,120.74,-32.06,-57.01,-60.17,55.48,-8.95,-1.18
2024/01/01 16:12:28.75,120.75,-32.04,-56.99,-60.15,55.53,-8.89,-1.13
2024/01/01 16:12:28.76,120.76,-32.03,-56.98,-60.13,55.64,-8.95,-1.08
2024/01/01 16:12:28.77,120.77,-32.01,-56.98,-60.11,55.78,-9.07,-1.04
2024/01/01 16:12:28.78,120.78,-31.99,-56.97,-60.11,55.91,-9.19,-1.01
2024/01/01 16:12:28.79,120.79,-31.96,-56.95,-60.10,56.02,-9.27,-0.99
2024/01/01 16:12:28.80,120.80,-31.94,-56.94,-60.09,56.13,-9.30,-0.97
2024/01/01 16:12:28.81,120.81,-31.95,-56.95,-60.06,56.23,-9.32,-0.95
2024/01/01 16:12:28.82,120.82,-31.98,-56.96,-60.02,56.29,-9.36,-0.99
2024/01/01 16:12:28.83,120.83,-32.03,-56.98,-60.00,56.28,-9.42,-1.02
2024/01/01 16:12:28.84,120.84,-32.08,-56.99,-59.99,56.18,-9.47,-0.96
2024/01/01 16:12:28.85,120.85,-32.13,-57.00,-59.98,56.01,-9.52,-0.87
2024/01/01 16:12:28.86,120.86,-32.14,-57.01,-59.98,55.84,-9.55,-0.85
2024/01/01 16:12:28.87,120.87,-32.14,-57.03,-59.97,55.76,-9.52,-0.86
2024/01/01 16:12:28.88,120.88,-32.12,-57.05,-59.95,55.76,-9.47,-0.88
2024/01/01 16:12:28.89,120.89,-32.11,-57.08,-59.95,55.78,-9.46,-0.91
2024/01/01 16:12:28.90,120.90,-32.10,-57.12,-59.94,55.78,-9.55,-0.96
2024/01/01 16:12:28.91,120.91,-32.11,-57.17,-59.94,55.71,-9.73,-0.98
2024/01/01 16:12:28.92,120.92,-32.13,-57.22,-59.94,55.58,-9.93,-0.97
2024/01/01 16:12:28.93,120.93,-32.17,-57.26,-59.94,55.43,-10.08,-0.93
2024/01/01 16:12:28.94,120.94,-32.20,-57.27,-59.94,55.32,-10.09,-0.92
2024/01/01 16:12:28.95,120.95,-32.24,-57.26,-59.95,55.33,-9.95,-0.97
2024/01/01 16:12:28.96,120.96,-32.27,-57.24,-59.95,55.44,-9.74,-1.01
2024/01/01 16:12:28.97,120.97,-32.30,-57.22,-59.95,55.61,-9.55,-1.00
2024/01/01 16:12:28.98,120.98,-32.31,-57.20,-59.95,55.78,-9.46,-0.94
2024/01/01 16:12:28.99,120.99,-32.31,-57.20,-59.95,55.90,-9.50,-0.89
2024/01/01 16:12:29.00,121.00,-32.31,-57.21,-59.95,55.93,-9.65,-0.87
2024/01/01 16:12:29.01,121.01,-32.30,-57.22,-59.96,55.88,-9.86,-0.86
2024/01/01 16:12:29.02,121.02,-32.29,-57.22,-59.98,55.77,-10.02,-0.89
2024/01/01 16:12:29.03,121.03,-32.29,-57.22,-60.00,55.64,-10.03,-0.97
2024/01/01 16:12:29.04,121.04,-32.28,-57.21,-60.01,55.52,-9.91,-1.05
2024/01/01 16:12:29.05,121.05,-32.26,-57.22,-60.01,55.43,-9.75,-1.11
2024/01/01 16:12:29.06,121.06,-32.22,-57.23,-60.00,55.37,-9.60,-1.15
2024/01/01 16:12:29.07,121.07,-32.17,-57.25,-59.98,55.36,-9.50,-1.16
2024/01/01 16:12:29.08,121.08,-32.12,-57.26,-59.96,55.37,-9.45,-1.07
2024/01/01 16:12:29.09,121.09,-32.07,-57.28,-59.95,55.40,-9.49,-0.91
2024/01/01 16:12:29.10,121.10,-32.03,-57.31,-59.93,55.47,-9.56,-0.80
2024/01/01 16:12:29.11,121.11,-32.00,-57.34,-59.93,55.58,-9.62,-0.76
2024/01/01 16:12:29.12,121.12,-31.98,-57.35,-59.93,55.69,-9.62,-0.76
2024/01/01 16:12:29.13,121.13,-31.97,-57.36,-59.94,55.78,-9.63,-0.82
2024/01/01 16:12:29.14,121.14,-31.97,-57.35,-59.94,55.87,-9.66,-0.90
2024/01/01 16:12:29.15,121.15,-31.97,-57.32,-59.95,55.96,-9.67,-0.96
2024/01/01 16:12:29.16,121.16,-31.96,-57.29,-59.98,56.08,-9.67,-0.97
2024/01/01 16:12:29.17,121.17,-31.93,-57.25,-60.01,56.24,-9.69,-0.91
2024/01/01 16:12:29.18,121.18,-31.89,-57.23,-60.03,56.40,-9.76,-0.81
2024/01/01 16:12:29.19,121.19,-31.84,-57.23,-60.04,56.50,-9.87,-0.76
2024/01/01 16:12:29.20,121.20,-31.81,-57.24,-60.04,56.49,-10.02,-0.84
2024/01/01 16:12:29.21,121.21,-31.78,-57.26,-60.04,56.43,-10.13,-0.96
2024/01/01 16:12:29.22,121.22,-31.76,-57.29,-60.04,56.38,-10.16,-1.05
2024/01/01 16:12:29.23,121.23,-31.75,-57.32,-60.04,56.37,-10.08,-1.10
2024/01/01 16:12:29.24,121.24,-31.75,-57.34,-60.04,56.34,-9.87,-1.17
2024/01/01 16:12:29.25,121.25,-31.75,-57.35,-60.03,56.23,-9.58,-1.20
2024/01/01 16:12:29.26,121.26,-31.75,-57.35,-60.02,56.04,-9.28,-1.19
2024/01/01 16:12:29.27,121.27,-31.72,-57.36,-60.01,55.81,-9.10,-1.14
2024/01/01 16:12:29.28,121.28,-31.68,-57.36,-60.00,55.69,-9.11,-1.08
2024/01/01 16:12:29.29,121.29,-31.64,-57.35,-60.00,55.70,-9.30,-1.02
2024/01/01 16:12:29.30,121.30,-31.61,-57.32,-59.98,55.83,-9.58,-0.96
2024/01/01 16:12:29.31,121.31,-31.59,-57.27,-59.96,55.99,-9.86,-0.94
2024/01/01 16:12:29.32,121.32,-31.58,-57.22,-59.96,56.09,-10.07,-0.99
2024/01/01 16:12:29.33,121.33,-31.58,-57.19,-59.95,56.13,-10.17,-1.07
2024/01/01 16:12:29.34,121.34,-31.58,-57.17,-59.95,56.17,-10.13,-1.06
2024/01/01 16:12:29.35,121.35,-31.57,-57.18,-59.94,56.26,-9.97,-0.97
2024/01/01 16:12:29.36,121.36,-31.56,-57.21,-59.93,56.40,-9.74,-0.89
2024/01/01 16:12:29.37,121.37,-31.53,-57.24,-59.91,56.54,-9.55,-0.83
2024/01/01 16:12:29.38,121.38,-31.50,-57.25,-59.88,56.64,-9.41,-0.79
2024/01/01 16:12:29.39,121.39,-31.48,-57.24,-59.85,56.65,-9.34,-0.79
2024/01/01 16:12:29.40,121.40,-31.45,-57.22,-59.82,56.60,-9.31,-0.81
2024/01/01 16:12:29.41,121.41,-31.42,-57.19,-59.79,56.50,-9.28,-0.80
2024/01/01 16:12:29.42,121.42,-31.40,-57.18,-59.76,56.41,-9.24,-0.78
2024/01/01 16:12:29.43,121.43,-31.37,-57.18,-59.73,56.39,-9.24,-0.74
2024/01/01 16:12:29.44,121.44,-31.33,-57.18,-59.72,56.46,-9.30,-0.75
2024/01/01 16:12:29.45,121.45,-31.30,-57.20,-59.71,56.59,-9.42,-0.81
2024/01/01 16:12:29.46,121.46,-31.27,-57.23,-59.70,56.73,-9.60,-0.84
2024/01/01 16:12:29.47,121.47,-31.25,-57.26,-59.70,56.83,-9.79,-0.80
2024/01/01 16:12:29.48,121.48,-31.24,-57.29,-59.69,56.88,-9.91,-0.76
2024/01/01 16:12:29.49,121.49,-31.23,-57.33,-59.70,56.89,-9.90,-0.72
2024/01/01 16:12:29.50,121.50,-31.22,-57.36,-59.71,56.88,-9.81,-0.69
2024/01/01 16:12:29.51,121.51,-31.22,-57.40,-59.72,56.87,-9.73,-0.68
2024/01/01 16:12:29.52,121.52,-31.24,-57.42,-59.72,56.83,-9.68,-0.66
2024/01/01 16:12:29.53,121.53,-31.26,-57.44,-59.73,56.77,-9.65,-0.68
2024/01/01 16:12:29.54,121.54,-31.28,-57.45,-59.76,56.73,-9.64,-0.77
2024/01/01 16:12:29.55,121.55,-31.30,-57.47,-59.78,56.74,-9.64,-0.86
2024/01/01 16:12:29.56,121.56,-31.31,-57.49,-59.79,56.79,-9.66,-0.86
2024/01/01 16:12:29.57,121.57,-31.30,-57.52,-59.81,56.84,-9.77,-0.85
2024/01/01 16:12:29.58,121.58,-31.30,-57.53,-59.82,56.87,-9.96,-0.90
2024/01/01 16:12:29.59,121.59,-31.30,-57.53,-59.82,56.87,-10.20,-0.90
2024/01/01 16:12:29.60,121.60,-31.31,-57.53,-59.81,56.84,-10.43,-0.86
2024/01/01 16:12:29.61,121.61,-31.31,-57.54,-59.80,56.78,-10.57,-0.85
2024/01/01 16:12:29.62,121.62,-31.31,-57.55,-59.79,56.68,-10.50,-0.88
2024/01/01 16:12:29.63,121.63,-31.31,-57.56,-59.78,56.54,-10.24,-0.88
2024/01/01 16:12:29.64,121.64,-31.32,-57.56,-59.78,56.34,-9.90,-0.85
2024/01/01 16:12:29.65,121.65,-31.32,-57.55,-59.78,56.18,-9.60,-0.85
2024/01/01 16:12:29.66,121.66,-31.32,-57.54,-59.77,56.13,-9.41,-0.82
2024/01/01 16:12:29.67,121.67,-31.32,-57.54,-59.76,56.19,-9.36,-0.76
2024/01/01 16:12:29.68,121.68,-31.34,-57.54,-59.75,56.37,-9.44,-0.75
2024/01/01 16:12:29.69,121.69,-31.38,-57.54,-59.76,56.62,-9.60,-0.80
2024/01/01 16:12:29.70,121.70,-31.43,-57.51,-59.78,56.86,-9.77,-0.85
2024/01/01 16:12:29.71,121.71,-31.48,-57.48,-59.80,57.00,-9.94,-0.83
2024/01/01 16:12:29.72,121.72,-31.51,-57.45,-59.81,57.05,-10.11,-0.77
2024/01/01 16:12:29.73,121.73,-31.53,-57.44,-59.80,57.02,-10.20,-0.71
2024/01/01 16:12:29.74,121.74,-31.54,-57.44,-59.78,56.92,-10.20,-0.70
2024/01/01 16:12:29.75,121.75,-31.53,-57.45,-59.76,56.80,-10.13,-0.71
2024/01/01 16:12:29.76,121.76,-31.53,-57.46,-59.75,56.71,-10.03,-0.72
2024/01/01 16:12:29.77,121.77,-31.53,-57.47,-59.73,56.64,-9.93,-0.74
2024/01/01 16:12:29.78,121.78,-31.53,-57.48,-59.71,56.54,-9.82,-0.80
2024/01/01 16:12:29.79,121.79,-31.54,-57.48,-59.69,56.36,-9.70,-0.86
2024/01/01 16:12:29.80,121.80,-31.56,-57.48,-59.67,56.11,-9.62,-0.85
2024/01/01 16:12:29.81,121.81,-31.59,-57.47,-59.64,55.85,-9.61,-0.78
2024/01/01 16:12:29.82,121.82,-31.61,-57.46,-59.62,55.64,-9.65,-0.72
2024/01/01 16:12:29.83,121.83,-31.64,-57.45,-59.59,55.58,-9.70,-0.67
2024/01/01 16:12:29.84,121.84,-31.66,-57.44,-59.57,55.67,-9.75,-0.63
2024/01/01 16:12:29.85,121.85,-31.68,-57.43,-59.54,55.86,-9.79,-0.60
2024/01/01 16:12:29.86,121.86,-31.68,-57.43,-59.52,56.07,-9.83,-0.60
2024/01/01 16:12:29.87,121.87,-31.68,-57.44,-59.50,56.24,-9.91,-0.57
2024/01/01 16:12:29.88,121.88,-31.68,-57.45,-59.48,56.34,-10.02,-0.49
2024/01/01 16:12:29.89,121.89,-31.68,-57.45,-59.46,56.38,-10.13,-0.41
2024/01/01 16:12:29.90,121.90,-31.67,-57.44,-59.42,56.40,-10.19,-0.36
2024/01/01 16:12:29.91,121.91,-31.65,-57.43,-59.39,56.41,-10.14,-0.35
2024/01/01 16:12:29.92,121.92,-31.64,-57.41,-59.36,56.43,-9.99,-0.38
2024/01/01 16:12:29.93,121.93,-31.62,-57.39,-59.33,56.44,-9.80,-0.43
2024/01/01 16:12:29.94,121.94,-31.59,-57.38,-59.30,56.40,-9.61,-0.46
2024/01/01 16:12:29.95,121.95,-31.56,-57.38,-59.28,56.31,-9.49,-0.44
2024/01/01 16:12:29.96,121.96,-31.52,-57.40,-59.26,56.21,-9.48,-0.35
2024/01/01 16:12:29.97,121.97,-31.50,-57.41,-59.24,56.18,-9.57,-0.25
2024/01/01 16:12:29.98,121.98,-31.49,-57.42,-59.22,56.23,-9.70,-0.21
2024/01/01 16:12:29.99,121.99,-31.49,-57.42,-59.20,56.34,-9.80,-0.22
2024/01/01 16:12:30.00,122.00,-31.49,-57.41,-59.20,56.46,-9.84,-0.24
2024/01/01 16:12:30.01,122.01,-31.49,-57.40,-59.20,56.57,-9.82,-0.25
2024/01/01 16:12:30.02,122.02,-31.48,-57.38,-59.20,56.66,-9.73,-0.24
2024/01/01 16:12:30.03,122.03,-31.47,-57.37,-59.19,56.72,-9.59,-0.17
2024/01/01 16:12:30.04,122.04,-31.45,-57.35,-59.18,56.76,-9.48,-0.12
2024/01/01 16:12:30.05,122.05,-31.44,-57.34,-59.17,56.79,-9.45,-0.13
2024/01/01 16:12:30.06,122.06,-31.44,-57.32,-59.18,56.79,-9.50,-0.15
2024/01/01 16:12:30.07,122.07,-31.45,-57.30,-59.19,56.76,-9.61,-0.13
2024/01/01 16:12:30.08,122.08,-31.46,-57.29,-59.19,56.71,-9.74,-0.10
2024/01/01 16:12:30.09,122.09,-31.46,-57.29,-59.20,56.69,-9.85,-0.14
2024/01/01 16:12:30.10,122.10,-31.45,-57.29,-59.22,56.68,-9.89,-0.24
2024/01/01 16:12:30.11,122.11,-31.44,-57.31,-59.24,56.66,-9.88,-0.30
2024/01/01 16:12:30.12,122.12,-31.44,-57.34,-59.25,56.61,-9.81,-0.34
2024/01/01 16:12:30.13,122.13,-31.45,-57.36,-59.26,56.55,-9.73,-0.42
2024/01/01 16:12:30.14,122.14,-31.46,-57.38,-59.28,56.48,-9.63,-0.50
2024/01/01 16:12:30.15,122.15,-31.47,-57.41,-59.30,56.39,-9.56,-0.50
2024/01/01 16:12:30.16,122.16,-31.49,-57.43,-59.32,56.28,-9.54,-0.45
2024/01/01 16:12:30.17,122.17,-31.50,-57.45,-59.33,56.19,-9.55,-0.41
2024/01/01 16:12:30.18,122.18,-31.51,-57.46,-59.34,56.17,-9.59,-0.39
2024/01/01 16:12:30.19,122.19,-31.52,-57.45,-59.35,56.24,-9.63,-0.39
2024/01/01 16:12:30.20,122.20,-31.53,-57.43,-59.35,56.37,-9.70,-0.40
2024/01/01 16:12:30.21,122.21,-31.53,-57.41,-59.36,56.50,-9.77,-0.41
2024/01/01 16:12:30.22,122.22,-31.53,-57.41,-59.37,56.54,-9.87,-0.40
2024/01/01 16:12:30.23,122.23,-31.53,-57.43,-59.39,56.50,-9.98,-0.38
2024/01/01 16:12:30.24,122.24,-31.55,-57.45,-59.41,56.45,-10.09,-0.36
2024/01/01 16:12:30.25,122.25,-31.57,-57.48,-59.42,56.46,-10.17,-0.32
2024/01/01 16:12:30.26,122.26,-31.59,-57.50,-59.41,56.51,-10.19,-0.29
2024/01/01 16:12:30.27,122.27,-31.61,-57.51,-59.41,56.60,-10.15,-0.32
2024/01/01 16:12:30.28,122.28,-31.63,-57.50,-59.41,56.63,-10.05,-0.35
2024/01/01 16:12:30.29,122.29,-31.64,-57.49,-59.42,56.58,-9.91,-0.36
2024/01/01 16:12:30.30,122.30,-31.64,-57.49,-59.41,56.48,-9.77,-0.36
2024/01/01 16:12:30.31,122.31,-31.62,-57.49,-59.41,56.42,-9.68,-0.39
2024/01/01 16:12:30.32,122.32,-31.60,-57.48,-59.40,56.42,-9.65,-0.41
2024/01/01 16:12:30.33,122.33,-31.58,-57.47,-59.39,56.46,-9.69,-0.43
2024/01/01 16:12:30.34,122.34,-31.56,-57.47,-59.39,56.44,-9.81,-0.46
2024/01/01 16:12:30.35,122.35,-31.54,-57.46,-59.39,56.33,-9.96,-0.48
2024/01/01 16:12:30.36,122.36,-31.52,-57.45,-59.38,56.16,-10.10,-0.47
2024/01/01 16:12:30.37,122.37,-31.52,-57.43,-59.37,56.01,-10.16,-0.42
2024/01/01 16:12:30.38,122.38,-31.51,-57.41,-59.36,55.97,-10.14,-0.40
2024/01/01 16:12:30.39,122.39,-31.52,-57.39,-59.34,56.03,-10.02,-0.40
2024/01/01 16:12:30.40,122.40,-31.54,-57.38,-59.32,56.15,-9.86,-0.39
2024/01/01 16:12:30.41,122.41,-31.57,-57.39,-59.31,56.26,-9.70,-0.37
2024/01/01 16:12:30.42,122.42,-31.59,-57.39,-59.31,56.33,-9.58,-0.35
2024/01/01 16:12:30.43,122.43,-31.61,-57.40,-59.32,56.39,-9.54,-0.31
2024/01/01 16:12:30.44,122.44,-31.62,-57.40,-59.33,56.47,-9.59,-0.25
2024/01/01 16:12:30.45,122.45,-31.62,-57.40,-59.33,56.61,-9.71,-0.24
2024/01/01 16:12:30.46,122.46,-31.60,-57.40,-59.34,56.80,-9.84,-0.32
2024/01/01 16:12:30.47,122.47,-31.59,-57.39,-59.34,56.96,-9.94,-0.40
2024/01/01 16:12:30.48,122.48,-31.58,-57.39,-59.36,56.99,-10.00,-0.43
2024/01/01 16:12:30.49,122.49,-31.58,-57.39,-59.39,56.83,-10.00,-0.42
2024/01/01 16:12:30.50,122.50,-31.58,-57.40,-59.41,56.53,-9.94,-0.41
2024/01/01 16:12:30.51,122.51,-31.58,-57.40,-59.43,56.24,-9.82,-0.44
2024/01/01 16:12:30.52,122.52,-31.59,-57.39,-59.45,56.09,-9.66,-0.49
2024/01/01 16:12:30.53,122.53,-31.60,-57.37,-59.47,56.12,-9.50,-0.54
2024/01/01 16:12:30.54,122.54,-31.61,-57.35,-59.50,56.24,-9.38,-0.57
2024/01/01 16:12:30.55,122.55,-31.62,-57.33,-59.52,56.36,-9.30,-0.61
2024/01/01 16:12:30.56,122.56,-31.61,-57.30,-59.53,56.41,-9.26,-0.62
2024/01/01 16:12:30.57,122.57,-31.58,-57.28,-59.53,56.35,-9.32,-0.59
2024/01/01 16:12:30.58,122.58,-31.55,-57.27,-59.52,56.25,-9.52,-0.59
2024/01/01 16:12:30.59,122.59,-31.51,-57.27,-59.51,56.17,-9.80,-0.59
2024/01/01 16:12:30.60,122.60,-31.48,-57.29,-59.51,56.11,-10.05,-0.56
2024/01/01 16:12:30.61,122.61,-31.46,-57.29,-59.52,56.04,-10.23,-0.54
2024/01/01 16:12:30.62,122.62,-31.46,-57.29,-59.54,55.98,-10.28,-0.54
2024/01/01 16:12:30.63,122.63,-31.47,-57.29,-59.56,55.93,-10.17,-0.55
2024/01/01 16:12:30.64,122.64,-31.47,-57.28,-59.59,55.94,-9.95,-0.59
2024/01/01 16:12:30.65,122.65,-31.47,-57.28,-59.61,56.08,-9.70,-0.64
2024/01/01 16:12:30.66,122.66,-31.47,-57.28,-59.63,56.33,-9.48,-0.66
2024/01/01 16:12:30.67,122.67,-31.47,-57.26,-59.65,56.62,-9.32,-0.68
2024/01/01 16:12:30.68,122.68,-31.46,-57.23,-59.68,56.87,-9.23,-0.70
2024/01/01 16:12:30.69,122.69,-31.44,-57.20,-59.70,57.04,-9.22,-0.73
2024/01/01 16:12:30.70,122.70,-31.42,-57.16,-59.74,57.08,-9.32,-0.76
2024/01/01 16:12:30.71,122.71,-31.39,-57.13,-59.78,56.99,-9.48,-0.78
2024/01/01 16:12:30.72,122.72,-31.38,-57.12,-59.81,56.84,-9.65,-0.79
2024/01/01 16:12:30.73,122.73,-31.37,-57.11,-59.84,56.71,-9.77,-0.79
2024/01/01 16:12:30.74,122.74,-31.38,-57.12,-59.86,56.63,-9.79,-0.77
2024/01/01 16:12:30.75,122.75,-31.41,-57.11,-59.87,56.61,-9.71,-0.77
2024/01/01 16:12:30.76,122.76,-31.45,-57.11,-59.88,56.62,-9.54,-0.78
2024/01/01 16:12:30.77,122.77,-31.48,-57.11,-59.89,56.63,-9.32,-0.81
2024/01/01 16:12:30.78,122.78,-31.52,-57.11,-59.90,56.60,-9.11,-0.84
2024/01/01 16:12:30.79,122.79,-31.55,-57.12,-59.90,56.54,-8.99,-0.85
2024/01/01 16:12:30.80,122.80,-31.59,-57.13,-59.90,56.50,-8.95,-0.83
2024/01/01 16:12:30.81,122.81,-31.63,-57.15,-59.91,56.48,-9.01,-0.80
2024/01/01 16:12:30.82,122.82,-31.66,-57.17,-59.91,56.44,-9.15,-0.78
2024/01/01 16:12:30.83,122.83,-31.69,-57.19,-59.92,56.34,-9.33,-0.81
2024/01/01 16:12:30.84,122.84,-31.71,-57.21,-59.94,56.18,-9.52,-0.88
2024/01/01 16:12:30.85,122.85,-31.72,-57.22,-59.95,56.00,-9.68,-0.99
2024/01/01 16:12:30.86,122.86,-31.73,-57.21,-59.97,55.84,-9.80,-1.08
2024/01/01 16:12:30.87,122.87,-31.76,-57.20,-59.98,55.73,-9.86,-1.11
2024/01/01 16:12:30.88,122.88,-31.79,-57.21,-59.98,55.69,-9.89,-1.09
2024/01/01 16:12:30.89,122.89,-31.82,-57.24,-59.99,55.68,-9.89,-1.05
2024/01/01 16:12:30.90,122.90,-31.85,-57.29,-59.98,55.68,-9.89,-1.02
2024/01/01 16:12:30.91,122.91,-31.88,-57.33,-59.98,55.69,-9.87,-0.97
2024/01/01 16:12:30.92,122.92,-31.91,-57.37,-59.97,55.71,-9.83,-0.91
2024/01/01 16:12:30.93,122.93,-31.92,-57.41,-59.96,55.81,-9.80,-0.90
2024/01/01 16:12:30.94,122.94,-31.92,-57.45,-59.94,55.98,-9.76,-0.93
2024/01/01 16:12:30.95,122.95,-31.91,-57.49,-59.93,56.18,-9.74,-0.98
2024/01/01 16:12:30.96,122.96,-31.89,-57.51,-59.91,56.31,-9.81,-1.02
2024/01/01 16:12:30.97,122.97,-31.86,-57.52,-59.89,56.32,-9.99,-1.01
2024/01/01 16:12:30.98,122.98,-31.84,-57.53,-59.86,56.22,-10.21,-0.94
2024/01/01 16:12:30.99,122.99,-31.82,-57.54,-59.82,56.08,-10.39,-0.85
2024/01/01 16:12:31.00,123.00,-31.80,-57.54,-59.79,55.99,-10.45,-0.78
2024/01/01 16:12:31.01,123.01,-31.78,-57.54,-59.77,56.01,-10.40,-0.74
2024/01/01 16:12:31.02,123.02,-31.77,-57.52,-59.77,56.10,-10.24,-0.73
2024/01/01 16:12:31.03,123.03,-31.77,-57.50,-59.76,56.24,-10.02,-0.76
2024/01/01 16:12:31.04,123.04,-31.76,-57.47,-59.74,56.39,-9.79,-0.77
2024/01/01 16:12:31.05,123.05,-31.76,-57.45,-59.71,56.51,-9.60,-0.79
2024/01/01 16:12:31.06,123.06,-31.75,-57.44,-59.70,56.61,-9.48,-0.81
2024/01/01 16:12:31.07,123.07,-31.75,-57.45,-59.69,56.68,-9.47,-0.79
2024/01/01 16:12:31.08,123.08,-31.75,-57.46,-59.69,56.68,-9.53,-0.71
2024/01/01 16:12:31.09,123.09,-31.75,-57.49,-59.70,56.58,-9.67,-0.67
2024/01/01 16:12:31.10,123.10,-31.74,-57.52,-59.71,56.39,-9.85,-0.68
2024/01/01 16:12:31.11,123.11,-31.74,-57.56,-59.73,56.18,-10.01,-0.69
2024/01/01 16:12:31.12,123.12,-31.74,-57.59,-59.74,56.00,-10.10,-0.69
2024/01/01 16:12:31.13,123.13,-31.75,-57.63,-59.76,55.90,-10.07,-0.72
2024/01/01 16:12:31.14,123.14,-31.77,-57.65,-59.78,55.92,-9.92,-0.80
2024/01/01 16:12:31.15,123.15,-31.80,-57.67,-59.79,56.01,-9.73,-0.87
2024/01/01 16:12:31.16,123.16,-31.82,-57.68,-59.81,56.09,-9.60,-0.86
2024/01/01 16:12:31.17,123.17,-31.85,-57.70,-59.82,56.14,-9.60,-0.84
2024/01/01 16:12:31.18,123.18,-31.87,-57.72,-59.84,56.17,-9.76,-0.86
2024/01/01 16:12:31.19,123.19,-31.88,-57.76,-59.86,56.20,-10.05,-0.88
2024/01/01 16:12:31.20,123.20,-31.87,-57.80,-59.88,56.23,-10.39,-0.88
2024/01/01 16:12:31.21,123.21,-31.88,-57.82,-59.89,56.28,-10.69,-0.87
2024/01/01 16:12:31.22,123.22,-31.88,-57.84,-59.90,56.31,-10.85,-0.90
2024/01/01 16:12:31.23,123.23,-31.89,-57.87,-59.90,56.32,-10.85,-0.94
2024/01/01 16:12:31.24,123.24,-31.88,-57.90,-59.90,56.27,-10.71,-0.93
2024/01/01 16:12:31.25,123.25,-31.88,-57.93,-59.90,56.14,-10.51,-0.89
2024/01/01 16:12:31.26,123.26,-31.88,-57.95,-59.89,55.97,-10.33,-0.86
2024/01/01 16:12:31.27,123.27,-31.88,-57.96,-59.90,55.83,-10.21,-0.87
2024/01/01 16:12:31.28,123.28,-31.89,-57.96,-59.90,55.77,-10.19,-0.92
2024/01/01 16:12:31.29,123.29,-31.91,-57.96,-59.91,55.82,-10.25,-0.98
2024/01/01 16:12:31.30,123.30,-31.91,-57.95,-59.93,55.90,-10.36,-1.03
2024/01/01 16:12:31.31,123.31,-31.91,-57.94,-59.94,55.95,-10.48,-1.05
2024/01/01 16:12:31.32,123.32,-31.91,-57.92,-59.97,55.93,-10.60,-1.03
2024/01/01 16:12:31.33,123.33,-31.90,-57.90,-59.99,55.91,-10.68,-0.98
2024/01/01 16:12:31.34,123.34,-31.89,-57.88,-60.02,55.96,-10.71,-0.94
2024/01/01 16:12:31.35,123.35,-31.89,-57.87,-60.05,56.10,-10.66,-0.95
2024/01/01 16:12:31.36,123.36,-31.86,-57.85,-60.09,56.27,-10.54,-0.98
2024/01/01 16:12:31.37,123.37,-31.82,-57.83,-60.13,56.39,-10.37,-1.03
2024/01/01 16:12:31.38,123.38,-31.77,-57.80,-60.17,56.40,-10.18,-1.09
2024/01/01 16:12:31.39,123.39,-31.73,-57.78,-60.20,56.32,-9.99,-1.14
2024/01/01 16:12:31.40,123.40,-31.70,-57.75,-60.23,56.22,-9.81,-1.18
2024/01/01 16:12:31.41,123.41,-31.68,-57.72,-60.26,56.17,-9.65,-1.26
2024/01/01 16:12:31.42,123.42,-31.67,-57.68,-60.28,56.19,-9.54,-1.37
2024/01/01 16:12:31.43,123.43,-31.65,-57.64,-60.29,56.23,-9.51,-1.46
2024/01/01 16:12:31.44,123.44,-31.63,-57.60,-60.30,56.23,-9.61,-1.48
2024/01/01 16:12:31.45,123.45,-31.62,-57.56,-60.30,56.21,-9.83,-1.43
2024/01/01 16:12:31.46,123.46,-31.61,-57.52,-60.30,56.23,-10.08,-1.34
2024/01/01 16:12:31.47,123.47,-31.60,-57.48,-60.30,56.31,-10.29,-1.22
2024/01/01 16:12:31.48,123.48,-31.61,-57.46,-60.29,56.42,-10.39,-1.13
2024/01/01 16:12:31.49,123.49,-31.62,-57.43,-60.27,56.50,-10.38,-1.11
2024/01/01 16:12:31.50,123.50,-31.63,-57.42,-60.25,56.50,-10.25,-1.19
2024/01/01 16:12:31.51,123.51,-31.65,-57.42,-60.24,56.40,-10.05,-1.30
2024/01/01 16:12:31.52,123.52,-31.66,-57.42,-60.23,56.23,-9.86,-1.33
2024/01/01 16:12:31.53,123.53,-31.66,-57.43,-60.23,56.07,-9.73,-1.26
2024/01/01 16:12:31.54,123.54,-31.67,-57.45,-60.22,55.98,-9.66,-1.19
2024/01/01 16:12:31.55,123.55,-31.68,-57.48,-60.21,55.95,-9.62,-1.18
2024/01/01 16:12:31.56,123.56,-31.69,-57.50,-60.21,55.98,-9.60,-1.20
2024/01/01 16:12:31.57,123.57,-31.70,-57.51,-60.20,56.03,-9.59,-1.21
2024/01/01 16:12:31.58,123.58,-31.70,-57.51,-60.20,56.07,-9.59,-1.22
2024/01/01 16:12:31.59,123.59,-31.71,-57.51,-60.19,56.08,-9.59,-1.25
2024/01/01 16:12:31.60,123.60,-31.70,-57.50,-60.18,56.10,-9.59,-1.29
2024/01/01 16:12:31.61,123.61,-31.68,-57.48,-60.17,56.15,-9.62,-1.32
2024/01/01 16:12:31.62,123.62,-31.65,-57.45,-60.17,56.23,-9.67,-1.30
2024/01/01 16:12:31.63,123.63,-31.62,-57.41,-60.17,56.27,-9.75,-1.22
2024/01/01 16:12:31.64,123.64,-31.61,-57.37,-60.17,56.26,-9.83,-1.15
2024/01/01 16:12:31.65,123.65,-31.60,-57.36,-60.17,56.22,-9.91,-1.16
2024/01/01 16:12:31.66,123.66,-31.61,-57.36,-60.17,56.19,-9.95,-1.22
2024/01/01 16:12:31.67,123.67,-31.63,-57.36,-60.18,56.21,-9.98,-1.27
2024/01/01 16:12:31.68,123.68,-31.64,-57.35,-60.20,56.28,-10.01,-1.31
2024/01/01 16:12:31.69,123.69,-31.65,-57.35,-60.21,56.38,-10.04,-1.32
2024/01/01 16:12:31.70,123.70,-31.64,-57.36,-60.21,56.46,-10.06,-1.27
2024/01/01 16:12:31.71,123.71,-31.60,-57.37,-60.22,56.52,-10.04,-1.19
2024/01/01 16:12:31.72,123.72,-31.56,-57.38,-60.22,56.55,-9.98,-1.10
2024/01/01 16:12:31.73,123.73,-31.53,-57.38,-60.22,56.55,-9.87,-1.03
2024/01/01 16:12:31.74,123.74,-31.52,-57.38,-60.21,56.53,-9.76,-1.04
2024/01/01 16:12:31.75,123.75,-31.52,-57.36,-60.21,56.50,-9.65,-1.15
2024/01/01 16:12:31.76,123.76,-31.53,-57.33,-60.21,56.44,-9.51,-1.25
2024/01/01 16:12:31.77,123.77,-31.52,-57.31,-60.22,56.33,-9.37,-1.27
2024/01/01 16:12:31.78,123.78,-31.51,-57.28,-60.22,56.20,-9.28,-1.23
2024/01/01 16:12:31.79,123.79,-31.49,-57.24,-60.21,56.11,-9.23,-1.20
2024/01/01 16:12:31.80,123.80,-31.47,-57.20,-60.19,56.11,-9.24,-1.18
2024/01/01 16:12:31.81,123.81,-31.47,-57.15,-60.18,56.18,-9.30,-1.17
2024/01/01 16:12:31.82,123.82,-31.48,-57.11,-60.17,56.28,-9.39,-1.15
2024/01/01 16:12:31.83,123.83,-31.50,-57.10,-60.15,56.33,-9.49,-1.10
2024/01/01 16:12:31.84,123.84,-31.53,-57.10,-60.13,56.29,-9.57,-1.06
2024/01/01 16:12:31.85,123.85,-31.54,-57.12,-60.11,56.21,-9.61,-1.09
2024/01/01 16:12:31.86,123.86,-31.55,-57.14,-60.10,56.14,-9.62,-1.10
2024/01/01 16:12:31.87,123.87,-31.55,-57.17,-60.10,56.17,-9.61,-1.06
2024/01/01 16:12:31.88,123.88,-31.55,-57.20,-60.08,56.29,-9.59,-1.01
2024/01/01 16:12:31.89,123.89,-31.56,-57.21,-60.06,56.45,-9.56,-1.00
2024/01/01 16:12:31.90,123.90,-31.57,-57.23,-60.04,56.58,-9.50,-1.04
2024/01/01 16:12:31.91,123.91,-31.57,-57.23,-60.02,56.62,-9.46,-1.09
2024/01/01 16:12:31.92,123.92,-31.56,-57.21,-60.01,56.55,-9.48,-1.07
2024/01/01 16:12:31.93,123.93,-31.55,-57.20,-60.01,56.41,-9.57,-0.99
2024/01/01 16:12:31.94,123.94,-31.55,-57.18,-60.00,56.30,-9.70,-0.92
2024/01/01 16:12:31.95,123.95,-31.55,-57.15,-60.01,56.28,-9.82,-0.89
2024/01/01 16:12:31.96,123.96,-31.56,-57.14,-60.01,56.33,-9.87,-0.93
2024/01/01 16:12:31.97,123.97,-31.56,-57.14,-60.01,56.42,-9.85,-1.00
2024/01/01 16:12:31.98,123.98,-31.55,-57.14,-60.01,56.48,-9.76,-1.08
2024/01/01 16:12:31.99,123.99,-31.54,-57.15,-60.00,56.46,-9.61,-1.13
2024/01/01 16:12:32.00,124.00,-31.52,-57.16,-60.00,56.38,-9.45,-1.13
2024/01/01 16:12:32.01,124.01,-31.50,-57.18,-60.00,56.29,-9.32,-1.07
2024/01/01 16:12:32.02,124.02,-31.48,-57.20,-60.00,56.24,-9.25,-0.98
2024/01/01 16:12:32.03,124.03,-31.45,-57.23,-59.99,56.23,-9.24,-0.94
2024/01/01 16:12:32.04,124.04,-31.44,-57.25,-59.98,56.20,-9.25,-0.95
2024/01/01 16:12:32.05,124.05,-31.42,-57.25,-59.97,56.14,-9.29,-0.99
2024/01/01 16:12:32.06,124.06,-31.41,-57.25,-59.94,56.07,-9.37,-1.03
2024/01/01 16:12:32.07,124.07,-31.40,-57.23,-59.93,56.04,-9.45,-1.07
2024/01/01 16:12:32.08,124.08,-31.37,-57.21,-59.92,56.13,-9.52,-1.09
2024/01/01 16:12:32.09,124.09,-31.34,-57.19,-59.90,56.33,-9.57,-1.05
2024/01/01 16:12:32.10,124.10,-31.30,-57.17,-59.88,56.60,-9.64,-0.95
2024/01/01 16:12:32.11,124.11,-31.29,-57.14,-59.85,56.82,-9.74,-0.90
2024/01/01 16:12:32.12,124.12,-31.29,-57.10,-59.82,56.98,-9.84,-0.90
2024/01/01 16:12:32.13,124.13,-31.31,-57.07,-59.79,57.07,-9.89,-0.88
2024/01/01 16:12:32.14,124.14,-31.33,-57.04,-59.78,57.06,-9.85,-0.82
2024/01/01 16:12:32.15,124.15,-31.34,-57.02,-59.77,56.98,-9.74,-0.76
2024/01/01 16:12:32.16,124.16,-31.35,-57.01,-59.76,56.85,-9.57,-0.72
2024/01/01 16:12:32.17,124.17,-31.35,-57.00,-59.74,56.71,-9.41,-0.70
2024/01/01 16:12:32.18,124.18,-31.34,-56.99,-59.74,56.62,-9.28,-0.72
2024/01/01 16:12:32.19,124.19,-31.33,-56.96,-59.75,56.62,-9.20,-0.76
2024/01/01 16:12:32.20,124.20,-31.33,-56.92,-59.75,56.64,-9.16,-0.76
2024/01/01 16:12:32.21,124.21,-31.35,-56.88,-59.75,56.63,-9.12,-0.76
2024/01/01 16:12:32.22,124.22,-31.36,-56.83,-59.74,56.55,-9.05,-0.79
2024/01/01 16:12:32.23,124.23,-31.38,-56.78,-59.73,56.44,-8.97,-0.86
2024/01/01 16:12:32.24,124.24,-31.38,-56.74,-59.73,56.37,-8.89,-0.86
2024/01/01 16:12:32.25,124.25,-31.38,-56.71,-59.74,56.35,-8.84,-0.79
2024/01/01 16:12:32.26,124.26,-31.37,-56.68,-59.75,56.37,-8.81,-0.73
2024/01/01 16:12:32.27,124.27,-31.36,-56.66,-59.74,56.40,-8.80,-0.72
2024/01/01 16:12:32.28,124.28,-31.37,-56.65,-59.74,56.41,-8.79,-0.75
2024/01/01 16:12:32.29,124.29,-31.38,-56.65,-59.74,56.39,-8.78,-0.81
2024/01/01 16:12:32.30,124.30,-31.40,-56.64,-59.75,56.35,-8.81,-0.86
2024/01/01 16:12:32.31,124.31,-31.45,-56.64,-59.76,56.31,-8.88,-0.85
2024/01/01 16:12:32.32,124.32,-31.50,-56.65,-59.76,56.28,-8.95,-0.84
2024/01/01 16:12:32.33,124.33,-31.53,-56.65,-59.75,56.26,-9.00,-0.87
2024/01/01 16:12:32.34,124.34,-31.55,-56.64,-59.74,56.31,-9.01,-0.91
2024/01/01 16:12:32.35,124.35,-31.56,-56.64,-59.73,56.43,-9.00,-0.87
2024/01/01 16:12:32.36,124.36,-31.57,-56.65,-59.71,56.57,-8.99,-0.80
2024/01/01 16:12:32.37,124.37,-31.57,-56.67,-59.69,56.67,-9.03,-0.73
2024/01/01 16:12:32.38,124.38,-31.56,-56.70,-59.67,56.67,-9.11,-0.70
2024/01/01 16:12:32.39,124.39,-31.55,-56.73,-59.64,56.55,-9.21,-0.70
2024/01/01 16:12:32.40,124.40,-31.54,-56.76,-59.62,56.36,-9.32,-0.66
2024/01/01 16:12:32.41,124.41,-31.54,-56.79,-59.61,56.18,-9.43,-0.62
2024/01/01 16:12:32.42,124.42,-31.56,-56.80,-59.60,56.12,-9.48,-0.63
2024/01/01 16:12:32.43,124.43,-31.57,-56.80,-59.58,56.20,-9.39,-0.65
2024/01/01 16:12:32.44,124.44,-31.58,-56.81,-59.56,56.33,-9.22,-0.62
2024/01/01 16:12:32.45,124.45,-31.57,-56.82,-59.55,56.41,-9.05,-0.57
2024/01/01 16:12:32.46,124.46,-31.56,-56.84,-59.54,56.38,-8.94,-0.54
2024/01/01 16:12:32.47,124.47,-31.55,-56.87,-59.52,56.27,-8.92,-0.50
2024/01/01 16:12:32.48,124.48,-31.53,-56.90,-59.50,56.15,-9.03,-0.45
2024/01/01 16:12:32.49,124.49,-31.51,-56.93,-59.50,56.12,-9.26,-0.48
2024/01/01 16:12:32.50,124.50,-31.48,-56.95,-59.50,56.17,-9.47,-0.54
2024/01/01 16:12:32.51,124.51,-31.45,-56.97,-59.51,56.23,-9.57,-0.55
2024/01/01 16:12:32.52,124.52,-31.41,-56.98,-59.52,56.23,-9.57,-0.54
2024/01/01 16:12:32.53,124.53,-31.37,-57.00,-59.52,56.21,-9.49,-0.57
2024/01/01 16:12:32.54,124.54,-31.33,-57.01,-59.52,56.22,-9.36,-0.59
2024/01/01 16:12:32.55,124.55,-31.30,-57.02,-59.51,56.27,-9.24,-0.58
2024/01/01 16:12:32.56,124.56,-31.28,-57.02,-59.50,56.39,-9.17,-0.55
2024/01/01 16:12:32.57,124.57,-31.27,-57.01,-59.48,56.52,-9.17,-0.54
2024/01/01 16:12:32.58,124.58,-31.26,-57.00,-59.46,56.63,-9.21,-0.56
2024/01/01 16:12:32.59,124.59,-31.25,-57.00,-59.44,56.72,-9.29,-0.63
2024/01/01 16:12:32.60,124.60,-31.23,-57.00,-59.42,56.84,-9.38,-0.62
2024/01/01 16:12:32.61,124.61,-31.21,-57.00,-59.41,57.00,-9.48,-0.50
2024/01/01 16:12:32.62,124.62,-31.19,-57.00,-59.39,57.14,-9.55,-0.33
2024/01/01 16:12:32.63,124.63,-31.17,-57.00,-59.37,57.24,-9.57,-0.22
2024/01/01 16:12:32.64,124.64,-31.15,-56.99,-59.35,57.25,-9.51,-0.22
2024/01/01 16:12:32.65,124.65,-31.12,-56.99,-59.34,57.21,-9.40,-0.31
2024/01/01 16:12:32.66,124.66,-31.09,-56.98,-59.35,57.14,-9.31,-0.40
2024/01/01 16:12:32.67,124.67,-31.08,-56.98,-59.36,57.06,-9.24,-0.44
2024/01/01 16:12:32.68,124.68,-31.06,-56.97,-59.37,56.99,-9.23,-0.47
2024/01/01 16:12:32.69,124.69,-31.04,-56.97,-59.38,56.94,-9.27,-0.51
2024/01/01 16:12:32.70,124.70,-31.03,-56.96,-59.38,56.93,-9.34,-0.51
2024/01/01 16:12:32.71,124.71,-31.01,-56.95,-59.39,56.93,-9.37,-0.45
2024/01/01 16:12:32.72,124.72,-31.00,-56.93,-59.39,56.91,-9.34,-0.40
2024/01/01 16:12:32.73,124.73,-31.00,-56.92,-59.40,56.88,-9.26,-0.41
2024/01/01 16:12:32.74,124.74,-31.00,-56.92,-59.40,56.83,-9.13,-0.46
2024/01/01 16:12:32.75,124.75,-31.01,-56.93,-59.41,56.80,-9.01,-0.51
2024/01/01 16:12:32.76,124.76,-31.02,-56.94,-59.43,56.77,-8.96,-0.53
2024/01/01 16:12:32.77,124.77,-31.03,-56.95,-59.44,56.76,-9.01,-0.54
2024/01/01 16:12:32.78,124.78,-31.03,-56.96,-59.46,56.76,-9.15,-0.55
2024/01/01 16:12:32.79,124.79,-31.04,-56.96,-59.47,56.78,-9.29,-0.54
2024/01/01 16:12:32.80,124.80,-31.06,-56.95,-59.48,56.84,-9.35,-0.56
2024/01/01 16:12:32.81,124.81,-31.09,-56.95,-59.48,56.94,-9.30,-0.57
2024/01/01 16:12:32.82,124.82,-31.12,-56.94,-59.48,57.07,-9.16,-0.57
2024/01/01 16:12:32.83,124.83,-31.16,-56.93,-59.49,57.17,-9.03,-0.56
2024/01/01 16:12:32.84,124.84,-31.19,-56.91,-59.49,57.22,-8.99,-0.54
2024/01/01 16:12:32.85,124.85,-31.21,-56.90,-59.48,57.20,-9.03,-0.49
2024/01/01 16:12:32.86,124.86,-31.24,-56.91,-59.47,57.09,-9.13,-0.43
2024/01/01 16:12:32.87,124.87,-31.27,-56.91,-59.47,56.94,-9.24,-0.41
2024/01/01 16:12:32.88,124.88,-31.32,-56.92,-59.48,56.78,-9.32,-0.43
2024/01/01 16:12:32.89,124.89,-31.36,-56.92,-59.50,56.60,-9.34,-0.46
2024/01/01 16:12:32.90,124.90,-31.41,-56.92,-59.51,56.38,-9.35,-0.48
2024/01/01 16:12:32.91,124.91,-31.45,-56.92,-59.52,56.18,-9.38,-0.52
2024/01/01 16:12:32.92,124.92,-31.49,-56.91,-59.53,56.04,-9.44,-0.54
2024/01/01 16:12:32.93,124.93,-31.51,-56.90,-59.56,55.99,-9.48,-0.54
2024/01/01 16:12:32.94,124.94,-31.53,-56.90,-59.59,56.01,-9.45,-0.53
2024/01/01 16:12:32.95,124.95,-31.55,-56.89,-59.62,56.10,-9.39,-0.57
2024/01/01 16:12:32.96,124.96,-31.57,-56.89,-59.65,56.18,-9.34,-0.64
2024/01/01 16:12:32.97,124.97,-31.60,-56.89,-59.67,56.19,-9.31,-0.71
2024/01/01 16:12:32.98,124.98,-31.63,-56.90,-59.69,56.11,-9.29,-0.74
2024/01/01 16:12:32.99,124.99,-31.64,-56.89,-59.71,56.00,-9.28,-0.73
2024/01/01 16:12:33.00,125.00,-31.65,-56.89,-59.73,55.91,-9.28,-0.71
2024/01/01 16:12:33.01,125.01,-31.66,-56.88,-59.76,55.91,-9.25,-0.73
2024/01/01 16:12:33.02,125.02,-31.66,-56.88,-59.78,56.01,-9.17,-0.76
2024/01/01 16:12:33.03,125.03,-31.67,-56.88,-59.79,56.16,-9.06,-0.75
2024/01/01 16:12:33.04,125.04,-31.67,-56.87,-59.79,56.28,-8.95,-0.77
2024/01/01 16:12:33.05,125.05,-31.67,-56.85,-59.80,56.33,-8.90,-0.81
2024/01/01 16:12:33.06,125.06,-31.68,-56.84,-59.81,56.32,-8.97,-0.82
2024/01/01 16:12:33.07,125.07,-31.69,-56.82,-59.81,56.25,-9.12,-0.75
2024/01/01 16:12:33.08,125.08,-31.70,-56.81,-59.81,56.18,-9.29,-0.68
2024/01/01 16:12:33.09,125.09,-31.72,-56.79,-59.82,56.17,-9.42,-0.67
2024/01/01 16:12:33.10,125.10,-31.73,-56.79,-59.82,56.20,-9.48,-0.68
2024/01/01 16:12:33.11,125.11,-31.73,-56.79,-59.84,56.25,-9.49,-0.73
2024/01/01 16:12:33.12,125.12,-31.72,-56.81,-59.86,56.30,-9.46,-0.85
2024/01/01 16:12:33.13,125.13,-31.70,-56.84,-59.89,56.32,-9.40,-0.96
2024/01/01 16:12:33.14,125.14,-31.69,-56.86,-59.93,56.29,-9.31,-1.00
2024/01/01 16:12:33.15,125.15,-31.70,-56.87,-59.97,56.25,-9.24,-0.99
2024/01/01 16:12:33.16,125.16,-31.73,-56.86,-60.00,56.21,-9.18,-1.01
2024/01/01 16:12:33.17,125.17,-31.77,-56.86,-60.03,56.15,-9.10,-1.04
2024/01/01 16:12:33.18,125.18,-31.80,-56.87,-60.07,56.08,-9.00,-1.11
2024/01/01 16:12:33.19,125.19,-31.84,-56.88,-60.11,56.02,-8.90,-1.18
2024/01/01 16:12:33.20,125.20,-31.87,-56.90,-60.15,55.98,-8.83,-1.18
2024/01/01 16:12:33.21,125.21,-31.89,-56.90,-60.17,55.95,-8.84,-1.13
2024/01/01 16:12:33.22,125.22,-31.91,-56.89,-60.19,55.96,-8.92,-1.12
2024/01/01 16:12:33.23,125.23,-31.91,-56.88,-60.19,56.01,-9.06,-1.14
2024/01/01 16:12:33.24,125.24,-31.92,-56.88,-60.20,56.04,-9.20,-1.15
2024/01/01 16:12:33.25,125.25,-31.93,-56.90,-60.21,56.01,-9.31,-1.16
2024/01/01 16:12:33.26,125.26,-31.92,-56.92,-60.21,55.93,-9.39,-1.19
2024/01/01 16:12:33.27,125.27,-31.91,-56.95,-60.21,55.82,-9.47,-1.24
2024/01/01 16:12:33.28,125.28,-31.91,-56.98,-60.21,55.73,-9.55,-1.28
2024/01/01 16:12:33.29,125.29,-31.91,-57.00,-60.20,55.66,-9.65,-1.26
2024/01/01 16:12:33.30,125.30,-31.92,-57.01,-60.19,55.63,-9.72,-1.21
2024/01/01 16:12:33.31,125.31,-31.93,-57.01,-60.18,55.65,-9.71,-1.16
2024/01/01 16:12:33.32,125.32,-31.93,-57.02,-60.17,55.68,-9.62,-1.15
2024/01/01 16:12:33.33,125.33,-31.93,-57.03,-60.16,55.69,-9.51,-1.16
2024/01/01 16:12:33.34,125.34,-31.92,-57.05,-60.14,55.70,-9.46,-1.16
2024/01/01 16:12:33.35,125.35,-31.92,-57.07,-60.11,55.72,-9.49,-1.16
2024/01/01 16:12:33.36,125.36,-31.92,-57.09,-60.10,55.78,-9.63,-1.15
2024/01/01 16:12:33.37,125.37,-31.90,-57.08,-60.10,55.87,-9.81,-1.14
2024/01/01 16:12:33.38,125.38,-31.89,-57.06,-60.09,55.97,-9.95,-1.10
2024/01/01 16:12:33.39,125.39,-31.87,-57.03,-60.07,56.05,-9.93,-1.03
2024/01/01 16:12:33.40,125.40,-31.86,-56.99,-60.06,56.09,-9.72,-0.98
2024/01/01 16:12:33.41,125.41,-31.84,-56.96,-60.05,56.11,-9.42,-0.97
2024/01/01 16:12:33.42,125.42,-31.83,-56.94,-60.04,56.13,-9.13,-0.94
2024/01/01 16:12:33.43,125.43,-31.84,-56.94,-60.03,56.17,-8.94,-0.91
2024/01/01 16:12:33.44,125.44,-31.87,-56.93,-60.03,56.20,-8.89,-0.94
2024/01/01 16:12:33.45,125.45,-31.90,-56.92,-60.02,56.22,-8.94,-1.00
2024/01/01 16:12:33.46,125.46,-31.92,-56.90,-60.01,56.23,-9.00,-1.02
2024/01/01 16:12:33.47,125.47,-31.94,-56.89,-59.99,56.24,-9.04,-0.99
2024/01/01 16:12:33.48,125.48,-31.96,-56.90,-59.99,56.28,-9.06,-0.97
2024/01/01 16:12:33.49,125.49,-31.97,-56.93,-60.00,56.32,-9.04,-1.01
2024/01/01 16:12:33.50,125.50,-31.99,-56.96,-60.01,56.32,-9.03,-1.02
2024/01/01 16:12:33.51,125.51,-32.00,-56.98,-60.01,56.25,-9.07,-1.00
2024/01/01 16:12:33.52,125.52,-31.99,-57.01,-60.01,56.08,-9.19,-1.01
2024/01/01 16:12:33.53,125.53,-31.97,-57.04,-60.02,55.85,-9.35,-1.07
2024/01/01 16:12:33.54,125.54,-31.96,-57.08,-60.04,55.60,-9.49,-1.11
2024/01/01 16:12:33.55,125.55,-31.94,-57.14,-60.05,55.41,-9.60,-1.11
2024/01/01 16:12:33.56,125.56,-31.93,-57.18,-60.06,55.32,-9.69,-1.13
2024/01/01 16:12:33.57,125.57,-31.92,-57.21,-60.08,55.34,-9.77,-1.20
2024/01/01 16:12:33.58,125.58,-31.91,-57.22,-60.11,55.43,-9.85,-1.25
2024/01/01 16:12:33.59,125.59,-31.89,-57.22,-60.13,55.55,-9.93,-1.22
2024/01/01 16:12:33.60,125.60,-31.86,-57.23,-60.15,55.69,-10.02,-1.16
2024/01/01 16:12:33.61,125.61,-31.84,-57.23,-60.16,55.82,-10.07,-1.16
2024/01/01 16:12:33.62,125.62,-31.83,-57.23,-60.17,55.96,-10.05,-1.19
2024/01/01 16:12:33.63,125.63,-31.83,-57.23,-60.18,56.10,-9.99,-1.21
2024/01/01 16:12:33.64,125.64,-31.83,-57.22,-60.19,56.24,-9.95,-1.21
2024/01/01 16:12:33.65,125.65,-31.82,-57.24,-60.20,56.32,-9.93,-1.22
2024/01/01 16:12:33.66,125.66,-31.80,-57.26,-60.20,56.33,-9.88,-1.22
2024/01/01 16:12:33.67,125.67,-31.78,-57.28,-60.20,56.28,-9.80,-1.19
2024/01/01 16:12:33.68,125.68,-31.76,-57.30,-60.20,56.26,-9.69,-1.15
2024/01/01 16:12:33.69,125.69,-31.74,-57.31,-60.19,56.32,-9.57,-1.14
2024/01/01 16:12:33.70,125.70,-31.73,-57.30,-60.17,56.44,-9.46,-1.15
2024/01/01 16:12:33.71,125.71,-31.72,-57.29,-60.16,56.57,-9.38,-1.20
2024/01/01 16:12:33.72,125.72,-31.69,-57.27,-60.15,56.61,-9.37,-1.26
2024/01/01 16:12:33.73,125.73,-31.67,-57.26,-60.14,56.51,-9.44,-1.27
2024/01/01 16:12:33.74,125.74,-31.67,-57.25,-60.13,56.29,-9.57,-1.21
2024/01/01 16:12:33.75,125.75,-31.66,-57.25,-60.13,56.07,-9.73,-1.16
2024/01/01 16:12:33.76,125.76,-31.67,-57.23,-60.12,55.98,-9.83,-1.12
2024/01/01 16:12:33.77,125.77,-31.69,-57.21,-60.11,56.02,-9.85,-1.06
2024/01/01 16:12:33.78,125.78,-31.72,-57.17,-60.10,56.12,-9.78,-1.03
2024/01/01 16:12:33.79,125.79,-31.76,-57.13,-60.10,56.23,-9.66,-1.07
2024/01/01 16:12:33.80,125.80,-31.79,-57.09,-60.12,56.29,-9.55,-1.13
2024/01/01 16:12:33.81,125.81,-31.82,-57.05,-60.13,56.28,-9.49,-1.12
2024/01/01 16:12:33.82,125.82,-31.84,-57.01,-60.12,56.22,-9.51,-1.04
2024/01/01 16:12:33.83,125.83,-31.85,-56.98,-60.12,56.17,-9.57,-1.00
2024/01/01 16:12:33.84,125.84,-31.85,-56.96,-60.12,56.14,-9.61,-1.05
2024/01/01 16:12:33.85,125.85,-31.86,-56.94,-60.13,56.14,-9.60,-1.13
2024/01/01 16:12:33.86,125.86,-31.87,-56.95,-60.15,56.10,-9.54,-1.17
2024/01/01 16:12:33.87,125.87,-31.88,-56.97,-60.17,56.00,-9.47,-1.19
2024/01/01 16:12:33.88,125.88,-31.90,-56.99,-60.18,55.85,-9.36,-1.24
2024/01/01 16:12:33.89,125.89,-31.92,-57.01,-60.19,55.71,-9.24,-1.27
2024/01/01 16:12:33.90,125.90,-31.95,-57.01,-60.19,55.64,-9.12,-1.24
2024/01/01 16:12:33.91,125.91,-31.98,-57.00,-60.18,55.67,-9.04,-1.21
2024/01/01 16:12:33.92,125.92,-32.00,-56.99,-60.17,55.74,-8.99,-1.20
2024/01/01 16:12:33.93,125.93,-32.02,-56.96,-60.15,55.79,-8.98,-1.21
2024/01/01 16:12:33.94,125.94,-32.05,-56.94,-60.13,55.79,-9.06,-1.22
2024/01/01 16:12:33.95,125.95,-32.06,-56.92,-60.10,55.75,-9.27,-1.21
2024/01/01 16:12:33.96,125.96,-32.07,-56.92,-60.08,55.73,-9.55,-1.18
2024/01/01 16:12:33.97,125.97,-32.07,-56.92,-60.07,55.79,-9.81,-1.14
2024/01/01 16:12:33.98,125.98,-32.05,-56.94,-60.05,55.89,-9.99,-1.07
2024/01/01 16:12:33.99,125.99,-32.03,-56.97,-60.05,55.96,-10.05,-1.02
2024/01/01 16:12:34.00,126.00,-32.01,-57.00,-60.06,55.95,-9.96,-1.00
2024/01/01 16:12:34.01,126.01,-31.99,-57.02,-60.06,55.84,-9.75,-1.01
2024/01/01 16:12:34.02,126.02,-31.97,-57.01,-60.07,55.72,-9.48,-1.02
2024/01/01 16:12:34.03,126.03,-31.95,-56.99,-60.08,55.69,-9.24,-1.06
2024/01/01 16:12:34.04,126.04,-31.93,-56.96,-60.08,55.75,-9.07,-1.14
2024/01/01 16:12:34.05,126.05,-31.91,-56.94,-60.09,55.86,-9.00,-1.21
2024/01/01 16:12:34.06,126.06,-31.88,-56.92,-60.09,55.94,-9.03,-1.22
2024/01/01 16:12:34.07,126.07,-31.83,-56.91,-60.09,55.98,-9.13,-1.21
2024/01/01 16:12:34.08,126.08,-31.77,-56.91,-60.09,56.00,-9.29,-1.20
2024/01/01 16:12:34.09,126.09,-31.71,-56.91,-60.09,56.04,-9.45,-1.14
2024/01/01 16:12:34.10,126.10,-31.65,-56.92,-60.08,56.15,-9.56,-1.08
2024/01/01 16:12:34.11,126.11,-31.58,-56.93,-60.08,56.28,-9.55,-1.08
2024/01/01 16:12:34.12,126.12,-31.53,-56.94,-60.08,56.38,-9.43,-1.12
2024/01/01 16:12:34.13,126.13,-31.50,-56.93,-60.08,56.39,-9.25,-1.13
2024/01/01 16:12:34.14,126.14,-31.48,-56.93,-60.07,56.32,-9.09,-1.12
2024/01/01 16:12:34.15,126.15,-31.47,-56.91,-60.05,56.27,-8.99,-1.08
2024/01/01 16:12:34.16,126.16,-31.45,-56.90,-60.03,56.29,-8.94,-1.04
2024/01/01 16:12:34.17,126.17,-31.43,-56.91,-60.02,56.39,-8.96,-0.98
2024/01/01 16:12:34.18,126.18,-31.41,-56.93,-60.00,56.52,-9.05,-0.95
2024/01/01 16:12:34.19,126.19,-31.40,-56.94,-59.98,56.65,-9.19,-0.95
2024/01/01 16:12:34.20,126.20,-31.40,-56.93,-59.97,56.77,-9.32,-0.99
2024/01/01 16:12:34.21,126.21,-31.40,-56.91,-59.97,56.85,-9.42,-1.02
2024/01/01 16:12:34.22,126.22,-31.42,-56.89,-59.97,56.90,-9.48,-1.00
2024/01/01 16:12:34.23,126.23,-31.43,-56.87,-59.97,56.89,-9.48,-0.97
2024/01/01 16:12:34.24,126.24,-31.45,-56.88,-59.97,56.81,-9.39,-0.95
2024/01/01 16:12:34.25,126.25,-31.47,-56.90,-59.96,56.69,-9.25,-0.94
2024/01/01 16:12:34.26,126.26,-31.47,-56.93,-59.95,56.58,-9.15,-0.92
2024/01/01 16:12:34.27,126.27,-31.47,-56.96,-59.93,56.53,-9.11,-0.89
2024/01/01 16:12:34.28,126.28,-31.46,-56.99,-59.92,56.53,-9.09,-0.88
2024/01/01 16:12:34.29,126.29,-31.44,-57.01,-59.92,56.53,-9.06,-0.88
2024/01/01 16:12:34.30,126.30,-31.43,-57.01,-59.93,56.48,-9.02,-0.87
2024/01/01 16:12:34.31,126.31,-31.42,-57.00,-59.93,56.36,-9.01,-0.90
2024/01/01 16:12:34.32,126.32,-31.43,-56.98,-59.94,56.19,-9.06,-0.96
2024/01/01 16:12:34.33,126.33,-31.44,-56.96,-59.95,56.02,-9.20,-1.04
2024/01/01 16:12:34.34,126.34,-31.47,-56.95,-59.96,55.91,-9.41,-1.12
2024/01/01 16:12:34.35,126.35,-31.50,-56.95,-59.98,55.90,-9.65,-1.16
2024/01/01 16:12:34.36,126.36,-31.54,-56.96,-59.99,55.95,-9.83,-1.14
2024/01/01 16:12:34.37,126.37,-31.59,-56.97,-60.00,56.04,-9.92,-1.09
2024/01/01 16:12:34.38,126.38,-31.63,-56.99,-60.01,56.16,-9.88,-1.03
2024/01/01 16:12:34.39,126.39,-31.65,-57.01,-60.01,56.30,-9.73,-0.95
2024/01/01 16:12:34.40,126.40,-31.67,-57.02,-60.01,56.42,-9.51,-0.87
2024/01/01 16:12:34.41,126.41,-31.68,-57.04,-60.01,56.51,-9.28,-0.85
2024/01/01 16:12:34.42,126.42,-31.68,-57.06,-60.01,56.55,-9.08,-0.91
2024/01/01 16:12:34.43,126.43,-31.67,-57.07,-60.02,56.56,-8.95,-1.00
2024/01/01 16:12:34.44,126.44,-31.65,-57.08,-60.02,56.51,-8.95,-1.06
2024/01/01 16:12:34.45,126.45,-31.63,-57.09,-60.03,56.40,-9.07,-1.10
2024/01/01 16:12:34.46,126.46,-31.62,-57.09,-60.04,56.27,-9.28,-1.13
2024/01/01 16:12:34.47,126.47,-31.61,-57.07,-60.04,56.15,-9.50,-1.11
2024/01/01 16:12:34.48,126.48,-31.61,-57.06,-60.03,56.08,-9.70,-1.06
2024/01/01 16:12:34.49,126.49,-31.63,-57.04,-60.02,56.06,-9.83,-1.02
2024/01/01 16:12:34.50,126.50,-31.63,-57.01,-60.01,56.11,-9.85,-1.01
2024/01/01 16:12:34.51,126.51,-31.64,-56.97,-60.01,56.17,-9.78,-1.00
2024/01/01 16:12:34.52,126.52,-31.65,-56.94,-60.02,56.23,-9.65,-0.98
2024/01/01 16:12:34.53,126.53,-31.66,-56.92,-60.03,56.26,-9.49,-0.95
2024/01/01 16:12:34.54,126.54,-31.68,-56.92,-60.05,56.24,-9.34,-0.96
2024/01/01 16:12:34.55,126.55,-31.71,-56.93,-60.06,56.15,-9.22,-1.00
2024/01/01 16:12:34.56,126.56,-31.73,-56.94,-60.07,56.02,-9.13,-1.04
2024/01/01 16:12:34.57,126.57,-31.75,-56.94,-60.07,55.88,-9.11,-1.07
2024/01/01 16:12:34.58,126.58,-31.76,-56.95,-60.08,55.76,-9.15,-1.12
2024/01/01 16:12:34.59,126.59,-31.77,-56.95,-60.08,55.70,-9.21,-1.18
2024/01/01 16:12:34.60,126.60,-31.78,-56.95,-60.10,55.76,-9.23,-1.19
2024/01/01 16:12:34.61,126.61,-31.79,-56.94,-60.11,55.88,-9.20,-1.17
2024/01/01 16:12:34.62,126.62,-31.79,-56.93,-60.11,56.02,-9.14,-1.13
2024/01/01 16:12:34.63,126.63,-31.78,-56.92,-60.11,56.13,-9.09,-1.11
2024/01/01 16:12:34.64,126.64,-31.77,-56.89,-60.12,56.19,-9.06,-1.12
2024/01/01 16:12:34.65,126.65,-31.75,-56.87,-60.12,56.19,-9.08,-1.12
2024/01/01 16:12:34.66,126.66,-31.73,-56.84,-60.11,56.15,-9.11,-1.10
2024/01/01 16:12:34.67,126.67,-31.73,-56.82,-60.12,56.10,-9.15,-1.12
2024/01/01 16:12:34.68,126.68,-31.73,-56.81,-60.13,56.07,-9.19,-1.18
2024/01/01 16:12:34.69,126.69,-31.72,-56.82,-60.15,56.09,-9.23,-1.20
2024/01/01 16:12:34.70,126.70,-31.71,-56.83,-60.16,56.13,-9.27,-1.13
2024/01/01 16:12:34.71,126.71,-31.70,-56.86,-60.17,56.15,-9.34,-1.10
2024/01/01 16:12:34.72,126.72,-31.69,-56.89,-60.17,56.14,-9.38,-1.16
2024/01/01 16:12:34.73,126.73,-31.67,-56.92,-60.18,56.13,-9.36,-1.21
2024/01/01 16:12:34.74,126.74,-31.64,-56.95,-60.18,56.17,-9.29,-1.22
2024/01/01 16:12:34.75,126.75,-31.61,-56.96,-60.18,56.26,-9.22,-1.22
2024/01/01 16:12:34.76,126.76,-31.59,-56.96,-60.18,56.37,-9.17,-1.21
2024/01/01 16:12:34.77,126.77,-31.57,-56.96,-60.18,56.42,-9.18,-1.21
2024/01/01 16:12:34.78,126.78,-31.56,-56.96,-60.18,56.41,-9.26,-1.20
2024/01/01 16:12:34.79,126.79,-31.56,-56.96,-60.18,56.36,-9.41,-1.18
2024/01/01 16:12:34.80,126.80,-31.56,-56.96,-60.19,56.32,-9.55,-1.19
2024/01/01 16:12:34.81,126.81,-31.57,-56.98,-60.21,56.31,-9.65,-1.25
2024/01/01 16:12:34.82,126.82,-31.59,-57.02,-60.23,56.34,-9.69,-1.27
2024/01/01 16:12:34.83,126.83,-31.60,-57.06,-60.23,56.36,-9.65,-1.24
2024/01/01 16:12:34.84,126.84,-31.60,-57.08,-60.24,56.34,-9.55,-1.24
2024/01/01 16:12:34.85,126.85,-31.60,-57.09,-60.24,56.29,-9.42,-1.26
2024/01/01 16:12:34.86,126.86,-31.60,-57.09,-60.24,56.24,-9.32,-1.24
2024/01/01 16:12:34.87,126.87,-31.60,-57.10,-60.26,56.22,-9.28,-1.21
2024/01/01 16:12:34.88,126.88,-31.59,-57.10,-60.26,56.21,-9.30,-1.20
2024/01/01 16:12:34.89,126.89,-31.60,-57.11,-60.27,56.19,-9.34,-1.21
2024/01/01 16:12:34.90,126.90,-31.60,-57.10,-60.27,56.15,-9.42,-1.24
2024/01/01 16:12:34.91,126.91,-31.62,-57.09,-60.28,56.10,-9.54,-1.30
2024/01/01 16:12:34.92,126.92,-31.64,-57.09,-60.30,56.07,-9.67,-1.36
2024/01/01 16:12:34.93,126.93,-31.64,-57.09,-60.30,56.08,-9.78,-1.33
2024/01/01 16:12:34.94,126.94,-31.64,-57.10,-60.30,56.15,-9.82,-1.27
2024/01/01 16:12:34.95,126.95,-31.65,-57.09,-60.29,56.26,-9.79,-1.24
2024/01/01 16:12:34.96,126.96,-31.65,-57.09,-60.29,56.35,-9.68,-1.25
2024/01/01 16:12:34.97,126.97,-31.64,-57.10,-60.30,56.38,-9.55,-1.24
2024/01/01 16:12:34.98,126.98,-31.62,-57.11,-60.30,56.35,-9.41,-1.23
2024/01/01 16:12:34.99,126.99,-31.62,-57.12,-60.30,56.23,-9.27,-1.24
2024/01/01 16:12:35.00,127.00,-31.62,-57.12,-60.29,56.07,-9.17,-1.28
2024/01/01 16:12:35.01,127.01,-31.62,-57.13,-60.30,55.94,-9.15,-1.33
2024/01/01 16:12:35.02,127.02,-31.63,-57.14,-60.30,55.90,-9.19,-1.34
2024/01/01 16:12:35.03,127.03,-31.61,-57.16,-60.29,55.99,-9.29,-1.29
2024/01/01 16:12:35.04,127.04,-31.58,-57.18,-60.29,56.16,-9.42,-1.26
2024/01/01 16:12:35.05,127.05,-31.54,-57.21,-60.28,56.36,-9.55,-1.27
2024/01/01 16:12:35.06,127.06,-31.50,-57.25,-60.27,56.52,-9.63,-1.27
2024/01/01 16:12:35.07,127.07,-31.46,-57.28,-60.27,56.60,-9.67,-1.26
2024/01/01 16:12:35.08,127.08,-31.42,-57.31,-60.27,56.59,-9.69,-1.26
2024/01/01 16:12:35.09,127.09,-31.40,-57.34,-60.27,56.51,-9.70,-1.26
2024/01/01 16:12:35.10,127.10,-31.39,-57.37,-60.27,56.38,-9.74,-1.28
2024/01/01 16:12:35.11,127.11,-31.39,-57.40,-60.29,56.26,-9.79,-1.33
2024/01/01 16:12:35.12,127.12,-31.40,-57.43,-60.30,56.22,-9.83,-1.39
2024/01/01 16:12:35.13,127.13,-31.41,-57.47,-60.31,56.29,-9.85,-1.40
2024/01/01 16:12:35.14,127.14,-31.43,-57.50,-60.31,56.46,-9.86,-1.40
2024/01/01 16:12:35.15,127.15,-31.44,-57.53,-60.30,56.71,-9.88,-1.39
2024/01/01 16:12:35.16,127.16,-31.44,-57.56,-60.29,56.93,-9.91,-1.36
2024/01/01 16:12:35.17,127.17,-31.43,-57.59,-60.29,57.03,-9.96,-1.28
2024/01/01 16:12:35.18,127.18,-31.42,-57.62,-60.28,57.01,-10.01,-1.22
2024/01/01 16:12:35.19,127.19,-31.41,-57.63,-60.26,56.88,-10.08,-1.20
2024/01/01 16:12:35.20,127.20,-31.41,-57.63,-60.24,56.70,-10.14,-1.23
2024/01/01 16:12:35.21,127.21,-31.41,-57.62,-60.21,56.50,-10.17,-1.27
2024/01/01 16:12:35.22,127.22,-31.41,-57.60,-60.19,56.33,-10.16,-1.28
2024/01/01 16:12:35.23,127.23,-31.40,-57.60,-60.17,56.22,-10.13,-1.26
2024/01/01 16:12:35.24,127.24,-31.40,-57.59,-60.17,56.17,-10.08,-1.20
2024/01/01 16:12:35.25,127.25,-31.40,-57.58,-60.17,56.20,-10.03,-1.15
2024/01/01 16:12:35.26,127.26,-31.41,-57.56,-60.16,56.27,-9.99,-1.10
2024/01/01 16:12:35.27,127.27,-31.43,-57.53,-60.16,56.36,-9.99,-1.08
2024/01/01 16:12:35.28,127.28,-31.45,-57.50,-60.16,56.43,-10.02,-1.09
2024/01/01 16:12:35.29,127.29,-31.48,-57.47,-60.16,56.47,-10.03,-1.12
2024/01/01 16:12:35.30,127.30,-31.50,-57.45,-60.17,56.50,-10.01,-1.16
2024/01/01 16:12:35.31,127.31,-31.52,-57.43,-60.19,56.52,-9.93,-1.19
2024/01/01 16:12:35.32,127.32,-31.53,-57.40,-60.21,56.50,-9.83,-1.20
2024/01/01 16:12:35.33,127.33,-31.53,-57.37,-60.24,56.45,-9.78,-1.20
2024/01/01 16:12:35.34,127.34,-31.53,-57.33,-60.26,56.38,-9.78,-1.20
2024/01/01 16:12:35.35,127.35,-31.52,-57.29,-60.27,56.30,-9.80,-1.19
2024/01/01 16:12:35.36,127.36,-31.51,-57.25,-60.27,56.23,-9.79,-1.23
2024/01/01 16:12:35.37,127.37,-31.49,-57.22,-60.27,56.16,-9.73,-1.35
2024/01/01 16:12:35.38,127.38,-31.47,-57.20,-60.28,56.11,-9.61,-1.45
2024/01/01 16:12:35.39,127.39,-31.46,-57.19,-60.30,56.07,-9.46,-1.44
2024/01/01 16:12:35.40,127.40,-31.46,-57.20,-60.31,56.06,-9.32,-1.37
2024/01/01 16:12:35.41,127.41,-31.46,-57.20,-60.32,56.09,-9.21,-1.33
2024/01/01 16:12:35.42,127.42,-31.47,-57.19,-60.33,56.13,-9.17,-1.32
2024/01/01 16:12:35.43,127.43,-31.46,-57.18,-60.34,56.20,-9.21,-1.34
2024/01/01 16:12:35.44,127.44,-31.45,-57.17,-60.35,56.30,-9.33,-1.36
2024/01/01 16:12:35.45,127.45,-31.43,-57.17,-60.36,56.44,-9.49,-1.38
2024/01/01 16:12:35.46,127.46,-31.42,-57.18,-60.36,56.59,-9.61,-1.44
2024/01/01 16:12:35.47,127.47,-31.41,-57.20,-60.37,56.75,-9.67,-1.51
2024/01/01 16:12:35.48,127.48,-31.42,-57.23,-60.39,56.87,-9.68,-1.54
2024/01/01 16:12:35.49,127.49,-31.42,-57.26,-60.39,56.91,-9.66,-1.49
2024/01/01 16:12:35.50,127.50,-31.42,-57.29,-60.39,56.83,-9.65,-1.40
2024/01/01 16:12:35.51,127.51,-31.41,-57.31,-60.37,56.70,-9.63,-1.33
2024/01/01 16:12:35.52,127.52,-31.39,-57.33,-60.36,56.61,-9.60,-1.32
2024/01/01 16:12:35.53,127.53,-31.38,-57.35,-60.35,56.59,-9.57,-1.34
2024/01/01 16:12:35.54,127.54,-31.38,-57.37,-60.34,56.65,-9.55,-1.33
2024/01/01 16:12:35.55,127.55,-31.39,-57.40,-60.33,56.71,-9.58,-1.32
2024/01/01 16:12:35.56,127.56,-31.40,-57.43,-60.32,56.71,-9.68,-1.34
2024/01/01 16:12:35.57,127.57,-31.42,-57.46,-60.30,56.59,-9.84,-1.36
2024/01/01 16:12:35.58,127.58,-31.45,-57.48,-60.26,56.41,-10.01,-1.35
2024/01/01 16:12:35.59,127.59,-31.47,-57.49,-60.23,56.23,-10.15,-1.34
2024/01/01 16:12:35.60,127.60,-31.48,-57.49,-60.20,56.12,-10.21,-1.33
2024/01/01 16:12:35.61,127.61,-31.50,-57.49,-60.19,56.11,-10.18,-1.30
2024/01/01 16:12:35.62,127.62,-31.52,-57.48,-60.17,56.12,-10.08,-1.22
2024/01/01 16:12:35.63,127.63,-31.53,-57.46,-60.14,56.13,-9.95,-1.12
2024/01/01 16:12:35.64,127.64,-31.53,-57.44,-60.12,56.12,-9.86,-1.06
2024/01/01 16:12:35.65,127.65,-31.53,-57.42,-60.11,56.14,-9.80,-1.02
2024/01/01 16:12:35.66,127.66,-31.53,-57.42,-60.10,56.21,-9.79,-0.96
2024/01/01 16:12:35.67,127.67,-31.53,-57.42,-60.08,56.28,-9.83,-0.92
2024/01/01 16:12:35.68,127.68,-31.52,-57.42,-60.08,56.31,-9.90,-0.96
2024/01/01 16:12:35.69,127.69,-31.51,-57.40,-60.09,56.32,-9.96,-1.06
2024/01/01 16:12:35.70,127.70,-31.50,-57.39,-60.10,56.35,-9.98,-1.11
2024/01/01 16:12:35.71,127.71,-31.50,-57.38,-60.10,56.39,-9.97,-1.08
2024/01/01 16:12:35.72,127.72,-31.51,-57.38,-60.10,56.43,-9.90,-1.06
2024/01/01 16:12:35.73,127.73,-31.52,-57.40,-60.11,56.47,-9.74,-1.11
2024/01/01 16:12:35.74,127.74,-31.53,-57.42,-60.12,56.47,-9.53,-1.15
2024/01/01 16:12:35.75,127.75,-31.53,-57.44,-60.13,56.45,-9.36,-1.11
2024/01/01 16:12:35.76,127.76,-31.53,-57.45,-60.13,56.44,-9.30,-1.06
2024/01/01 16:12:35.77,127.77,-31.54,-57.46,-60.12,56.49,-9.35,-1.08
2024/01/01 16:12:35.78,127.78,-31.55,-57.46,-60.12,56.57,-9.47,-1.15
2024/01/01 16:12:35.79,127.79,-31.55,-57.46,-60.11,56.64,-9.63,-1.21
2024/01/01 16:12:35.80,127.80,-31.56,-57.46,-60.10,56.66,-9.85,-1.22
2024/01/01 16:12:35.81,127.81,-31.58,-57.47,-60.09,56.60,-10.05,-1.17
2024/01/01 16:12:35.82,127.82,-31.60,-57.49,-60.08,56.51,-10.20,-1.10
2024/01/01 16:12:35.83,127.83,-31.62,-57.52,-60.05,56.42,-10.25,-1.04
2024/01/01 16:12:35.84,127.84,-31.66,-57.54,-60.02,56.36,-10.24,-0.99
2024/01/01 16:12:35.85,127.85,-31.70,-57.54,-59.99,56.30,-10.19,-0.99
2024/01/01 16:12:35.86,127.86,-31.73,-57.53,-59.98,56.21,-10.11,-1.04
2024/01/01 16:12:35.87,127.87,-31.75,-57.52,-59.97,56.10,-10.04,-1.05
2024/01/01 16:12:35.88,127.88,-31.76,-57.51,-59.96,55.97,-9.98,-1.01
2024/01/01 16:12:35.89,127.89,-31.77,-57.50,-59.95,55.85,-9.92,-0.97
2024/01/01 16:12:35.90,127.90,-31.78,-57.50,-59.96,55.76,-9.88,-0.96
2024/01/01 16:12:35.91,127.91,-31.80,-57.49,-59.97,55.75,-9.88,-0.98
2024/01/01 16:12:35.92,127.92,-31.82,-57.49,-59.99,55.81,-9.95,-1.03
2024/01/01 16:12:35.93,127.93,-31.83,-57.50,-60.01,55.90,-10.07,-1.08
2024/01/01 16:12:35.94,127.94,-31.84,-57.50,-60.03,55.93,-10.19,-1.10
2024/01/01 16:12:35.95,127.95,-31.86,-57.49,-60.06,55.91,-10.21,-1.08
2024/01/01 16:12:35.96,127.96,-31.90,-57.46,-60.08,55.88,-10.12,-1.05
2024/01/01 16:12:35.97,127.97,-31.93,-57.43,-60.10,55.91,-9.95,-1.02
2024/01/01 16:12:35.98,127.98,-31.94,-57.40,-60.09,56.03,-9.74,-1.01
2024/01/01 16:12:35.99,127.99,-31.93,-57.38,-60.08,56.21,-9.53,-1.05
2024/01/01 16:12:36.00,128.00,-31.91,-57.38,-60.06,56.35,-9.39,-1.11
2024/01/01 16:12:36.01,128.01,-31.87,-57.38,-60.05,56.38,-9.37,-1.15
2024/01/01 16:12:36.02,128.02,-31.84,-57.38,-60.02,56.30,-9.46,-1.16
2024/01/01 16:12:36.03,128.03,-31.83,-57.38,-59.98,56.21,-9.64,-1.14
2024/01/01 16:12:36.04,128.04,-31.83,-57.38,-59.95,56.14,-9.85,-1.08
2024/01/01 16:12:36.05,128.05,-31.84,-57.39,-59.93,56.08,-10.02,-0.99
2024/01/01 16:12:36.06,128.06,-31.87,-57.41,-59.89,56.00,-10.08,-0.87
2024/01/01 16:12:36.07,128.07,-31.89,-57.43,-59.85,55.88,-10.01,-0.74
2024/01/01 16:12:36.08,128.08,-31.93,-57.46,-59.81,55.80,-9.84,-0.68
2024/01/01 16:12:36.09,128.09,-31.98,-57.50,-59.77,55.80,-9.62,-0.68
2024/01/01 16:12:36.10,128.10,-32.02,-57.53,-59.75,55.92,-9.45,-0.70
2024/01/01 16:12:36.11,128.11,-32.06,-57.57,-59.75,56.11,-9.40,-0.71
2024/01/01 16:12:36.12,128.12,-32.09,-57.60,-59.76,56.25,-9.47,-0.71
2024/01/01 16:12:36.13,128.13,-32.11,-57.63,-59.76,56.26,-9.65,-0.67
2024/01/01 16:12:36.14,128.14,-32.13,-57.65,-59.77,56.16,-9.89,-0.64
2024/01/01 16:12:36.15,128.15,-32.13,-57.68,-59.78,56.04,-10.15,-0.68
2024/01/01 16:12:36.16,128.16,-32.13,-57.71,-59.78,55.98,-10.37,-0.75
2024/01/01 16:12:36.17,128.17,-32.13,-57.74,-59.79,55.98,-10.52,-0.77
2024/01/01 16:12:36.18,128.18,-32.12,-57.75,-59.81,55.94,-10.62,-0.78
2024/01/01 16:12:36.19,128.19,-32.12,-57.77,-59.81,55.81,-10.63,-0.80
2024/01/01 16:12:36.20,128.20,-32.13,-57.78,-59.80,55.60,-10.58,-0.81
2024/01/01 16:12:36.21,128.21,-32.14,-57.80,-59.78,55.37,-10.51,-0.81
2024/01/01 16:12:36.22,128.22,-32.15,-57.83,-59.76,55.24,-10.46,-0.81
2024/01/01 16:12:36.23,128.23,-32.16,-57.86,-59.74,55.24,-10.43,-0.78
2024/01/01 16:12:36.24,128.24,-32.17,-57.90,-59.73,55.37,-10.41,-0.74
2024/01/01 16:12:36.25,128.25,-32.17,-57.94,-59.73,55.56,-10.41,-0.73
2024/01/01 16:12:36.26,128.26,-32.17,-57.97,-59.73,55.76,-10.40,-0.72
2024/01/01 16:12:36.27,128.27,-32.14,-57.98,-59.72,55.90,-10.37,-0.70
2024/01/01 16:12:36.28,128.28,-32.10,-57.97,-59.71,55.98,-10.35,-0.71
2024/01/01 16:12:36.29,128.29,-32.06,-57.96,-59.70,56.03,-10.37,-0.74
2024/01/01 16:12:36.30,128.30,-32.03,-57.95,-59.69,56.02,-10.42,-0.75
2024/01/01 16:12:36.31,128.31,-32.01,-57.95,-59.69,55.98,-10.44,-0.71
2024/01/01 16:12:36.32,128.32,-32.00,-57.96,-59.69,55.95,-10.44,-0.67
2024/01/01 16:12:36.33,128.33,-31.99,-57.96,-59.70,55.96,-10.40,-0.60
2024/01/01 16:12:36.34,128.34,-31.99,-57.96,-59.70,56.00,-10.35,-0.57
2024/01/01 16:12:36.35,128.35,-32.00,-57.93,-59.71,56.08,-10.30,-0.61
2024/01/01 16:12:36.36,128.36,-31.99,-57.90,-59.72,56.21,-10.23,-0.67
2024/01/01 16:12:36.37,128.37,-31.98,-57.87,-59.74,56.35,-10.16,-0.69
2024/01/01 16:12:36.38,128.38,-31.98,-57.85,-59.75,56.45,-10.13,-0.69
2024/01/01 16:12:36.39,128.39,-31.99,-57.83,-59.77,56.48,-10.19,-0.71
2024/01/01 16:12:36.40,128.40,-32.00,-57.82,-59.79,56.42,-10.31,-0.74
2024/01/01 16:12:36.41,128.41,-31.99,-57.82,-59.80,56.25,-10.47,-0.74
2024/01/01 16:12:36.42,128.42,-31.98,-57.81,-59.81,56.01,-10.61,-0.73
2024/01/01 16:12:36.43,128.43,-31.97,-57.80,-59.81,55.82,-10.67,-0.70
2024/01/01 16:12:36.44,128.44,-31.98,-57.78,-59.82,55.70,-10.57,-0.70
2024/01/01 16:12:36.45,128.45,-31.98,-57.77,-59.84,55.67,-10.33,-0.74
2024/01/01 16:12:36.46,128.46,-31.98,-57.76,-59.85,55.70,-10.05,-0.80
2024/01/01 16:12:36.47,128.47,-31.98,-57.76,-59.86,55.76,-9.84,-0.85
2024/01/01 16:12:36.48,128.48,-31.99,-57.76,-59.87,55.77,-9.76,-0.89
2024/01/01 16:12:36.49,128.49,-32.00,-57.78,-59.89,55.73,-9.80,-0.95
2024/01/01 16:12:36.50,128.50,-32.01,-57.79,-59.90,55.71,-9.89,-1.00
2024/01/01 16:12:36.51,128.51,-32.01,-57.79,-59.91,55.76,-10.01,-1.01
2024/01/01 16:12:36.52,128.52,-32.00,-57.79,-59.91,55.83,-10.13,-1.02
2024/01/01 16:12:36.53,128.53,-31.99,-57.79,-59.91,55.90,-10.26,-1.02
2024/01/01 16:12:36.54,128.54,-31.97,-57.78,-59.90,55.93,-10.36,-1.00
2024/01/01 16:12:36.55,128.55,-31.96,-57.76,-59.89,55.92,-10.44,-0.96
2024/01/01 16:12:36.56,128.56,-31.95,-57.75,-59.88,55.91,-10.47,-0.91
2024/01/01 16:12:36.57,128.57,-31.93,-57.75,-59.87,55.92,-10.44,-0.86
2024/01/01 16:12:36.58,128.58,-31.90,-57.77,-59.86,55.96,-10.36,-0.85
2024/01/01 16:12:36.59,128.59,-31.86,-57.79,-59.84,56.04,-10.24,-0.84
2024/01/01 16:12:36.60,128.60,-31.82,-57.80,-59.82,56.12,-10.17,-0.81
2024/01/01 16:12:36.61,128.61,-31.79,-57.80,-59.80,56.18,-10.16,-0.78
2024/01/01 16:12:36.62,128.62,-31.76,-57.80,-59.78,56.25,-10.18,-0.77
2024/01/01 16:12:36.63,128.63,-31.74,-57.78,-59.75,56.33,-10.20,-0.77
2024/01/01 16:12:36.64,128.64,-31.71,-57.77,-59.73,56.40,-10.19,-0.75
2024/01/01 16:12:36.65,128.65,-31.67,-57.78,-59.71,56.43,-10.15,-0.75
2024/01/01 16:12:36.66,128.66,-31.63,-57.79,-59.69,56.42,-10.10,-0.73
2024/01/01 16:12:36.67,128.67,-31.58,-57.79,-59.66,56.39,-10.08,-0.68
2024/01/01 16:12:36.68,128.68,-31.53,-57.80,-59.65,56.38,-10.11,-0.64
2024/01/01 16:12:36.69,128.69,-31.48,-57.80,-59.64,56.44,-10.14,-0.62
2024/01/01 16:12:36.70,128.70,-31.44,-57.79,-59.63,56.53,-10.10,-0.58
2024/01/01 16:12:36.71,128.71,-31.42,-57.79,-59.62,56.60,-10.01,-0.56
2024/01/01 16:12:36.72,128.72,-31.42,-57.80,-59.61,56.64,-9.90,-0.60
2024/01/01 16:12:36.73,128.73,-31.42,-57.82,-59.59,56.65,-9.79,-0.63
2024/01/01 16:12:36.74,128.74,-31.44,-57.84,-59.56,56.60,-9.73,-0.61
2024/01/01 16:12:36.75,128.75,-31.45,-57.86,-59.53,56.53,-9.76,-0.56
2024/01/01 16:12:36.76,128.76,-31.46,-57.88,-59.51,56.49,-9.88,-0.56
2024/01/01 16:12:36.77,128.77,-31.47,-57.90,-59.51,56.51,-10.06,-0.55
2024/01/01 16:12:36.78,128.78,-31.47,-57.92,-59.50,56.60,-10.25,-0.49
2024/01/01 16:12:36.79,128.79,-31.48,-57.93,-59.50,56.70,-10.43,-0.42
2024/01/01 16:12:36.80,128.80,-31.50,-57.95,-59.49,56.79,-10.54,-0.41
2024/01/01 16:12:36.81,128.81,-31.52,-57.98,-59.48,56.84,-10.60,-0.48
2024/01/01 16:12:36.82,128.82,-31.55,-58.02,-59.49,56.82,-10.64,-0.54
2024/01/01 16:12:36.83,128.83,-31.58,-58.06,-59.49,56.76,-10.68,-0.52
2024/01/01 16:12:36.84,128.84,-31.61,-58.08,-59.49,56.68,-10.73,-0.49
2024/01/01 16:12:36.85,128.85,-31.63,-58.10,-59.49,56.61,-10.77,-0.52
2024/01/01 16:12:36.86,128.86,-31.65,-58.13,-59.51,56.54,-10.79,-0.55
2024/01/01 16:12:36.87,128.87,-31.65,-58.16,-59.52,56.45,-10.74,-0.52
2024/01/01 16:12:36.88,128.88,-31.64,-58.17,-59.53,56.35,-10.65,-0.47
2024/01/01 16:12:36.89,128.89,-31.64,-58.17,-59.54,56.24,-10.55,-0.48
2024/01/01 16:12:36.90,128.90,-31.63,-58.17,-59.56,56.17,-10.50,-0.56
2024/01/01 16:12:36.91,128.91,-31.62,-58.16,-59.57,56.12,-10.54,-0.62
2024/01/01 16:12:36.92,128.92,-31.62,-58.15,-59.59,56.09,-10.62,-0.65
2024/01/01 16:12:36.93,128.93,-31.61,-58.13,-59.61,56.09,-10.68,-0.66
2024/01/01 16:12:36.94,128.94,-31.61,-58.11,-59.63,56.12,-10.69,-0.69
2024/01/01 16:12:36.95,128.95,-31.61,-58.08,-59.64,56.17,-10.68,-0.72
2024/01/01 16:12:36.96,128.96,-31.61,-58.06,-59.66,56.22,-10.65,-0.73
2024/01/01 16:12:36.97,128.97,-31.62,-58.04,-59.67,56.26,-10.59,-0.72
2024/01/01 16:12:36.98,128.98,-31.62,-58.01,-59.68,56.27,-10.49,-0.70
2024/01/01 16:12:36.99,128.99,-31.62,-57.99,-59.68,56.28,-10.37,-0.69
2024/01/01 16:12:37.00,129.00,-31.61,-57.96,-59.67,56.33,-10.26,-0.68
2024/01/01 16:12:37.01,129.01,-31.58,-57.93,-59.67,56.42,-10.19,-0.70
2024/01/01 16:12:37.02,129.02,-31.55,-57.90,-59.66,56.54,-10.14,-0.72
2024/01/01 16:12:37.03,129.03,-31.51,-57.88,-59.64,56.67,-10.13,-0.70
2024/01/01 16:12:37.04,129.04,-31.48,-57.86,-59.62,56.78,-10.17,-0.66
2024/01/01 16:12:37.05,129.05,-31.46,-57.85,-59.60,56.84,-10.25,-0.64
2024/01/01 16:12:37.06,129.06,-31.45,-57.82,-59.58,56.83,-10.33,-0.64
2024/01/01 16:12:37.07,129.07,-31.45,-57.80,-59.55,56.77,-10.36,-0.59
2024/01/01 16:12:37.08,129.08,-31.43,-57.78,-59.52,56.68,-10.34,-0.54
2024/01/01 16:12:37.09,129.09,-31.41,-57.77,-59.50,56.63,-10.27,-0.54
2024/01/01 16:12:37.10,129.10,-31.37,-57.77,-59.48,56.62,-10.17,-0.50
2024/01/01 16:12:37.11,129.11,-31.34,-57.77,-59.47,56.65,-10.05,-0.40
2024/01/01 16:12:37.12,129.12,-31.32,-57.76,-59.45,56.66,-9.97,-0.36
2024/01/01 16:12:37.13,129.13,-31.32,-57.74,-59.44,56.66,-9.93,-0.45
2024/01/01 16:12:37.14,129.14,-31.33,-57.72,-59.44,56.63,-9.93,-0.56
2024/01/01 16:12:37.15,129.15,-31.36,-57.71,-59.45,56.54,-9.93,-0.56
2024/01/01 16:12:37.16,129.16,-31.38,-57.72,-59.47,56.44,-9.93,-0.54
2024/01/01 16:12:37.17,129.17,-31.40,-57.72,-59.49,56.38,-9.91,-0.55
2024/01/01 16:12:37.18,129.18,-31.42,-57.72,-59.50,56.37,-9.87,-0.55
2024/01/01 16:12:37.19,129.19,-31.43,-57.73,-59.51,56.46,-9.87,-0.53
2024/01/01 16:12:37.20,129.20,-31.43,-57.73,-59.52,56.61,-9.92,-0.53
2024/01/01 16:12:37.21,129.21,-31.44,-57.75,-59.54,56.78,-9.98,-0.53
2024/01/01 16:12:37.22,129.22,-31.46,-57.76,-59.56,56.84,-10.04,-0.54
2024/01/01 16:12:37.23,129.23,-31.49,-57.79,-59.58,56.77,-10.10,-0.58
2024/01/01 16:12:37.24,129.24,-31.51,-57.81,-59.59,56.63,-10.15,-0.63
2024/01/01 16:12:37.25,129.25,-31.52,-57.81,-59.60,56.49,-10.21,-0.69
2024/01/01 16:12:37.26,129.26,-31.51,-57.80,-59.62,56.39,-10.30,-0.70
2024/01/01 16:12:37.27,129.27,-31.49,-57.79,-59.63,56.35,-10.40,-0.66
2024/01/01 16:12:37.28,129.28,-31.47,-57.78,-59.64,56.35,-10.47,-0.61
2024/01/01 16:12:37.29,129.29,-31.46,-57.77,-59.65,56.36,-10.47,-0.64
2024/01/01 16:12:37.30,129.30,-31.44,-57.76,-59.66,56.38,-10.41,-0.73
2024/01/01 16:12:37.31,129.31,-31.42,-57.75,-59.67,56.41,-10.35,-0.79
2024/01/01 16:12:37.32,129.32,-31.41,-57.75,-59.66,56.43,-10.34,-0.80
2024/01/01 16:12:37.33,129.33,-31.41,-57.75,-59.65,56.41,-10.38,-0.77
2024/01/01 16:12:37.34,129.34,-31.42,-57.76,-59.64,56.39,-10.39,-0.71
2024/01/01 16:12:37.35,129.35,-31.43,-57.76,-59.62,56.40,-10.30,-0.65
2024/01/01 16:12:37.36,129.36,-31.44,-57.75,-59.61,56.48,-10.12,-0.62
2024/01/01 16:12:37.37,129.37,-31.43,-57.74,-59.59,56.62,-9.93,-0.59
2024/01/01 16:12:37.38,129.38,-31.44,-57.72,-59.58,56.73,-9.76,-0.59
2024/01/01 16:12:37.39,129.39,-31.45,-57.69,-59.56,56.74,-9.65,-0.62
2024/01/01 16:12:37.40,129.40,-31.47,-57.66,-59.54,56.69,-9.65,-0.64
2024/01/01 16:12:37.41,129.41,-31.48,-57.63,-59.53,56.66,-9.73,-0.61
2024/01/01 16:12:37.42,129.42,-31.47,-57.60,-59.50,56.69,-9.86,-0.52
2024/01/01 16:12:37.43,129.43,-31.45,-57.57,-59.47,56.76,-10.01,-0.46
2024/01/01 16:12:37.44,129.44,-31.42,-57.54,-59.45,56.83,-10.11,-0.42
2024/01/01 16:12:37.45,129.45,-31.40,-57.51,-59.43,56.84,-10.15,-0.40
2024/01/01 16:12:37.46,129.46,-31.38,-57.48,-59.41,56.77,-10.13,-0.38
2024/01/01 16:12:37.47,129.47,-31.38,-57.47,-59.40,56.63,-10.07,-0.40
2024/01/01 16:12:37.48,129.48,-31.38,-57.45,-59.38,56.48,-9.97,-0.45
2024/01/01 16:12:37.49,129.49,-31.39,-57.44,-59.37,56.31,-9.84,-0.48
2024/01/01 16:12:37.50,129.50,-31.40,-57.44,-59.36,56.19,-9.73,-0.48
2024/01/01 16:12:37.51,129.51,-31.42,-57.44,-59.35,56.14,-9.66,-0.46
2024/01/01 16:12:37.52,129.52,-31.44,-57.44,-59.35,56.22,-9.62,-0.42
2024/01/01 16:12:37.53,129.53,-31.46,-57.45,-59.34,56.40,-9.60,-0.35
2024/01/01 16:12:37.54,129.54,-31.47,-57.46,-59.34,56.61,-9.57,-0.30
2024/01/01 16:12:37.55,129.55,-31.48,-57.45,-59.33,56.78,-9.55,-0.30
2024/01/01 16:12:37.56,129.56,-31.49,-57.45,-59.33,56.83,-9.58,-0.30
2024/01/01 16:12:37.57,129.57,-31.48,-57.44,-59.35,56.79,-9.69,-0.32
2024/01/01 16:12:37.58,129.58,-31.47,-57.44,-59.37,56.75,-9.83,-0.38
2024/01/01 16:12:37.59,129.59,-31.46,-57.44,-59.39,56.71,-9.95,-0.43
2024/01/01 16:12:37.60,129.60,-31.45,-57.44,-59.41,56.68,-10.02,-0.47
2024/01/01 16:12:37.61,129.61,-31.44,-57.45,-59.42,56.65,-10.03,-0.50
2024/01/01 16:12:37.62,129.62,-31.43,-57.47,-59.42,56.64,-10.00,-0.53
2024/01/01 16:12:37.63,129.63,-31.41,-57.49,-59.42,56.61,-9.96,-0.52
2024/01/01 16:12:37.64,129.64,-31.39,-57.51,-59.42,56.54,-9.91,-0.48
2024/01/01 16:12:37.65,129.65,-31.38,-57.52,-59.41,56.45,-9.85,-0.44
2024/01/01 16:12:37.66,129.66,-31.38,-57.53,-59.40,56.38,-9.78,-0.44
2024/01/01 16:12:37.67,129.67,-31.37,-57.53,-59.40,56.34,-9.75,-0.48
2024/01/01 16:12:37.68,129.68,-31.37,-57.54,-59.39,56.36,-9.79,-0.52
2024/01/01 16:12:37.69,129.69,-31.37,-57.54,-59.39,56.39,-9.89,-0.53
2024/01/01 16:12:37.70,129.70,-31.37,-57.53,-59.39,56.43,-10.03,-0.54
2024/01/01 16:12:37.71,129.71,-31.38,-57.52,-59.41,56.48,-10.19,-0.52
2024/01/01 16:12:37.72,129.72,-31.37,-57.50,-59.41,56.58,-10.31,-0.46
2024/01/01 16:12:37.73,129.73,-31.37,-57.48,-59.41,56.74,-10.33,-0.34
2024/01/01 16:12:37.74,129.74,-31.38,-57.46,-59.41,56.91,-10.26,-0.24
2024/01/01 16:12:37.75,129.75,-31.39,-57.44,-59.41,57.01,-10.11,-0.24
2024/01/01 16:12:37.76,129.76,-31.40,-57.44,-59.42,57.02,-9.90,-0.30
2024/01/01 16:12:37.77,129.77,-31.42,-57.43,-59.42,56.92,-9.68,-0.35
2024/01/01 16:12:37.78,129.78,-31.43,-57.41,-59.42,56.79,-9.49,-0.41
2024/01/01 16:12:37.79,129.79,-31.45,-57.38,-59.41,56.68,-9.35,-0.50
2024/01/01 16:12:37.80,129.80,-31.45,-57.36,-59.39,56.61,-9.30,-0.57
2024/01/01 16:12:37.81,129.81,-31.46,-57.34,-59.38,56.54,-9.35,-0.52
2024/01/01 16:12:37.82,129.82,-31.48,-57.32,-59.38,56.48,-9.47,-0.42
2024/01/01 16:12:37.83,129.83,-31.51,-57.28,-59.37,56.41,-9.62,-0.33
2024/01/01 16:12:37.84,129.84,-31.53,-57.25,-59.36,56.32,-9.77,-0.27
2024/01/01 16:12:37.85,129.85,-31.56,-57.23,-59.35,56.25,-9.89,-0.27
2024/01/01 16:12:37.86,129.86,-31.58,-57.23,-59.34,56.20,-9.97,-0.31
2024/01/01 16:12:37.87,129.87,-31.61,-57.23,-59.34,56.16,-9.98,-0.33
2024/01/01 16:12:37.88,129.88,-31.63,-57.24,-59.34,56.14,-9.91,-0.32
2024/01/01 16:12:37.89,129.89,-31.65,-57.25,-59.35,56.18,-9.76,-0.30
2024/01/01 16:12:37.90,129.90,-31.67,-57.25,-59.36,56.27,-9.57,-0.31
2024/01/01 16:12:37.91,129.91,-31.69,-57.26,-59.38,56.34,-9.39,-0.36
2024/01/01 16:12:37.92,129.92,-31.71,-57.26,-59.40,56.35,-9.27,-0.44
2024/01/01 16:12:37.93,129.93,-31.72,-57.26,-59.41,56.27,-9.25,-0.46
2024/01/01 16:12:37.94,129.94,-31.73,-57.26,-59.42,56.16,-9.33,-0.45
2024/01/01 16:12:37.95,129.95,-31.74,-57.26,-59.43,56.08,-9.48,-0.45
2024/01/01 16:12:37.96,129.96,-31.75,-57.27,-59.44,56.06,-9.61,-0.48
2024/01/01 16:12:37.97,129.97,-31.75,-57.28,-59.44,56.08,-9.69,-0.47
2024/01/01 16:12:37.98,129.98,-31.76,-57.29,-59.45,56.11,-9.76,-0.44
2024/01/01 16:12:37.99,129.99,-31.78,-57.31,-59.46,56.14,-9.83,-0.45
2024/01/01 16:12:38.00,130.00,-31.80,-57.32,-59.45,56.15,-9.89,-0.48
2024/01/01 16:12:38.01,130.01,-31.81,-57.33,-59.44,56.16,-9.92,-0.47
2024/01/01 16:12:38.02,130.02,-31.83,-57.34,-59.44,56.19,-9.90,-0.43
2024/01/01 16:12:38.03,130.03,-31.84,-57.33,-59.44,56.21,-9.83,-0.42
2024/01/01 16:12:38.04,130.04,-31.84,-57.32,-59.45,56.20,-9.74,-0.45
2024/01/01 16:12:38.05,130.05,-31.85,-57.32,-59.46,56.17,-9.66,-0.48
2024/01/01 16:12:38.06,130.06,-31.85,-57.32,-59.46,56.14,-9.65,-0.49
2024/01/01 16:12:38.07,130.07,-31.85,-57.34,-59.46,56.11,-9.70,-0.49
2024/01/01 16:12:38.08,130.08,-31.86,-57.35,-59.45,56.08,-9.78,-0.52
2024/01/01 16:12:38.09,130.09,-31.86,-57.34,-59.45,56.05,-9.83,-0.55
2024/01/01 16:12:38.10,130.10,-31.87,-57.32,-59.45,56.02,-9.82,-0.51
2024/01/01 16:12:38.11,130.11,-31.88,-57.28,-59.45,55.99,-9.75,-0.45
2024/01/01 16:12:38.12,130.12,-31.89,-57.24,-59.46,55.99,-9.66,-0.43
2024/01/01 16:12:38.13,130.13,-31.90,-57.20,-59.47,56.04,-9.55,-0.46
2024/01/01 16:12:38.14,130.14,-31.91,-57.18,-59.50,56.10,-9.47,-0.49
2024/01/01 16:12:38.15,130.15,-31.92,-57.16,-59.52,56.14,-9.48,-0.50
2024/01/01 16:12:38.16,130.16,-31.92,-57.15,-59.54,56.16,-9.56,-0.52
2024/01/01 16:12:38.17,130.17,-31.92,-57.13,-59.56,56.15,-9.64,-0.58
2024/01/01 16:12:38.18,130.18,-31.89,-57.10,-59.58,56.13,-9.68,-0.62
2024/01/01 16:12:38.19,130.19,-31.87,-57.07,-59.61,56.13,-9.64,-0.59
2024/01/01 16:12:38.20,130.20,-31.85,-57.05,-59.64,56.14,-9.53,-0.54
2024/01/01 16:12:38.21,130.21,-31.83,-57.04,-59.67,56.15,-9.36,-0.56
2024/01/01 16:12:38.22,130.22,-31.83,-57.04,-59.69,56.15,-9.20,-0.62
2024/01/01 16:12:38.23,130.23,-31.84,-57.03,-59.71,56.11,-9.08,-0.70
2024/01/01 16:12:38.24,130.24,-31.84,-57.02,-59.74,56.06,-9.05,-0.78
2024/01/01 16:12:38.25,130.25,-31.83,-57.00,-59.76,55.98,-9.08,-0.84
2024/01/01 16:12:38.26,130.26,-31.82,-56.97,-59.77,55.91,-9.16,-0.85
2024/01/01 16:12:38.27,130.27,-31.80,-56.94,-59.79,55.90,-9.26,-0.83
2024/01/01 16:12:38.28,130.28,-31.79,-56.90,-59.80,55.99,-9.33,-0.80
2024/01/01 16:12:38.29,130.29,-31.77,-56.88,-59.82,56.15,-9.37,-0.78
2024/01/01 16:12:38.30,130.30,-31.76,-56.87,-59.85,56.29,-9.41,-0.78
2024/01/01 16:12:38.31,130.31,-31.75,-56.87,-59.87,56.33,-9.43,-0.79
2024/01/01 16:12:38.32,130.32,-31.75,-56.88,-59.89,56.27,-9.42,-0.82
2024/01/01 16:12:38.33,130.33,-31.75,-56.89,-59.90,56.13,-9.40,-0.85
2024/01/01 16:12:38.34,130.34,-31.76,-56.89,-59.93,56.01,-9.36,-0.91
2024/01/01 16:12:38.35,130.35,-31.78,-56.89,-59.95,55.96,-9.31,-0.96
2024/01/01 16:12:38.36,130.36,-31.80,-56.88,-59.97,56.00,-9.23,-0.97
2024/01/01 16:12:38.37,130.37,-31.81,-56.88,-59.99,56.10,-9.14,-0.97
2024/01/01 16:12:38.38,130.38,-31.81,-56.89,-60.01,56.20,-9.05,-0.97
2024/01/01 16:12:38.39,130.39,-31.81,-56.90,-60.02,56.26,-9.00,-0.94
2024/01/01 16:12:38.40,130.40,-31.82,-56.90,-60.03,56.27,-9.03,-0.91
2024/01/01 16:12:38.41,130.41,-31.83,-56.90,-60.04,56.26,-9.12,-0.90
2024/01/01 16:12:38.42,130.42,-31.84,-56.90,-60.05,56.22,-9.23,-0.94
2024/01/01 16:12:38.43,130.43,-31.87,-56.89,-60.06,56.13,-9.33,-1.00
2024/01/01 16:12:38.44,130.44,-31.90,-56.88,-60.08,56.00,-9.38,-1.05
2024/01/01 16:12:38.45,130.45,-31.93,-56.85,-60.10,55.85,-9.38,-1.11
2024/01/01 16:12:38.46,130.46,-31.94,-56.81,-60.12,55.72,-9.35,-1.17
2024/01/01 16:12:38.47,130.47,-31.96,-56.77,-60.13,55.65,-9.35,-1.19
2024/01/01 16:12:38.48,130.48,-31.99,-56.75,-60.14,55.64,-9.38,-1.15
2024/01/01 16:12:38.49,130.49,-32.01,-56.75,-60.14,55.66,-9.41,-1.14
2024/01/01 16:12:38.50,130.50,-32.03,-56.74,-60.15,55.69,-9.41,-1.16
2024/01/01 16:12:38.51,130.51,-32.05,-56.74,-60.16,55.72,-9.37,-1.17
2024/01/01 16:12:38.52,130.52,-32.06,-56.75,-60.16,55.75,-9.33,-1.17
2024/01/01 16:12:38.53,130.53,-32.08,-56.76,-60.16,55.76,-9.30,-1.19
2024/01/01 16:12:38.54,130.54,-32.08,-56.78,-60.17,55.77,-9.24,-1.23
2024/01/01 16:12:38.55,130.55,-32.08,-56.79,-60.17,55.75,-9.13,-1.23
2024/01/01 16:12:38.56,130.56,-32.06,-56.79,-60.19,55.69,-8.99,-1.18
2024/01/01 16:12:38.57,130.57,-32.05,-56.79,-60.20,55.64,-8.86,-1.15
2024/01/01 16:12:38.58,130.58,-32.03,-56.78,-60.21,55.62,-8.77,-1.18
2024/01/01 16:12:38.59,130.59,-32.03,-56.79,-60.20,55.66,-8.76,-1.20
2024/01/01 16:12:38.60,130.60,-32.02,-56.79,-60.19,55.73,-8.83,-1.20
2024/01/01 16:12:38.61,130.61,-32.02,-56.80,-60.18,55.82,-8.96,-1.21
2024/01/01 16:12:38.62,130.62,-32.01,-56.82,-60.17,55.90,-9.09,-1.22
2024/01/01 16:12:38.63,130.63,-32.00,-56.84,-60.15,55.97,-9.19,-1.20
2024/01/01 16:12:38.64,130.64,-31.99,-56.86,-60.15,56.03,-9.24,-1.19
2024/01/01 16:12:38.65,130.65,-31.98,-56.88,-60.14,56.09,-9.26,-1.15
2024/01/01 16:12:38.66,130.66,-31.98,-56.89,-60.12,56.11,-9.29,-1.07
2024/01/01 16:12:38.67,130.67,-31.99,-56.89,-60.11,56.06,-9.37,-1.02
2024/01/01 16:12:38.68,130.68,-32.00,-56.90,-60.10,55.94,-9.50,-1.04
2024/01/01 16:12:38.69,130.69,-32.01,-56.90,-60.11,55.83,-9.66,-1.10
2024/01/01 16:12:38.70,130.70,-32.03,-56.91,-60.11,55.76,-9.78,-1.11
2024/01/01 16:12:38.71,130.71,-32.05,-56.92,-60.10,55.73,-9.87,-1.07
2024/01/01 16:12:38.72,130.72,-32.08,-56.92,-60.10,55.76,-9.87,-1.08
2024/01/01 16:12:38.73,130.73,-32.10,-56.92,-60.11,55.85,-9.75,-1.14
2024/01/01 16:12:38.74,130.74,-32.11,-56.91,-60.13,55.93,-9.56,-1.17
2024/01/01 16:12:38.75,130.75,-32.11,-56.89,-60.14,55.94,-9.35,-1.09
2024/01/01 16:12:38.76,130.76,-32.11,-56.88,-60.14,55.87,-9.18,-1.00
2024/01/01 16:12:38.77,130.77,-32.11,-56.86,-60.14,55.75,-9.05,-1.02
2024/01/01 16:12:38.78,130.78,-32.11,-56.82,-60.15,55.62,-8.98,-1.13
2024/01/01 16:12:38.79,130.79,-32.12,-56.78,-60.15,55.53,-8.99,-1.22
2024/01/01 16:12:38.80,130.80,-32.13,-56.74,-60.16,55.48,-9.07,-1.20
2024/01/01 16:12:38.81,130.81,-32.12,-56.71,-60.17,55.46,-9.16,-1.17
2024/01/01 16:12:38.82,130.82,-32.11,-56.69,-60.17,55.45,-9.23,-1.18
2024/01/01 16:12:38.83,130.83,-32.10,-56.68,-60.18,55.47,-9.25,-1.17
2024/01/01 16:12:38.84,130.84,-32.09,-56.68,-60.18,55.55,-9.22,-1.12
2024/01/01 16:12:38.85,130.85,-32.08,-56.67,-60.18,55.67,-9.15,-1.11
2024/01/01 16:12:38.86,130.86,-32.08,-56.67,-60.18,55.79,-9.06,-1.17
2024/01/01 16:12:38.87,130.87,-32.08,-56.65,-60.17,55.83,-8.96,-1.23
2024/01/01 16:12:38.88,130.88,-32.07,-56.63,-60.17,55.76,-8.88,-1.25
2024/01/01 16:12:38.89,130.89,-32.05,-56.62,-60.16,55.63,-8.84,-1.23
2024/01/01 16:12:38.90,130.90,-32.03,-56.62,-60.13,55.53,-8.85,-1.18
2024/01/01 16:12:38.91,130.91,-32.01,-56.62,-60.11,55.50,-8.91,-1.13
2024/01/01 16:12:38.92,130.92,-32.00,-56.62,-60.08,55.55,-9.01,-1.10
2024/01/01 16:12:38.93,130.93,-32.00,-56.62,-60.06,55.65,-9.10,-1.09
2024/01/01 16:12:38.94,130.94,-31.99,-56.60,-60.04,55.76,-9.13,-1.09
2024/01/01 16:12:38.95,130.95,-31.97,-56.58,-60.02,55.85,-9.11,-1.08
2024/01/01 16:12:38.96,130.96,-31.95,-56.56,-59.99,55.93,-9.05,-1.07
2024/01/01 16:12:38.97,130.97,-31.93,-56.54,-59.96,55.99,-8.99,-1.03
2024/01/01 16:12:38.98,130.98,-31.91,-56.54,-59.94,56.06,-8.94,-0.96
2024/01/01 16:12:38.99,130.99,-31.88,-56.55,-59.92,56.09,-8.93,-0.89
2024/01/01 16:12:39.00,131.00,-31.85,-56.56,-59.90,56.07,-8.95,-0.82
2024/01/01 16:12:39.01,131.01,-31.83,-56.57,-59.88,56.01,-8.99,-0.75
2024/01/01 16:12:39.02,131.02,-31.81,-56.58,-59.86,55.92,-9.01,-0.75
2024/01/01 16:12:39.03,131.03,-31.81,-56.56,-59.84,55.83,-9.01,-0.79
2024/01/01 16:12:39.04,131.04,-31.80,-56.55,-59.83,55.78,-8.98,-0.83
2024/01/01 16:12:39.05,131.05,-31.80,-56.54,-59.83,55.83,-8.92,-0.85
2024/01/01 16:12:39.06,131.06,-31.80,-56.53,-59.83,55.96,-8.82,-0.82
2024/01/01 16:12:39.07,131.07,-31.80,-56.53,-59.84,56.11,-8.74,-0.78
2024/01/01 16:12:39.08,131.08,-31.80,-56.54,-59.85,56.25,-8.71,-0.78
2024/01/01 16:12:39.09,131.09,-31.80,-56.55,-59.86,56.32,-8.74,-0.80
2024/01/01 16:12:39.10,131.10,-31.79,-56.56,-59.87,56.33,-8.84,-0.80
2024/01/01 16:12:39.11,131.11,-31.79,-56.57,-59.87,56.25,-8.98,-0.79
2024/01/01 16:12:39.12,131.12,-31.80,-56.57,-59.88,56.14,-9.09,-0.80
2024/01/01 16:12:39.13,131.13,-31.82,-56.57,-59.89,56.03,-9.12,-0.83
2024/01/01 16:12:39.14,131.14,-31.83,-56.57,-59.90,55.93,-9.08,-0.84
2024/01/01 16:12:39.15,131.15,-31.82,-56.57,-59.90,55.87,-9.02,-0.88
2024/01/01 16:12:39.16,131.16,-31.80,-56.58,-59.91,55.83,-8.97,-0.94
2024/01/01 16:12:39.17,131.17,-31.78,-56.60,-59.91,55.82,-8.94,-1.00
2024/01/01 16:12:39.18,131.18,-31.77,-56.63,-59.91,55.82,-8.93,-1.00
2024/01/01 16:12:39.19,131.19,-31.74,-56.66,-59.89,55.86,-8.95,-0.97
2024/01/01 16:12:39.20,131.20,-31.72,-56.68,-59.88,55.93,-8.99,-0.95
2024/01/01 16:12:39.21,131.21,-31.71,-56.69,-59.86,56.00,-9.05,-0.94
2024/01/01 16:12:39.22,131.22,-31.70,-56.69,-59.85,56.06,-9.15,-0.91
2024/01/01 16:12:39.23,131.23,-31.71,-56.69,-59.83,56.09,-9.23,-0.87
2024/01/01 16:12:39.24,131.24,-31.72,-56.69,-59.83,56.09,-9.24,-0.83
2024/01/01 16:12:39.25,131.25,-31.72,-56.70,-59.81,56.11,-9.16,-0.82
2024/01/01 16:12:39.26,131.26,-31.72,-56.69,-59.79,56.15,-9.06,-0.80
2024/01/01 16:12:39.27,131.27,-31.72,-56.69,-59.77,56.23,-8.99,-0.78
2024/01/01 16:12:39.28,131.28,-31.73,-56.69,-59.76,56.35,-8.98,-0.80
2024/01/01 16:12:39.29,131.29,-31.73,-56.69,-59.76,56.48,-9.00,-0.82
2024/01/01 16:12:39.30,131.30,-31.74,-56.70,-59.77,56.57,-9.04,-0.77
2024/01/01 16:12:39.31,131.31,-31.75,-56.71,-59.78,56.61,-9.07,-0.69
2024/01/01 16:12:39.32,131.32,-31.75,-56.72,-59.78,56.58,-9.05,-0.66
2024/01/01 16:12:39.33,131.33,-31.75,-56.74,-59.79,56.51,-8.98,-0.72
2024/01/01 16:12:39.34,131.34,-31.74,-56.75,-59.80,56.41,-8.90,-0.81
2024/01/01 16:12:39.35,131.35,-31.73,-56.76,-59.81,56.30,-8.87,-0.87
2024/01/01 16:12:39.36,131.36,-31.73,-56.77,-59.81,56.20,-8.86,-0.87
2024/01/01 16:12:39.37,131.37,-31.73,-56.79,-59.81,56.09,-8.90,-0.87
2024/01/01 16:12:39.38,131.38,-31.72,-56.79,-59.80,55.98,-9.00,-0.87
2024/01/01 16:12:39.39,131.39,-31.71,-56.79,-59.79,55.91,-9.16,-0.85
2024/01/01 16:12:39.40,131.40,-31.69,-56.79,-59.78,55.88,-9.33,-0.79
2024/01/01 16:12:39.41,131.41,-31.68,-56.78,-59.78,55.87,-9.48,-0.75
2024/01/01 16:12:39.42,131.42,-31.68,-56.77,-59.78,55.91,-9.57,-0.77
2024/01/01 16:12:39.43,131.43,-31.69,-56.75,-59.78,56.00,-9.56,-0.82
2024/01/01 16:12:39.44,131.44,-31.70,-56.74,-59.78,56.10,-9.44,-0.87
2024/01/01 16:12:39.45,131.45,-31.71,-56.73,-59.78,56.17,-9.32,-0.89
2024/01/01 16:12:39.46,131.46,-31.70,-56.72,-59.79,56.18,-9.25,-0.87
2024/01/01 16:12:39.47,131.47,-31.69,-56.70,-59.79,56.14,-9.24,-0.81
2024/01/01 16:12:39.48,131.48,-31.67,-56.69,-59.79,56.08,-9.27,-0.73
2024/01/01 16:12:39.49,131.49,-31.65,-56.67,-59.80,56.06,-9.31,-0.69
2024/01/01 16:12:39.50,131.50,-31.64,-56.65,-59.80,56.09,-9.31,-0.70
2024/01/01 16:12:39.51,131.51,-31.64,-56.63,-59.79,56.15,-9.22,-0.73
2024/01/01 16:12:39.52,131.52,-31.65,-56.58,-59.79,56.20,-9.06,-0.79
2024/01/01 16:12:39.53,131.53,-31.65,-56.53,-59.78,56.23,-8.86,-0.83
2024/01/01 16:12:39.54,131.54,-31.65,-56.48,-59.77,56.27,-8.66,-0.85
2024/01/01 16:12:39.55,131.55,-31.63,-56.44,-59.75,56.29,-8.51,-0.80
2024/01/01 16:12:39.56,131.56,-31.60,-56.42,-59.74,56.29,-8.47,-0.73
2024/01/01 16:12:39.57,131.57,-31.56,-56.41,-59.72,56.27,-8.52,-0.69
2024/01/01 16:12:39.58,131.58,-31.52,-56.39,-59.71,56.26,-8.62,-0.66
2024/01/01 16:12:39.59,131.59,-31.50,-56.38,-59.70,56.26,-8.72,-0.66
2024/01/01 16:12:39.60,131.60,-31.49,-56.37,-59.69,56.23,-8.78,-0.68
2024/01/01 16:12:39.61,131.61,-31.49,-56.36,-59.68,56.20,-8.77,-0.69
2024/01/01 16:12:39.62,131.62,-31.49,-56.36,-59.67,56.16,-8.67,-0.71
2024/01/01 16:12:39.63,131.63,-31.49,-56.35,-59.68,56.14,-8.54,-0.74
2024/01/01 16:12:39.64,131.64,-31.49,-56.36,-59.70,56.16,-8.42,-0.75
2024/01/01 16:12:39.65,131.65,-31.50,-56.38,-59.72,56.24,-8.38,-0.72
2024/01/01 16:12:39.66,131.66,-31.51,-56.40,-59.73,56.36,-8.41,-0.72
2024/01/01 16:12:39.67,131.67,-31.52,-56.43,-59.74,56.51,-8.51,-0.81
2024/01/01 16:12:39.68,131.68,-31.52,-56.46,-59.75,56.63,-8.64,-0.92
2024/01/01 16:12:39.69,131.69,-31.52,-56.49,-59.76,56.70,-8.80,-0.92
2024/01/01 16:12:39.70,131.70,-31.51,-56.51,-59.79,56.70,-8.96,-0.84
2024/01/01 16:12:39.71,131.71,-31.51,-56.54,-59.81,56.65,-9.09,-0.77
2024/01/01 16:12:39.72,131.72,-31.52,-56.55,-59.83,56.57,-9.15,-0.75
2024/01/01 16:12:39.73,131.73,-31.54,-56.56,-59.84,56.49,-9.12,-0.78
2024/01/01 16:12:39.74,131.74,-31.55,-56.56,-59.85,56.42,-9.08,-0.86
2024/01/01 16:12:39.75,131.75,-31.55,-56.56,-59.85,56.36,-9.07,-0.94
2024/01/01 16:12:39.76,131.76,-31.54,-56.57,-59.84,56.28,-9.09,-0.97
2024/01/01 16:12:39.77,131.77,-31.52,-56.59,-59.83,56.21,-9.13,-0.97
2024/01/01 16:12:39.78,131.78,-31.50,-56.59,-59.83,56.16,-9.14,-0.93
2024/01/01 16:12:39.79,131.79,-31.49,-56.58,-59.82,56.15,-9.11,-0.88
2024/01/01 16:12:39.80,131.80,-31.50,-56.58,-59.83,56.17,-9.07,-0.84
2024/01/01 16:12:39.81,131.81,-31.51,-56.58,-59.84,56.18,-9.04,-0.83
2024/01/01 16:12:39.82,131.82,-31.52,-56.59,-59.85,56.17,-9.01,-0.87
2024/01/01 16:12:39.83,131.83,-31.53,-56.60,-59.86,56.14,-8.96,-0.93
2024/01/01 16:12:39.84,131.84,-31.52,-56.61,-59.87,56.11,-8.91,-0.98
2024/01/01 16:12:39.85,131.85,-31.52,-56.62,-59.88,56.15,-8.89,-0.99
2024/01/01 16:12:39.86,131.86,-31.52,-56.62,-59.89,56.27,-8.88,-1.00
2024/01/01 16:12:39.87,131.87,-31.52,-56.62,-59.89,56.44,-8.84,-0.98
2024/01/01 16:12:39.88,131.88,-31.51,-56.62,-59.89,56.59,-8.81,-0.92
2024/01/01 16:12:39.89,131.89,-31.48,-56.63,-59.88,56.65,-8.79,-0.86
2024/01/01 16:12:39.90,131.90,-31.46,-56.62,-59.86,56.60,-8.81,-0.84
2024/01/01 16:12:39.91,131.91,-31.44,-56.61,-59.85,56.52,-8.83,-0.84
2024/01/01 16:12:39.92,131.92,-31.41,-56.61,-59.83,56.48,-8.87,-0.86
2024/01/01 16:12:39.93,131.93,-31.39,-56.62,-59.82,56.49,-8.92,-0.86
2024/01/01 16:12:39.94,131.94,-31.36,-56.63,-59.82,56.53,-8.98,-0.84
2024/01/01 16:12:39.95,131.95,-31.33,-56.66,-59.81,56.55,-9.03,-0.83
2024/01/01 16:12:39.96,131.96,-31.30,-56.68,-59.82,56.52,-9.07,-0.83
2024/01/01 16:12:39.97,131.97,-31.29,-56.71,-59.82,56.48,-9.10,-0.79
2024/01/01 16:12:39.98,131.98,-31.29,-56.74,-59.84,56.46,-9.13,-0.76
2024/01/01 16:12:39.99,131.99,-31.29,-56.76,-59.85,56.49,-9.14,-0.78
2024/01/01 16:12:40.00,132.00,-31.31,-56.78,-59.86,56.56,-9.10,-0.86
2024/01/01 16:12:40.01,132.01,-31.31,-56.81,-59.89,56.65,-9.04,-0.97
2024/01/01 16:12:40.02,132.02,-31.31,-56.84,-59.92,56.73,-8.98,-1.04
2024/01/01 16:12:40.03,132.03,-31.31,-56.88,-59.95,56.79,-8.93,-1.06
2024/01/01 16:12:40.04,132.04,-31.31,-56.91,-59.97,56.83,-8.91,-1.04
2024/01/01 16:12:40.05,132.05,-31.32,-56.93,-59.99,56.82,-8.97,-1.01
2024/01/01 16:12:40.06,132.06,-31.32,-56.94,-60.00,56.78,-9.09,-1.00
2024/01/01 16:12:40.07,132.07,-31.33,-56.94,-60.01,56.69,-9.24,-1.01
2024/01/01 16:12:40.08,132.08,-31.33,-56.95,-60.01,56.58,-9.39,-1.05
2024/01/01 16:12:40.09,132.09,-31.32,-56.96,-60.02,56.49,-9.51,-1.08
2024/01/01 16:12:40.10,132.10,-31.32,-56.97,-60.03,56.43,-9.60,-1.10
2024/01/01 16:12:40.11,132.11,-31.32,-56.98,-60.03,56.42,-9.65,-1.11
2024/01/01 16:12:40.12,132.12,-31.32,-56.97,-60.04,56.44,-9.64,-1.10
2024/01/01 16:12:40.13,132.13,-31.34,-56.96,-60.04,56.48,-9.57,-1.11
2024/01/01 16:12:40.14,132.14,-31.35,-56.96,-60.04,56.51,-9.50,-1.10
2024/01/01 16:12:40.15,132.15,-31.37,-56.95,-60.03,56.49,-9.45,-1.10
2024/01/01 16:12:40.16,132.16,-31.39,-56.93,-60.02,56.44,-9.44,-1.11
2024/01/01 16:12:40.17,132.17,-31.39,-56.91,-60.01,56.39,-9.44,-1.11
2024/01/01 16:12:40.18,132.18,-31.39,-56.89,-60.00,56.38,-9.48,-1.09
2024/01/01 16:12:40.19,132.19,-31.39,-56.87,-60.00,56.43,-9.53,-1.04
2024/01/01 16:12:40.20,132.20,-31.39,-56.87,-60.02,56.51,-9.52,-1.00
2024/01/01 16:12:40.21,132.21,-31.39,-56.87,-60.04,56.54,-9.41,-0.98
2024/01/01 16:12:40.22,132.22,-31.40,-56.86,-60.07,56.50,-9.24,-0.98
2024/01/01 16:12:40.23,132.23,-31.41,-56.84,-60.09,56.40,-9.05,-1.03
2024/01/01 16:12:40.24,132.24,-31.41,-56.82,-60.10,56.30,-8.90,-1.11
2024/01/01 16:12:40.25,132.25,-31.41,-56.80,-60.12,56.25,-8.82,-1.20
2024/01/01 16:12:40.26,132.26,-31.40,-56.79,-60.14,56.29,-8.79,-1.23
2024/01/01 16:12:40.27,132.27,-31.39,-56.77,-60.16,56.39,-8.81,-1.20
2024/01/01 16:12:40.28,132.28,-31.38,-56.75,-60.18,56.49,-8.83,-1.15
2024/01/01 16:12:40.29,132.29,-31.38,-56.73,-60.19,56.55,-8.84,-1.14
2024/01/01 16:12:40.30,132.30,-31.39,-56.70,-60.21,56.54,-8.84,-1.17
2024/01/01 16:12:40.31,132.31,-31.40,-56.66,-60.21,56.49,-8.85,-1.20
2024/01/01 16:12:40.32,132.32,-31.40,-56.62,-60.20,56.43,-8.88,-1.24
2024/01/01 16:12:40.33,132.33,-31.40,-56.61,-60.20,56.40,-8.95,-1.30
2024/01/01 16:12:40.34,132.34,-31.39,-56.60,-60.21,56.41,-9.06,-1.31
2024/01/01 16:12:40.35,132.35,-31.38,-56.60,-60.21,56.45,-9.17,-1.25
2024/01/01 16:12:40.36,132.36,-31.38,-56.60,-60.21,56.49,-9.24,-1.16
2024/01/01 16:12:40.37,132.37,-31.39,-56.61,-60.20,56.52,-9.25,-1.13
2024/01/01 16:12:40.38,132.38,-31.41,-56.62,-60.18,56.52,-9.22,-1.18
2024/01/01 16:12:40.39,132.39,-31.43,-56.62,-60.17,56.46,-9.15,-1.22
2024/01/01 16:12:40.40,132.40,-31.45,-56.61,-60.16,56.35,-9.03,-1.22
2024/01/01 16:12:40.41,132.41,-31.47,-56.61,-60.15,56.25,-8.89,-1.20
2024/01/01 16:12:40.42,132.42,-31.47,-56.61,-60.15,56.18,-8.75,-1.20
2024/01/01 16:12:40.43,132.43,-31.46,-56.60,-60.16,56.17,-8.65,-1.21
2024/01/01 16:12:40.44,132.44,-31.45,-56.60,-60.17,56.22,-8.62,-1.20
2024/01/01 16:12:40.45,132.45,-31.44,-56.59,-60.17,56.29,-8.68,-1.15
2024/01/01 16:12:40.46,132.46,-31.43,-56.60,-60.17,56.33,-8.80,-1.15
2024/01/01 16:12:40.47,132.47,-31.42,-56.61,-60.17,56.35,-8.94,-1.19
2024/01/01 16:12:40.48,132.48,-31.41,-56.62,-60.19,56.35,-9.06,-1.24
2024/01/01 16:12:40.49,132.49,-31.42,-56.63,-60.20,56.35,-9.10,-1.25
2024/01/01 16:12:40.50,132.50,-31.43,-56.64,-60.22,56.34,-9.08,-1.26
2024/01/01 16:12:40.51,132.51,-31.44,-56.65,-60.24,56.35,-9.01,-1.26
2024/01/01 16:12:40.52,132.52,-31.44,-56.67,-60.25,56.36,-8.92,-1.24
2024/01/01 16:12:40.53,132.53,-31.45,-56.70,-60.25,56.37,-8.84,-1.20
2024/01/01 16:12:40.54,132.54,-31.46,-56.72,-60.23,56.36,-8.79,-1.19
2024/01/01 16:12:40.55,132.55,-31.47,-56.73,-60.22,56.36,-8.78,-1.22
2024/01/01 16:12:40.56,132.56,-31.47,-56.74,-60.21,56.35,-8.82,-1.27
2024/01/01 16:12:40.57,132.57,-31.46,-56.75,-60.20,56.33,-8.94,-1.28
2024/01/01 16:12:40.58,132.58,-31.45,-56.76,-60.19,56.30,-9.11,-1.21
2024/01/01 16:12:40.59,132.59,-31.43,-56.77,-60.17,56.26,-9.26,-1.13
2024/01/01 16:12:40.60,132.60,-31.42,-56.76,-60.16,56.26,-9.36,-1.13
2024/01/01 16:12:40.61,132.61,-31.39,-56.76,-60.15,56.31,-9.40,-1.15
2024/01/01 16:12:40.62,132.62,-31.37,-56.76,-60.14,56.34,-9.41,-1.13
2024/01/01 16:12:40.63,132.63,-31.36,-56.75,-60.13,56.33,-9.41,-1.12
2024/01/01 16:12:40.64,132.64,-31.36,-56.75,-60.13,56.26,-9.39,-1.17
2024/01/01 16:12:40.65,132.65,-31.37,-56.74,-60.12,56.21,-9.36,-1.22
2024/01/01 16:12:40.66,132.66,-31.37,-56.73,-60.11,56.23,-9.31,-1.19
2024/01/01 16:12:40.67,132.67,-31.37,-56.73,-60.10,56.33,-9.24,-1.13
2024/01/01 16:12:40.68,132.68,-31.37,-56.73,-60.09,56.49,-9.16,-1.10
2024/01/01 16:12:40.69,132.69,-31.38,-56.73,-60.08,56.62,-9.06,-1.10
2024/01/01 16:12:40.70,132.70,-31.40,-56.74,-60.07,56.69,-8.97,-1.09
2024/01/01 16:12:40.71,132.71,-31.41,-56.76,-60.06,56.71,-8.91,-1.09
2024/01/01 16:12:40.72,132.72,-31.42,-56.78,-60.06,56.68,-8.88,-1.09
2024/01/01 16:12:40.73,132.73,-31.43,-56.80,-60.05,56.61,-8.88,-1.06
2024/01/01 16:12:40.74,132.74,-31.42,-56.81,-60.05,56.52,-8.91,-1.05
2024/01/01 16:12:40.75,132.75,-31.41,-56.81,-60.06,56.44,-8.96,-1.05
2024/01/01 16:12:40.76,132.76,-31.40,-56.82,-60.06,56.40,-9.00,-1.01
2024/01/01 16:12:40.77,132.77,-31.39,-56.83,-60.05,56.42,-9.03,-1.00
2024/01/01 16:12:40.78,132.78,-31.39,-56.84,-60.04,56.49,-9.05,-1.07
2024/01/01 16:12:40.79,132.79,-31.40,-56.85,-60.03,56.57,-9.09,-1.16
2024/01/01 16:12:40.80,132.80,-31.42,-56.86,-60.02,56.59,-9.15,-1.18
2024/01/01 16:12:40.81,132.81,-31.45,-56.89,-60.00,56.52,-9.25,-1.14
2024/01/01 16:12:40.82,132.82,-31.47,-56.92,-59.99,56.41,-9.35,-1.07
2024/01/01 16:12:40.83,132.83,-31.49,-56.94,-59.97,56.33,-9.42,-0.99
2024/01/01 16:12:40.84,132.84,-31.52,-56.96,-59.94,56.29,-9.45,-0.92
2024/01/01 16:12:40.85,132.85,-31.54,-56.97,-59.92,56.30,-9.45,-0.90
2024/01/01 16:12:40.86,132.86,-31.55,-56.98,-59.90,56.33,-9.44,-0.94
2024/01/01 16:12:40.87,132.87,-31.56,-57.00,-59.90,56.34,-9.43,-0.99
2024/01/01 16:12:40.88,132.88,-31.58,-57.02,-59.89,56.29,-9.43,-1.01
2024/01/01 16:12:40.89,132.89,-31.60,-57.04,-59.88,56.22,-9.44,-0.99
2024/01/01 16:12:40.90,132.90,-31.63,-57.07,-59.88,56.16,-9.45,-0.96
2024/01/01 16:12:40.91,132.91,-31.64,-57.10,-59.88,56.15,-9.47,-0.93
2024/01/01 16:12:40.92,132.92,-31.64,-57.11,-59.89,56.18,-9.48,-0.88
2024/01/01 16:12:40.93,132.93,-31.63,-57.11,-59.89,56.23,-9.48,-0.84
2024/01/01 16:12:40.94,132.94,-31.63,-57.11,-59.90,56.29,-9.45,-0.84
2024/01/01 16:12:40.95,132.95,-31.62,-57.11,-59.90,56.34,-9.41,-0.90
2024/01/01 16:12:40.96,132.96,-31.61,-57.10,-59.91,56.35,-9.35,-0.98
2024/01/01 16:12:40.97,132.97,-31.59,-57.08,-59.91,56.32,-9.33,-1.01
2024/01/01 16:12:40.98,132.98,-31.58,-57.07,-59.93,56.26,-9.37,-1.00
2024/01/01 16:12:40.99,132.99,-31.57,-57.05,-59.94,56.18,-9.48,-0.98
2024/01/01 16:12:41.00,133.00,-31.57,-57.03,-59.96,56.11,-9.60,-0.96
2024/01/01 16:12:41.01,133.01,-31.56,-57.02,-59.97,56.08,-9.70,-0.91
2024/01/01 16:12:41.02,133.02,-31.54,-57.03,-59.98,56.11,-9.74,-0.91
2024/01/01 16:12:41.03,133.03,-31.52,-57.04,-60.00,56.18,-9.70,-0.97
2024/01/01 16:12:41.04,133.04,-31.51,-57.06,-60.02,56.26,-9.62,-1.02
2024/01/01 16:12:41.05,133.05,-31.51,-57.08,-60.04,56.33,-9.52,-1.05
2024/01/01 16:12:41.06,133.06,-31.51,-57.10,-60.06,56.40,-9.42,-1.07
2024/01/01 16:12:41.07,133.07,-31.52,-57.12,-60.07,56.48,-9.34,-1.06
2024/01/01 16:12:41.08,133.08,-31.52,-57.14,-60.08,56.55,-9.30,-1.05
2024/01/01 16:12:41.09,133.09,-31.52,-57.16,-60.07,56.58,-9.30,-1.03
2024/01/01 16:12:41.10,133.10,-31.53,-57.17,-60.07,56.59,-9.32,-1.05
2024/01/01 16:12:41.11,133.11,-31.54,-57.18,-60.06,56.58,-9.33,-1.09
2024/01/01 16:12:41.12,133.12,-31.56,-57.18,-60.06,56.56,-9.34,-1.11
2024/01/01 16:12:41.13,133.13,-31.58,-57.19,-60.06,56.55,-9.36,-1.06
2024/01/01 16:12:41.14,133.14,-31.60,-57.20,-60.05,56.53,-9.39,-1.00
2024/01/01 16:12:41.15,133.15,-31.62,-57.22,-60.03,56.48,-9.44,-0.96
2024/01/01 16:12:41.16,133.16,-31.64,-57.23,-60.01,56.37,-9.51,-0.98
2024/01/01 16:12:41.17,133.17,-31.68,-57.26,-59.99,56.24,-9.61,-1.01
2024/01/01 16:12:41.18,133.18,-31.72,-57.29,-59.98,56.12,-9.72,-1.01
2024/01/01 16:12:41.19,133.19,-31.75,-57.34,-59.97,56.05,-9.83,-0.97
2024/01/01 16:12:41.20,133.20,-31.78,-57.38,-59.95,56.02,-9.90,-0.93
2024/01/01 16:12:41.21,133.21,-31.80,-57.41,-59.93,55.99,-9.93,-0.92
2024/01/01 16:12:41.22,133.22,-31.81,-57.42,-59.90,55.97,-9.95,-0.93
2024/01/01 16:12:41.23,133.23,-31.82,-57.43,-59.87,55.94,-9.98,-0.93
2024/01/01 16:12:41.24,133.24,-31.82,-57.44,-59.86,55.91,-9.99,-0.92
2024/01/01 16:12:41.25,133.25,-31.80,-57.45,-59.86,55.91,-10.01,-0.91
2024/01/01 16:12:41.26,133.26,-31.79,-57.46,-59.86,55.92,-10.05,-0.91
2024/01/01 16:12:41.27,133.27,-31.78,-57.46,-59.86,55.93,-10.13,-0.88
2024/01/01 16:12:41.28,133.28,-31.79,-57.47,-59.85,55.93,-10.22,-0.88
2024/01/01 16:12:41.29,133.29,-31.79,-57.48,-59.83,55.94,-10.30,-0.92
2024/01/01 16:12:41.30,133.30,-31.79,-57.51,-59.83,55.99,-10.32,-0.92
2024/01/01 16:12:41.31,133.31,-31.78,-57.52,-59.84,56.08,-10.24,-0.87
2024/01/01 16:12:41.32,133.32,-31.76,-57.53,-59.84,56.16,-10.09,-0.78
2024/01/01 16:12:41.33,133.33,-31.74,-57.53,-59.84,56.22,-9.88,-0.71
2024/01/01 16:12:41.34,133.34,-31.72,-57.52,-59.84,56.29,-9.67,-0.71
2024/01/01 16:12:41.35,133.35,-31.69,-57.51,-59.83,56.35,-9.51,-0.78
2024/01/01 16:12:41.36,133.36,-31.67,-57.49,-59.81,56.39,-9.45,-0.87
2024/01/01 16:12:41.37,133.37,-31.65,-57.48,-59.79,56.39,-9.49,-0.94
2024/01/01 16:12:41.38,133.38,-31.62,-57.47,-59.78,56.37,-9.58,-0.98
2024/01/01 16:12:41.39,133.39,-31.58,-57.46,-59.77,56.32,-9.70,-0.96
2024/01/01 16:12:41.40,133.40,-31.54,-57.44,-59.77,56.29,-9.85,-0.84
2024/01/01 16:12:41.41,133.41,-31.50,-57.42,-59.76,56.32,-10.01,-0.67
2024/01/01 16:12:41.42,133.42,-31.47,-57.41,-59.75,56.38,-10.12,-0.61
2024/01/01 16:12:41.43,133.43,-31.46,-57.40,-59.73,56.44,-10.13,-0.66
2024/01/01 16:12:41.44,133.44,-31.47,-57.40,-59.72,56.47,-10.05,-0.73
2024/01/01 16:12:41.45,133.45,-31.49,-57.42,-59.71,56.47,-9.94,-0.77
2024/01/01 16:12:41.46,133.46,-31.50,-57.43,-59.71,56.48,-9.86,-0.77
2024/01/01 16:12:41.47,133.47,-31.49,-57.43,-59.71,56.50,-9.82,-0.74
2024/01/01 16:12:41.48,133.48,-31.48,-57.43,-59.71,56.56,-9.80,-0.70
2024/01/01 16:12:41.49,133.49,-31.46,-57.43,-59.72,56.64,-9.78,-0.66
2024/01/01 16:12:41.50,133.50,-31.45,-57.43,-59.72,56.72,-9.75,-0.64
2024/01/01 16:12:41.51,133.51,-31.44,-57.42,-59.73,56.77,-9.69,-0.67
2024/01/01 16:12:41.52,133.52,-31.43,-57.41,-59.74,56.75,-9.65,-0.76
2024/01/01 16:12:41.53,133.53,-31.42,-57.39,-59.75,56.68,-9.64,-0.85
2024/01/01 16:12:41.54,133.54,-31.42,-57.37,-59.75,56.56,-9.72,-0.89
2024/01/01 16:12:41.55,133.55,-31.40,-57.36,-59.76,56.45,-9.85,-0.85
2024/01/01 16:12:41.56,133.56,-31.38,-57.34,-59.77,56.40,-9.95,-0.81
2024/01/01 16:12:41.57,133.57,-31.37,-57.33,-59.77,56.45,-9.94,-0.78
2024/01/01 16:12:41.58,133.58,-31.36,-57.33,-59.78,56.55,-9.84,-0.73
2024/01/01 16:12:41.59,133.59,-31.37,-57.32,-59.77,56.62,-9.73,-0.69
2024/01/01 16:12:41.60,133.60,-31.38,-57.32,-59.76,56.62,-9.63,-0.73
2024/01/01 16:12:41.61,133.61,-31.39,-57.32,-59.76,56.56,-9.58,-0.80
2024/01/01 16:12:41.62,133.62,-31.40,-57.32,-59.78,56.46,-9.54,-0.81
2024/01/01 16:12:41.63,133.63,-31.40,-57.33,-59.79,56.39,-9.52,-0.77
2024/01/01 16:12:41.64,133.64,-31.41,-57.34,-59.80,56.40,-9.49,-0.74
2024/01/01 16:12:41.65,133.65,-31.42,-57.35,-59.81,56.46,-9.47,-0.80
2024/01/01 16:12:41.66,133.66,-31.42,-57.35,-59.82,56.54,-9.48,-0.88
2024/01/01 16:12:41.67,133.67,-31.42,-57.34,-59.84,56.61,-9.56,-0.90
2024/01/01 16:12:41.68,133.68,-31.42,-57.33,-59.84,56.64,-9.69,-0.85
2024/01/01 16:12:41.69,133.69,-31.41,-57.31,-59.84,56.62,-9.80,-0.82
2024/01/01 16:12:41.70,133.70,-31.39,-57.30,-59.83,56.59,-9.83,-0.84
2024/01/01 16:12:41.71,133.71,-31.38,-57.30,-59.83,56.59,-9.81,-0.83
2024/01/01 16:12:41.72,133.72,-31.38,-57.30,-59.83,56.60,-9.78,-0.77
2024/01/01 16:12:41.73,133.73,-31.39,-57.32,-59.83,56.61,-9.76,-0.75
2024/01/01 16:12:41.74,133.74,-31.40,-57.33,-59.83,56.60,-9.75,-0.83
2024/01/01 16:12:41.75,133.75,-31.41,-57.34,-59.83,56.54,-9.74,-0.92
2024/01/01 16:12:41.76,133.76,-31.41,-57.35,-59.83,56.47,-9.73,-0.96
2024/01/01 16:12:41.77,133.77,-31.40,-57.36,-59.84,56.41,-9.70,-0.94
2024/01/01 16:12:41.78,133.78,-31.40,-57.39,-59.85,56.41,-9.66,-0.91
2024/01/01 16:12:41.79,133.79,-31.40,-57.42,-59.86,56.46,-9.61,-0.88
2024/01/01 16:12:41.80,133.80,-31.41,-57.44,-59.87,56.54,-9.61,-0.85
2024/01/01 16:12:41.81,133.81,-31.42,-57.47,-59.88,56.60,-9.67,-0.85
2024/01/01 16:12:41.82,133.82,-31.44,-57.49,-59.89,56.60,-9.74,-0.89
2024/01/01 16:12:41.83,133.83,-31.45,-57.50,-59.89,56.55,-9.81,-0.92
2024/01/01 16:12:41.84,133.84,-31.45,-57.51,-59.90,56.52,-9.85,-0.94
2024/01/01 16:12:41.85,133.85,-31.46,-57.51,-59.91,56.54,-9.88,-0.93
2024/01/01 16:12:41.86,133.86,-31.46,-57.52,-59.92,56.60,-9.92,-0.89
2024/01/01 16:12:41.87,133.87,-31.46,-57.53,-59.94,56.66,-9.97,-0.86
2024/01/01 16:12:41.88,133.88,-31.44,-57.54,-59.95,56.69,-10.01,-0.87
2024/01/01 16:12:41.89,133.89,-31.43,-57.54,-59.95,56.66,-10.04,-0.92
2024/01/01 16:12:41.90,133.90,-31.44,-57.55,-59.96,56.56,-10.06,-0.97
2024/01/01 16:12:41.91,133.91,-31.47,-57.57,-59.96,56.41,-10.08,-1.01
2024/01/01 16:12:41.92,133.92,-31.50,-57.59,-59.96,56.29,-10.09,-1.03
2024/01/01 16:12:41.93,133.93,-31.52,-57.59,-59.97,56.24,-10.08,-1.05
2024/01/01 16:12:41.94,133.94,-31.55,-57.59,-59.98,56.25,-10.06,-1.05
2024/01/01 16:12:41.95,133.95,-31.57,-57.59,-59.99,56.29,-10.03,-1.01
2024/01/01 16:12:41.96,133.96,-31.60,-57.59,-59.99,56.33,-10.02,-0.99
2024/01/01 16:12:41.97,133.97,-31.61,-57.60,-59.99,56.35,-10.00,-1.01
2024/01/01 16:12:41.98,133.98,-31.62,-57.60,-59.99,56.37,-9.96,-1.04
2024/01/01 16:12:41.99,133.99,-31.61,-57.59,-59.99,56.38,-9.92,-1.04
2024/01/01 16:12:42.00,134.00,-31.61,-57.58,-60.00,56.35,-9.89,-1.04
2024/01/01 16:12:42.01,134.01,-31.61,-57.57,-60.02,56.27,-9.88,-1.09
2024/01/01 16:12:42.02,134.02,-31.61,-57.56,-60.04,56.17,-9.88,-1.12
2024/01/01 16:12:42.03,134.03,-31.61,-57.55,-60.04,56.09,-9.89,-1.08
2024/01/01 16:12:42.04,134.04,-31.60,-57.54,-60.03,56.07,-9.87,-1.06
2024/01/01 16:12:42.05,134.05,-31.59,-57.54,-60.03,56.11,-9.84,-1.09
2024/01/01 16:12:42.06,134.06,-31.57,-57.55,-60.04,56.20,-9.80,-1.13
2024/01/01 16:12:42.07,134.07,-31.55,-57.55,-60.05,56.29,-9.77,-1.13
2024/01/01 16:12:42.08,134.08,-31.53,-57.55,-60.05,56.35,-9.77,-1.10
2024/01/01 16:12:42.09,134.09,-31.51,-57.55,-60.04,56.40,-9.81,-1.09
2024/01/01 16:12:42.10,134.10,-31.50,-57.54,-60.03,56.44,-9.88,-1.12
2024/01/01 16:12:42.11,134.11,-31.49,-57.53,-60.03,56.48,-9.96,-1.12
2024/01/01 16:12:42.12,134.12,-31.46,-57.51,-60.02,56.52,-10.01,-1.06
2024/01/01 16:12:42.13,134.13,-31.43,-57.50,-60.02,56.58,-10.02,-1.01
2024/01/01 16:12:42.14,134.14,-31.41,-57.51,-60.01,56.64,-10.01,-1.00
2024/01/01 16:12:42.15,134.15,-31.39,-57.52,-60.01,56.69,-9.99,-1.00
2024/01/01 16:12:42.16,134.16,-31.39,-57.53,-60.00,56.71,-9.97,-0.97
2024/01/01 16:12:42.17,134.17,-31.40,-57.54,-60.00,56.70,-9.96,-0.97
2024/01/01 16:12:42.18,134.18,-31.42,-57.54,-60.00,56.67,-9.94,-1.00
2024/01/01 16:12:42.19,134.19,-31.44,-57.53,-60.00,56.63,-9.90,-1.02
2024/01/01 16:12:42.20,134.20,-31.45,-57.54,-60.01,56.60,-9.83,-1.02
2024/01/01 16:12:42.21,134.21,-31.46,-57.55,-60.02,56.63,-9.75,-1.03
2024/01/01 16:12:42.22,134.22,-31.47,-57.57,-60.02,56.67,-9.67,-1.01
2024/01/01 16:12:42.23,134.23,-31.48,-57.58,-60.03,56.68,-9.65,-0.99
2024/01/01 16:12:42.24,134.24,-31.49,-57.59,-60.04,56.64,-9.72,-1.02
2024/01/01 16:12:42.25,134.25,-31.50,-57.58,-60.05,56.57,-9.84,-1.08
2024/01/01 16:12:42.26,134.26,-31.52,-57.58,-60.07,56.44,-9.95,-1.11
2024/01/01 16:12:42.27,134.27,-31.54,-57.58,-60.09,56.30,-10.04,-1.12
2024/01/01 16:12:42.28,134.28,-31.56,-57.58,-60.11,56.18,-10.10,-1.12
2024/01/01 16:12:42.29,134.29,-31.58,-57.59,-60.13,56.12,-10.13,-1.14
2024/01/01 16:12:42.30,134.30,-31.59,-57.59,-60.15,56.11,-10.14,-1.19
2024/01/01 16:12:42.31,134.31,-31.59,-57.60,-60.16,56.15,-10.16,-1.21
2024/01/01 16:12:42.32,134.32,-31.59,-57.61,-60.18,56.21,-10.17,-1.19
2024/01/01 16:12:42.33,134.33,-31.59,-57.62,-60.20,56.27,-10.15,-1.16
2024/01/01 16:12:42.34,134.34,-31.60,-57.62,-60.23,56.30,-10.11,-1.18
2024/01/01 16:12:42.35,134.35,-31.62,-57.63,-60.25,56.28,-10.07,-1.26
2024/01/01 16:12:42.36,134.36,-31.63,-57.63,-60.27,56.24,-10.06,-1.34
2024/01/01 16:12:42.37,134.37,-31.63,-57.64,-60.29,56.19,-10.07,-1.35
2024/01/01 16:12:42.38,134.38,-31.61,-57.63,-60.30,56.16,-10.08,-1.31
2024/01/01 16:12:42.39,134.39,-31.59,-57.62,-60.31,56.22,-10.07,-1.30
2024/01/01 16:12:42.40,134.40,-31.58,-57.61,-60.31,56.34,-10.01,-1.31
2024/01/01 16:12:42.41,134.41,-31.57,-57.59,-60.32,56.49,-9.95,-1.30
2024/01/01 16:12:42.42,134.42,-31.57,-57.57,-60.32,56.59,-9.92,-1.28
2024/01/01 16:12:42.43,134.43,-31.56,-57.55,-60.32,56.59,-9.93,-1.28
2024/01/01 16:12:42.44,134.44,-31.56,-57.54,-60.31,56.51,-9.98,-1.27
2024/01/01 16:12:42.45,134.45,-31.56,-57.53,-60.31,56.40,-10.04,-1.27
2024/01/01 16:12:42.46,134.46,-31.55,-57.52,-60.31,56.32,-10.05,-1.29
2024/01/01 16:12:42.47,134.47,-31.56,-57.50,-60.31,56.33,-10.00,-1.32
2024/01/01 16:12:42.48,134.48,-31.56,-57.49,-60.31,56.39,-9.89,-1.32
2024/01/01 16:12:42.49,134.49,-31.57,-57.49,-60.30,56.44,-9.76,-1.32
2024/01/01 16:12:42.50,134.50,-31.58,-57.49,-60.30,56.44,-9.67,-1.33
2024/01/01 16:12:42.51,134.51,-31.59,-57.50,-60.29,56.36,-9.63,-1.33
2024/01/01 16:12:42.52,134.52,-31.60,-57.51,-60.28,56.24,-9.65,-1.31
2024/01/01 16:12:42.53,134.53,-31.60,-57.52,-60.27,56.12,-9.74,-1.27
2024/01/01 16:12:42.54,134.54,-31.61,-57.53,-60.26,56.07,-9.84,-1.25
2024/01/01 16:12:42.55,134.55,-31.61,-57.52,-60.26,56.09,-9.92,-1.29
2024/01/01 16:12:42.56,134.56,-31.62,-57.52,-60.28,56.16,-9.96,-1.31
2024/01/01 16:12:42.57,134.57,-31.62,-57.52,-60.29,56.21,-9.95,-1.29
2024/01/01 16:12:42.58,134.58,-31.64,-57.53,-60.29,56.25,-9.91,-1.27
2024/01/01 16:12:42.59,134.59,-31.65,-57.53,-60.29,56.28,-9.89,-1.27
2024/01/01 16:12:42.60,134.60,-31.65,-57.54,-60.29,56.31,-9.91,-1.31
2024/01/01 16:12:42.61,134.61,-31.65,-57.55,-60.31,56.32,-9.98,-1.34
2024/01/01 16:12:42.62,134.62,-31.66,-57.57,-60.32,56.33,-10.05,-1.28
2024/01/01 16:12:42.63,134.63,-31.66,-57.60,-60.34,56.30,-10.07,-1.21
2024/01/01 16:12:42.64,134.64,-31.65,-57.64,-60.35,56.26,-10.00,-1.23
2024/01/01 16:12:42.65,134.65,-31.64,-57.66,-60.36,56.24,-9.88,-1.33
2024/01/01 16:12:42.66,134.66,-31.64,-57.68,-60.37,56.23,-9.78,-1.39
2024/01/01 16:12:42.67,134.67,-31.63,-57.71,-60.38,56.22,-9.77,-1.40
2024/01/01 16:12:42.68,134.68,-31.62,-57.75,-60.39,56.20,-9.86,-1.41
2024/01/01 16:12:42.69,134.69,-31.61,-57.78,-60.39,56.18,-9.99,-1.42
2024/01/01 16:12:42.70,134.70,-31.60,-57.81,-60.39,56.18,-10.12,-1.37
2024/01/01 16:12:42.71,134.71,-31.58,-57.85,-60.39,56.20,-10.25,-1.34
2024/01/01 16:12:42.72,134.72,-31.57,-57.88,-60.39,56.24,-10.35,-1.38
2024/01/01 16:12:42.73,134.73,-31.57,-57.90,-60.39,56.29,-10.43,-1.41
2024/01/01 16:12:42.74,134.74,-31.58,-57.92,-60.37,56.33,-10.46,-1.37
2024/01/01 16:12:42.75,134.75,-31.59,-57.95,-60.36,56.33,-10.45,-1.33
2024/01/01 16:12:42.76,134.76,-31.60,-57.98,-60.34,56.35,-10.43,-1.33
2024/01/01 16:12:42.77,134.77,-31.59,-58.01,-60.33,56.39,-10.40,-1.30
2024/01/01 16:12:42.78,134.78,-31.58,-58.04,-60.32,56.42,-10.41,-1.27
2024/01/01 16:12:42.79,134.79,-31.57,-58.06,-60.31,56.45,-10.47,-1.23
2024/01/01 16:12:42.80,134.80,-31.56,-58.07,-60.28,56.44,-10.57,-1.21
2024/01/01 16:12:42.81,134.81,-31.57,-58.08,-60.27,56.42,-10.68,-1.25
2024/01/01 16:12:42.82,134.82,-31.57,-58.09,-60.26,56.41,-10.76,-1.30
2024/01/01 16:12:42.83,134.83,-31.56,-58.11,-60.25,56.43,-10.77,-1.29
2024/01/01 16:12:42.84,134.84,-31.56,-58.11,-60.22,56.43,-10.76,-1.25
2024/01/01 16:12:42.85,134.85,-31.55,-58.12,-60.19,56.39,-10.74,-1.25
2024/01/01 16:12:42.86,134.86,-31.54,-58.12,-60.17,56.35,-10.72,-1.29
2024/01/01 16:12:42.87,134.87,-31.52,-58.12,-60.14,56.35,-10.70,-1.27
2024/01/01 16:12:42.88,134.88,-31.52,-58.11,-60.13,56.39,-10.70,-1.16
2024/01/01 16:12:42.89,134.89,-31.52,-58.10,-60.11,56.46,-10.67,-1.04
2024/01/01 16:12:42.90,134.90,-31.53,-58.09,-60.09,56.50,-10.59,-0.99
2024/01/01 16:12:42.91,134.91,-31.55,-58.07,-60.07,56.52,-10.47,-1.03
2024/01/01 16:12:42.92,134.92,-31.56,-58.05,-60.06,56.51,-10.36,-1.08
2024/01/01 16:12:42.93,134.93,-31.57,-58.03,-60.05,56.50,-10.28,-1.07
2024/01/01 16:12:42.94,134.94,-31.58,-58.01,-60.05,56.48,-10.25,-1.05
2024/01/01 16:12:42.95,134.95,-31.59,-57.98,-60.05,56.50,-10.23,-1.08
2024/01/01 16:12:42.96,134.96,-31.60,-57.96,-60.05,56.54,-10.23,-1.10
2024/01/01 16:12:42.97,134.97,-31.61,-57.93,-60.05,56.55,-10.26,-1.04
2024/01/01 16:12:42.98,134.98,-31.61,-57.90,-60.05,56.53,-10.31,-0.98
2024/01/01 16:12:42.99,134.99,-31.60,-57.86,-60.05,56.50,-10.35,-0.94
2024/01/01 16:12:43.00,135.00,-31.60,-57.83,-60.04,56.46,-10.30,-0.93
2024/01/01 16:12:43.01,135.01,-31.61,-57.79,-60.03,56.39,-10.21,-0.94
2024/01/01 16:12:43.02,135.02,-31.63,-57.76,-60.02,56.31,-10.09,-1.01
2024/01/01 16:12:43.03,135.03,-31.65,-57.74,-60.03,56.25,-9.97,-1.09
2024/01/01 16:12:43.04,135.04,-31.69,-57.72,-60.03,56.18,-9.89,-1.13
2024/01/01 16:12:43.05,135.05,-31.72,-57.71,-60.03,56.11,-9.90,-1.11
2024/01/01 16:12:43.06,135.06,-31.76,-57.72,-60.01,56.05,-9.97,-1.09
2024/01/01 16:12:43.07,135.07,-31.78,-57.74,-60.00,56.03,-10.05,-1.08
2024/01/01 16:12:43.08,135.08,-31.81,-57.77,-59.98,56.06,-10.10,-1.06
2024/01/01 16:12:43.09,135.09,-31.84,-57.80,-59.96,56.16,-10.13,-1.03
2024/01/01 16:12:43.10,135.10,-31.87,-57.83,-59.95,56.26,-10.14,-0.99
2024/01/01 16:12:43.11,135.11,-31.90,-57.85,-59.95,56.29,-10.14,-1.01
2024/01/01 16:12:43.12,135.12,-31.93,-57.85,-59.95,56.22,-10.13,-1.04
2024/01/01 16:12:43.13,135.13,-31.94,-57.85,-59.94,56.06,-10.13,-1.00
2024/01/01 16:12:43.14,135.14,-31.93,-57.86,-59.94,55.89,-10.15,-0.94
2024/01/01 16:12:43.15,135.15,-31.92,-57.89,-59.93,55.82,-10.23,-0.94
2024/01/01 16:12:43.16,135.16,-31.92,-57.93,-59.93,55.85,-10.36,-0.96
2024/01/01 16:12:43.17,135.17,-31.91,-57.97,-59.92,55.97,-10.52,-0.99
2024/01/01 16:12:43.18,135.18,-31.91,-57.99,-59.92,56.09,-10.68,-1.03
2024/01/01 16:12:43.19,135.19,-31.92,-57.99,-59.91,56.16,-10.78,-1.03
2024/01/01 16:12:43.20,135.20,-31.94,-57.97,-59.91,56.12,-10.77,-0.97
2024/01/01 16:12:43.21,135.21,-31.96,-57.95,-59.90,56.02,-10.66,-0.93
2024/01/01 16:12:43.22,135.22,-31.97,-57.95,-59.89,55.92,-10.50,-0.90
2024/01/01 16:12:43.23,135.23,-31.97,-57.97,-59.88,55.86,-10.35,-0.87
2024/01/01 16:12:43.24,135.24,-31.96,-57.99,-59.86,55.85,-10.29,-0.83
2024/01/01 16:12:43.25,135.25,-31.95,-58.00,-59.85,55.89,-10.34,-0.82
2024/01/01 16:12:43.26,135.26,-31.95,-58.01,-59.84,55.95,-10.44,-0.82
2024/01/01 16:12:43.27,135.27,-31.96,-58.02,-59.83,56.00,-10.56,-0.83
2024/01/01 16:12:43.28,135.28,-31.96,-58.01,-59.82,56.02,-10.62,-0.85
2024/01/01 16:12:43.29,135.29,-31.96,-58.01,-59.81,56.04,-10.61,-0.87
2024/01/01 16:12:43.30,135.30,-31.94,-58.00,-59.82,56.06,-10.54,-0.85
2024/01/01 16:12:43.31,135.31,-31.93,-57.99,-59.82,56.07,-10.47,-0.79
2024/01/01 16:12:43.32,135.32,-31.92,-57.98,-59.81,56.10,-10.40,-0.73
2024/01/01 16:12:43.33,135.33,-31.92,-57.98,-59.80,56.13,-10.32,-0.73
2024/01/01 16:12:43.34,135.34,-31.91,-57.98,-59.78,56.18,-10.27,-0.82
2024/01/01 16:12:43.35,135.35,-31.90,-57.97,-59.77,56.21,-10.26,-0.89
2024/01/01 16:12:43.36,135.36,-31.88,-57.95,-59.76,56.17,-10.29,-0.84
2024/01/01 16:12:43.37,135.37,-31.85,-57.91,-59.74,56.10,-10.35,-0.76
2024/01/01 16:12:43.38,135.38,-31.82,-57.86,-59.72,56.07,-10.43,-0.75
2024/01/01 16:12:43.39,135.39,-31.80,-57.83,-59.71,56.10,-10.49,-0.74
2024/01/01 16:12:43.40,135.40,-31.79,-57.81,-59.69,56.15,-10.51,-0.68
2024/01/01 16:12:43.41,135.41,-31.79,-57.81,-59.67,56.20,-10.49,-0.66
2024/01/01 16:12:43.42,135.42,-31.79,-57.83,-59.65,56.19,-10.44,-0.72
2024/01/01 16:12:43.43,135.43,-31.79,-57.86,-59.64,56.09,-10.33,-0.76
2024/01/01 16:12:43.44,135.44,-31.80,-57.87,-59.62,55.95,-10.19,-0.70
2024/01/01 16:12:43.45,135.45,-31.80,-57.86,-59.60,55.90,-10.04,-0.57
2024/01/01 16:12:43.46,135.46,-31.79,-57.85,-59.58,56.01,-9.89,-0.49
2024/01/01 16:12:43.47,135.47,-31.77,-57.84,-59.58,56.24,-9.76,-0.54
2024/01/01 16:12:43.48,135.48,-31.74,-57.83,-59.58,56.48,-9.71,-0.60
2024/01/01 16:12:43.49,135.49,-31.71,-57.82,-59.58,56.61,-9.77,-0.61
2024/01/01 16:12:43.50,135.50,-31.69,-57.81,-59.58,56.61,-9.92,-0.63
2024/01/01 16:12:43.51,135.51,-31.65,-57.80,-59.59,56.50,-10.12,-0.69
2024/01/01 16:12:43.52,135.52,-31.62,-57.81,-59.60,56.39,-10.33,-0.70
2024/01/01 16:12:43.53,135.53,-31.58,-57.83,-59.61,56.34,-10.52,-0.65
2024/01/01 16:12:43.54,135.54,-31.56,-57.86,-59.64,56.35,-10.66,-0.64
2024/01/01 16:12:43.55,135.55,-31.55,-57.88,-59.67,56.36,-10.68,-0.70
2024/01/01 16:12:43.56,135.56,-31.55,-57.90,-59.71,56.36,-10.57,-0.73
2024/01/01 16:12:43.57,135.57,-31.56,-57.91,-59.74,56.33,-10.40,-0.71
2024/01/01 16:12:43.58,135.58,-31.57,-57.92,-59.77,56.31,-10.21,-0.70
2024/01/01 16:12:43.59,135.59,-31.58,-57.93,-59.80,56.33,-10.02,-0.75
2024/01/01 16:12:43.60,135.60,-31.58,-57.94,-59.81,56.39,-9.90,-0.81
2024/01/01 16:12:43.61,135.61,-31.58,-57.95,-59.81,56.51,-9.92,-0.84
2024/01/01 16:12:43.62,135.62,-31.57,-57.96,-59.81,56.66,-10.09,-0.89
2024/01/01 16:12:43.63,135.63,-31.53,-57.96,-59.82,56.80,-10.33,-0.98
2024/01/01 16:12:43.64,135.64,-31.49,-57.96,-59.82,56.83,-10.58,-1.01
2024/01/01 16:12:43.65,135.65,-31.46,-57.97,-59.81,56.75,-10.81,-0.95
2024/01/01 16:12:43.66,135.66,-31.44,-57.97,-59.80,56.57,-10.97,-0.88
2024/01/01 16:12:43.67,135.67,-31.45,-57.97,-59.79,56.38,-10.96,-0.82
2024/01/01 16:12:43.68,135.68,-31.49,-57.97,-59.78,56.22,-10.81,-0.76
2024/01/01 16:12:43.69,135.69,-31.55,-57.97,-59.77,56.14,-10.59,-0.72
2024/01/01 16:12:43.70,135.70,-31.61,-57.97,-59.74,56.15,-10.34,-0.74
2024/01/01 16:12:43.71,135.71,-31.65,-57.97,-59.72,56.23,-10.08,-0.80
2024/01/01 16:12:43.72,135.72,-31.66,-57.96,-59.71,56.36,-9.92,-0.85
2024/01/01 16:12:43.73,135.73,-31.66,-57.93,-59.70,56.55,-9.90,-0.81
2024/01/01 16:12:43.74,135.74,-31.66,-57.90,-59.67,56.75,-10.02,-0.70
2024/01/01 16:12:43.75,135.75,-31.66,-57.87,-59.65,56.88,-10.23,-0.60
2024/01/01 16:12:43.76,135.76,-31.67,-57.87,-59.63,56.84,-10.46,-0.59
2024/01/01 16:12:43.77,135.77,-31.70,-57.87,-59.64,56.63,-10.64,-0.63
2024/01/01 16:12:43.78,135.78,-31.73,-57.87,-59.64,56.31,-10.74,-0.66
2024/01/01 16:12:43.79,135.79,-31.75,-57.88,-59.65,55.99,-10.76,-0.66
2024/01/01 16:12:43.80,135.80,-31.76,-57.87,-59.67,55.82,-10.66,-0.64
2024/01/01 16:12:43.81,135.81,-31.77,-57.85,-59.68,55.86,-10.39,-0.58
2024/01/01 16:12:43.82,135.82,-31.78,-57.80,-59.70,56.03,-10.01,-0.53
2024/01/01 16:12:43.83,135.83,-31.80,-57.75,-59.71,56.21,-9.61,-0.54
2024/01/01 16:12:43.84,135.84,-31.80,-57.68,-59.73,56.34,-9.30,-0.64
2024/01/01 16:12:43.85,135.85,-31.79,-57.63,-59.74,56.38,-9.23,-0.78
2024/01/01 16:12:43.86,135.86,-31.77,-57.58,-59.77,56.33,-9.43,-0.86
2024/01/01 16:12:43.87,135.87,-31.75,-57.54,-59.80,56.24,-9.84,-0.87
2024/01/01 16:12:43.88,135.88,-31.73,-57.51,-59.82,56.11,-10.30,-0.84
2024/01/01 16:12:43.89,135.89,-31.70,-57.49,-59.83,55.98,-10.67,-0.81
2024/01/01 16:12:43.90,135.90,-31.67,-57.46,-59.85,55.89,-10.82,-0.87
2024/01/01 16:12:43.91,135.91,-31.66,-57.44,-59.88,55.84,-10.73,-0.97
2024/01/01 16:12:43.92,135.92,-31.68,-57.43,-59.90,55.84,-10.43,-0.99
2024/01/01 16:12:43.93,135.93,-31.70,-57.42,-59.93,55.88,-10.02,-0.97
2024/01/01 16:12:43.94,135.94,-31.72,-57.41,-59.96,55.99,-9.59,-0.95
2024/01/01 16:12:43.95,135.95,-31.70,-57.40,-59.99,56.18,-9.24,-0.91
2024/01/01 16:12:43.96,135.96,-31.67,-57.37,-60.00,56.39,-9.04,-0.84
2024/01/01 16:12:43.97,135.97,-31.64,-57.36,-60.00,56.58,-9.00,-0.88
2024/01/01 16:12:43.98,135.98,-31.62,-57.39,-59.99,56.72,-9.11,-1.07
2024/01/01 16:12:43.99,135.99,-31.60,-57.44,-59.99,56.76,-9.32,-1.29
2024/01/01 16:12:44.00,136.00,-31.56,-57.47,-60.02,56.69,-9.59,-1.38
2024/01/01 16:12:44.01,136.01,-31.52,-57.48,-60.06,56.52,-9.91,-1.30
2024/01/01 16:12:44.02,136.02,-31.50,-57.47,-60.07,56.31,-10.21,-1.07
2024/01/01 16:12:44.03,136.03,-31.52,-57.45,-60.06,56.16,-10.37,-0.87
2024/01/01 16:12:44.04,136.04,-31.56,-57.44,-60.03,56.16,-10.31,-0.83
2024/01/01 16:12:44.05,136.05,-31.59,-57.44,-60.01,56.31,-10.03,-0.91
2024/01/01 16:12:44.06,136.06,-31.59,-57.43,-59.99,56.54,-9.69,-0.97
2024/01/01 16:12:44.07,136.07,-31.57,-57.42,-59.97,56.69,-9.46,-1.01
2024/01/01 16:12:44.08,136.08,-31.56,-57.41,-59.95,56.72,-9.46,-1.02
2024/01/01 16:12:44.09,136.09,-31.56,-57.41,-59.93,56.66,-9.66,-1.00
2024/01/01 16:12:44.10,136.10,-31.56,-57.43,-59.91,56.60,-9.97,-0.94
2024/01/01 16:12:44.11,136.11,-31.57,-57.45,-59.91,56.56,-10.26,-0.84
2024/01/01 16:12:44.12,136.12,-31.58,-57.46,-59.92,56.48,-10.42,-0.77
2024/01/01 16:12:44.13,136.13,-31.61,-57.48,-59.91,56.29,-10.43,-0.81
2024/01/01 16:12:44.14,136.14,-31.65,-57.49,-59.90,56.04,-10.28,-0.94
2024/01/01 16:12:44.15,136.15,-31.69,-57.49,-59.88,55.86,-10.04,-1.00
2024/01/01 16:12:44.16,136.16,-31.72,-57.49,-59.88,55.84,-9.80,-0.96
2024/01/01 16:12:44.17,136.17,-31.73,-57.50,-59.87,55.95,-9.64,-0.84
2024/01/01 16:12:44.18,136.18,-31.73,-57.50,-59.87,56.13,-9.55,-0.74
2024/01/01 16:12:44.19,136.19,-31.74,-57.50,-59.85,56.27,-9.51,-0.73
2024/01/01 16:12:44.20,136.20,-31.75,-57.48,-59.82,56.33,-9.52,-0.75
2024/01/01 16:12:44.21,136.21,-31.75,-57.46,-59.80,56.30,-9.59,-0.77
2024/01/01 16:12:44.22,136.22,-31.75,-57.44,-59.80,56.27,-9.70,-0.81
2024/01/01 16:12:44.23,136.23,-31.73,-57.43,-59.83,56.24,-9.85,-0.84
2024/01/01 16:12:44.24,136.24,-31.71,-57.44,-59.83,56.16,-10.00,-0.84
2024/01/01 16:12:44.25,136.25,-31.68,-57.46,-59.82,56.01,-10.12,-0.81
2024/01/01 16:12:44.26,136.26,-31.65,-57.48,-59.81,55.87,-10.19,-0.83
2024/01/01 16:12:44.27,136.27,-31.63,-57.49,-59.80,55.83,-10.19,-0.88
2024/01/01 16:12:44.28,136.28,-31.64,-57.48,-59.79,55.90,-10.13,-0.83
2024/01/01 16:12:44.29,136.29,-31.68,-57.47,-59.78,56.02,-10.01,-0.73
2024/01/01 16:12:44.30,136.30,-31.71,-57.47,-59.75,56.15,-9.86,-0.72
2024/01/01 16:12:44.31,136.31,-31.73,-57.45,-59.72,56.26,-9.70,-0.81
2024/01/01 16:12:44.32,136.32,-31.74,-57.43,-59.69,56.35,-9.59,-0.84
2024/01/01 16:12:44.33,136.33,-31.73,-57.41,-59.68,56.45,-9.59,-0.71
2024/01/01 16:12:44.34,136.34,-31.71,-57.39,-59.67,56.59,-9.65,-0.56
2024/01/01 16:12:44.35,136.35,-31.68,-57.39,-59.67,56.70,-9.71,-0.50
2024/01/01 16:12:44.36,136.36,-31.65,-57.41,-59.67,56.69,-9.76,-0.52
2024/01/01 16:12:44.37,136.37,-31.63,-57.43,-59.67,56.53,-9.80,-0.59
2024/01/01 16:12:44.38,136.38,-31.63,-57.44,-59.67,56.27,-9.86,-0.72
2024/01/01 16:12:44.39,136.39,-31.62,-57.42,-59.68,56.02,-9.92,-0.83
2024/01/01 16:12:44.40,136.40,-31.61,-57.39,-59.70,55.90,-9.95,-0.88
2024/01/01 16:12:44.41,136.41,-31.60,-57.37,-59.71,55.95,-9.92,-0.84
2024/01/01 16:12:44.42,136.42,-31.59,-57.35,-59.71,56.13,-9.81,-0.73
2024/01/01 16:12:44.43,136.43,-31.58,-57.34,-59.73,56.31,-9.63,-0.66
2024/01/01 16:12:44.44,136.44,-31.56,-57.32,-59.77,56.43,-9.43,-0.69
2024/01/01 16:12:44.45,136.45,-31.54,-57.31,-59.79,56.49,-9.34,-0.71
2024/01/01 16:12:44.46,136.46,-31.54,-57.30,-59.82,56.49,-9.44,-0.72
2024/01/01 16:12:44.47,136.47,-31.56,-57.30,-59.85,56.45,-9.67,-0.83
2024/01/01 16:12:44.48,136.48,-31.57,-57.29,-59.91,56.41,-9.89,-1.02
2024/01/01 16:12:44.49,136.49,-31.58,-57.26,-59.97,56.41,-9.98,-1.10
2024/01/01 16:12:44.50,136.50,-31.57,-57.25,-59.99,56.43,-9.98,-1.05
2024/01/01 16:12:44.51,136.51,-31.56,-57.24,-59.99,56.46,-9.94,-1.03
2024/01/01 16:12:44.52,136.52,-31.55,-57.24,-60.00,56.50,-9.79,-1.06
2024/01/01 16:12:44.53,136.53,-31.56,-57.24,-60.00,56.55,-9.53,-1.01
2024/01/01 16:12:44.54,136.54,-31.58,-57.22,-59.99,56.57,-9.27,-0.88
2024/01/01 16:12:44.55,136.55,-31.61,-57.20,-59.97,56.53,-9.11,-0.79
2024/01/01 16:12:44.56,136.56,-31.65,-57.18,-59.93,56.43,-9.08,-0.82
2024/01/01 16:12:44.57,136.57,-31.69,-57.17,-59.89,56.29,-9.15,-0.90
2024/01/01 16:12:44.58,136.58,-31.71,-57.17,-59.86,56.18,-9.30,-0.95
2024/01/01 16:12:44.59,136.59,-31.71,-57.17,-59.84,56.11,-9.47,-0.93
2024/01/01 16:12:44.60,136.60,-31.70,-57.16,-59.85,56.05,-9.63,-0.87
2024/01/01 16:12:44.61,136.61,-31.71,-57.14,-59.84,55.98,-9.74,-0.86
2024/01/01 16:12:44.62,136.62,-31.73,-57.12,-59.81,55.92,-9.80,-0.87
2024/01/01 16:12:44.63,136.63,-31.77,-57.11,-59.77,55.84,-9.82,-0.87
2024/01/01 16:12:44.64,136.64,-31.80,-57.13,-59.74,55.77,-9.80,-0.89
2024/01/01 16:12:44.65,136.65,-31.83,-57.14,-59.73,55.76,-9.73,-0.90
2024/01/01 16:12:44.66,136.66,-31.83,-57.14,-59.74,55.83,-9.65,-0.77
2024/01/01 16:12:44.67,136.67,-31.81,-57.14,-59.74,55.96,-9.58,-0.58
2024/01/01 16:12:44.68,136.68,-31.77,-57.13,-59.75,56.12,-9.52,-0.54
2024/01/01 16:12:44.69,136.69,-31.74,-57.13,-59.76,56.28,-9.44,-0.64
2024/01/01 16:12:44.70,136.70,-31.73,-57.14,-59.77,56.38,-9.37,-0.80
2024/01/01 16:12:44.71,136.71,-31.73,-57.14,-59.78,56.39,-9.37,-0.95
2024/01/01 16:12:44.72,136.72,-31.73,-57.15,-59.78,56.34,-9.43,-1.04
2024/01/01 16:12:44.73,136.73,-31.73,-57.16,-59.78,56.25,-9.52,-1.07
2024/01/01 16:12:44.74,136.74,-31.71,-57.16,-59.79,56.17,-9.56,-1.02
2024/01/01 16:12:44.75,136.75,-31.69,-57.16,-59.80,56.16,-9.55,-0.84
2024/01/01 16:12:44.76,136.76,-31.69,-57.15,-59.78,56.22,-9.48,-0.64
2024/01/01 16:12:44.77,136.77,-31.69,-57.12,-59.73,56.32,-9.35,-0.56
2024/01/01 16:12:44.78,136.78,-31.68,-57.11,-59.70,56.38,-9.24,-0.66
2024/01/01 16:12:44.79,136.79,-31.68,-57.11,-59.68,56.37,-9.21,-0.75
2024/01/01 16:12:44.80,136.80,-31.68,-57.10,-59.67,56.27,-9.28,-0.66
2024/01/01 16:12:44.81,136.81,-31.71,-57.09,-59.64,56.10,-9.45,-0.51
2024/01/01 16:12:44.82,136.82,-31.76,-57.08,-59.61,55.96,-9.65,-0.46
2024/01/01 16:12:44.83,136.83,-31.81,-57.06,-59.61,55.97,-9.82,-0.53
2024/01/01 16:12:44.84,136.84,-31.83,-57.06,-59.64,56.08,-9.90,-0.58
2024/01/01 16:12:44.85,136.85,-31.86,-57.08,-59.68,56.21,-9.88,-0.51
2024/01/01 16:12:44.86,136.86,-31.87,-57.10,-59.72,56.26,-9.76,-0.47
2024/01/01 16:12:44.87,136.87,-31.87,-57.10,-59.75,56.28,-9.60,-0.63
2024/01/01 16:12:44.88,136.88,-31.88,-57.11,-59.76,56.30,-9.46,-0.85
2024/01/01 16:12:44.89,136.89,-31.89,-57.12,-59.79,56.30,-9.36,-0.93
2024/01/01 16:12:44.90,136.90,-31.89,-57.13,-59.84,56.24,-9.30,-0.92
2024/01/01 16:12:44.91,136.91,-31.87,-57.14,-59.89,56.10,-9.22,-0.90
2024/01/01 16:12:44.92,136.92,-31.87,-57.14,-59.92,55.89,-9.09,-0.83
2024/01/01 16:12:44.93,136.93,-31.86,-57.13,-59.95,55.70,-8.97,-0.79
2024/01/01 16:12:44.94,136.94,-31.86,-57.12,-59.97,55.64,-8.95,-0.90
2024/01/01 16:12:44.95,136.95,-31.87,-57.11,-59.98,55.72,-9.08,-1.05
2024/01/01 16:12:44.96,136.96,-31.88,-57.09,-59.99,55.85,-9.35,-1.12
2024/01/01 16:12:44.97,136.97,-31.90,-57.07,-60.00,55.95,-9.69,-1.15
2024/01/01 16:12:44.98,136.98,-31.93,-57.06,-59.99,56.01,-9.96,-1.15
2024/01/01 16:12:44.99,136.99,-31.96,-57.05,-59.99,56.04,-10.09,-1.08
2024/01/01 16:12:45.00,137.00,-31.97,-57.04,-60.00,56.09,-10.05,-0.96
2024/01/01 16:12:45.01,137.01,-31.95,-57.03,-59.99,56.15,-9.90,-0.83
2024/01/01 16:12:45.02,137.02,-31.93,-57.02,-59.96,56.15,-9.74,-0.75
2024/01/01 16:12:45.03,137.03,-31.93,-57.02,-59.92,56.05,-9.61,-0.83
2024/01/01 16:12:45.04,137.04,-31.95,-57.03,-59.87,55.89,-9.49,-0.98
2024/01/01 16:12:45.05,137.05,-31.96,-57.02,-59.84,55.78,-9.41,-1.07
2024/01/01 16:12:45.06,137.06,-31.94,-57.00,-59.81,55.72,-9.38,-1.02
2024/01/01 16:12:45.07,137.07,-31.93,-56.98,-59.79,55.65,-9.41,-0.83
2024/01/01 16:12:45.08,137.08,-31.95,-56.96,-59.78,55.54,-9.46,-0.65
2024/01/01 16:12:45.09,137.09,-32.00,-56.94,-59.74,55.44,-9.48,-0.63
2024/01/01 16:12:45.10,137.10,-32.05,-56.92,-59.70,55.47,-9.44,-0.70
2024/01/01 16:12:45.11,137.11,-32.10,-56.91,-59.66,55.66,-9.34,-0.68
2024/01/01 16:12:45.12,137.12,-32.13,-56.90,-59.64,55.95,-9.19,-0.65
2024/01/01 16:12:45.13,137.13,-32.14,-56.89,-59.64,56.15,-9.05,-0.65
2024/01/01 16:12:45.14,137.14,-32.13,-56.88,-59.65,56.19,-8.93,-0.61
2024/01/01 16:12:45.15,137.15,-32.11,-56.87,-59.65,56.10,-8.85,-0.50
2024/01/01 16:12:45.16,137.16,-32.08,-56.85,-59.66,55.99,-8.88,-0.39
2024/01/01 16:12:45.17,137.17,-32.05,-56.82,-59.66,55.93,-9.00,-0.40
2024/01/01 16:12:45.18,137.18,-32.03,-56.80,-59.67,55.92,-9.13,-0.56
2024/01/01 16:12:45.19,137.19,-32.02,-56.77,-59.69,55.85,-9.26,-0.77
2024/01/01 16:12:45.20,137.20,-32.02,-56.76,-59.71,55.67,-9.38,-0.89
2024/01/01 16:12:45.21,137.21,-31.99,-56.76,-59.73,55.42,-9.46,-0.92
2024/01/01 16:12:45.22,137.22,-31.97,-56.77,-59.76,55.23,-9.46,-0.88
2024/01/01 16:12:45.23,137.23,-31.97,-56.80,-59.78,55.24,-9.38,-0.78
2024/01/01 16:12:45.24,137.24,-32.00,-56.83,-59.79,55.45,-9.26,-0.72
2024/01/01 16:12:45.25,137.25,-32.00,-56.86,-59.81,55.79,-9.16,-0.80
2024/01/01 16:12:45.26,137.26,-31.99,-56.90,-59.84,56.16,-9.12,-0.94
2024/01/01 16:12:45.27,137.27,-31.96,-56.92,-59.86,56.37,-9.12,-0.94
2024/01/01 16:12:45.28,137.28,-31.94,-56.94,-59.87,56.35,-9.17,-0.84
2024/01/01 16:12:45.29,137.29,-31.91,-56.95,-59.88,56.18,-9.24,-0.82
2024/01/01 16:12:45.30,137.30,-31.90,-56.96,-59.88,56.00,-9.30,-0.90
2024/01/01 16:12:45.31,137.31,-31.88,-56.96,-59.87,55.86,-9.35,-0.94
2024/01/01 16:12:45.32,137.32,-31.86,-56.97,-59.85,55.78,-9.41,-0.88
2024/01/01 16:12:45.33,137.33,-31.85,-56.98,-59.81,55.75,-9.45,-0.84
2024/01/01 16:12:45.34,137.34,-31.84,-57.00,-59.78,55.76,-9.44,-0.84
2024/01/01 16:12:45.35,137.35,-31.82,-57.03,-59.76,55.86,-9.38,-0.83
2024/01/01 16:12:45.36,137.36,-31.81,-57.05,-59.74,56.02,-9.35,-0.76
2024/01/01 16:12:45.37,137.37,-31.82,-57.05,-59.74,56.21,-9.39,-0.67
2024/01/01 16:12:45.38,137.38,-31.83,-57.06,-59.73,56.35,-9.47,-0.62
2024/01/01 16:12:45.39,137.39,-31.85,-57.06,-59.71,56.37,-9.53,-0.59
2024/01/01 16:12:45.40,137.40,-31.85,-57.06,-59.69,56.30,-9.56,-0.56
2024/01/01 16:12:45.41,137.41,-31.84,-57.05,-59.69,56.24,-9.54,-0.62
2024/01/01 16:12:45.42,137.42,-31.86,-57.04,-59.69,56.21,-9.50,-0.75
2024/01/01 16:12:45.43,137.43,-31.89,-57.03,-59.67,56.17,-9.51,-0.80
2024/01/01 16:12:45.44,137.44,-31.93,-57.00,-59.65,56.07,-9.57,-0.76
2024/01/01 16:12:45.45,137.45,-31.95,-56.97,-59.65,55.94,-9.64,-0.73
2024/01/01 16:12:45.46,137.46,-31.96,-56.95,-59.64,55.82,-9.70,-0.67
2024/01/01 16:12:45.47,137.47,-31.97,-56.94,-59.63,55.70,-9.72,-0.52
2024/01/01 16:12:45.48,137.48,-31.98,-56.95,-59.61,55.67,-9.70,-0.39
2024/01/01 16:12:45.49,137.49,-31.97,-56.97,-59.59,55.77,-9.58,-0.39
2024/01/01 16:12:45.50,137.50,-31.95,-57.00,-59.59,55.92,-9.34,-0.47
2024/01/01 16:12:45.51,137.51,-31.93,-57.02,-59.60,56.02,-9.04,-0.57
2024/01/01 16:12:45.52,137.52,-31.93,-57.02,-59.59,56.03,-8.80,-0.64
2024/01/01 16:12:45.53,137.53,-31.95,-57.01,-59.55,55.97,-8.67,-0.67
2024/01/01 16:12:45.54,137.54,-31.96,-56.98,-59.52,55.86,-8.71,-0.73
2024/01/01 16:12:45.55,137.55,-31.94,-56.95,-59.52,55.76,-8.93,-0.80
2024/01/01 16:12:45.56,137.56,-31.92,-56.93,-59.53,55.69,-9.27,-0.67
2024/01/01 16:12:45.57,137.57,-31.90,-56.94,-59.53,55.65,-9.60,-0.37
2024/01/01 16:12:45.58,137.58,-31.90,-56.95,-59.53,55.69,-9.80,-0.26
2024/01/01 16:12:45.59,137.59,-31.90,-56.97,-59.53,55.84,-9.76,-0.46
2024/01/01 16:12:45.60,137.60,-31.89,-56.99,-59.58,56.08,-9.56,-0.68
2024/01/01 16:12:45.61,137.61,-31.87,-57.02,-59.65,56.31,-9.35,-0.71
2024/01/01 16:12:45.62,137.62,-31.84,-57.05,-59.70,56.41,-9.26,-0.68
2024/01/01 16:12:45.63,137.63,-31.82,-57.08,-59.74,56.38,-9.28,-0.74
2024/01/01 16:12:45.64,137.64,-31.79,-57.08,-59.78,56.29,-9.38,-0.86
2024/01/01 16:12:45.65,137.65,-31.78,-57.07,-59.80,56.26,-9.50,-0.91
2024/01/01 16:12:45.66,137.66,-31.76,-57.06,-59.81,56.28,-9.60,-0.88
2024/01/01 16:12:45.67,137.67,-31.74,-57.06,-59.81,56.27,-9.68,-0.91
2024/01/01 16:12:45.68,137.68,-31.70,-57.06,-59.81,56.19,-9.71,-1.01
2024/01/01 16:12:45.69,137.69,-31.68,-57.04,-59.80,56.05,-9.67,-0.97
2024/01/01 16:12:45.70,137.70,-31.66,-57.03,-59.78,55.93,-9.60,-0.76
2024/01/01 16:12:45.71,137.71,-31.65,-57.02,-59.76,55.92,-9.56,-0.64
2024/01/01 16:12:45.72,137.72,-31.66,-57.00,-59.75,56.03,-9.52,-0.68
2024/01/01 16:12:45.73,137.73,-31.69,-56.96,-59.72,56.20,-9.48,-0.70
2024/01/01 16:12:45.74,137.74,-31.73,-56.93,-59.68,56.32,-9.49,-0.62
2024/01/01 16:12:45.75,137.75,-31.77,-56.89,-59.63,56.35,-9.57,-0.60
2024/01/01 16:12:45.76,137.76,-31.78,-56.87,-59.61,56.34,-9.62,-0.62
2024/01/01 16:12:45.77,137.77,-31.77,-56.85,-59.60,56.33,-9.56,-0.52
2024/01/01 16:12:45.78,137.78,-31.76,-56.83,-59.61,56.35,-9.43,-0.36
2024/01/01 16:12:45.79,137.79,-31.76,-56.82,-59.62,56.31,-9.27,-0.33
2024/01/01 16:12:45.80,137.80,-31.80,-56.80,-59.62,56.17,-9.06,-0.49
2024/01/01 16:12:45.81,137.81,-31.84,-56.77,-59.61,55.98,-8.82,-0.68
2024/01/01 16:12:45.82,137.82,-31.86,-56.75,-59.61,55.87,-8.65,-0.77
2024/01/01 16:12:45.83,137.83,-31.84,-56.72,-59.63,55.90,-8.55,-0.76
2024/01/01 16:12:45.84,137.84,-31.82,-56.70,-59.66,55.99,-8.52,-0.70
2024/01/01 16:12:45.85,137.85,-31.81,-56.67,-59.67,56.03,-8.59,-0.62
2024/01/01 16:12:45.86,137.86,-31.81,-56.63,-59.66,56.02,-8.76,-0.59
2024/01/01 16:12:45.87,137.87,-31.80,-56.61,-59.65,56.04,-8.94,-0.66
2024/01/01 16:12:45.88,137.88,-31.78,-56.61,-59.64,56.05,-9.03,-0.73
2024/01/01 16:12:45.89,137.89,-31.76,-56.63,-59.63,55.98,-9.04,-0.67
2024/01/01 16:12:45.90,137.90,-31.75,-56.66,-59.63,55.87,-8.99,-0.62
2024/01/01 16:12:45.91,137.91,-31.74,-56.70,-59.63,55.81,-8.95,-0.67
2024/01/01 16:12:45.92,137.92,-31.73,-56.74,-59.63,55.82,-8.92,-0.67
2024/01/01 16:12:45.93,137.93,-31.70,-56.77,-59.63,55.92,-8.94,-0.56
2024/01/01 16:12:45.94,137.94,-31.67,-56.78,-59.62,56.15,-9.04,-0.50
2024/01/01 16:12:45.95,137.95,-31.62,-56.78,-59.62,56.41,-9.17,-0.56
2024/01/01 16:12:45.96,137.96,-31.58,-56.80,-59.63,56.53,-9.29,-0.68
2024/01/01 16:12:45.97,137.97,-31.57,-56.83,-59.64,56.49,-9.42,-0.76
2024/01/01 16:12:45.98,137.98,-31.58,-56.85,-59.67,56.42,-9.56,-0.82
2024/01/01 16:12:45.99,137.99,-31.57,-56.88,-59.69,56.42,-9.63,-0.87
2024/01/01 16:12:46.00,138.00,-31.55,-56.91,-59.71,56.50,-9.66,-0.85
2024/01/01 16:12:46.01,138.01,-31.52,-56.95,-59.70,56.58,-9.69,-0.76
2024/01/01 16:12:46.02,138.02,-31.48,-56.98,-59.69,56.66,-9.72,-0.70
2024/01/01 16:12:46.03,138.03,-31.44,-56.99,-59.69,56.72,-9.70,-0.72
2024/01/01 16:12:46.04,138.04,-31.40,-56.99,-59.71,56.73,-9.62,-0.70
2024/01/01 16:12:46.05,138.05,-31.38,-56.97,-59.73,56.69,-9.54,-0.64
2024/01/01 16:12:46.06,138.06,-31.37,-56.96,-59.74,56.63,-9.47,-0.67
2024/01/01 16:12:46.07,138.07,-31.37,-56.96,-59.75,56.52,-9.35,-0.87
2024/01/01 16:12:46.08,138.08,-31.37,-56.96,-59.76,56.37,-9.20,-1.06
2024/01/01 16:12:46.09,138.09,-31.37,-56.95,-59.78,56.27,-9.07,-1.05
2024/01/01 16:12:46.10,138.10,-31.35,-56.94,-59.80,56.29,-9.04,-0.87
2024/01/01 16:12:46.11,138.11,-31.34,-56.93,-59.83,56.41,-9.09,-0.68
2024/01/01 16:12:46.12,138.12,-31.35,-56.91,-59.84,56.55,-9.16,-0.60
2024/01/01 16:12:46.13,138.13,-31.39,-56.86,-59.84,56.66,-9.19,-0.68
2024/01/01 16:12:46.14,138.14,-31.44,-56.79,-59.84,56.72,-9.19,-0.84
2024/01/01 16:12:46.15,138.15,-31.50,-56.74,-59.85,56.69,-9.21,-0.93
2024/01/01 16:12:46.16,138.16,-31.53,-56.71,-59.85,56.59,-9.22,-0.91
2024/01/01 16:12:46.17,138.17,-31.56,-56.70,-59.82,56.48,-9.18,-0.79
2024/01/01 16:12:46.18,138.18,-31.57,-56.68,-59.79,56.41,-9.06,-0.69
2024/01/01 16:12:46.19,138.19,-31.57,-56.68,-59.77,56.43,-8.92,-0.70
2024/01/01 16:12:46.20,138.20,-31.58,-56.69,-59.75,56.48,-8.80,-0.72
2024/01/01 16:12:46.21,138.21,-31.58,-56.72,-59.73,56.48,-8.76,-0.66
2024/01/01 16:12:46.22,138.22,-31.59,-56.75,-59.70,56.38,-8.80,-0.64
2024/01/01 16:12:46.23,138.23,-31.62,-56.75,-59.65,56.19,-8.87,-0.70
2024/01/01 16:12:46.24,138.24,-31.64,-56.74,-59.61,55.98,-8.94,-0.76
2024/01/01 16:12:46.25,138.25,-31.64,-56.74,-59.60,55.82,-9.02,-0.74
2024/01/01 16:12:46.26,138.26,-31.61,-56.75,-59.60,55.81,-9.11,-0.64
2024/01/01 16:12:46.27,138.27,-31.58,-56.75,-59.60,55.89,-9.16,-0.50
2024/01/01 16:12:46.28,138.28,-31.55,-56.76,-59.59,55.96,-9.18,-0.45
2024/01/01 16:12:46.29,138.29,-31.55,-56.76,-59.56,56.01,-9.22,-0.56
2024/01/01 16:12:46.30,138.30,-31.55,-56.77,-59.55,56.09,-9.29,-0.75
2024/01/01 16:12:46.31,138.31,-31.55,-56.79,-59.58,56.24,-9.37,-0.83
2024/01/01 16:12:46.32,138.32,-31.55,-56.82,-59.63,56.40,-9.45,-0.77
2024/01/01 16:12:46.33,138.33,-31.54,-56.84,-59.66,56.48,-9.51,-0.66
2024/01/01 16:12:46.34,138.34,-31.52,-56.85,-59.69,56.51,-9.50,-0.61
2024/01/01 16:12:46.35,138.35,-31.50,-56.86,-59.73,56.52,-9.44,-0.68
2024/01/01 16:12:46.36,138.36,-31.52,-56.86,-59.75,56.54,-9.37,-0.78
2024/01/01 16:12:46.37,138.37,-31.54,-56.87,-59.74,56.60,-9.31,-0.77
2024/01/01 16:12:46.38,138.38,-31.56,-56.89,-59.74,56.68,-9.27,-0.81
2024/01/01 16:12:46.39,138.39,-31.57,-56.92,-59.75,56.70,-9.25,-0.99
2024/01/01 16:12:46.40,138.40,-31.57,-56.95,-59.77,56.59,-9.24,-1.06
2024/01/01 16:12:46.41,138.41,-31.59,-56.98,-59.76,56.42,-9.25,-0.82
2024/01/01 16:12:46.42,138.42,-31.62,-56.99,-59.74,56.33,-9.27,-0.55
2024/01/01 16:12:46.43,138.43,-31.66,-56.99,-59.71,56.38,-9.25,-0.47
2024/01/01 16:12:46.44,138.44,-31.71,-56.97,-59.68,56.47,-9.17,-0.53
2024/01/01 16:12:46.45,138.45,-31.73,-56.95,-59.66,56.45,-9.08,-0.61
2024/01/01 16:12:46.46,138.46,-31.73,-56.93,-59.66,56.28,-9.04,-0.62
2024/01/01 16:12:46.47,138.47,-31.73,-56.92,-59.66,56.02,-9.07,-0.61
2024/01/01 16:12:46.48,138.48,-31.75,-56.90,-59.66,55.79,-9.16,-0.66
2024/01/01 16:12:46.49,138.49,-31.75,-56.87,-59.67,55.69,-9.31,-0.71
2024/01/01 16:12:46.50,138.50,-31.76,-56.84,-59.67,55.72,-9.48,-0.69
2024/01/01 16:12:46.51,138.51,-31.76,-56.80,-59.69,55.81,-9.57,-0.65
2024/01/01 16:12:46.52,138.52,-31.75,-56.78,-59.72,55.89,-9.55,-0.68
2024/01/01 16:12:46.53,138.53,-31.73,-56.77,-59.76,55.93,-9.43,-0.77
2024/01/01 16:12:46.54,138.54,-31.72,-56.75,-59.81,55.95,-9.31,-0.81
2024/01/01 16:12:46.55,138.55,-31.71,-56.74,-59.84,55.98,-9.24,-0.82
2024/01/01 16:12:46.56,138.56,-31.68,-56.73,-59.87,56.00,-9.20,-0.95
2024/01/01 16:12:46.57,138.57,-31.65,-56.71,-59.91,56.05,-9.13,-1.15
2024/01/01 16:12:46.58,138.58,-31.61,-56.71,-59.95,56.13,-9.03,-1.22
2024/01/01 16:12:46.59,138.59,-31.59,-56.72,-59.98,56.24,-8.89,-1.14
2024/01/01 16:12:46.60,138.60,-31.56,-56.72,-60.00,56.33,-8.77,-1.09
2024/01/01 16:12:46.61,138.61,-31.52,-56.72,-59.99,56.40,-8.71,-1.10
2024/01/01 16:12:46.62,138.62,-31.48,-56.70,-59.95,56.47,-8.74,-1.04
2024/01/01 16:12:46.63,138.63,-31.43,-56.67,-59.93,56.53,-8.87,-0.91
2024/01/01 16:12:46.64,138.64,-31.40,-56.64,-59.89,56.57,-9.04,-0.81
2024/01/01 16:12:46.65,138.65,-31.37,-56.62,-59.84,56.59,-9.12,-0.78
2024/01/01 16:12:46.66,138.66,-31.35,-56.62,-59.80,56.57,-9.09,-0.75
2024/01/01 16:12:46.67,138.67,-31.32,-56.64,-59.78,56.53,-9.03,-0.70
2024/01/01 16:12:46.68,138.68,-31.29,-56.66,-59.78,56.50,-8.99,-0.69
2024/01/01 16:12:46.69,138.69,-31.29,-56.69,-59.77,56.52,-8.98,-0.68
2024/01/01 16:12:46.70,138.70,-31.30,-56.71,-59.77,56.63,-9.00,-0.72
2024/01/01 16:12:46.71,138.71,-31.33,-56.71,-59.78,56.78,-9.01,-0.86
2024/01/01 16:12:46.72,138.72,-31.35,-56.70,-59.79,56.87,-9.02,-0.91
2024/01/01 16:12:46.73,138.73,-31.37,-56.70,-59.81,56.79,-9.05,-0.82
2024/01/01 16:12:46.74,138.74,-31.37,-56.72,-59.82,56.59,-9.12,-0.79
2024/01/01 16:12:46.75,138.75,-31.38,-56.75,-59.82,56.40,-9.18,-0.87
2024/01/01 16:12:46.76,138.76,-31.39,-56.78,-59.84,56.34,-9.20,-0.92
2024/01/01 16:12:46.77,138.77,-31.40,-56.79,-59.85,56.46,-9.14,-0.97
2024/01/01 16:12:46.78,138.78,-31.42,-56.80,-59.84,56.63,-9.05,-1.03
2024/01/01 16:12:46.79,138.79,-31.44,-56.82,-59.85,56.71,-8.95,-1.04
2024/01/01 16:12:46.80,138.80,-31.44,-56.85,-59.85,56.61,-8.90,-1.05
2024/01/01 16:12:46.81,138.81,-31.45,-56.88,-59.83,56.40,-8.96,-0.98
2024/01/01 16:12:46.82,138.82,-31.49,-56.92,-59.78,56.20,-9.09,-0.77
2024/01/01 16:12:46.83,138.83,-31.55,-56.95,-59.72,56.12,-9.26,-0.63
2024/01/01 16:12:46.84,138.84,-31.59,-56.98,-59.67,56.18,-9.37,-0.70
2024/01/01 16:12:46.85,138.85,-31.63,-57.00,-59.63,56.31,-9.39,-0.76
2024/01/01 16:12:46.86,138.86,-31.65,-57.01,-59.60,56.36,-9.36,-0.66
2024/01/01 16:12:46.87,138.87,-31.68,-57.00,-59.57,56.27,-9.36,-0.53
2024/01/01 16:12:46.88,138.88,-31.71,-56.99,-59.51,56.13,-9.38,-0.49
2024/01/01 16:12:46.89,138.89,-31.74,-56.96,-59.44,56.05,-9.45,-0.43
2024/01/01 16:12:46.90,138.90,-31.76,-56.94,-59.38,56.07,-9.58,-0.33
2024/01/01 16:12:46.91,138.91,-31.78,-56.92,-59.36,56.19,-9.77,-0.28
2024/01/01 16:12:46.92,138.92,-31.79,-56.93,-59.36,56.26,-9.92,-0.25
2024/01/01 16:12:46.93,138.93,-31.80,-56.94,-59.37,56.18,-9.99,-0.20
2024/01/01 16:12:46.94,138.94,-31.81,-56.95,-59.40,56.06,-9.92,-0.25
2024/01/01 16:12:46.95,138.95,-31.80,-56.95,-59.46,56.01,-9.68,-0.42
2024/01/01 16:12:46.96,138.96,-31.78,-56.94,-59.53,56.03,-9.30,-0.55
2024/01/01 16:12:46.97,138.97,-31.75,-56.92,-59.62,56.07,-8.91,-0.59
2024/01/01 16:12:46.98,138.98,-31.71,-56.92,-59.70,56.08,-8.60,-0.65
2024/01/01 16:12:46.99,138.99,-31.69,-56.92,-59.76,56.05,-8.47,-0.77
2024/01/01 16:12:47.00,139.00,-31.66,-56.91,-59.81,56.01,-8.52,-0.91
2024/01/01 16:12:47.01,139.01,-31.61,-56.88,-59.86,56.00,-8.71,-1.01
2024/01/01 16:12:47.02,139.02,-31.56,-56.85,-59.91,56.06,-8.97,-1.09
2024/01/01 16:12:47.03,139.03,-31.52,-56.82,-59.96,56.19,-9.22,-1.13
2024/01/01 16:12:47.04,139.04,-31.47,-56.79,-60.00,56.30,-9.41,-1.15
2024/01/01 16:12:47.05,139.05,-31.43,-56.78,-60.03,56.36,-9.49,-1.15
2024/01/01 16:12:47.06,139.06,-31.40,-56.77,-60.04,56.43,-9.49,-1.08
2024/01/01 16:12:47.07,139.07,-31.36,-56.77,-60.04,56.54,-9.44,-0.97
2024/01/01 16:12:47.08,139.08,-31.31,-56.77,-60.05,56.66,-9.39,-0.95
2024/01/01 16:12:47.09,139.09,-31.27,-56.77,-60.06,56.75,-9.35,-1.05
2024/01/01 16:12:47.10,139.10,-31.26,-56.77,-60.06,56.80,-9.31,-1.13
2024/01/01 16:12:47.11,139.11,-31.27,-56.76,-60.06,56.79,-9.25,-1.16
2024/01/01 16:12:47.12,139.12,-31.27,-56.75,-60.06,56.77,-9.17,-1.18
2024/01/01 16:12:47.13,139.13,-31.24,-56.77,-60.05,56.78,-9.09,-1.16
2024/01/01 16:12:47.14,139.14,-31.21,-56.79,-60.03,56.84,-9.02,-1.09
2024/01/01 16:12:47.15,139.15,-31.20,-56.81,-60.00,56.85,-8.97,-1.06
2024/01/01 16:12:47.16,139.16,-31.23,-56.81,-59.97,56.79,-8.89,-1.10
2024/01/01 16:12:47.17,139.17,-31.27,-56.80,-59.95,56.69,-8.79,-1.13
2024/01/01 16:12:47.18,139.18,-31.29,-56.80,-59.93,56.58,-8.74,-1.06
2024/01/01 16:12:47.19,139.19,-31.29,-56.82,-59.89,56.50,-8.78,-0.90
2024/01/01 16:12:47.20,139.20,-31.28,-56.83,-59.85,56.44,-8.86,-0.81
2024/01/01 16:12:47.21,139.21,-31.28,-56.83,-59.83,56.42,-8.99,-0.85
2024/01/01 16:12:47.22,139.22,-31.29,-56.82,-59.83,56.43,-9.15,-0.87
2024/01/01 16:12:47.23,139.23,-31.31,-56.80,-59.85,56.49,-9.30,-0.78
2024/01/01 16:12:47.24,139.24,-31.31,-56.77,-59.87,56.57,-9.37,-0.73
2024/01/01 16:12:47.25,139.25,-31.32,-56.75,-59.89,56.60,-9.34,-0.81
2024/01/01 16:12:47.26,139.26,-31.33,-56.75,-59.91,56.58,-9.26,-0.96
2024/01/01 16:12:47.27,139.27,-31.35,-56.75,-59.94,56.50,-9.21,-1.06
2024/01/01 16:12:47.28,139.28,-31.36,-56.75,-59.97,56.43,-9.25,-1.07
2024/01/01 16:12:47.29,139.29,-31.37,-56.73,-60.00,56.42,-9.32,-1.02
2024/01/01 16:12:47.30,139.30,-31.36,-56.69,-60.02,56.45,-9.38,-0.98
2024/01/01 16:12:47.31,139.31,-31.36,-56.66,-60.04,56.47,-9.39,-0.97
2024/01/01 16:12:47.32,139.32,-31.37,-56.66,-60.07,56.44,-9.33,-0.99
2024/01/01 16:12:47.33,139.33,-31.38,-56.68,-60.10,56.40,-9.22,-1.02
2024/01/01 16:12:47.34,139.34,-31.38,-56.71,-60.12,56.42,-9.05,-1.01
2024/01/01 16:12:47.35,139.35,-31.37,-56.72,-60.13,56.51,-8.87,-1.03
2024/01/01 16:12:47.36,139.36,-31.36,-56.71,-60.12,56.67,-8.75,-1.13
2024/01/01 16:12:47.37,139.37,-31.35,-56.68,-60.11,56.83,-8.70,-1.26
2024/01/01 16:12:47.38,139.38,-31.33,-56.66,-60.11,56.86,-8.67,-1.29
2024/01/01 16:12:47.39,139.39,-31.32,-56.66,-60.10,56.75,-8.69,-1.17
2024/01/01 16:12:47.40,139.40,-31.31,-56.68,-60.06,56.56,-8.78,-1.00
2024/01/01 16:12:47.41,139.41,-31.32,-56.71,-60.03,56.37,-8.90,-0.94
2024/01/01 16:12:47.42,139.42,-31.34,-56.73,-60.00,56.24,-9.00,-1.01
2024/01/01 16:12:47.43,139.43,-31.38,-56.77,-59.97,56.17,-9.06,-1.06
2024/01/01 16:12:47.44,139.44,-31.41,-56.80,-59.96,56.12,-9.11,-1.01
2024/01/01 16:12:47.45,139.45,-31.43,-56.82,-59.96,56.08,-9.12,-0.97
2024/01/01 16:12:47.46,139.46,-31.44,-56.83,-59.96,56.10,-9.07,-0.98
2024/01/01 16:12:47.47,139.47,-31.46,-56.83,-59.95,56.19,-9.00,-0.97
2024/01/01 16:12:47.48,139.48,-31.48,-56.83,-59.96,56.33,-9.01,-0.91
2024/01/01 16:12:47.49,139.49,-31.48,-56.83,-59.99,56.50,-9.16,-0.91
2024/01/01 16:12:47.50,139.50,-31.47,-56.82,-60.02,56.63,-9.43,-0.99
2024/01/01 16:12:47.51,139.51,-31.46,-56.81,-60.05,56.66,-9.72,-1.06
2024/01/01 16:12:47.52,139.52,-31.45,-56.81,-60.07,56.56,-9.95,-1.16
2024/01/01 16:12:47.53,139.53,-31.43,-56.83,-60.14,56.42,-10.04,-1.36
2024/01/01 16:12:47.54,139.54,-31.42,-56.86,-60.22,56.35,-9.93,-1.51
2024/01/01 16:12:47.55,139.55,-31.42,-56.87,-60.26,56.37,-9.70,-1.45
2024/01/01 16:12:47.56,139.56,-31.44,-56.87,-60.24,56.45,-9.43,-1.28
2024/01/01 16:12:47.57,139.57,-31.47,-56.86,-60.20,56.56,-9.18,-1.26
2024/01/01 16:12:47.58,139.58,-31.49,-56.84,-60.17,56.64,-8.92,-1.35
2024/01/01 16:12:47.59,139.59,-31.48,-56.83,-60.16,56.62,-8.70,-1.27
2024/01/01 16:12:47.60,139.60,-31.46,-56.84,-60.16,56.49,-8.62,-0.97
2024/01/01 16:12:47.61,139.61,-31.45,-56.85,-60.16,56.30,-8.67,-0.74
2024/01/01 16:12:47.62,139.62,-31.44,-56.86,-60.17,56.18,-8.78,-0.77
2024/01/01 16:12:47.63,139.63,-31.45,-56.86,-60.19,56.17,-8.90,-0.98
2024/01/01 16:12:47.64,139.64,-31.45,-56.85,-60.21,56.30,-9.07,-1.13
2024/01/01 16:12:47.65,139.65,-31.46,-56.82,-60.23,56.49,-9.25,-1.19
2024/01/01 16:12:47.66,139.66,-31.46,-56.77,-60.26,56.62,-9.33,-1.33
2024/01/01 16:12:47.67,139.67,-31.46,-56.73,-60.28,56.62,-9.27,-1.50
2024/01/01 16:12:47.68,139.68,-31.45,-56.70,-60.28,56.55,-9.14,-1.51
2024/01/01 16:12:47.69,139.69,-31.43,-56.68,-60.27,56.46,-9.03,-1.35
2024/01/01 16:12:47.70,139.70,-31.40,-56.68,-60.25,56.39,-9.00,-1.23
2024/01/01 16:12:47.71,139.71,-31.39,-56.69,-60.22,56.31,-9.02,-1.21
2024/01/01 16:12:47.72,139.72,-31.38,-56.71,-60.22,56.18,-9.06,-1.22
2024/01/01 16:12:47.73,139.73,-31.39,-56.74,-60.23,56.01,-9.09,-1.24
2024/01/01 16:12:47.74,139.74,-31.40,-56.78,-60.25,55.89,-9.09,-1.29
2024/01/01 16:12:47.75,139.75,-31.41,-56.83,-60.29,55.91,-9.05,-1.37
2024/01/01 16:12:47.76,139.76,-31.42,-56.88,-60.32,56.11,-9.02,-1.44
2024/01/01 16:12:47.77,139.77,-31.44,-56.91,-60.34,56.42,-9.09,-1.51
2024/01/01 16:12:47.78,139.78,-31.45,-56.94,-60.34,56.69,-9.23,-1.53
2024/01/01 16:12:47.79,139.79,-31.45,-56.98,-60.35,56.79,-9.38,-1.56
2024/01/01 16:12:47.80,139.80,-31.43,-57.00,-60.38,56.76,-9.46,-1.53
2024/01/01 16:12:47.81,139.81,-31.39,-57.02,-60.38,56.71,-9.49,-1.34
2024/01/01 16:12:47.82,139.82,-31.38,-57.03,-60.33,56.68,-9.45,-1.14
2024/01/01 16:12:47.83,139.83,-31.39,-57.05,-60.28,56.68,-9.36,-1.18
2024/01/01 16:12:47.84,139.84,-31.39,-57.06,-60.25,56.72,-9.25,-1.39
2024/01/01 16:12:47.85,139.85,-31.39,-57.07,-60.24,56.72,-9.20,-1.45
2024/01/01 16:12:47.86,139.86,-31.39,-57.08,-60.23,56.62,-9.27,-1.28
2024/01/01 16:12:47.87,139.87,-31.36,-57.10,-60.21,56.42,-9.43,-1.10
2024/01/01 16:12:47.88,139.88,-31.34,-57.11,-60.20,56.22,-9.58,-1.11
2024/01/01 16:12:47.89,139.89,-31.32,-57.13,-60.20,56.13,-9.63,-1.23
2024/01/01 16:12:47.90,139.90,-31.33,-57.16,-60.21,56.21,-9.62,-1.27
2024/01/01 16:12:47.91,139.91,-31.36,-57.18,-60.21,56.39,-9.57,-1.28
2024/01/01 16:12:47.92,139.92,-31.40,-57.17,-60.20,56.56,-9.47,-1.37
2024/01/01 16:12:47.93,139.93,-31.44,-57.15,-60.21,56.64,-9.34,-1.49
2024/01/01 16:12:47.94,139.94,-31.48,-57.14,-60.21,56.60,-9.24,-1.49
2024/01/01 16:12:47.95,139.95,-31.49,-57.14,-60.20,56.50,-9.26,-1.33
2024/01/01 16:12:47.96,139.96,-31.48,-57.17,-60.17,56.45,-9.41,-1.12
2024/01/01 16:12:47.97,139.97,-31.47,-57.19,-60.14,56.50,-9.62,-1.03
2024/01/01 16:12:47.98,139.98,-31.46,-57.21,-60.11,56.62,-9.77,-1.02
2024/01/01 16:12:47.99,139.99,-31.47,-57.22,-60.09,56.71,-9.81,-0.99
2024/01/01 16:12:48.00,140.00,-31.48,-57.23,-60.09,56.67,-9.73,-0.96
2024/01/01 16:12:48.01,140.01,-31.49,-57.23,-60.10,56.50,-9.55,-1.00
2024/01/01 16:12:48.02,140.02,-31.48,-57.24,-60.11,56.30,-9.35,-1.09
2024/01/01 16:12:48.03,140.03,-31.48,-57.24,-60.13,56.17,-9.26,-1.15
2024/01/01 16:12:48.04,140.04,-31.49,-57.23,-60.16,56.14,-9.30,-1.17
2024/01/01 16:12:48.05,140.05,-31.50,-57.23,-60.18,56.23,-9.43,-1.18
2024/01/01 16:12:48.06,140.06,-31.52,-57.22,-60.19,56.40,-9.58,-1.19
2024/01/01 16:12:48.07,140.07,-31.54,-57.21,-60.18,56.57,-9.70,-1.18
2024/01/01 16:12:48.08,140.08,-31.55,-57.22,-60.18,56.65,-9.80,-1.19
2024/01/01 16:12:48.09,140.09,-31.56,-57.24,-60.20,56.56,-9.87,-1.23
2024/01/01 16:12:48.10,140.10,-31.57,-57.28,-60.22,56.34,-9.91,-1.24
2024/01/01 16:12:48.11,140.11,-31.60,-57.31,-60.24,56.11,-9.88,-1.18
2024/01/01 16:12:48.12,140.12,-31.63,-57.32,-60.25,56.00,-9.78,-1.16
2024/01/01 16:12:48.13,140.13,-31.64,-57.32,-60.27,56.02,-9.66,-1.25
2024/01/01 16:12:48.14,140.14,-31.65,-57.30,-60.30,56.12,-9.54,-1.34
2024/01/01 16:12:48.15,140.15,-31.66,-57.30,-60.33,56.19,-9.48,-1.36
2024/01/01 16:12:48.16,140.16,-31.68,-57.31,-60.35,56.20,-9.52,-1.40
2024/01/01 16:12:48.17,140.17,-31.69,-57.32,-60.34,56.22,-9.61,-1.44
2024/01/01 16:12:48.18,140.18,-31.70,-57.33,-60.33,56.27,-9.71,-1.40
2024/01/01 16:12:48.19,140.19,-31.71,-57.34,-60.31,56.37,-9.79,-1.34
2024/01/01 16:12:48.20,140.20,-31.71,-57.35,-60.31,56.43,-9.84,-1.33
2024/01/01 16:12:48.21,140.21,-31.71,-57.35,-60.32,56.35,-9.84,-1.35
2024/01/01 16:12:48.22,140.22,-31.71,-57.35,-60.33,56.14,-9.80,-1.37
2024/01/01 16:12:48.23,140.23,-31.73,-57.32,-60.32,55.91,-9.75,-1.37
2024/01/01 16:12:48.24,140.24,-31.76,-57.31,-60.29,55.79,-9.69,-1.35
2024/01/01 16:12:48.25,140.25,-31.79,-57.30,-60.26,55.84,-9.64,-1.38
2024/01/01 16:12:48.26,140.26,-31.80,-57.29,-60.24,56.00,-9.63,-1.43
2024/01/01 16:12:48.27,140.27,-31.82,-57.30,-60.23,56.15,-9.70,-1.36
2024/01/01 16:12:48.28,140.28,-31.83,-57.30,-60.21,56.19,-9.82,-1.15
2024/01/01 16:12:48.29,140.29,-31.83,-57.30,-60.18,56.12,-9.91,-1.01
2024/01/01 16:12:48.30,140.30,-31.83,-57.27,-60.16,56.08,-9.90,-0.98
2024/01/01 16:12:48.31,140.31,-31.82,-57.24,-60.15,56.16,-9.77,-0.99
2024/01/01 16:12:48.32,140.32,-31.81,-57.22,-60.15,56.29,-9.56,-1.04
2024/01/01 16:12:48.33,140.33,-31.78,-57.21,-60.14,56.33,-9.39,-1.11
2024/01/01 16:12:48.34,140.34,-31.75,-57.20,-60.16,56.19,-9.31,-1.20
2024/01/01 16:12:48.35,140.35,-31.72,-57.20,-60.19,55.90,-9.35,-1.31
2024/01/01 16:12:48.36,140.36,-31.71,-57.21,-60.20,55.62,-9.52,-1.32
2024/01/01 16:12:48.37,140.37,-31.72,-57.23,-60.18,55.50,-9.72,-1.23
2024/01/01 16:12:48.38,140.38,-31.73,-57.23,-60.15,55.62,-9.85,-1.18
2024/01/01 16:12:48.39,140.39,-31.75,-57.23,-60.14,55.91,-9.85,-1.22
2024/01/01 16:12:48.40,140.40,-31.76,-57.23,-60.13,56.20,-9.74,-1.18
2024/01/01 16:12:48.41,140.41,-31.75,-57.23,-60.12,56.33,-9.62,-0.99
2024/01/01 16:12:48.42,140.42,-31.74,-57.23,-60.11,56.29,-9.56,-0.81
2024/01/01 16:12:48.43,140.43,-31.73,-57.24,-60.10,56.19,-9.52,-0.80
2024/01/01 16:12:48.44,140.44,-31.72,-57.24,-60.10,56.14,-9.49,-0.89
2024/01/01 16:12:48.45,140.45,-31.69,-57.25,-60.09,56.17,-9.50,-0.95
2024/01/01 16:12:48.46,140.46,-31.68,-57.27,-60.09,56.20,-9.55,-1.03
2024/01/01 16:12:48.47,140.47,-31.68,-57.28,-60.10,56.22,-9.62,-1.21
2024/01/01 16:12:48.48,140.48,-31.69,-57.28,-60.10,56.24,-9.68,-1.34
2024/01/01 16:12:48.49,140.49,-31.70,-57.27,-60.11,56.26,-9.78,-1.29
2024/01/01 16:12:48.50,140.50,-31.69,-57.24,-60.12,56.29,-9.89,-1.12
2024/01/01 16:12:48.51,140.51,-31.67,-57.23,-60.12,56.35,-9.94,-0.98
2024/01/01 16:12:48.52,140.52,-31.65,-57.23,-60.10,56.41,-9.87,-0.93
2024/01/01 16:12:48.53,140.53,-31.61,-57.24,-60.10,56.44,-9.71,-0.95
2024/01/01 16:12:48.54,140.54,-31.57,-57.25,-60.11,56.45,-9.55,-1.08
2024/01/01 16:12:48.55,140.55,-31.57,-57.26,-60.12,56.46,-9.47,-1.20
2024/01/01 16:12:48.56,140.56,-31.58,-57.25,-60.15,56.39,-9.53,-1.24
2024/01/01 16:12:48.57,140.57,-31.57,-57.22,-60.18,56.25,-9.70,-1.30
2024/01/01 16:12:48.58,140.58,-31.55,-57.21,-60.20,56.13,-9.88,-1.37
2024/01/01 16:12:48.59,140.59,-31.53,-57.20,-60.21,56.03,-9.95,-1.29
2024/01/01 16:12:48.60,140.60,-31.52,-57.19,-60.22,55.98,-9.91,-1.23
2024/01/01 16:12:48.61,140.61,-31.52,-57.19,-60.23,56.08,-9.77,-1.27
2024/01/01 16:12:48.62,140.62,-31.52,-57.19,-60.22,56.31,-9.54,-1.27
2024/01/01 16:12:48.63,140.63,-31.51,-57.18,-60.23,56.53,-9.34,-1.23
2024/01/01 16:12:48.64,140.64,-31.51,-57.17,-60.22,56.62,-9.23,-1.26
2024/01/01 16:12:48.65,140.65,-31.50,-57.16,-60.20,56.60,-9.19,-1.28
2024/01/01 16:12:48.66,140.66,-31.50,-57.16,-60.20,56.52,-9.20,-1.26
2024/01/01 16:12:48.67,140.67,-31.49,-57.17,-60.19,56.46,-9.24,-1.21
2024/01/01 16:12:48.68,140.68,-31.50,-57.17,-60.15,56.47,-9.34,-1.11
2024/01/01 16:12:48.69,140.69,-31.51,-57.17,-60.11,56.52,-9.48,-1.06
2024/01/01 16:12:48.70,140.70,-31.53,-57.17,-60.07,56.55,-9.60,-1.16
2024/01/01 16:12:48.71,140.71,-31.56,-57.18,-60.04,56.52,-9.67,-1.22
2024/01/01 16:12:48.72,140.72,-31.59,-57.19,-60.02,56.44,-9.68,-1.05
2024/01/01 16:12:48.73,140.73,-31.60,-57.22,-60.01,56.35,-9.64,-0.82
2024/01/01 16:12:48.74,140.74,-31.60,-57.23,-59.98,56.32,-9.55,-0.78
2024/01/01 16:12:48.75,140.75,-31.63,-57.23,-59.94,56.37,-9.46,-0.85
2024/01/01 16:12:48.76,140.76,-31.66,-57.23,-59.91,56.42,-9.44,-0.91
2024/01/01 16:12:48.77,140.77,-31.67,-57.22,-59.89,56.40,-9.53,-0.99
2024/01/01 16:12:48.78,140.78,-31.64,-57.22,-59.87,56.31,-9.69,-1.05
2024/01/01 16:12:48.79,140.79,-31.61,-57.23,-59.86,56.17,-9.84,-1.00
2024/01/01 16:12:48.80,140.80,-31.60,-57.25,-59.86,56.05,-9.95,-0.93
2024/01/01 16:12:48.81,140.81,-31.63,-57.28,-59.89,56.02,-10.02,-0.88
2024/01/01 16:12:48.82,140.82,-31.68,-57.29,-59.88,56.09,-10.03,-0.78
2024/01/01 16:12:48.83,140.83,-31.73,-57.31,-59.85,56.17,-9.97,-0.70
2024/01/01 16:12:48.84,140.84,-31.78,-57.33,-59.82,56.21,-9.84,-0.80
2024/01/01 16:12:48.85,140.85,-31.80,-57.34,-59.80,56.18,-9.65,-1.00
2024/01/01 16:12:48.86,140.86,-31.81,-57.36,-59.79,56.09,-9.46,-1.01
2024/01/01 16:12:48.87,140.87,-31.80,-57.38,-59.78,56.00,-9.39,-0.83
2024/01/01 16:12:48.88,140.88,-31.78,-57.40,-59.77,56.01,-9.45,-0.68
2024/01/01 16:12:48.89,140.89,-31.75,-57.42,-59.77,56.13,-9.61,-0.61
2024/01/01 16:12:48.90,140.90,-31.74,-57.43,-59.77,56.27,-9.83,-0.60
2024/01/01 16:12:48.91,140.91,-31.73,-57.45,-59.77,56.26,-10.07,-0.66
2024/01/01 16:12:48.92,140.92,-31.74,-57.47,-59.75,56.10,-10.20,-0.79
2024/01/01 16:12:48.93,140.93,-31.75,-57.49,-59.76,55.91,-10.18,-0.95
2024/01/01 16:12:48.94,140.94,-31.75,-57.50,-59.78,55.84,-10.07,-1.03
2024/01/01 16:12:48.95,140.95,-31.75,-57.51,-59.78,55.94,-9.93,-0.94
2024/01/01 16:12:48.96,140.96,-31.75,-57.51,-59.76,56.14,-9.80,-0.76
2024/01/01 16:12:48.97,140.97,-31.75,-57.52,-59.72,56.32,-9.71,-0.65
2024/01/01 16:12:48.98,140.98,-31.74,-57.52,-59.69,56.40,-9.68,-0.64
2024/01/01 16:12:48.99,140.99,-31.74,-57.51,-59.68,56.36,-9.75,-0.61
2024/01/01 16:12:49.00,141.00,-31.76,-57.51,-59.66,56.25,-9.93,-0.56
2024/01/01 16:12:49.01,141.01,-31.76,-57.50,-59.64,56.12,-10.12,-0.56
2024/01/01 16:12:49.02,141.02,-31.76,-57.48,-59.62,56.08,-10.21,-0.66
2024/01/01 16:12:49.03,141.03,-31.76,-57.46,-59.61,56.14,-10.19,-0.74
2024/01/01 16:12:49.04,141.04,-31.76,-57.47,-59.60,56.27,-10.11,-0.69
2024/01/01 16:12:49.05,141.05,-31.75,-57.49,-59.59,56.38,-9.98,-0.53
2024/01/01 16:12:49.06,141.06,-31.74,-57.51,-59.57,56.43,-9.83,-0.43
2024/01/01 16:12:49.07,141.07,-31.74,-57.52,-59.56,56.39,-9.73,-0.45
2024/01/01 16:12:49.08,141.08,-31.73,-57.52,-59.55,56.30,-9.69,-0.49
2024/01/01 16:12:49.09,141.09,-31.73,-57.50,-59.55,56.18,-9.70,-0.52
2024/01/01 16:12:49.10,141.10,-31.73,-57.46,-59.56,56.05,-9.71,-0.60
2024/01/01 16:12:49.11,141.11,-31.73,-57.42,-59.57,55.98,-9.69,-0.72
2024/01/01 16:12:49.12,141.12,-31.74,-57.40,-59.58,55.98,-9.64,-0.78
2024/01/01 16:12:49.13,141.13,-31.76,-57.39,-59.58,56.03,-9.60,-0.70
2024/01/01 16:12:49.14,141.14,-31.77,-57.40,-59.58,56.09,-9.67,-0.56
2024/01/01 16:12:49.15,141.15,-31.78,-57.41,-59.58,56.16,-9.86,-0.49
2024/01/01 16:12:49.16,141.16,-31.79,-57.43,-59.57,56.24,-10.07,-0.50
2024/01/01 16:12:49.17,141.17,-31.79,-57.45,-59.59,56.30,-10.23,-0.53
2024/01/01 16:12:49.18,141.18,-31.79,-57.47,-59.62,56.31,-10.28,-0.58
2024/01/01 16:12:49.19,141.19,-31.81,-57.47,-59.66,56.26,-10.21,-0.65
2024/01/01 16:12:49.20,141.20,-31.83,-57.46,-59.68,56.20,-10.03,-0.70
2024/01/01 16:12:49.21,141.21,-31.85,-57.45,-59.70,56.18,-9.82,-0.77
2024/01/01 16:12:49.22,141.22,-31.86,-57.44,-59.73,56.21,-9.65,-0.86
2024/01/01 16:12:49.23,141.23,-31.87,-57.45,-59.73,56.24,-9.54,-0.84
2024/01/01 16:12:49.24,141.24,-31.86,-57.47,-59.72,56.21,-9.55,-0.73
2024/01/01 16:12:49.25,141.25,-31.85,-57.49,-59.71,56.12,-9.68,-0.67
2024/01/01 16:12:49.26,141.26,-31.84,-57.50,-59.70,56.00,-9.84,-0.66
2024/01/01 16:12:49.27,141.27,-31.84,-57.49,-59.69,55.88,-9.95,-0.64
2024/01/01 16:12:49.28,141.28,-31.85,-57.47,-59.69,55.79,-10.00,-0.60
2024/01/01 16:12:49.29,141.29,-31.85,-57.46,-59.69,55.80,-10.00,-0.62
2024/01/01 16:12:49.30,141.30,-31.86,-57.46,-59.70,55.91,-9.93,-0.70
2024/01/01 16:12:49.31,141.31,-31.88,-57.46,-59.72,56.04,-9.83,-0.76
2024/01/01 16:12:49.32,141.32,-31.87,-57.47,-59.74,56.13,-9.80,-0.82
2024/01/01 16:12:49.33,141.33,-31.84,-57.47,-59.77,56.17,-9.85,-0.85
2024/01/01 16:12:49.34,141.34,-31.81,-57.47,-59.79,56.14,-9.93,-0.80
2024/01/01 16:12:49.35,141.35,-31.76,-57.47,-59.82,56.10,-9.99,-0.75
2024/01/01 16:12:49.36,141.36,-31.72,-57.46,-59.84,56.11,-9.99,-0.80
2024/01/01 16:12:49.37,141.37,-31.70,-57.43,-59.86,56.19,-9.92,-0.88
2024/01/01 16:12:49.38,141.38,-31.69,-57.41,-59.88,56.26,-9.87,-0.98
2024/01/01 16:12:49.39,141.39,-31.66,-57.40,-59.91,56.27,-9.86,-1.12
2024/01/01 16:12:49.40,141.40,-31.65,-57.42,-59.94,56.19,-9.88,-1.17
2024/01/01 16:12:49.41,141.41,-31.66,-57.46,-59.96,56.09,-9.90,-1.06
2024/01/01 16:12:49.42,141.42,-31.69,-57.49,-59.95,56.04,-9.90,-1.03
2024/01/01 16:12:49.43,141.43,-31.71,-57.52,-59.95,56.15,-9.88,-1.13
2024/01/01 16:12:49.44,141.44,-31.70,-57.54,-59.96,56.43,-9.82,-1.13
2024/01/01 16:12:49.45,141.45,-31.68,-57.55,-59.98,56.70,-9.78,-0.95
2024/01/01 16:12:49.46,141.46,-31.67,-57.55,-59.96,56.81,-9.79,-0.77
2024/01/01 16:12:49.47,141.47,-31.68,-57.56,-59.93,56.73,-9.80,-0.70
2024/01/01 16:12:49.48,141.48,-31.68,-57.58,-59.91,56.53,-9.80,-0.81
2024/01/01 16:12:49.49,141.49,-31.68,-57.58,-59.89,56.35,-9.80,-0.94
2024/01/01 16:12:49.50,141.50,-31.66,-57.56,-59.89,56.24,-9.83,-0.96
2024/01/01 16:12:49.51,141.51,-31.65,-57.53,-59.89,56.19,-9.92,-0.93
2024/01/01 16:12:49.52,141.52,-31.64,-57.51,-59.88,56.13,-10.08,-0.95
2024/01/01 16:12:49.53,141.53,-31.64,-57.50,-59.85,56.07,-10.21,-0.90
2024/01/01 16:12:49.54,141.54,-31.63,-57.49,-59.85,56.07,-10.26,-0.77
2024/01/01 16:12:49.55,141.55,-31.61,-57.51,-59.87,56.15,-10.24,-0.75
2024/01/01 16:12:49.56,141.56,-31.59,-57.52,-59.89,56.25,-10.11,-0.76
2024/01/01 16:12:49.57,141.57,-31.58,-57.52,-59.88,56.29,-9.93,-0.72
2024/01/01 16:12:49.58,141.58,-31.60,-57.53,-59.87,56.22,-9.77,-0.83
2024/01/01 16:12:49.59,141.59,-31.63,-57.52,-59.86,56.14,-9.62,-1.10
2024/01/01 16:12:49.60,141.60,-31.64,-57.52,-59.87,56.11,-9.46,-1.21
2024/01/01 16:12:49.61,141.61,-31.64,-57.52,-59.88,56.12,-9.38,-1.06
2024/01/01 16:12:49.62,141.62,-31.63,-57.52,-59.89,56.16,-9.46,-0.86
2024/01/01 16:12:49.63,141.63,-31.64,-57.51,-59.88,56.24,-9.61,-0.76
2024/01/01 16:12:49.64,141.64,-31.66,-57.50,-59.87,56.33,-9.78,-0.78
2024/01/01 16:12:49.65,141.65,-31.69,-57.48,-59.86,56.42,-9.97,-0.83
2024/01/01 16:12:49.66,141.66,-31.71,-57.47,-59.84,56.52,-10.17,-0.80
2024/01/01 16:12:49.67,141.67,-31.71,-57.49,-59.81,56.63,-10.28,-0.76
2024/01/01 16:12:49.68,141.68,-31.71,-57.52,-59.79,56.65,-10.28,-0.81
2024/01/01 16:12:49.69,141.69,-31.70,-57.55,-59.79,56.56,-10.23,-0.87
2024/01/01 16:12:49.70,141.70,-31.68,-57.57,-59.79,56.42,-10.13,-0.77
2024/01/01 16:12:49.71,141.71,-31.69,-57.58,-59.77,56.30,-10.02,-0.58
2024/01/01 16:12:49.72,141.72,-31.70,-57.58,-59.72,56.23,-9.92,-0.51
2024/01/01 16:12:49.73,141.73,-31.71,-57.58,-59.69,56.18,-9.85,-0.64
2024/01/01 16:12:49.74,141.74,-31.73,-57.59,-59.68,56.13,-9.80,-0.85
2024/01/01 16:12:49.75,141.75,-31.75,-57.59,-59.70,56.04,-9.81,-0.93
2024/01/01 16:12:49.76,141.76,-31.77,-57.59,-59.72,55.91,-9.88,-0.81
2024/01/01 16:12:49.77,141.77,-31.79,-57.59,-59.75,55.80,-9.98,-0.67
2024/01/01 16:12:49.78,141.78,-31.79,-57.60,-59.78,55.82,-10.07,-0.62
2024/01/01 16:12:49.79,141.79,-31.80,-57.60,-59.79,55.96,-10.11,-0.66
2024/01/01 16:12:49.80,141.80,-31.82,-57.60,-59.79,56.12,-10.10,-0.78
2024/01/01 16:12:49.81,141.81,-31.84,-57.60,-59.81,56.22,-10.07,-0.94
2024/01/01 16:12:49.82,141.82,-31.85,-57.61,-59.84,56.26,-10.00,-1.05
2024/01/01 16:12:49.83,141.83,-31.87,-57.63,-59.88,56.24,-9.95,-0.99
2024/01/01 16:12:49.84,141.84,-31.86,-57.64,-59.90,56.18,-9.96,-0.82
2024/01/01 16:12:49.85,141.85,-31.84,-57.63,-59.91,56.14,-10.00,-0.71
2024/01/01 16:12:49.86,141.86,-31.83,-57.61,-59.91,56.14,-10.05,-0.73
2024/01/01 16:12:49.87,141.87,-31.85,-57.60,-59.92,56.18,-10.09,-0.80
2024/01/01 16:12:49.88,141.88,-31.86,-57.61,-59.93,56.20,-10.12,-0.85
2024/01/01 16:12:49.89,141.89,-31.88,-57.61,-59.94,56.17,-10.08,-0.92
2024/01/01 16:12:49.90,141.90,-31.89,-57.61,-59.95,56.09,-10.00,-1.04
2024/01/01 16:12:49.91,141.91,-31.90,-57.62,-59.96,55.97,-9.95,-1.10
2024/01/01 16:12:49.92,141.92,-31.91,-57.64,-59.98,55.89,-10.02,-1.02
2024/01/01 16:12:49.93,141.93,-31.91,-57.66,-60.00,55.90,-10.17,-0.85
2024/01/01 16:12:49.94,141.94,-31.91,-57.67,-60.03,55.98,-10.30,-0.72
2024/01/01 16:12:49.95,141.95,-31.90,-57.66,-60.06,56.06,-10.33,-0.76
2024/01/01 16:12:49.96,141.96,-31.90,-57.66,-60.09,56.11,-10.24,-0.92
2024/01/01 16:12:49.97,141.97,-31.91,-57.66,-60.11,56.08,-10.10,-1.09
2024/01/01 16:12:49.98,141.98,-31.93,-57.66,-60.14,56.01,-9.97,-1.25
2024/01/01 16:12:49.99,141.99,-31.94,-57.65,-60.18,55.93,-9.90,-1.43
2024/01/01 16:12:50.00,142.00,-31.95,-57.65,-60.23,55.88,-9.92,-1.47
2024/01/01 16:12:50.01,142.01,-31.96,-57.63,-60.25,55.85,-9.99,-1.28
2024/01/01 16:12:50.02,142.02,-31.98,-57.60,-60.26,55.84,-10.08,-1.12
2024/01/01 16:12:50.03,142.03,-32.00,-57.57,-60.24,55.86,-10.11,-1.13
2024/01/01 16:12:50.04,142.04,-32.03,-57.55,-60.22,55.93,-10.08,-1.20
2024/01/01 16:12:50.05,142.05,-32.05,-57.54,-60.20,56.02,-10.05,-1.24
2024/01/01 16:12:50.06,142.06,-32.06,-57.55,-60.20,56.06,-10.11,-1.22
2024/01/01 16:12:50.07,142.07,-32.06,-57.56,-60.19,56.01,-10.20,-1.15
2024/01/01 16:12:50.08,142.08,-32.05,-57.57,-60.17,55.88,-10.25,-1.09
2024/01/01 16:12:50.09,142.09,-32.05,-57.56,-60.16,55.79,-10.22,-1.05
2024/01/01 16:12:50.10,142.10,-32.05,-57.54,-60.16,55.75,-10.15,-1.05
2024/01/01 16:12:50.11,142.11,-32.04,-57.52,-60.16,55.74,-10.09,-1.09
2024/01/01 16:12:50.12,142.12,-32.03,-57.51,-60.15,55.72,-10.05,-1.12
2024/01/01 16:12:50.13,142.13,-32.02,-57.50,-60.13,55.66,-9.98,-1.13
2024/01/01 16:12:50.14,142.14,-32.01,-57.49,-60.14,55.60,-9.91,-1.19
2024/01/01 16:12:50.15,142.15,-32.00,-57.47,-60.16,55.59,-9.83,-1.26
2024/01/01 16:12:50.16,142.16,-32.01,-57.46,-60.17,55.65,-9.76,-1.19
2024/01/01 16:12:50.17,142.17,-32.03,-57.46,-60.17,55.75,-9.72,-1.06
2024/01/01 16:12:50.18,142.18,-32.03,-57.46,-60.17,55.85,-9.73,-1.11
2024/01/01 16:12:50.19,142.19,-32.01,-57.46,-60.17,55.97,-9.75,-1.27
2024/01/01 16:12:50.20,142.20,-31.98,-57.45,-60.18,56.12,-9.76,-1.28
2024/01/01 16:12:50.21,142.21,-31.95,-57.45,-60.18,56.26,-9.78,-1.18
2024/01/01 16:12:50.22,142.22,-31.93,-57.46,-60.17,56.35,-9.80,-1.18
2024/01/01 16:12:50.23,142.23,-31.92,-57.47,-60.16,56.36,-9.79,-1.20
2024/01/01 16:12:50.24,142.24,-31.91,-57.48,-60.14,56.23,-9.79,-1.13
2024/01/01 16:12:50.25,142.25,-31.90,-57.49,-60.13,56.01,-9.85,-1.06
2024/01/01 16:12:50.26,142.26,-31.88,-57.49,-60.14,55.82,-9.93,-1.04
2024/01/01 16:12:50.27,142.27,-31.85,-57.49,-60.15,55.76,-9.94,-1.01
2024/01/01 16:12:50.28,142.28,-31.83,-57.48,-60.17,55.81,-9.90,-1.02
2024/01/01 16:12:50.29,142.29,-31.83,-57.48,-60.19,55.98,-9.86,-1.12
2024/01/01 16:12:50.30,142.30,-31.82,-57.48,-60.21,56.19,-9.85,-1.26
2024/01/01 16:12:50.31,142.31,-31.83,-57.49,-60.23,56.33,-9.89,-1.32
2024/01/01 16:12:50.32,142.32,-31.84,-57.51,-60.24,56.35,-9.98,-1.26
2024/01/01 16:12:50.33,142.33,-31.85,-57.52,-60.23,56.28,-10.09,-1.15
2024/01/01 16:12:50.34,142.34,-31.85,-57.53,-60.23,56.18,-10.18,-1.12
2024/01/01 16:12:50.35,142.35,-31.83,-57.53,-60.25,56.05,-10.22,-1.20
2024/01/01 16:12:50.36,142.36,-31.79,-57.52,-60.26,55.93,-10.16,-1.25
2024/01/01 16:12:50.37,142.37,-31.76,-57.51,-60.25,55.88,-10.02,-1.25
2024/01/01 16:12:50.38,142.38,-31.76,-57.51,-60.25,55.88,-9.85,-1.31
2024/01/01 16:12:50.39,142.39,-31.78,-57.52,-60.27,55.88,-9.70,-1.44
2024/01/01 16:12:50.40,142.40,-31.81,-57.53,-60.27,55.90,-9.61,-1.48
2024/01/01 16:12:50.41,142.41,-31.84,-57.53,-60.26,55.94,-9.67,-1.37
2024/01/01 16:12:50.42,142.42,-31.83,-57.53,-60.25,55.96,-9.90,-1.21
2024/01/01 16:12:50.43,142.43,-31.81,-57.53,-60.24,56.00,-10.12,-1.16
2024/01/01 16:12:50.44,142.44,-31.80,-57.52,-60.22,56.09,-10.20,-1.14
2024/01/01 16:12:50.45,142.45,-31.80,-57.51,-60.21,56.21,-10.13,-1.07
2024/01/01 16:12:50.46,142.46,-31.79,-57.50,-60.19,56.31,-9.96,-1.08
2024/01/01 16:12:50.47,142.47,-31.79,-57.49,-60.18,56.34,-9.77,-1.22
2024/01/01 16:12:50.48,142.48,-31.78,-57.49,-60.17,56.26,-9.67,-1.28
2024/01/01 16:12:50.49,142.49,-31.77,-57.49,-60.17,56.07,-9.72,-1.23
2024/01/01 16:12:50.50,142.50,-31.75,-57.49,-60.16,55.91,-9.87,-1.21
2024/01/01 16:12:50.51,142.51,-31.74,-57.51,-60.16,55.86,-10.01,-1.18
2024/01/01 16:12:50.52,142.52,-31.73,-57.54,-60.18,55.96,-10.07,-1.12
2024/01/01 16:12:50.53,142.53,-31.72,-57.56,-60.17,56.19,-10.05,-1.10
2024/01/01 16:12:50.54,142.54,-31.71,-57.56,-60.16,56.44,-9.97,-1.14
2024/01/01 16:12:50.55,142.55,-31.70,-57.55,-60.15,56.58,-9.87,-1.23
2024/01/01 16:12:50.56,142.56,-31.70,-57.52,-60.15,56.53,-9.80,-1.35
2024/01/01 16:12:50.57,142.57,-31.70,-57.50,-60.14,56.37,-9.81,-1.29
2024/01/01 16:12:50.58,142.58,-31.68,-57.48,-60.12,56.17,-9.88,-1.09
2024/01/01 16:12:50.59,142.59,-31.65,-57.49,-60.12,56.05,-9.95,-1.03
2024/01/01 16:12:50.60,142.60,-31.63,-57.51,-60.13,56.06,-10.00,-1.11
2024/01/01 16:12:50.61,142.61,-31.61,-57.53,-60.15,56.16,-10.04,-1.09
2024/01/01 16:12:50.62,142.62,-31.61,-57.54,-60.15,56.25,-10.10,-1.04
2024/01/01 16:12:50.63,142.63,-31.63,-57.53,-60.13,56.29,-10.13,-1.14
2024/01/01 16:12:50.64,142.64,-31.64,-57.50,-60.11,56.29,-10.04,-1.33
2024/01/01 16:12:50.65,142.65,-31.63,-57.48,-60.11,56.29,-9.87,-1.40
2024/01/01 16:12:50.66,142.66,-31.63,-57.45,-60.10,56.31,-9.73,-1.26
2024/01/01 16:12:50.67,142.67,-31.64,-57.44,-60.07,56.35,-9.66,-1.01
2024/01/01 16:12:50.68,142.68,-31.67,-57.44,-60.03,56.37,-9.64,-0.87
2024/01/01 16:12:50.69,142.69,-31.67,-57.43,-60.01,56.39,-9.67,-0.92
2024/01/01 16:12:50.70,142.70,-31.65,-57.41,-60.00,56.41,-9.75,-1.00
2024/01/01 16:12:50.71,142.71,-31.64,-57.39,-59.97,56.40,-9.84,-0.92
2024/01/01 16:12:50.72,142.72,-31.65,-57.38,-59.94,56.33,-9.89,-0.87
2024/01/01 16:12:50.73,142.73,-31.67,-57.37,-59.91,56.27,-9.82,-1.00
2024/01/01 16:12:50.74,142.74,-31.67,-57.37,-59.90,56.28,-9.66,-1.12
2024/01/01 16:12:50.75,142.75,-31.67,-57.36,-59.90,56.30,-9.54,-1.02
2024/01/01 16:12:50.76,142.76,-31.64,-57.35,-59.90,56.27,-9.54,-0.82
2024/01/01 16:12:50.77,142.77,-31.62,-57.36,-59.88,56.17,-9.59,-0.75
2024/01/01 16:12:50.78,142.78,-31.60,-57.36,-59.88,56.05,-9.64,-0.85
2024/01/01 16:12:50.79,142.79,-31.59,-57.36,-59.88,55.99,-9.68,-0.95
2024/01/01 16:12:50.80,142.80,-31.58,-57.35,-59.89,56.04,-9.72,-0.98
2024/01/01 16:12:50.81,142.81,-31.58,-57.35,-59.89,56.14,-9.71,-0.97
2024/01/01 16:12:50.82,142.82,-31.58,-57.35,-59.88,56.24,-9.69,-1.00
2024/01/01 16:12:50.83,142.83,-31.58,-57.34,-59.88,56.30,-9.72,-1.05
2024/01/01 16:12:50.84,142.84,-31.57,-57.33,-59.88,56.32,-9.78,-1.04
2024/01/01 16:12:50.85,142.85,-31.55,-57.32,-59.88,56.33,-9.84,-0.91
2024/01/01 16:12:50.86,142.86,-31.53,-57.33,-59.87,56.34,-9.87,-0.72
2024/01/01 16:12:50.87,142.87,-31.51,-57.35,-59.86,56.40,-9.87,-0.68
2024/01/01 16:12:50.88,142.88,-31.49,-57.39,-59.86,56.52,-9.82,-0.80
2024/01/01 16:12:50.89,142.89,-31.48,-57.41,-59.87,56.62,-9.71,-0.95
2024/01/01 16:12:50.90,142.90,-31.46,-57.43,-59.90,56.66,-9.63,-1.02
2024/01/01 16:12:50.91,142.91,-31.44,-57.45,-59.91,56.65,-9.61,-1.05
2024/01/01 16:12:50.92,142.92,-31.41,-57.46,-59.90,56.60,-9.63,-1.01
2024/01/01 16:12:50.93,142.93,-31.40,-57.45,-59.91,56.53,-9.66,-0.97
2024/01/01 16:12:50.94,142.94,-31.37,-57.44,-59.93,56.51,-9.67,-0.98
2024/01/01 16:12:50.95,142.95,-31.35,-57.42,-59.94,56.54,-9.67,-0.99
2024/01/01 16:12:50.96,142.96,-31.35,-57.40,-59.93,56.58,-9.72,-0.91
2024/01/01 16:12:50.97,142.97,-31.35,-57.39,-59.92,56.59,-9.84,-0.90
2024/01/01 16:12:50.98,142.98,-31.36,-57.40,-59.91,56.60,-9.98,-1.06
2024/01/01 16:12:50.99,142.99,-31.36,-57.40,-59.92,56.66,-10.05,-1.15
2024/01/01 16:12:51.00,143.00,-31.37,-57.40,-59.95,56.74,-10.04,-1.03
2024/01/01 16:12:51.01,143.01,-31.37,-57.41,-59.97,56.80,-10.00,-0.89
2024/01/01 16:12:51.02,143.02,-31.39,-57.41,-59.99,56.85,-9.92,-0.86
2024/01/01 16:12:51.03,143.03,-31.41,-57.40,-60.00,56.85,-9.79,-0.91
2024/01/01 16:12:51.04,143.04,-31.42,-57.39,-60.04,56.80,-9.68,-1.05
2024/01/01 16:12:51.05,143.05,-31.44,-57.39,-60.06,56.75,-9.63,-1.18
2024/01/01 16:12:51.06,143.06,-31.45,-57.39,-60.06,56.66,-9.62,-1.17
2024/01/01 16:12:51.07,143.07,-31.47,-57.39,-60.05,56.50,-9.65,-1.11
2024/01/01 16:12:51.08,143.08,-31.48,-57.40,-60.07,56.39,-9.68,-1.14
2024/01/01 16:12:51.09,143.09,-31.48,-57.40,-60.09,56.37,-9.66,-1.12
2024/01/01 16:12:51.10,143.10,-31.48,-57.39,-60.10,56.39,-9.65,-0.96
2024/01/01 16:12:51.11,143.11,-31.50,-57.40,-60.10,56.39,-9.67,-0.89
2024/01/01 16:12:51.12,143.12,-31.54,-57.40,-60.10,56.37,-9.69,-1.03
2024/01/01 16:12:51.13,143.13,-31.58,-57.39,-60.10,56.32,-9.68,-1.19
2024/01/01 16:12:51.14,143.14,-31.61,-57.38,-60.09,56.22,-9.68,-1.27
2024/01/01 16:12:51.15,143.15,-31.63,-57.37,-60.08,56.13,-9.71,-1.25
2024/01/01 16:12:51.16,143.16,-31.64,-57.37,-60.07,56.08,-9.73,-1.16
2024/01/01 16:12:51.17,143.17,-31.64,-57.37,-60.06,56.06,-9.77,-1.07
2024/01/01 16:12:51.18,143.18,-31.64,-57.36,-60.06,56.10,-9.81,-1.02
2024/01/01 16:12:51.19,143.19,-31.67,-57.35,-60.03,56.16,-9.86,-0.94
2024/01/01 16:12:51.20,143.20,-31.71,-57.34,-60.00,56.22,-9.90,-0.91
2024/01/01 16:12:51.21,143.21,-31.74,-57.35,-59.97,56.28,-9.92,-1.03
2024/01/01 16:12:51.22,143.22,-31.76,-57.35,-59.95,56.32,-9.90,-1.15
2024/01/01 16:12:51.23,143.23,-31.76,-57.36,-59.91,56.28,-9.84,-1.10
2024/01/01 16:12:51.24,143.24,-31.76,-57.36,-59.88,56.16,-9.82,-0.95
2024/01/01 16:12:51.25,143.25,-31.75,-57.36,-59.85,56.03,-9.81,-0.87
2024/01/01 16:12:51.26,143.26,-31.73,-57.35,-59.82,56.00,-9.80,-0.80
2024/01/01 16:12:51.27,143.27,-31.72,-57.35,-59.78,56.06,-9.77,-0.70
2024/01/01 16:12:51.28,143.28,-31.71,-57.37,-59.75,56.16,-9.75,-0.64
2024/01/01 16:12:51.29,143.29,-31.69,-57.39,-59.76,56.23,-9.71,-0.73
2024/01/01 16:12:51.30,143.30,-31.67,-57.38,-59.78,56.24,-9.67,-0.87
2024/01/01 16:12:51.31,143.31,-31.64,-57.37,-59.82,56.20,-9.66,-0.89
2024/01/01 16:12:51.32,143.32,-31.60,-57.36,-59.83,56.20,-9.69,-0.82
2024/01/01 16:12:51.33,143.33,-31.57,-57.34,-59.82,56.30,-9.72,-0.80
2024/01/01 16:12:51.34,143.34,-31.56,-57.31,-59.82,56.46,-9.68,-0.86
2024/01/01 16:12:51.35,143.35,-31.55,-57.29,-59.84,56.61,-9.61,-0.95
2024/01/01 16:12:51.36,143.36,-31.54,-57.28,-59.86,56.71,-9.56,-1.01
2024/01/01 16:12:51.37,143.37,-31.53,-57.28,-59.86,56.65,-9.56,-0.96
2024/01/01 16:12:51.38,143.38,-31.52,-57.27,-59.85,56.45,-9.65,-0.90
2024/01/01 16:12:51.39,143.39,-31.52,-57.27,-59.85,56.26,-9.77,-0.88
2024/01/01 16:12:51.40,143.40,-31.53,-57.29,-59.85,56.20,-9.86,-0.84
2024/01/01 16:12:51.41,143.41,-31.54,-57.31,-59.86,56.29,-9.88,-0.73
2024/01/01 16:12:51.42,143.42,-31.53,-57.33,-59.88,56.44,-9.84,-0.69
2024/01/01 16:12:51.43,143.43,-31.52,-57.35,-59.88,56.57,-9.75,-0.79
2024/01/01 16:12:51.44,143.44,-31.53,-57.34,-59.88,56.64,-9.62,-0.91
2024/01/01 16:12:51.45,143.45,-31.55,-57.33,-59.88,56.63,-9.53,-0.98
2024/01/01 16:12:51.46,143.46,-31.57,-57.31,-59.89,56.54,-9.55,-1.00
2024/01/01 16:12:51.47,143.47,-31.60,-57.31,-59.90,56.42,-9.66,-0.94
2024/01/01 16:12:51.48,143.48,-31.60,-57.32,-59.92,56.31,-9.76,-0.83
2024/01/01 16:12:51.49,143.49,-31.59,-57.35,-59.94,56.20,-9.79,-0.75
2024/01/01 16:12:51.50,143.50,-31.58,-57.38,-59.95,56.10,-9.75,-0.74
2024/01/01 16:12:51.51,143.51,-31.57,-57.38,-59.95,56.04,-9.66,-0.82
2024/01/01 16:12:51.52,143.52,-31.56,-57.38,-59.97,56.04,-9.58,-0.98
2024/01/01 16:12:51.53,143.53,-31.54,-57.38,-60.01,56.12,-9.56,-1.13
2024/01/01 16:12:51.54,143.54,-31.53,-57.39,-60.05,56.20,-9.59,-1.15
2024/01/01 16:12:51.55,143.55,-31.54,-57.39,-60.06,56.24,-9.66,-1.09
2024/01/01 16:12:51.56,143.56,-31.54,-57.39,-60.06,56.26,-9.74,-1.07
2024/01/01 16:12:51.57,143.57,-31.54,-57.38,-60.07,56.32,-9.82,-1.10
2024/01/01 16:12:51.58,143.58,-31.55,-57.37,-60.08,56.42,-9.94,-1.09
2024/01/01 16:12:51.59,143.59,-31.57,-57.37,-60.08,56.51,-10.10,-1.03
2024/01/01 16:12:51.60,143.60,-31.59,-57.37,-60.07,56.50,-10.21,-1.02
2024/01/01 16:12:51.61,143.61,-31.61,-57.38,-60.06,56.44,-10.18,-1.11
2024/01/01 16:12:51.62,143.62,-31.61,-57.40,-60.06,56.40,-10.09,-1.15
2024/01/01 16:12:51.63,143.63,-31.60,-57.41,-60.09,56.41,-10.00,-1.08
2024/01/01 16:12:51.64,143.64,-31.59,-57.43,-60.11,56.45,-9.93,-0.96
2024/01/01 16:12:51.65,143.65,-31.60,-57.45,-60.11,56.47,-9.87,-0.92
2024/01/01 16:12:51.66,143.66,-31.60,-57.45,-60.12,56.43,-9.79,-1.05
2024/01/01 16:12:51.67,143.67,-31.60,-57.45,-60.13,56.36,-9.69,-1.23
2024/01/01 16:12:51.68,143.68,-31.60,-57.43,-60.13,56.33,-9.58,-1.29
2024/01/01 16:12:51.69,143.69,-31.60,-57.41,-60.13,56.32,-9.49,-1.26
2024/01/01 16:12:51.70,143.70,-31.61,-57.38,-60.12,56.31,-9.44,-1.26
2024/01/01 16:12:51.71,143.71,-31.61,-57.36,-60.13,56.26,-9.44,-1.28
2024/01/01 16:12:51.72,143.72,-31.60,-57.34,-60.14,56.20,-9.53,-1.20
2024/01/01 16:12:51.73,143.73,-31.59,-57.30,-60.14,56.15,-9.69,-1.04
2024/01/01 16:12:51.74,143.74,-31.60,-57.26,-60.13,56.15,-9.85,-0.97
2024/01/01 16:12:51.75,143.75,-31.61,-57.24,-60.13,56.25,-9.93,-1.08
2024/01/01 16:12:51.76,143.76,-31.63,-57.23,-60.15,56.38,-9.95,-1.25
2024/01/01 16:12:51.77,143.77,-31.64,-57.24,-60.17,56.43,-9.93,-1.30
2024/01/01 16:12:51.78,143.78,-31.65,-57.23,-60.19,56.35,-9.91,-1.21
2024/01/01 16:12:51.79,143.79,-31.65,-57.22,-60.18,56.22,-9.87,-1.15
2024/01/01 16:12:51.80,143.80,-31.66,-57.20,-60.16,56.14,-9.79,-1.14
2024/01/01 16:12:51.81,143.81,-31.67,-57.21,-60.16,56.18,-9.68,-1.11
2024/01/01 16:12:51.82,143.82,-31.66,-57.23,-60.17,56.25,-9.58,-1.08
2024/01/01 16:12:51.83,143.83,-31.65,-57.26,-60.18,56.29,-9.47,-1.09
2024/01/01 16:12:51.84,143.84,-31.64,-57.26,-60.18,56.23,-9.36,-1.14
2024/01/01 16:12:51.85,143.85,-31.67,-57.25,-60.17,56.10,-9.32,-1.26
2024/01/01 16:12:51.86,143.86,-31.70,-57.24,-60.16,55.99,-9.34,-1.37
2024/01/01 16:12:51.87,143.87,-31.71,-57.23,-60.15,56.00,-9.36,-1.33
2024/01/01 16:12:51.88,143.88,-31.69,-57.22,-60.13,56.08,-9.38,-1.18
2024/01/01 16:12:51.89,143.89,-31.68,-57.22,-60.10,56.18,-9.43,-1.04
2024/01/01 16:12:51.90,143.90,-31.68,-57.22,-60.07,56.24,-9.54,-0.97
2024/01/01 16:12:51.91,143.91,-31.70,-57.19,-60.04,56.24,-9.66,-0.97
2024/01/01 16:12:51.92,143.92,-31.73,-57.18,-59.99,56.21,-9.77,-0.99
2024/01/01 16:12:51.93,143.93,-31.74,-57.19,-59.96,56.20,-9.86,-0.96
2024/01/01 16:12:51.94,143.94,-31.75,-57.22,-59.95,56.18,-9.88,-0.94
2024/01/01 16:12:51.95,143.95,-31.76,-57.25,-59.94,56.11,-9.84,-0.93
2024/01/01 16:12:51.96,143.96,-31.79,-57.28,-59.93,56.01,-9.75,-0.86
2024/01/01 16:12:51.97,143.97,-31.82,-57.29,-59.92,55.96,-9.66,-0.80
2024/01/01 16:12:51.98,143.98,-31.83,-57.30,-59.91,56.01,-9.60,-0.86
2024/01/01 16:12:51.99,143.99,-31.85,-57.30,-59.90,56.13,-9.57,-0.92
2024/01/01 16:12:52.00,144.00,-31.87,-57.31,-59.88,56.23,-9.57,-0.92
2024/01/01 16:12:52.01,144.01,-31.89,-57.32,-59.87,56.21,-9.61,-0.94
2024/01/01 16:12:52.02,144.02,-31.90,-57.33,-59.87,56.07,-9.67,-0.97
2024/01/01 16:12:52.03,144.03,-31.90,-57.34,-59.87,55.93,-9.72,-0.90
2024/01/01 16:12:52.04,144.04,-31.89,-57.34,-59.85,55.87,-9.77,-0.77
2024/01/01 16:12:52.05,144.05,-31.87,-57.33,-59.82,55.93,-9.85,-0.69
2024/01/01 16:12:52.06,144.06,-31.85,-57.34,-59.82,56.04,-9.90,-0.79
2024/01/01 16:12:52.07,144.07,-31.85,-57.36,-59.82,56.12,-9.88,-0.95
2024/01/01 16:12:52.08,144.08,-31.85,-57.36,-59.82,56.10,-9.81,-0.97
2024/01/01 16:12:52.09,144.09,-31.87,-57.37,-59.81,56.01,-9.77,-0.87
2024/01/01 16:12:52.10,144.10,-31.89,-57.38,-59.80,55.92,-9.77,-0.85
2024/01/01 16:12:52.11,144.11,-31.90,-57.38,-59.79,55.90,-9.79,-0.87
2024/01/01 16:12:52.12,144.12,-31.89,-57.38,-59.78,55.92,-9.79,-0.79
2024/01/01 16:12:52.13,144.13,-31.89,-57.40,-59.77,55.98,-9.81,-0.68
2024/01/01 16:12:52.14,144.14,-31.89,-57.41,-59.75,56.05,-9.81,-0.62
2024/01/01 16:12:52.15,144.15,-31.90,-57.40,-59.73,56.11,-9.74,-0.60
2024/01/01 16:12:52.16,144.16,-31.90,-57.39,-59.73,56.15,-9.68,-0.66
2024/01/01 16:12:52.17,144.17,-31.89,-57.37,-59.74,56.18,-9.72,-0.76
2024/01/01 16:12:52.18,144.18,-31.89,-57.34,-59.74,56.17,-9.84,-0.79
2024/01/01 16:12:52.19,144.19,-31.89,-57.32,-59.72,56.12,-9.98,-0.77
2024/01/01 16:12:52.20,144.20,-31.88,-57.30,-59.70,56.08,-10.07,-0.81
2024/01/01 16:12:52.21,144.21,-31.85,-57.29,-59.69,56.11,-10.03,-0.84
2024/01/01 16:12:52.22,144.22,-31.81,-57.28,-59.67,56.19,-9.84,-0.73
2024/01/01 16:12:52.23,144.23,-31.76,-57.27,-59.67,56.23,-9.61,-0.58
2024/01/01 16:12:52.24,144.24,-31.73,-57.25,-59.67,56.20,-9.44,-0.57
2024/01/01 16:12:52.25,144.25,-31.73,-57.21,-59.67,56.12,-9.35,-0.65
2024/01/01 16:12:52.26,144.26,-31.73,-57.18,-59.67,56.00,-9.33,-0.72
2024/01/01 16:12:52.27,144.27,-31.75,-57.16,-59.67,55.90,-9.42,-0.76
2024/01/01 16:12:52.28,144.28,-31.75,-57.15,-59.66,55.87,-9.56,-0.75
2024/01/01 16:12:52.29,144.29,-31.74,-57.14,-59.65,55.92,-9.67,-0.69
2024/01/01 16:12:52.30,144.30,-31.71,-57.13,-59.67,56.03,-9.72,-0.63
2024/01/01 16:12:52.31,144.31,-31.67,-57.12,-59.69,56.22,-9.70,-0.58
2024/01/01 16:12:52.32,144.32,-31.63,-57.12,-59.69,56.43,-9.63,-0.51
2024/01/01 16:12:52.33,144.33,-31.61,-57.12,-59.70,56.58,-9.52,-0.55
2024/01/01 16:12:52.34,144.34,-31.61,-57.12,-59.69,56.63,-9.41,-0.73
2024/01/01 16:12:52.35,144.35,-31.62,-57.12,-59.68,56.56,-9.29,-0.84
2024/01/01 16:12:52.36,144.36,-31.61,-57.12,-59.67,56.38,-9.23,-0.82
2024/01/01 16:12:52.37,144.37,-31.58,-57.12,-59.68,56.17,-9.27,-0.77
2024/01/01 16:12:52.38,144.38,-31.57,-57.13,-59.68,56.02,-9.36,-0.66
2024/01/01 16:12:52.39,144.39,-31.57,-57.13,-59.66,55.99,-9.44,-0.48
2024/01/01 16:12:52.40,144.40,-31.58,-57.13,-59.64,56.05,-9.46,-0.45
2024/01/01 16:12:52.41,144.41,-31.60,-57.13,-59.62,56.18,-9.43,-0.59
2024/01/01 16:12:52.42,144.42,-31.62,-57.14,-59.58,56.28,-9.39,-0.68
2024/01/01 16:12:52.43,144.43,-31.63,-57.15,-59.55,56.27,-9.41,-0.66
2024/01/01 16:12:52.44,144.44,-31.62,-57.16,-59.54,56.23,-9.50,-0.70
2024/01/01 16:12:52.45,144.45,-31.62,-57.15,-59.56,56.24,-9.59,-0.72
2024/01/01 16:12:52.46,144.46,-31.61,-57.15,-59.58,56.32,-9.66,-0.62
2024/01/01 16:12:52.47,144.47,-31.60,-57.15,-59.57,56.43,-9.74,-0.46
2024/01/01 16:12:52.48,144.48,-31.60,-57.16,-59.55,56.55,-9.78,-0.42
2024/01/01 16:12:52.49,144.49,-31.60,-57.16,-59.52,56.63,-9.76,-0.53
2024/01/01 16:12:52.50,144.50,-31.59,-57.17,-59.49,56.60,-9.72,-0.67
2024/01/01 16:12:52.51,144.51,-31.57,-57.17,-59.49,56.48,-9.73,-0.71
2024/01/01 16:12:52.52,144.52,-31.53,-57.18,-59.50,56.34,-9.75,-0.62
2024/01/01 16:12:52.53,144.53,-31.51,-57.19,-59.51,56.21,-9.75,-0.47
2024/01/01 16:12:52.54,144.54,-31.50,-57.20,-59.52,56.15,-9.67,-0.38
2024/01/01 16:12:52.55,144.55,-31.50,-57.20,-59.54,56.21,-9.53,-0.41
2024/01/01 16:12:52.56,144.56,-31.51,-57.19,-59.54,56.36,-9.35,-0.50
2024/01/01 16:12:52.57,144.57,-31.51,-57.17,-59.55,56.51,-9.21,-0.58
2024/01/01 16:12:52.58,144.58,-31.50,-57.15,-59.57,56.55,-9.18,-0.72
2024/01/01 16:12:52.59,144.59,-31.48,-57.13,-59.59,56.49,-9.27,-0.86
2024/01/01 16:12:52.60,144.60,-31.46,-57.12,-59.60,56.43,-9.45,-0.80
2024/01/01 16:12:52.61,144.61,-31.44,-57.09,-59.60,56.39,-9.65,-0.59
2024/01/01 16:12:52.62,144.62,-31.44,-57.07,-59.62,56.43,-9.78,-0.50
2024/01/01 16:12:52.63,144.63,-31.45,-57.05,-59.62,56.53,-9.77,-0.52
2024/01/01 16:12:52.64,144.64,-31.46,-57.03,-59.62,56.58,-9.65,-0.50
2024/01/01 16:12:52.65,144.65,-31.47,-57.04,-59.62,56.52,-9.48,-0.50
2024/01/01 16:12:52.66,144.66,-31.47,-57.07,-59.61,56.38,-9.32,-0.60
2024/01/01 16:12:52.67,144.67,-31.46,-57.09,-59.60,56.29,-9.19,-0.70
2024/01/01 16:12:52.68,144.68,-31.45,-57.11,-59.60,56.30,-9.11,-0.71
2024/01/01 16:12:52.69,144.69,-31.45,-57.14,-59.60,56.43,-9.09,-0.66
2024/01/01 16:12:52.70,144.70,-31.47,-57.16,-59.60,56.57,-9.12,-0.61
2024/01/01 16:12:52.71,144.71,-31.49,-57.18,-59.60,56.63,-9.20,-0.55
2024/01/01 16:12:52.72,144.72,-31.51,-57.19,-59.58,56.56,-9.36,-0.50
2024/01/01 16:12:52.73,144.73,-31.52,-57.18,-59.56,56.42,-9.58,-0.51
2024/01/01 16:12:52.74,144.74,-31.53,-57.16,-59.54,56.31,-9.78,-0.53
2024/01/01 16:12:52.75,144.75,-31.53,-57.14,-59.52,56.26,-9.89,-0.53
2024/01/01 16:12:52.76,144.76,-31.53,-57.13,-59.51,56.27,-9.91,-0.53
2024/01/01 16:12:52.77,144.77,-31.54,-57.14,-59.50,56.33,-9.88,-0.54
2024/01/01 16:12:52.78,144.78,-31.56,-57.14,-59.49,56.38,-9.80,-0.49
2024/01/01 16:12:52.79,144.79,-31.59,-57.15,-59.48,56.39,-9.72,-0.44
2024/01/01 16:12:52.80,144.80,-31.61,-57.15,-59.47,56.34,-9.67,-0.46
2024/01/01 16:12:52.81,144.81,-31.63,-57.15,-59.46,56.30,-9.65,-0.47
2024/01/01 16:12:52.82,144.82,-31.63,-57.14,-59.44,56.28,-9.63,-0.42
2024/01/01 16:12:52.83,144.83,-31.63,-57.14,-59.43,56.27,-9.59,-0.42
2024/01/01 16:12:52.84,144.84,-31.65,-57.13,-59.41,56.26,-9.52,-0.47
2024/01/01 16:12:52.85,144.85,-31.67,-57.13,-59.41,56.28,-9.42,-0.47
2024/01/01 16:12:52.86,144.86,-31.69,-57.12,-59.42,56.28,-9.36,-0.44
2024/01/01 16:12:52.87,144.87,-31.71,-57.13,-59.41,56.25,-9.36,-0.43
2024/01/01 16:12:52.88,144.88,-31.74,-57.12,-59.40,56.17,-9.41,-0.44
2024/01/01 16:12:52.89,144.89,-31.75,-57.10,-59.39,56.10,-9.46,-0.45
2024/01/01 16:12:52.90,144.90,-31.75,-57.08,-59.40,56.08,-9.49,-0.45
2024/01/01 16:12:52.91,144.91,-31.75,-57.05,-59.40,56.12,-9.50,-0.41
2024/01/01 16:12:52.92,144.92,-31.74,-57.02,-59.41,56.21,-9.50,-0.36
2024/01/01 16:12:52.93,144.93,-31.73,-56.99,-59.42,56.30,-9.48,-0.37
2024/01/01 16:12:52.94,144.94,-31.72,-56.97,-59.43,56.31,-9.44,-0.42
2024/01/01 16:12:52.95,144.95,-31.70,-56.97,-59.44,56.25,-9.37,-0.44
2024/01/01 16:12:52.96,144.96,-31.69,-56.97,-59.46,56.17,-9.28,-0.42
2024/01/01 16:12:52.97,144.97,-31.69,-56.98,-59.48,56.09,-9.22,-0.42
2024/01/01 16:12:52.98,144.98,-31.68,-56.98,-59.51,56.05,-9.17,-0.48
2024/01/01 16:12:52.99,144.99,-31.66,-56.97,-59.54,56.09,-9.16,-0.60
2024/01/01 16:12:53.00,145.00,-31.64,-56.94,-59.54,56.15,-9.20,-0.70
2024/01/01 16:12:53.01,145.01,-31.63,-56.93,-59.53,56.21,-9.26,-0.74
2024/01/01 16:12:53.02,145.02,-31.63,-56.94,-59.53,56.28,-9.33,-0.71
2024/01/01 16:12:53.03,145.03,-31.62,-56.96,-59.54,56.35,-9.38,-0.66
2024/01/01 16:12:53.04,145.04,-31.62,-56.99,-59.54,56.41,-9.41,-0.54
2024/01/01 16:12:53.05,145.05,-31.63,-57.02,-59.53,56.42,-9.45,-0.43
2024/01/01 16:12:53.06,145.06,-31.63,-57.04,-59.50,56.37,-9.46,-0.42
2024/01/01 16:12:53.07,145.07,-31.64,-57.05,-59.48,56.35,-9.39,-0.50
2024/01/01 16:12:53.08,145.08,-31.64,-57.05,-59.47,56.35,-9.27,-0.56
2024/01/01 16:12:53.09,145.09,-31.64,-57.06,-59.47,56.39,-9.18,-0.56
2024/01/01 16:12:53.10,145.10,-31.64,-57.06,-59.46,56.41,-9.17,-0.48
2024/01/01 16:12:53.11,145.11,-31.63,-57.06,-59.45,56.40,-9.23,-0.39
2024/01/01 16:12:53.12,145.12,-31.63,-57.06,-59.43,56.37,-9.33,-0.35
2024/01/01 16:12:53.13,145.13,-31.64,-57.06,-59.40,56.35,-9.44,-0.39
2024/01/01 16:12:53.14,145.14,-31.66,-57.07,-59.38,56.34,-9.52,-0.45
2024/01/01 16:12:53.15,145.15,-31.67,-57.07,-59.38,56.34,-9.59,-0.51
2024/01/01 16:12:53.16,145.16,-31.69,-57.08,-59.38,56.30,-9.63,-0.54
2024/01/01 16:12:53.17,145.17,-31.72,-57.08,-59.36,56.24,-9.66,-0.47
2024/01/01 16:12:53.18,145.18,-31.75,-57.08,-59.34,56.17,-9.70,-0.33
2024/01/01 16:12:53.19,145.19,-31.77,-57.07,-59.32,56.13,-9.73,-0.23
2024/01/01 16:12:53.20,145.20,-31.79,-57.07,-59.30,56.15,-9.74,-0.18
2024/01/01 16:12:53.21,145.21,-31.80,-57.07,-59.29,56.23,-9.68,-0.17
2024/01/01 16:12:53.22,145.22,-31.80,-57.09,-59.30,56.27,-9.59,-0.24
2024/01/01 16:12:53.23,145.23,-31.83,-57.10,-59.29,56.24,-9.48,-0.32
2024/01/01 16:12:53.24,145.24,-31.87,-57.10,-59.29,56.17,-9.37,-0.33
2024/01/01 16:12:53.25,145.25,-31.90,-57.08,-59.29,56.12,-9.29,-0.35
2024/01/01 16:12:53.26,145.26,-31.91,-57.07,-59.32,56.13,-9.27,-0.41
2024/01/01 16:12:53.27,145.27,-31.89,-57.07,-59.35,56.14,-9.31,-0.38
2024/01/01 16:12:53.28,145.28,-31.87,-57.07,-59.37,56.06,-9.37,-0.25
2024/01/01 16:12:53.29,145.29,-31.86,-57.07,-59.37,55.91,-9.43,-0.18
2024/01/01 16:12:53.30,145.30,-31.86,-57.06,-59.36,55.80,-9.44,-0.24
2024/01/01 16:12:53.31,145.31,-31.87,-57.06,-59.38,55.80,-9.40,-0.35
2024/01/01 16:12:53.32,145.32,-31.88,-57.06,-59.40,55.90,-9.35,-0.42
2024/01/01 16:12:53.33,145.33,-31.87,-57.07,-59.42,56.03,-9.35,-0.44
2024/01/01 16:12:53.34,145.34,-31.87,-57.10,-59.45,56.08,-9.38,-0.47
2024/01/01 16:12:53.35,145.35,-31.85,-57.11,-59.48,56.03,-9.43,-0.52
2024/01/01 16:12:53.36,145.36,-31.84,-57.10,-59.51,55.97,-9.51,-0.51
2024/01/01 16:12:53.37,145.37,-31.83,-57.07,-59.53,55.98,-9.59,-0.44
2024/01/01 16:12:53.38,145.38,-31.82,-57.07,-59.54,56.10,-9.64,-0.46
2024/01/01 16:12:53.39,145.39,-31.80,-57.08,-59.56,56.21,-9.60,-0.61
2024/01/01 16:12:53.40,145.40,-31.79,-57.10,-59.59,56.25,-9.52,-0.71
2024/01/01 16:12:53.41,145.41,-31.79,-57.11,-59.61,56.19,-9.48,-0.70
2024/01/01 16:12:53.42,145.42,-31.79,-57.13,-59.63,56.11,-9.51,-0.62
2024/01/01 16:12:53.43,145.43,-31.79,-57.14,-59.65,56.08,-9.56,-0.58
2024/01/01 16:12:53.44,145.44,-31.77,-57.14,-59.68,56.14,-9.59,-0.61
2024/01/01 16:12:53.45,145.45,-31.76,-57.13,-59.70,56.25,-9.56,-0.65
2024/01/01 16:12:53.46,145.46,-31.74,-57.13,-59.71,56.32,-9.46,-0.65
2024/01/01 16:12:53.47,145.47,-31.72,-57.13,-59.72,56.32,-9.35,-0.74
2024/01/01 16:12:53.48,145.48,-31.72,-57.12,-59.73,56.29,-9.31,-0.90
2024/01/01 16:12:53.49,145.49,-31.72,-57.11,-59.73,56.27,-9.37,-0.91
2024/01/01 16:12:53.50,145.50,-31.72,-57.09,-59.72,56.23,-9.53,-0.77
2024/01/01 16:12:53.51,145.51,-31.72,-57.09,-59.70,56.18,-9.72,-0.74
2024/01/01 16:12:53.52,145.52,-31.72,-57.10,-59.69,56.13,-9.84,-0.78
2024/01/01 16:12:53.53,145.53,-31.70,-57.12,-59.70,56.11,-9.82,-0.73
2024/01/01 16:12:53.54,145.54,-31.70,-57.12,-59.71,56.14,-9.71,-0.63
2024/01/01 16:12:53.55,145.55,-31.70,-57.12,-59.71,56.20,-9.61,-0.55
2024/01/01 16:12:53.56,145.56,-31.71,-57.12,-59.70,56.23,-9.52,-0.60
2024/01/01 16:12:53.57,145.57,-31.73,-57.12,-59.69,56.24,-9.46,-0.75
2024/01/01 16:12:53.58,145.58,-31.74,-57.12,-59.69,56.21,-9.43,-0.84
2024/01/01 16:12:53.59,145.59,-31.74,-57.11,-59.69,56.15,-9.39,-0.81
2024/01/01 16:12:53.60,145.60,-31.74,-57.10,-59.68,56.09,-9.36,-0.79
2024/01/01 16:12:53.61,145.61,-31.73,-57.09,-59.66,56.05,-9.36,-0.80
2024/01/01 16:12:53.62,145.62,-31.72,-57.10,-59.65,56.09,-9.41,-0.72
2024/01/01 16:12:53.63,145.63,-31.71,-57.09,-59.64,56.19,-9.48,-0.59
2024/01/01 16:12:53.64,145.64,-31.69,-57.08,-59.63,56.31,-9.50,-0.54
2024/01/01 16:12:53.65,145.65,-31.67,-57.05,-59.60,56.35,-9.45,-0.54
2024/01/01 16:12:53.66,145.66,-31.66,-57.03,-59.57,56.29,-9.41,-0.57
2024/01/01 16:12:53.67,145.67,-31.64,-57.03,-59.57,56.18,-9.41,-0.65
2024/01/01 16:12:53.68,145.68,-31.61,-57.04,-59.57,56.09,-9.42,-0.66
2024/01/01 16:12:53.69,145.69,-31.59,-57.05,-59.56,56.05,-9.46,-0.57
2024/01/01 16:12:53.70,145.70,-31.56,-57.06,-59.55,56.09,-9.51,-0.50
2024/01/01 16:12:53.71,145.71,-31.54,-57.06,-59.56,56.24,-9.54,-0.55
2024/01/01 16:12:53.72,145.72,-31.52,-57.05,-59.56,56.39,-9.50,-0.63
2024/01/01 16:12:53.73,145.73,-31.49,-57.05,-59.55,56.47,-9.44,-0.62
2024/01/01 16:12:53.74,145.74,-31.47,-57.05,-59.53,56.48,-9.40,-0.55
2024/01/01 16:12:53.75,145.75,-31.46,-57.06,-59.52,56.48,-9.38,-0.56
2024/01/01 16:12:53.76,145.76,-31.45,-57.07,-59.51,56.51,-9.34,-0.62
2024/01/01 16:12:53.77,145.77,-31.45,-57.07,-59.50,56.60,-9.31,-0.58
2024/01/01 16:12:53.78,145.78,-31.43,-57.07,-59.50,56.69,-9.29,-0.46
2024/01/01 16:12:53.79,145.79,-31.40,-57.08,-59.51,56.74,-9.28,-0.41
2024/01/01 16:12:53.80,145.80,-31.37,-57.09,-59.53,56.73,-9.30,-0.42
2024/01/01 16:12:53.81,145.81,-31.35,-57.09,-59.54,56.66,-9.35,-0.38
2024/01/01 16:12:53.82,145.82,-31.35,-57.09,-59.55,56.60,-9.42,-0.39
2024/01/01 16:12:53.83,145.83,-31.35,-57.08,-59.56,56.64,-9.46,-0.56
2024/01/01 16:12:53.84,145.84,-31.36,-57.06,-59.55,56.75,-9.46,-0.77
2024/01/01 16:12:53.85,145.85,-31.35,-57.05,-59.55,56.80,-9.45,-0.85
2024/01/01 16:12:53.86,145.86,-31.34,-57.06,-59.56,56.75,-9.46,-0.79
2024/01/01 16:12:53.87,145.87,-31.35,-57.06,-59.56,56.62,-9.45,-0.65
2024/01/01 16:12:53.88,145.88,-31.38,-57.06,-59.54,56.47,-9.40,-0.48
2024/01/01 16:12:53.89,145.89,-31.41,-57.08,-59.52,56.40,-9.35,-0.36
2024/01/01 16:12:53.90,145.90,-31.42,-57.12,-59.52,56.44,-9.36,-0.38
2024/01/01 16:12:53.91,145.91,-31.43,-57.14,-59.51,56.54,-9.40,-0.44
2024/01/01 16:12:53.92,145.92,-31.44,-57.14,-59.50,56.55,-9.46,-0.48
2024/01/01 16:12:53.93,145.93,-31.45,-57.13,-59.49,56.47,-9.51,-0.58
2024/01/01 16:12:53.94,145.94,-31.46,-57.12,-59.51,56.41,-9.55,-0.70
2024/01/01 16:12:53.95,145.95,-31.46,-57.11,-59.53,56.44,-9.54,-0.69
2024/01/01 16:12:53.96,145.96,-31.46,-57.10,-59.53,56.50,-9.48,-0.54
2024/01/01 16:12:53.97,145.97,-31.46,-57.10,-59.52,56.52,-9.41,-0.48
2024/01/01 16:12:53.98,145.98,-31.47,-57.12,-59.52,56.50,-9.38,-0.56
2024/01/01 16:12:53.99,145.99,-31.49,-57.13,-59.53,56.43,-9.40,-0.64
2024/01/01 16:12:54.00,146.00,-31.50,-57.13,-59.53,56.33,-9.48,-0.59
2024/01/01 16:12:54.01,146.01,-31.50,-57.13,-59.54,56.29,-9.58,-0.51
2024/01/01 16:12:54.02,146.02,-31.47,-57.13,-59.56,56.37,-9.60,-0.56
2024/01/01 16:12:54.03,146.03,-31.44,-57.11,-59.58,56.48,-9.54,-0.64
2024/01/01 16:12:54.04,146.04,-31.43,-57.11,-59.58,56.56,-9.51,-0.63
2024/01/01 16:12:54.05,146.05,-31.44,-57.12,-59.57,56.57,-9.52,-0.60
2024/01/01 16:12:54.06,146.06,-31.44,-57.14,-59.56,56.55,-9.54,-0.68
2024/01/01 16:12:54.07,146.07,-31.44,-57.16,-59.57,56.52,-9.53,-0.79
2024/01/01 16:12:54.08,146.08,-31.42,-57.16,-59.58,56.46,-9.52,-0.78
2024/01/01 16:12:54.09,146.09,-31.40,-57.16,-59.57,56.39,-9.54,-0.65
2024/01/01 16:12:54.10,146.10,-31.39,-57.15,-59.56,56.35,-9.55,-0.54
2024/01/01 16:12:54.11,146.11,-31.38,-57.14,-59.56,56.41,-9.49,-0.57
2024/01/01 16:12:54.12,146.12,-31.38,-57.13,-59.56,56.57,-9.42,-0.62
2024/01/01 16:12:54.13,146.13,-31.40,-57.12,-59.56,56.75,-9.41,-0.59
2024/01/01 16:12:54.14,146.14,-31.40,-57.12,-59.55,56.82,-9.43,-0.58
2024/01/01 16:12:54.15,146.15,-31.40,-57.12,-59.55,56.75,-9.46,-0.69
2024/01/01 16:12:54.16,146.16,-31.39,-57.12,-59.56,56.62,-9.50,-0.78
2024/01/01 16:12:54.17,146.17,-31.39,-57.13,-59.55,56.52,-9.52,-0.67
2024/01/01 16:12:54.18,146.18,-31.40,-57.13,-59.54,56.53,-9.52,-0.48
2024/01/01 16:12:54.19,146.19,-31.41,-57.13,-59.52,56.63,-9.45,-0.46
2024/01/01 16:12:54.20,146.20,-31.42,-57.13,-59.50,56.71,-9.36,-0.62
2024/01/01 16:12:54.21,146.21,-31.42,-57.14,-59.51,56.66,-9.30,-0.69
2024/01/01 16:12:54.22,146.22,-31.42,-57.15,-59.52,56.49,-9.35,-0.58
2024/01/01 16:12:54.23,146.23,-31.43,-57.15,-59.51,56.30,-9.47,-0.48
2024/01/01 16:12:54.24,146.24,-31.45,-57.15,-59.49,56.24,-9.58,-0.48
2024/01/01 16:12:54.25,146.25,-31.45,-57.14,-59.49,56.36,-9.62,-0.55
2024/01/01 16:12:54.26,146.26,-31.45,-57.14,-59.51,56.56,-9.64,-0.59
2024/01/01 16:12:54.27,146.27,-31.44,-57.14,-59.52,56.68,-9.66,-0.53
2024/01/01 16:12:54.28,146.28,-31.44,-57.14,-59.52,56.65,-9.63,-0.48
2024/01/01 16:12:54.29,146.29,-31.45,-57.14,-59.51,56.52,-9.57,-0.54
2024/01/01 16:12:54.30,146.30,-31.48,-57.15,-59.51,56.44,-9.49,-0.63
2024/01/01 16:12:54.31,146.31,-31.49,-57.16,-59.52,56.45,-9.43,-0.64
2024/01/01 16:12:54.32,146.32,-31.50,-57.17,-59.52,56.46,-9.40,-0.59
2024/01/01 16:12:54.33,146.33,-31.51,-57.19,-59.53,56.41,-9.38,-0.55
2024/01/01 16:12:54.34,146.34,-31.51,-57.20,-59.55,56.28,-9.38,-0.53
2024/01/01 16:12:54.35,146.35,-31.50,-57.20,-59.56,56.15,-9.39,-0.50
2024/01/01 16:12:54.36,146.36,-31.51,-57.20,-59.56,56.12,-9.42,-0.46
2024/01/01 16:12:54.37,146.37,-31.54,-57.20,-59.55,56.24,-9.47,-0.50
2024/01/01 16:12:54.38,146.38,-31.57,-57.18,-59.54,56.43,-9.52,-0.65
2024/01/01 16:12:54.39,146.39,-31.59,-57.17,-59.55,56.59,-9.56,-0.77
2024/01/01 16:12:54.40,146.40,-31.59,-57.17,-59.56,56.62,-9.63,-0.70
2024/01/01 16:12:54.41,146.41,-31.59,-57.19,-59.58,56.54,-9.72,-0.54
2024/01/01 16:12:54.42,146.42,-31.59,-57.19,-59.59,56.44,-9.79,-0.44
2024/01/01 16:12:54.43,146.43,-31.60,-57.19,-59.59,56.39,-9.79,-0.41
2024/01/01 16:12:54.44,146.44,-31.60,-57.18,-59.61,56.39,-9.75,-0.44
2024/01/01 16:12:54.45,146.45,-31.61,-57.17,-59.61,56.40,-9.69,-0.55
2024/01/01 16:12:54.46,146.46,-31.61,-57.16,-59.61,56.34,-9.60,-0.69
2024/01/01 16:12:54.47,146.47,-31.62,-57.15,-59.62,56.22,-9.48,-0.80
2024/01/01 16:12:54.48,146.48,-31.62,-57.14,-59.65,56.11,-9.39,-0.85
2024/01/01 16:12:54.49,146.49,-31.61,-57.13,-59.67,56.08,-9.37,-0.80
2024/01/01 16:12:54.50,146.50,-31.61,-57.12,-59.69,56.09,-9.43,-0.68
2024/01/01 16:12:54.51,146.51,-31.60,-57.12,-59.71,56.11,-9.51,-0.62
2024/01/01 16:12:54.52,146.52,-31.61,-57.11,-59.73,56.17,-9.55,-0.68
2024/01/01 16:12:54.53,146.53,-31.62,-57.10,-59.74,56.26,-9.52,-0.72
2024/01/01 16:12:54.54,146.54,-31.61,-57.09,-59.75,56.34,-9.45,-0.75
2024/01/01 16:12:54.55,146.55,-31.57,-57.07,-59.78,56.40,-9.37,-0.88
2024/01/01 16:12:54.56,146.56,-31.53,-57.04,-59.80,56.44,-9.31,-1.00
2024/01/01 16:12:54.57,146.57,-31.50,-57.02,-59.82,56.42,-9.28,-0.96
2024/01/01 16:12:54.58,146.58,-31.47,-57.01,-59.85,56.38,-9.31,-0.88
2024/01/01 16:12:54.59,146.59,-31.45,-57.01,-59.85,56.37,-9.35,-0.85
2024/01/01 16:12:54.60,146.60,-31.43,-57.01,-59.85,56.42,-9.34,-0.84
2024/01/01 16:12:54.61,146.61,-31.40,-57.00,-59.85,56.48,-9.30,-0.85
2024/01/01 16:12:54.62,146.62,-31.37,-56.99,-59.87,56.50,-9.30,-0.93
2024/01/01 16:12:54.63,146.63,-31.35,-56.99,-59.88,56.49,-9.32,-0.99
2024/01/01 16:12:54.64,146.64,-31.33,-56.98,-59.89,56.48,-9.33,-0.97
2024/01/01 16:12:54.65,146.65,-31.33,-56.96,-59.88,56.55,-9.33,-0.94
2024/01/01 16:12:54.66,146.66,-31.32,-56.96,-59.89,56.71,-9.31,-0.95
2024/01/01 16:12:54.67,146.67,-31.32,-56.95,-59.89,56.88,-9.30,-0.95
2024/01/01 16:12:54.68,146.68,-31.33,-56.94,-59.89,56.94,-9.32,-0.89
2024/01/01 16:12:54.69,146.69,-31.33,-56.93,-59.89,56.83,-9.40,-0.79
2024/01/01 16:12:54.70,146.70,-31.32,-56.91,-59.90,56.64,-9.48,-0.79
2024/01/01 16:12:54.71,146.71,-31.31,-56.91,-59.91,56.50,-9.49,-0.86
2024/01/01 16:12:54.72,146.72,-31.31,-56.92,-59.92,56.49,-9.43,-0.87
2024/01/01 16:12:54.73,146.73,-31.33,-56.95,-59.93,56.56,-9.28,-0.85
2024/01/01 16:12:54.74,146.74,-31.34,-56.97,-59.95,56.62,-9.10,-0.94
2024/01/01 16:12:54.75,146.75,-31.34,-56.97,-59.98,56.65,-8.94,-1.08
2024/01/01 16:12:54.76,146.76,-31.34,-56.95,-59.99,56.59,-8.91,-1.10
2024/01/01 16:12:54.77,146.77,-31.34,-56.93,-60.00,56.48,-9.03,-1.02
2024/01/01 16:12:54.78,146.78,-31.36,-56.92,-60.02,56.39,-9.21,-1.02
2024/01/01 16:12:54.79,146.79,-31.38,-56.90,-60.03,56.36,-9.33,-1.08
2024/01/01 16:12:54.80,146.80,-31.40,-56.90,-60.03,56.37,-9.37,-1.08
2024/01/01 16:12:54.81,146.81,-31.40,-56.92,-60.03,56.38,-9.41,-1.06
2024/01/01 16:12:54.82,146.82,-31.41,-56.94,-60.03,56.39,-9.46,-1.09
2024/01/01 16:12:54.83,146.83,-31.42,-56.95,-60.03,56.39,-9.45,-1.10
2024/01/01 16:12:54.84,146.84,-31.43,-56.95,-60.03,56.38,-9.41,-1.02
2024/01/01 16:12:54.85,146.85,-31.44,-56.95,-60.03,56.38,-9.38,-0.99
2024/01/01 16:12:54.86,146.86,-31.45,-56.96,-60.04,56.39,-9.34,-1.08
2024/01/01 16:12:54.87,146.87,-31.46,-56.97,-60.05,56.40,-9.28,-1.16
2024/01/01 16:12:54.88,146.88,-31.47,-56.97,-60.07,56.40,-9.23,-1.20
2024/01/01 16:12:54.89,146.89,-31.48,-56.96,-60.08,56.40,-9.23,-1.21
2024/01/01 16:12:54.90,146.90,-31.51,-56.97,-60.08,56.40,-9.26,-1.17
2024/01/01 16:12:54.91,146.91,-31.52,-56.99,-60.09,56.43,-9.31,-1.11
2024/01/01 16:12:54.92,146.92,-31.52,-57.01,-60.11,56.50,-9.33,-1.10
2024/01/01 16:12:54.93,146.93,-31.52,-57.02,-60.12,56.58,-9.31,-1.09
2024/01/01 16:12:54.94,146.94,-31.53,-57.01,-60.11,56.61,-9.26,-1.05
2024/01/01 16:12:54.95,146.95,-31.54,-57.01,-60.10,56.55,-9.24,-1.07
2024/01/01 16:12:54.96,146.96,-31.55,-57.01,-60.10,56.42,-9.26,-1.15
2024/01/01 16:12:54.97,146.97,-31.54,-57.02,-60.12,56.30,-9.31,-1.18
2024/01/01 16:12:54.98,146.98,-31.52,-57.03,-60.14,56.22,-9.40,-1.10
2024/01/01 16:12:54.99,146.99,-31.52,-57.04,-60.14,56.15,-9.48,-1.02
2024/01/01 16:12:55.00,147.00,-31.52,-57.05,-60.12,56.13,-9.51,-1.06
2024/01/01 16:12:55.01,147.01,-31.54,-57.05,-60.11,56.16,-9.47,-1.18
2024/01/01 16:12:55.02,147.02,-31.57,-57.06,-60.11,56.21,-9.42,-1.28
2024/01/01 16:12:55.03,147.03,-31.59,-57.07,-60.12,56.25,-9.40,-1.27
2024/01/01 16:12:55.04,147.04,-31.59,-57.09,-60.14,56.27,-9.45,-1.15
2024/01/01 16:12:55.05,147.05,-31.59,-57.11,-60.15,56.25,-9.56,-1.04
2024/01/01 16:12:55.06,147.06,-31.58,-57.11,-60.15,56.24,-9.66,-1.02
2024/01/01 16:12:55.07,147.07,-31.57,-57.10,-60.16,56.29,-9.71,-1.04
2024/01/01 16:12:55.08,147.08,-31.57,-57.10,-60.17,56.39,-9.68,-1.07
2024/01/01 16:12:55.09,147.09,-31.58,-57.11,-60.17,56.49,-9.59,-1.13
2024/01/01 16:12:55.10,147.10,-31.59,-57.12,-60.17,56.54,-9.42,-1.25
2024/01/01 16:12:55.11,147.11,-31.59,-57.12,-60.19,56.48,-9.26,-1.36
2024/01/01 16:12:55.12,147.12,-31.58,-57.12,-60.19,56.32,-9.20,-1.37
2024/01/01 16:12:55.13,147.13,-31.57,-57.13,-60.19,56.16,-9.27,-1.23
2024/01/01 16:12:55.14,147.14,-31.56,-57.13,-60.18,56.10,-9.40,-1.08
2024/01/01 16:12:55.15,147.15,-31.56,-57.13,-60.16,56.17,-9.49,-1.05
2024/01/01 16:12:55.16,147.16,-31.56,-57.14,-60.14,56.32,-9.48,-1.09
2024/01/01 16:12:55.17,147.17,-31.56,-57.15,-60.12,56.43,-9.41,-1.14
2024/01/01 16:12:55.18,147.18,-31.56,-57.18,-60.10,56.46,-9.35,-1.18
2024/01/01 16:12:55.19,147.19,-31.56,-57.20,-60.09,56.40,-9.37,-1.20
2024/01/01 16:12:55.20,147.20,-31.55,-57.20,-60.09,56.33,-9.44,-1.16
2024/01/01 16:12:55.21,147.21,-31.54,-57.19,-60.09,56.29,-9.56,-1.07
2024/01/01 16:12:55.22,147.22,-31.53,-57.19,-60.08,56.31,-9.72,-0.98
2024/01/01 16:12:55.23,147.23,-31.54,-57.19,-60.08,56.36,-9.85,-0.98
2024/01/01 16:12:55.24,147.24,-31.54,-57.20,-60.09,56.40,-9.87,-1.10
2024/01/01 16:12:55.25,147.25,-31.55,-57.21,-60.11,56.42,-9.82,-1.19
2024/01/01 16:12:55.26,147.26,-31.54,-57.23,-60.13,56.38,-9.76,-1.18
2024/01/01 16:12:55.27,147.27,-31.54,-57.26,-60.13,56.34,-9.75,-1.17
2024/01/01 16:12:55.28,147.28,-31.55,-57.27,-60.13,56.32,-9.73,-1.21
2024/01/01 16:12:55.29,147.29,-31.57,-57.26,-60.12,56.36,-9.65,-1.23
2024/01/01 16:12:55.30,147.30,-31.58,-57.25,-60.13,56.45,-9.57,-1.20
2024/01/01 16:12:55.31,147.31,-31.57,-57.25,-60.14,56.50,-9.57,-1.14
2024/01/01 16:12:55.32,147.32,-31.55,-57.26,-60.14,56.45,-9.61,-1.08
2024/01/01 16:12:55.33,147.33,-31.55,-57.27,-60.14,56.33,-9.63,-1.08
2024/01/01 16:12:55.34,147.34,-31.56,-57.28,-60.15,56.24,-9.63,-1.14
2024/01/01 16:12:55.35,147.35,-31.57,-57.29,-60.16,56.23,-9.62,-1.21
2024/01/01 16:12:55.36,147.36,-31.58,-57.29,-60.17,56.28,-9.60,-1.24
2024/01/01 16:12:55.37,147.37,-31.59,-57.29,-60.18,56.33,-9.61,-1.25
2024/01/01 16:12:55.38,147.38,-31.61,-57.30,-60.18,56.32,-9.65,-1.24
2024/01/01 16:12:55.39,147.39,-31.63,-57.30,-60.17,56.23,-9.68,-1.20
2024/01/01 16:12:55.40,147.40,-31.63,-57.28,-60.18,56.15,-9.69,-1.14
2024/01/01 16:12:55.41,147.41,-31.62,-57.26,-60.19,56.15,-9.69,-1.09
2024/01/01 16:12:55.42,147.42,-31.61,-57.25,-60.18,56.24,-9.70,-1.07
2024/01/01 16:12:55.43,147.43,-31.63,-57.24,-60.18,56.33,-9.69,-1.11
2024/01/01 16:12:55.44,147.44,-31.66,-57.24,-60.19,56.35,-9.68,-1.22
2024/01/01 16:12:55.45,147.45,-31.67,-57.24,-60.24,56.28,-9.67,-1.31
2024/01/01 16:12:55.46,147.46,-31.67,-57.25,-60.30,56.16,-9.67,-1.28
2024/01/01 16:12:55.47,147.47,-31.66,-57.25,-60.32,56.07,-9.69,-1.16
2024/01/01 16:12:55.48,147.48,-31.67,-57.24,-60.33,56.08,-9.72,-1.14
2024/01/01 16:12:55.49,147.49,-31.68,-57.22,-60.35,56.20,-9.71,-1.33
2024/01/01 16:12:55.50,147.50,-31.68,-57.19,-60.38,56.33,-9.63,-1.53
2024/01/01 16:12:55.51,147.51,-31.67,-57.16,-60.41,56.38,-9.54,-1.52
2024/01/01 16:12:55.52,147.52,-31.65,-57.13,-60.44,56.28,-9.48,-1.41
2024/01/01 16:12:55.53,147.53,-31.63,-57.12,-60.47,56.10,-9.44,-1.39
2024/01/01 16:12:55.54,147.54,-31.62,-57.12,-60.48,55.93,-9.38,-1.47
2024/01/01 16:12:55.55,147.55,-31.64,-57.13,-60.49,55.89,-9.34,-1.54
2024/01/01 16:12:55.56,147.56,-31.66,-57.13,-60.49,55.99,-9.37,-1.58
2024/01/01 16:12:55.57,147.57,-31.68,-57.12,-60.49,56.14,-9.46,-1.61
2024/01/01 16:12:55.58,147.58,-31.70,-57.11,-60.50,56.25,-9.54,-1.62
2024/01/01 16:12:55.59,147.59,-31.70,-57.09,-60.48,56.27,-9.58,-1.56
2024/01/01 16:12:55.60,147.60,-31.68,-57.06,-60.46,56.22,-9.59,-1.43
2024/01/01 16:12:55.61,147.61,-31.67,-57.05,-60.45,56.17,-9.58,-1.33
2024/01/01 16:12:55.62,147.62,-31.66,-57.05,-60.43,56.17,-9.54,-1.33
2024/01/01 16:12:55.63,147.63,-31.66,-57.06,-60.41,56.21,-9.49,-1.33
2024/01/01 16:12:55.64,147.64,-31.66,-57.08,-60.41,56.22,-9.46,-1.34
2024/01/01 16:12:55.65,147.65,-31.67,-57.09,-60.43,56.16,-9.44,-1.42
2024/01/01 16:12:55.66,147.66,-31.67,-57.10,-60.44,56.08,-9.42,-1.51
2024/01/01 16:12:55.67,147.67,-31.67,-57.11,-60.45,56.04,-9.41,-1.48
2024/01/01 16:12:55.68,147.68,-31.68,-57.10,-60.45,56.08,-9.43,-1.41
2024/01/01 16:12:55.69,147.69,-31.69,-57.09,-60.45,56.21,-9.42,-1.43
2024/01/01 16:12:55.70,147.70,-31.68,-57.09,-60.46,56.31,-9.36,-1.49
2024/01/01 16:12:55.71,147.71,-31.67,-57.11,-60.49,56.30,-9.32,-1.51
2024/01/01 16:12:55.72,147.72,-31.67,-57.13,-60.49,56.18,-9.34,-1.45
2024/01/01 16:12:55.73,147.73,-31.68,-57.14,-60.46,56.06,-9.41,-1.41
2024/01/01 16:12:55.74,147.74,-31.69,-57.14,-60.44,56.03,-9.46,-1.52
2024/01/01 16:12:55.75,147.75,-31.69,-57.13,-60.44,56.10,-9.49,-1.67
2024/01/01 16:12:55.76,147.76,-31.68,-57.13,-60.44,56.20,-9.55,-1.61
2024/01/01 16:12:55.77,147.77,-31.66,-57.16,-60.43,56.21,-9.64,-1.38
2024/01/01 16:12:55.78,147.78,-31.65,-57.19,-60.41,56.11,-9.71,-1.24
2024/01/01 16:12:55.79,147.79,-31.65,-57.23,-60.39,56.01,-9.76,-1.28
2024/01/01 16:12:55.80,147.80,-31.66,-57.25,-60.38,56.00,-9.79,-1.32
2024/01/01 16:12:55.81,147.81,-31.68,-57.27,-60.36,56.06,-9.81,-1.31
2024/01/01 16:12:55.82,147.82,-31.69,-57.28,-60.34,56.14,-9.79,-1.36
2024/01/01 16:12:55.83,147.83,-31.70,-57.29,-60.33,56.21,-9.70,-1.43
2024/01/01 16:12:55.84,147.84,-31.70,-57.29,-60.32,56.23,-9.55,-1.45
2024/01/01 16:12:55.85,147.85,-31.69,-57.27,-60.32,56.26,-9.46,-1.36
2024/01/01 16:12:55.86,147.86,-31.66,-57.26,-60.32,56.31,-9.50,-1.26
2024/01/01 16:12:55.87,147.87,-31.65,-57.25,-60.32,56.38,-9.65,-1.25
2024/01/01 16:12:55.88,147.88,-31.64,-57.26,-60.32,56.40,-9.83,-1.28
2024/01/01 16:12:55.89,147.89,-31.63,-57.27,-60.32,56.32,-9.94,-1.29
2024/01/01 16:12:55.90,147.90,-31.64,-57.29,-60.32,56.21,-9.95,-1.35
2024/01/01 16:12:55.91,147.91,-31.66,-57.29,-60.31,56.09,-9.84,-1.43
2024/01/01 16:12:55.92,147.92,-31.68,-57.28,-60.33,56.01,-9.69,-1.46
2024/01/01 16:12:55.93,147.93,-31.67,-57.29,-60.34,56.01,-9.57,-1.45
2024/01/01 16:12:55.94,147.94,-31.66,-57.29,-60.34,56.07,-9.51,-1.34
2024/01/01 16:12:55.95,147.95,-31.64,-57.28,-60.32,56.11,-9.50,-1.19
2024/01/01 16:12:55.96,147.96,-31.63,-57.28,-60.30,56.13,-9.50,-1.16
2024/01/01 16:12:55.97,147.97,-31.61,-57.28,-60.30,56.18,-9.51,-1.27
2024/01/01 16:12:55.98,147.98,-31.59,-57.29,-60.31,56.30,-9.55,-1.32
2024/01/01 16:12:55.99,147.99,-31.58,-57.29,-60.32,56.43,-9.63,-1.29
2024/01/01 16:12:56.00,148.00,-31.56,-57.29,-60.32,56.45,-9.73,-1.31
2024/01/01 16:12:56.01,148.01,-31.54,-57.30,-60.33,56.40,-9.79,-1.42
2024/01/01 16:12:56.02,148.02,-31.54,-57.31,-60.35,56.34,-9.80,-1.48
2024/01/01 16:12:56.03,148.03,-31.55,-57.32,-60.37,56.30,-9.79,-1.39
2024/01/01 16:12:56.04,148.04,-31.56,-57.31,-60.38,56.30,-9.77,-1.30
2024/01/01 16:12:56.05,148.05,-31.57,-57.30,-60.37,56.33,-9.76,-1.33
2024/01/01 16:12:56.06,148.06,-31.58,-57.28,-60.37,56.35,-9.72,-1.42
2024/01/01 16:12:56.07,148.07,-31.58,-57.28,-60.36,56.38,-9.66,-1.47
2024/01/01 16:12:56.08,148.08,-31.57,-57.27,-60.34,56.40,-9.57,-1.43
2024/01/01 16:12:56.09,148.09,-31.54,-57.28,-60.34,56.40,-9.51,-1.35
2024/01/01 16:12:56.10,148.10,-31.52,-57.29,-60.34,56.40,-9.49,-1.29
2024/01/01 16:12:56.11,148.11,-31.50,-57.31,-60.35,56.38,-9.57,-1.25
2024/01/01 16:12:56.12,148.12,-31.51,-57.33,-60.35,56.33,-9.71,-1.22
2024/01/01 16:12:56.13,148.13,-31.53,-57.34,-60.36,56.28,-9.83,-1.30
2024/01/01 16:12:56.14,148.14,-31.56,-57.34,-60.36,56.29,-9.83,-1.47
2024/01/01 16:12:56.15,148.15,-31.58,-57.32,-60.35,56.33,-9.75,-1.55
2024/01/01 16:12:56.16,148.16,-31.58,-57.30,-60.36,56.32,-9.68,-1.50
2024/01/01 16:12:56.17,148.17,-31.55,-57.29,-60.37,56.27,-9.67,-1.46
2024/01/01 16:12:56.18,148.18,-31.54,-57.28,-60.36,56.22,-9.69,-1.37
2024/01/01 16:12:56.19,148.19,-31.56,-57.25,-60.33,56.22,-9.71,-1.21
2024/01/01 16:12:56.20,148.20,-31.58,-57.23,-60.30,56.31,-9.71,-1.18
2024/01/01 16:12:56.21,148.21,-31.59,-57.20,-60.29,56.44,-9.71,-1.30
2024/01/01 16:12:56.22,148.22,-31.59,-57.20,-60.29,56.49,-9.68,-1.36
2024/01/01 16:12:56.23,148.23,-31.60,-57.21,-60.27,56.35,-9.66,-1.29
2024/01/01 16:12:56.24,148.24,-31.62,-57.21,-60.26,56.15,-9.67,-1.22
2024/01/01 16:12:56.25,148.25,-31.64,-57.20,-60.25,56.04,-9.67,-1.19
2024/01/01 16:12:56.26,148.26,-31.66,-57.20,-60.25,56.10,-9.62,-1.16
2024/01/01 16:12:56.27,148.27,-31.67,-57.20,-60.23,56.23,-9.56,-1.15
2024/01/01 16:12:56.28,148.28,-31.68,-57.21,-60.21,56.33,-9.48,-1.18
2024/01/01 16:12:56.29,148.29,-31.70,-57.22,-60.19,56.27,-9.38,-1.26
2024/01/01 16:12:56.30,148.30,-31.72,-57.22,-60.18,56.08,-9.30,-1.29
2024/01/01 16:12:56.31,148.31,-31.74,-57.22,-60.16,55.92,-9.32,-1.21
2024/01/01 16:12:56.32,148.32,-31.76,-57.22,-60.12,55.93,-9.43,-1.12
2024/01/01 16:12:56.33,148.33,-31.79,-57.22,-60.08,56.10,-9.58,-1.09
2024/01/01 16:12:56.34,148.34,-31.81,-57.23,-60.06,56.25,-9.70,-1.07
2024/01/01 16:12:56.35,148.35,-31.82,-57.24,-60.05,56.27,-9.76,-1.00
2024/01/01 16:12:56.36,148.36,-31.84,-57.26,-60.04,56.17,-9.80,-0.90
2024/01/01 16:12:56.37,148.37,-31.85,-57.27,-60.03,56.03,-9.81,-0.84
2024/01/01 16:12:56.38,148.38,-31.85,-57.28,-60.03,55.93,-9.79,-0.93
2024/01/01 16:12:56.39,148.39,-31.85,-57.29,-60.03,55.93,-9.75,-1.05
2024/01/01 16:12:56.40,148.40,-31.85,-57.30,-60.05,56.00,-9.73,-1.10
2024/01/01 16:12:56.41,148.41,-31.84,-57.32,-60.08,56.02,-9.75,-1.13
2024/01/01 16:12:56.42,148.42,-31.83,-57.33,-60.09,55.98,-9.80,-1.18
2024/01/01 16:12:56.43,148.43,-31.85,-57.33,-60.08,55.94,-9.85,-1.16
2024/01/01 16:12:56.44,148.44,-31.86,-57.32,-60.07,55.97,-9.86,-1.16
2024/01/01 16:12:56.45,148.45,-31.87,-57.32,-60.07,56.07,-9.85,-1.25
2024/01/01 16:12:56.46,148.46,-31.87,-57.33,-60.06,56.18,-9.84,-1.24
2024/01/01 16:12:56.47,148.47,-31.86,-57.34,-60.06,56.19,-9.86,-1.07
2024/01/01 16:12:56.48,148.48,-31.85,-57.37,-60.06,56.11,-9.92,-0.91
2024/01/01 16:12:56.49,148.49,-31.83,-57.39,-60.05,56.03,-9.94,-0.84
2024/01/01 16:12:56.50,148.50,-31.82,-57.41,-60.03,56.00,-9.91,-0.84
2024/01/01 16:12:56.51,148.51,-31.81,-57.42,-60.02,56.02,-9.85,-0.95
2024/01/01 16:12:56.52,148.52,-31.80,-57.41,-60.02,56.12,-9.75,-1.15
2024/01/01 16:12:56.53,148.53,-31.77,-57.40,-60.03,56.25,-9.64,-1.27
2024/01/01 16:12:56.54,148.54,-31.75,-57.39,-60.03,56.31,-9.57,-1.26
2024/01/01 16:12:56.55,148.55,-31.74,-57.37,-60.03,56.29,-9.58,-1.19
2024/01/01 16:12:56.56,148.56,-31.72,-57.36,-60.03,56.25,-9.66,-1.08
2024/01/01 16:12:56.57,148.57,-31.69,-57.36,-60.03,56.21,-9.78,-0.96
2024/01/01 16:12:56.58,148.58,-31.67,-57.35,-60.04,56.18,-9.92,-0.89
2024/01/01 16:12:56.59,148.59,-31.67,-57.35,-60.02,56.18,-10.02,-0.88
2024/01/01 16:12:56.60,148.60,-31.67,-57.35,-60.01,56.20,-10.04,-0.96
2024/01/01 16:12:56.61,148.61,-31.68,-57.35,-60.01,56.23,-9.96,-1.12
2024/01/01 16:12:56.62,148.62,-31.68,-57.32,-60.02,56.24,-9.83,-1.20
2024/01/01 16:12:56.63,148.63,-31.68,-57.30,-60.04,56.21,-9.73,-1.10
2024/01/01 16:12:56.64,148.64,-31.68,-57.29,-60.03,56.13,-9.70,-0.99
2024/01/01 16:12:56.65,148.65,-31.69,-57.27,-60.00,56.08,-9.69,-0.94
2024/01/01 16:12:56.66,148.66,-31.70,-57.25,-59.98,56.09,-9.65,-0.92
2024/01/01 16:12:56.67,148.67,-31.72,-57.23,-59.96,56.17,-9.57,-0.90
2024/01/01 16:12:56.68,148.68,-31.72,-57.22,-59.95,56.27,-9.52,-0.90
2024/01/01 16:12:56.69,148.69,-31.71,-57.21,-59.94,56.30,-9.50,-0.90
2024/01/01 16:12:56.70,148.70,-31.71,-57.19,-59.93,56.20,-9.48,-0.94
2024/01/01 16:12:56.71,148.71,-31.71,-57.18,-59.92,56.06,-9.48,-1.01
2024/01/01 16:12:56.72,148.72,-31.71,-57.17,-59.92,55.98,-9.48,-0.97
2024/01/01 16:12:56.73,148.73,-31.72,-57.16,-59.90,56.00,-9.49,-0.85
2024/01/01 16:12:56.74,148.74,-31.73,-57.17,-59.88,56.09,-9.52,-0.77
2024/01/01 16:12:56.75,148.75,-31.73,-57.19,-59.85,56.19,-9.55,-0.78
2024/01/01 16:12:56.76,148.76,-31.72,-57.20,-59.83,56.21,-9.56,-0.83
2024/01/01 16:12:56.77,148.77,-31.71,-57.22,-59.82,56.14,-9.56,-0.84
2024/01/01 16:12:56.78,148.78,-31.71,-57.23,-59.82,56.04,-9.53,-0.80
2024/01/01 16:12:56.79,148.79,-31.71,-57.24,-59.82,56.01,-9.46,-0.79
2024/01/01 16:12:56.80,148.80,-31.72,-57.23,-59.83,56.11,-9.39,-0.84
2024/01/01 16:12:56.81,148.81,-31.71,-57.23,-59.85,56.23,-9.40,-0.88
2024/01/01 16:12:56.82,148.82,-31.71,-57.23,-59.87,56.29,-9.50,-0.88
2024/01/01 16:12:56.83,148.83,-31.71,-57.24,-59.88,56.24,-9.65,-0.88
2024/01/01 16:12:56.84,148.84,-31.70,-57.23,-59.88,56.15,-9.79,-0.91
2024/01/01 16:12:56.85,148.85,-31.70,-57.22,-59.88,56.13,-9.87,-0.96
2024/01/01 16:12:56.86,148.86,-31.69,-57.23,-59.89,56.21,-9.87,-1.00
2024/01/01 16:12:56.87,148.87,-31.68,-57.24,-59.90,56.33,-9.81,-0.97
2024/01/01 16:12:56.88,148.88,-31.67,-57.27,-59.91,56.39,-9.73,-0.91
2024/01/01 16:12:56.89,148.89,-31.67,-57.28,-59.90,56.33,-9.65,-0.85
2024/01/01 16:12:56.90,148.90,-31.66,-57.29,-59.90,56.22,-9.57,-0.86
2024/01/01 16:12:56.91,148.91,-31.65,-57.29,-59.91,56.17,-9.53,-0.94
2024/01/01 16:12:56.92,148.92,-31.64,-57.29,-59.90,56.23,-9.52,-0.98
2024/01/01 16:12:56.93,148.93,-31.64,-57.28,-59.89,56.31,-9.54,-0.93
2024/01/01 16:12:56.94,148.94,-31.63,-57.28,-59.87,56.33,-9.58,-0.87
2024/01/01 16:12:56.95,148.95,-31.61,-57.28,-59.86,56.29,-9.64,-0.92
2024/01/01 16:12:56.96,148.96,-31.60,-57.26,-59.86,56.26,-9.71,-0.95
2024/01/01 16:12:56.97,148.97,-31.60,-57.23,-59.85,56.26,-9.76,-0.87
2024/01/01 16:12:56.98,148.98,-31.59,-57.21,-59.85,56.31,-9.80,-0.79
2024/01/01 16:12:56.99,148.99,-31.57,-57.21,-59.85,56.37,-9.78,-0.76
2024/01/01 16:12:57.00,149.00,-31.57,-57.23,-59.84,56.37,-9.69,-0.77
2024/01/01 16:12:57.01,149.01,-31.57,-57.24,-59.82,56.29,-9.55,-0.81
2024/01/01 16:12:57.02,149.02,-31.58,-57.22,-59.80,56.18,-9.43,-0.87
2024/01/01 16:12:57.03,149.03,-31.59,-57.21,-59.78,56.12,-9.38,-0.88
2024/01/01 16:12:57.04,149.04,-31.61,-57.22,-59.78,56.13,-9.39,-0.85
2024/01/01 16:12:57.05,149.05,-31.62,-57.23,-59.77,56.20,-9.45,-0.81
2024/01/01 16:12:57.06,149.06,-31.64,-57.24,-59.76,56.29,-9.52,-0.72
2024/01/01 16:12:57.07,149.07,-31.67,-57.24,-59.75,56.35,-9.55,-0.65
2024/01/01 16:12:57.08,149.08,-31.69,-57.23,-59.75,56.39,-9.55,-0.67
2024/01/01 16:12:57.09,149.09,-31.70,-57.24,-59.75,56.43,-9.59,-0.72
2024/01/01 16:12:57.10,149.10,-31.70,-57.26,-59.74,56.45,-9.69,-0.70
2024/01/01 16:12:57.11,149.11,-31.70,-57.27,-59.74,56.42,-9.80,-0.70
2024/01/01 16:12:57.12,149.12,-31.70,-57.28,-59.74,56.36,-9.87,-0.77
2024/01/01 16:12:57.13,149.13,-31.70,-57.28,-59.77,56.29,-9.90,-0.82
2024/01/01 16:12:57.14,149.14,-31.70,-57.28,-59.78,56.24,-9.89,-0.78
2024/01/01 16:12:57.15,149.15,-31.69,-57.28,-59.78,56.21,-9.84,-0.73
2024/01/01 16:12:57.16,149.16,-31.68,-57.28,-59.79,56.19,-9.74,-0.79
2024/01/01 16:12:57.17,149.17,-31.68,-57.28,-59.82,56.15,-9.62,-0.90
2024/01/01 16:12:57.18,149.18,-31.69,-57.28,-59.85,56.09,-9.53,-0.95
2024/01/01 16:12:57.19,149.19,-31.69,-57.28,-59.87,56.04,-9.51,-0.89
2024/01/01 16:12:57.20,149.20,-31.70,-57.29,-59.87,56.01,-9.53,-0.84
2024/01/01 16:12:57.21,149.21,-31.70,-57.30,-59.87,56.00,-9.57,-0.94
2024/01/01 16:12:57.22,149.22,-31.69,-57.30,-59.89,56.06,-9.62,-1.05
2024/01/01 16:12:57.23,149.23,-31.69,-57.30,-59.92,56.14,-9.69,-0.98
2024/01/01 16:12:57.24,149.24,-31.69,-57.29,-59.94,56.21,-9.76,-0.86
2024/01/01 16:12:57.25,149.25,-31.70,-57.28,-59.94,56.27,-9.81,-0.88
2024/01/01 16:12:57.26,149.26,-31.72,-57.29,-59.92,56.31,-9.83,-1.00
2024/01/01 16:12:57.27,149.27,-31.74,-57.29,-59.91,56.35,-9.82,-1.07
2024/01/01 16:12:57.28,149.28,-31.75,-57.30,-59.90,56.35,-9.79,-1.04
2024/01/01 16:12:57.29,149.29,-31.75,-57.31,-59.90,56.31,-9.74,-0.95
2024/01/01 16:12:57.30,149.30,-31.74,-57.32,-59.89,56.27,-9.68,-0.88
2024/01/01 16:12:57.31,149.31,-31.74,-57.33,-59.88,56.27,-9.62,-0.84
2024/01/01 16:12:57.32,149.32,-31.75,-57.34,-59.88,56.31,-9.60,-0.81
2024/01/01 16:12:57.33,149.33,-31.74,-57.33,-59.88,56.35,-9.60,-0.83
2024/01/01 16:12:57.34,149.34,-31.73,-57.31,-59.88,56.33,-9.63,-0.88
2024/01/01 16:12:57.35,149.35,-31.72,-57.30,-59.87,56.25,-9.66,-0.90
2024/01/01 16:12:57.36,149.36,-31.72,-57.31,-59.88,56.14,-9.70,-0.94
2024/01/01 16:12:57.37,149.37,-31.73,-57.31,-59.89,56.07,-9.74,-0.99
2024/01/01 16:12:57.38,149.38,-31.74,-57.30,-59.89,56.05,-9.73,-0.96
2024/01/01 16:12:57.39,149.39,-31.75,-57.29,-59.90,56.07,-9.71,-0.88
2024/01/01 16:12:57.40,149.40,-31.76,-57.28,-59.91,56.13,-9.72,-0.87
2024/01/01 16:12:57.41,149.41,-31.78,-57.28,-59.92,56.18,-9.71,-0.92
2024/01/01 16:12:57.42,149.42,-31.80,-57.28,-59.94,56.20,-9.66,-0.93
2024/01/01 16:12:57.43,149.43,-31.81,-57.27,-59.96,56.19,-9.60,-0.91
2024/01/01 16:12:57.44,149.44,-31.81,-57.26,-59.97,56.20,-9.55,-0.93
2024/01/01 16:12:57.45,149.45,-31.82,-57.26,-59.96,56.19,-9.58,-0.95
2024/01/01 16:12:57.46,149.46,-31.83,-57.26,-59.94,56.13,-9.67,-0.96
2024/01/01 16:12:57.47,149.47,-31.85,-57.27,-59.92,56.03,-9.76,-1.02
2024/01/01 16:12:57.48,149.48,-31.86,-57.27,-59.92,55.97,-9.75,-1.07
2024/01/01 16:12:57.49,149.49,-31.87,-57.26,-59.92,55.95,-9.69,-0.98
2024/01/01 16:12:57.50,149.50,-31.88,-57.24,-59.91,55.92,-9.63,-0.82
2024/01/01 16:12:57.51,149.51,-31.88,-57.22,-59.89,55.89,-9.61,-0.74
2024/01/01 16:12:57.52,149.52,-31.89,-57.22,-59.85,55.89,-9.61,-0.76
2024/01/01 16:12:57.53,149.53,-31.90,-57.23,-59.83,55.88,-9.64,-0.80
2024/01/01 16:12:57.54,149.54,-31.92,-57.26,-59.83,55.87,-9.72,-0.81
2024/01/01 16:12:57.55,149.55,-31.92,-57.28,-59.84,55.88,-9.80,-0.85
2024/01/01 16:12:57.56,149.56,-31.92,-57.29,-59.82,55.93,-9.80,-0.87
2024/01/01 16:12:57.57,149.57,-31.93,-57.28,-59.80,55.97,-9.74,-0.85
2024/01/01 16:12:57.58,149.58,-31.94,-57.27,-59.82,56.00,-9.68,-0.87
2024/01/01 16:12:57.59,149.59,-31.95,-57.27,-59.85,56.01,-9.65,-0.88
2024/01/01 16:12:57.60,149.60,-31.95,-57.29,-59.86,56.01,-9.63,-0.75
2024/01/01 16:12:57.61,149.61,-31.94,-57.30,-59.86,55.96,-9.66,-0.64
2024/01/01 16:12:57.62,149.62,-31.93,-57.30,-59.87,55.92,-9.72,-0.75
2024/01/01 16:12:57.63,149.63,-31.92,-57.30,-59.88,55.95,-9.73,-0.95
2024/01/01 16:12:57.64,149.64,-31.91,-57.30,-59.89,56.00,-9.73,-1.00
2024/01/01 16:12:57.65,149.65,-31.91,-57.29,-59.89,56.02,-9.78,-0.96
2024/01/01 16:12:57.66,149.66,-31.91,-57.28,-59.90,55.99,-9.83,-1.01
2024/01/01 16:12:57.67,149.67,-31.92,-57.28,-59.89,55.92,-9.81,-1.06
2024/01/01 16:12:57.68,149.68,-31.93,-57.28,-59.89,55.88,-9.73,-0.97
2024/01/01 16:12:57.69,149.69,-31.94,-57.30,-59.89,55.89,-9.66,-0.80
2024/01/01 16:12:57.70,149.70,-31.93,-57.31,-59.89,55.96,-9.63,-0.69
2024/01/01 16:12:57.71,149.71,-31.93,-57.33,-59.88,56.05,-9.61,-0.69
2024/01/01 16:12:57.72,149.72,-31.93,-57.36,-59.89,56.10,-9.61,-0.80
2024/01/01 16:12:57.73,149.73,-31.92,-57.38,-59.91,56.09,-9.66,-0.94
2024/01/01 16:12:57.74,149.74,-31.92,-57.40,-59.92,56.05,-9.73,-1.02
2024/01/01 16:12:57.75,149.75,-31.93,-57.40,-59.93,56.00,-9.78,-1.01
2024/01/01 16:12:57.76,149.76,-31.93,-57.38,-59.93,56.00,-9.81,-1.00
2024/01/01 16:12:57.77,149.77,-31.93,-57.37,-59.93,56.05,-9.83,-1.03
2024/01/01 16:12:57.78,149.78,-31.93,-57.36,-59.94,56.09,-9.84,-1.00
2024/01/01 16:12:57.79,149.79,-31.92,-57.37,-59.96,56.06,-9.84,-0.94
2024/01/01 16:12:57.80,149.80,-31.92,-57.38,-59.97,55.97,-9.83,-0.87
2024/01/01 16:12:57.81,149.81,-31.92,-57.39,-59.97,55.87,-9.79,-0.83
2024/01/01 16:12:57.82,149.82,-31.92,-57.39,-59.98,55.81,-9.76,-0.88
2024/01/01 16:12:57.83,149.83,-31.92,-57.39,-59.98,55.84,-9.78,-1.02
2024/01/01 16:12:57.84,149.84,-31.91,-57.38,-59.99,55.91,-9.80,-1.10
2024/01/01 16:12:57.85,149.85,-31.91,-57.38,-59.99,55.97,-9.82,-1.09
2024/01/01 16:12:57.86,149.86,-31.90,-57.38,-59.99,55.98,-9.83,-1.07
2024/01/01 16:12:57.87,149.87,-31.90,-57.39,-60.00,55.94,-9.86,-1.05
2024/01/01 16:12:57.88,149.88,-31.90,-57.38,-60.00,55.88,-9.86,-1.00
2024/01/01 16:12:57.89,149.89,-31.91,-57.37,-59.98,55.86,-9.83,-0.93
2024/01/01 16:12:57.90,149.90,-31.90,-57.38,-59.97,55.91,-9.80,-0.88
2024/01/01 16:12:57.91,149.91,-31.89,-57.39,-59.96,56.02,-9.78,-0.87
2024/01/01 16:12:57.92,149.92,-31.86,-57.39,-59.96,56.10,-9.73,-0.91
2024/01/01 16:12:57.93,149.93,-31.82,-57.40,-59.97,56.12,-9.69,-0.95
2024/01/01 16:12:57.94,149.94,-31.79,-57.40,-59.99,56.10,-9.68,-0.98
2024/01/01 16:12:57.95,149.95,-31.77,-57.40,-59.99,56.10,-9.74,-1.00
2024/01/01 16:12:57.96,149.96,-31.77,-57.41,-59.98,56.12,-9.85,-1.00
2024/01/01 16:12:57.97,149.97,-31.76,-57.41,-59.97,56.18,-9.96,-1.01
2024/01/01 16:12:57.98,149.98,-31.75,-57.40,-59.96,56.26,-10.02,-1.03
2024/01/01 16:12:57.99,149.99,-31.74,-57.39,-59.95,56.29,-10.00,-0.99
2024/01/01 16:12:58.00,150.00,-31.74,-57.38,-59.94,56.25,-9.92,-0.91
2024/01/01 16:12:58.01,150.01,-31.73,-57.38,-59.95,56.19,-9.79,-0.87
2024/01/01 16:12:58.02,150.02,-31.72,-57.40,-59.96,56.20,-9.68,-0.89
2024/01/01 16:12:58.03,150.03,-31.71,-57.43,-59.97,56.27,-9.64,-0.88
2024/01/01 16:12:58.04,150.04,-31.69,-57.46,-59.98,56.32,-9.71,-0.89
2024/01/01 16:12:58.05,150.05,-31.69,-57.47,-60.00,56.31,-9.83,-0.99
2024/01/01 16:12:58.06,150.06,-31.69,-57.47,-60.01,56.27,-9.94,-1.08
2024/01/01 16:12:58.07,150.07,-31.69,-57.47,-60.02,56.21,-9.99,-1.08
2024/01/01 16:12:58.08,150.08,-31.68,-57.46,-60.02,56.19,-10.02,-1.09
2024/01/01 16:12:58.09,150.09,-31.67,-57.45,-60.03,56.26,-10.00,-1.11
2024/01/01 16:12:58.10,150.10,-31.66,-57.46,-60.03,56.36,-9.92,-1.06
2024/01/01 16:12:58.11,150.11,-31.66,-57.47,-60.01,56.41,-9.83,-0.98
2024/01/01 16:12:58.12,150.12,-31.66,-57.48,-59.99,56.37,-9.80,-0.97
2024/01/01 16:12:58.13,150.13,-31.67,-57.50,-59.98,56.26,-9.80,-1.03
2024/01/01 16:12:58.14,150.14,-31.66,-57.51,-59.99,56.16,-9.81,-1.08
2024/01/01 16:12:58.15,150.15,-31.64,-57.52,-60.00,56.13,-9.83,-1.04
2024/01/01 16:12:58.16,150.16,-31.62,-57.52,-60.01,56.18,-9.85,-0.97
2024/01/01 16:12:58.17,150.17,-31.62,-57.52,-60.00,56.27,-9.88,-0.98
2024/01/01 16:12:58.18,150.18,-31.62,-57.51,-60.01,56.38,-9.91,-1.05
2024/01/01 16:12:58.19,150.19,-31.62,-57.50,-60.02,56.46,-9.93,-1.06
2024/01/01 16:12:58.20,150.20,-31.63,-57.49,-60.01,56.48,-9.95,-0.98
2024/01/01 16:12:58.21,150.21,-31.65,-57.48,-59.99,56.44,-9.98,-0.95
2024/01/01 16:12:58.22,150.22,-31.67,-57.47,-59.97,56.38,-9.97,-1.01
2024/01/01 16:12:58.23,150.23,-31.67,-57.46,-59.96,56.33,-9.91,-1.06
2024/01/01 16:12:58.24,150.24,-31.65,-57.45,-59.96,56.33,-9.87,-0.99
2024/01/01 16:12:58.25,150.25,-31.63,-57.44,-59.96,56.38,-9.88,-0.88
2024/01/01 16:12:58.26,150.26,-31.61,-57.44,-59.96,56.39,-9.88,-0.82
2024/01/01 16:12:58.27,150.27,-31.61,-57.43,-59.96,56.32,-9.84,-0.82
2024/01/01 16:12:58.28,150.28,-31.60,-57.43,-59.96,56.22,-9.77,-0.88
2024/01/01 16:12:58.29,150.29,-31.60,-57.42,-59.96,56.14,-9.70,-0.98
2024/01/01 16:12:58.30,150.30,-31.60,-57.40,-59.96,56.11,-9.64,-1.05
2024/01/01 16:12:58.31,150.31,-31.60,-57.38,-59.98,56.11,-9.59,-1.09
2024/01/01 16:12:58.32,150.32,-31.61,-57.37,-60.00,56.15,-9.55,-1.13
2024/01/01 16:12:58.33,150.33,-31.61,-57.36,-60.01,56.22,-9.55,-1.10
2024/01/01 16:12:58.34,150.34,-31.61,-57.35,-60.00,56.28,-9.59,-0.98
2024/01/01 16:12:58.35,150.35,-31.59,-57.34,-59.98,56.29,-9.68,-0.91
2024/01/01 16:12:58.36,150.36,-31.58,-57.34,-59.99,56.29,-9.79,-0.93
2024/01/01 16:12:58.37,150.37,-31.58,-57.36,-59.99,56.32,-9.85,-0.97
2024/01/01 16:12:58.38,150.38,-31.59,-57.38,-59.97,56.34,-9.87,-0.95
2024/01/01 16:12:58.39,150.39,-31.60,-57.40,-59.97,56.37,-9.87,-0.96
2024/01/01 16:12:58.40,150.40,-31.59,-57.42,-59.98,56.44,-9.83,-1.08
2024/01/01 16:12:58.41,150.41,-31.56,-57.41,-60.00,56.52,-9.78,-1.11
2024/01/01 16:12:58.42,150.42,-31.52,-57.41,-60.01,56.53,-9.79,-0.96
2024/01/01 16:12:58.43,150.43,-31.50,-57.41,-59.99,56.45,-9.84,-0.90
2024/01/01 16:12:58.44,150.44,-31.50,-57.40,-59.98,56.39,-9.87,-1.02
2024/01/01 16:12:58.45,150.45,-31.50,-57.39,-59.97,56.40,-9.84,-1.11
2024/01/01 16:12:58.46,150.46,-31.50,-57.40,-59.97,56.46,-9.82,-1.09
2024/01/01 16:12:58.47,150.47,-31.48,-57.41,-59.95,56.48,-9.87,-1.01
2024/01/01 16:12:58.48,150.48,-31.46,-57.41,-59.94,56.44,-9.91,-0.96
2024/01/01 16:12:58.49,150.49,-31.45,-57.41,-59.94,56.36,-9.90,-0.97
2024/01/01 16:12:58.50,150.50,-31.45,-57.39,-59.95,56.33,-9.87,-0.96
2024/01/01 16:12:58.51,150.51,-31.47,-57.37,-59.95,56.45,-9.84,-0.88
2024/01/01 16:12:58.52,150.52,-31.50,-57.36,-59.94,56.64,-9.78,-0.88
2024/01/01 16:12:58.53,150.53,-31.51,-57.36,-59.93,56.78,-9.69,-1.01
2024/01/01 16:12:58.54,150.54,-31.49,-57.37,-59.93,56.75,-9.60,-1.11
2024/01/01 16:12:58.55,150.55,-31.48,-57.37,-59.93,56.60,-9.60,-1.06
2024/01/01 16:12:58.56,150.56,-31.46,-57.37,-59.93,56.42,-9.70,-0.94
2024/01/01 16:12:58.57,150.57,-31.45,-57.35,-59.94,56.35,-9.78,-0.89
2024/01/01 16:12:58.58,150.58,-31.44,-57.32,-59.94,56.43,-9.79,-0.93
2024/01/01 16:12:58.59,150.59,-31.44,-57.30,-59.92,56.58,-9.76,-0.98
2024/01/01 16:12:58.60,150.60,-31.44,-57.29,-59.91,56.65,-9.70,-1.00
2024/01/01 16:12:58.61,150.61,-31.43,-57.28,-59.91,56.54,-9.65,-1.03
2024/01/01 16:12:58.62,150.62,-31.41,-57.28,-59.92,56.33,-9.64,-1.04
2024/01/01 16:12:58.63,150.63,-31.40,-57.28,-59.92,56.20,-9.69,-0.92
2024/01/01 16:12:58.64,150.64,-31.38,-57.27,-59.91,56.24,-9.77,-0.81
2024/01/01 16:12:58.65,150.65,-31.37,-57.26,-59.90,56.39,-9.81,-0.86
2024/01/01 16:12:58.66,150.66,-31.36,-57.26,-59.90,56.55,-9.74,-0.97
2024/01/01 16:12:58.67,150.67,-31.36,-57.25,-59.92,56.63,-9.59,-1.04
2024/01/01 16:12:58.68,150.68,-31.36,-57.25,-59.92,56.58,-9.45,-1.08
2024/01/01 16:12:58.69,150.69,-31.37,-57.24,-59.91,56.48,-9.41,-1.09
2024/01/01 16:12:58.70,150.70,-31.37,-57.23,-59.90,56.44,-9.43,-1.09
2024/01/01 16:12:58.71,150.71,-31.36,-57.21,-59.90,56.51,-9.50,-1.02
2024/01/01 16:12:58.72,150.72,-31.35,-57.20,-59.89,56.69,-9.59,-0.86
2024/01/01 16:12:58.73,150.73,-31.33,-57.20,-59.88,56.85,-9.67,-0.71
2024/01/01 16:12:58.74,150.74,-31.31,-57.20,-59.84,56.91,-9.68,-0.70
2024/01/01 16:12:58.75,150.75,-31.30,-57.20,-59.82,56.85,-9.60,-0.80
2024/01/01 16:12:58.76,150.76,-31.30,-57.20,-59.81,56.73,-9.51,-0.90
2024/01/01 16:12:58.77,150.77,-31.29,-57.19,-59.81,56.61,-9.49,-0.94
2024/01/01 16:12:58.78,150.78,-31.29,-57.19,-59.82,56.55,-9.53,-0.90
2024/01/01 16:12:58.79,150.79,-31.28,-57.18,-59.83,56.54,-9.55,-0.87
2024/01/01 16:12:58.80,150.80,-31.29,-57.17,-59.83,56.59,-9.54,-0.87
2024/01/01 16:12:58.81,150.81,-31.31,-57.15,-59.83,56.64,-9.48,-0.84
2024/01/01 16:12:58.82,150.82,-31.32,-57.14,-59.84,56.64,-9.43,-0.83
2024/01/01 16:12:58.83,150.83,-31.32,-57.13,-59.84,56.62,-9.45,-0.85
2024/01/01 16:12:58.84,150.84,-31.31,-57.12,-59.84,56.59,-9.54,-0.86
2024/01/01 16:12:58.85,150.85,-31.30,-57.11,-59.85,56.57,-9.65,-0.88
2024/01/01 16:12:58.86,150.86,-31.31,-57.11,-59.86,56.56,-9.70,-0.96
2024/01/01 16:12:58.87,150.87,-31.31,-57.11,-59.87,56.58,-9.65,-0.99
2024/01/01 16:12:58.88,150.88,-31.31,-57.11,-59.88,56.59,-9.53,-0.97
2024/01/01 16:12:58.89,150.89,-31.31,-57.11,-59.89,56.59,-9.41,-0.98
2024/01/01 16:12:58.90,150.90,-31.32,-57.11,-59.90,56.57,-9.36,-0.98
2024/01/01 16:12:58.91,150.91,-31.34,-57.11,-59.91,56.52,-9.35,-0.93
2024/01/01 16:12:58.92,150.92,-31.35,-57.12,-59.91,56.48,-9.39,-0.88
2024/01/01 16:12:58.93,150.93,-31.35,-57.13,-59.91,56.51,-9.42,-0.87
2024/01/01 16:12:58.94,150.94,-31.34,-57.13,-59.90,56.60,-9.38,-0.87
2024/01/01 16:12:58.95,150.95,-31.32,-57.13,-59.89,56.66,-9.31,-0.89
2024/01/01 16:12:58.96,150.96,-31.32,-57.11,-59.88,56.68,-9.26,-0.96
2024/01/01 16:12:58.97,150.97,-31.33,-57.09,-59.86,56.66,-9.22,-1.03
2024/01/01 16:12:58.98,150.98,-31.33,-57.07,-59.84,56.64,-9.23,-1.02
2024/01/01 16:12:58.99,150.99,-31.32,-57.05,-59.82,56.59,-9.31,-0.94
2024/01/01 16:12:59.00,151.00,-31.31,-57.05,-59.81,56.56,-9.47,-0.84
2024/01/01 16:12:59.01,151.01,-31.29,-57.05,-59.78,56.52,-9.65,-0.74
2024/01/01 16:12:59.02,151.02,-31.28,-57.06,-59.77,56.46,-9.77,-0.69
2024/01/01 16:12:59.03,151.03,-31.28,-57.06,-59.75,56.42,-9.79,-0.72
2024/01/01 16:12:59.04,151.04,-31.29,-57.06,-59.73,56.46,-9.67,-0.77
2024/01/01 16:12:59.05,151.05,-31.29,-57.07,-59.72,56.56,-9.47,-0.82
2024/01/01 16:12:59.06,151.06,-31.29,-57.07,-59.72,56.65,-9.28,-0.87
2024/01/01 16:12:59.07,151.07,-31.29,-57.07,-59.71,56.65,-9.17,-0.83
2024/01/01 16:12:59.08,151.08,-31.29,-57.06,-59.69,56.57,-9.16,-0.72
2024/01/01 16:12:59.09,151.09,-31.29,-57.06,-59.67,56.48,-9.27,-0.63
2024/01/01 16:12:59.10,151.10,-31.29,-57.05,-59.65,56.48,-9.45,-0.60
2024/01/01 16:12:59.11,151.11,-31.28,-57.04,-59.64,56.60,-9.58,-0.60
2024/01/01 16:12:59.12,151.12,-31.27,-57.03,-59.64,56.75,-9.60,-0.62
2024/01/01 16:12:59.13,151.13,-31.25,-57.03,-59.66,56.82,-9.54,-0.66
2024/01/01 16:12:59.14,151.14,-31.25,-57.03,-59.66,56.78,-9.46,-0.68
2024/01/01 16:12:59.15,151.15,-31.24,-57.03,-59.65,56.68,-9.37,-0.65
2024/01/01 16:12:59.16,151.16,-31.22,-57.02,-59.64,56.63,-9.29,-0.65
2024/01/01 16:12:59.17,151.17,-31.21,-57.00,-59.62,56.67,-9.21,-0.69
2024/01/01 16:12:59.18,151.18,-31.19,-56.98,-59.60,56.74,-9.14,-0.68
2024/01/01 16:12:59.19,151.19,-31.18,-56.97,-59.60,56.75,-9.10,-0.65
2024/01/01 16:12:59.20,151.20,-31.17,-56.97,-59.60,56.73,-9.09,-0.69
2024/01/01 16:12:59.21,151.21,-31.16,-56.97,-59.59,56.69,-9.11,-0.67
2024/01/01 16:12:59.22,151.22,-31.15,-56.96,-59.59,56.64,-9.17,-0.59
2024/01/01 16:12:59.23,151.23,-31.13,-56.96,-59.60,56.63,-9.27,-0.58
2024/01/01 16:12:59.24,151.24,-31.13,-56.96,-59.61,56.67,-9.38,-0.63
2024/01/01 16:12:59.25,151.25,-31.15,-56.96,-59.61,56.73,-9.43,-0.65
2024/01/01 16:12:59.26,151.26,-31.17,-56.97,-59.62,56.76,-9.44,-0.66
2024/01/01 16:12:59.27,151.27,-31.20,-56.97,-59.63,56.79,-9.41,-0.70
2024/01/01 16:12:59.28,151.28,-31.21,-56.97,-59.64,56.85,-9.34,-0.73
2024/01/01 16:12:59.29,151.29,-31.22,-56.96,-59.65,56.91,-9.26,-0.72
2024/01/01 16:12:59.30,151.30,-31.21,-56.95,-59.65,56.93,-9.23,-0.67
2024/01/01 16:12:59.31,151.31,-31.21,-56.95,-59.65,56.92,-9.25,-0.65
2024/01/01 16:12:59.32,151.32,-31.20,-56.94,-59.67,56.90,-9.27,-0.70
2024/01/01 16:12:59.33,151.33,-31.20,-56.95,-59.69,56.86,-9.28,-0.74
2024/01/01 16:12:59.34,151.34,-31.20,-56.95,-59.71,56.79,-9.28,-0.71
2024/01/01 16:12:59.35,151.35,-31.22,-56.95,-59.71,56.71,-9.28,-0.70
2024/01/01 16:12:59.36,151.36,-31.23,-56.95,-59.72,56.64,-9.27,-0.80
2024/01/01 16:12:59.37,151.37,-31.23,-56.95,-59.73,56.58,-9.27,-0.90
2024/01/01 16:12:59.38,151.38,-31.23,-56.94,-59.75,56.51,-9.31,-0.87
2024/01/01 16:12:59.39,151.39,-31.23,-56.94,-59.76,56.44,-9.36,-0.76
2024/01/01 16:12:59.40,151.40,-31.25,-56.94,-59.75,56.43,-9.36,-0.73
2024/01/01 16:12:59.41,151.41,-31.27,-56.93,-59.76,56.46,-9.30,-0.82
2024/01/01 16:12:59.42,151.42,-31.29,-56.92,-59.77,56.54,-9.23,-0.90
2024/01/01 16:12:59.43,151.43,-31.31,-56.90,-59.77,56.63,-9.16,-0.90
2024/01/01 16:12:59.44,151.44,-31.32,-56.88,-59.78,56.68,-9.13,-0.86
2024/01/01 16:12:59.45,151.45,-31.33,-56.87,-59.77,56.67,-9.15,-0.84
2024/01/01 16:12:59.46,151.46,-31.35,-56.86,-59.76,56.61,-9.20,-0.82
2024/01/01 16:12:59.47,151.47,-31.35,-56.85,-59.75,56.58,-9.26,-0.77
2024/01/01 16:12:59.48,151.48,-31.36,-56.86,-59.75,56.59,-9.29,-0.72
2024/01/01 16:12:59.49,151.49,-31.36,-56.88,-59.75,56.60,-9.27,-0.73
2024/01/01 16:12:59.50,151.50,-31.36,-56.90,-59.76,56.55,-9.22,-0.78
2024/01/01 16:12:59.51,151.51,-31.36,-56.91,-59.75,56.48,-9.16,-0.82
2024/01/01 16:12:59.52,151.52,-31.37,-56.92,-59.73,56.44,-9.10,-0.84
2024/01/01 16:12:59.53,151.53,-31.39,-56.91,-59.71,56.43,-9.08,-0.82
2024/01/01 16:12:59.54,151.54,-31.41,-56.90,-59.71,56.46,-9.11,-0.82
2024/01/01 16:12:59.55,151.55,-31.43,-56.90,-59.70,56.52,-9.18,-0.80
2024/01/01 16:12:59.56,151.56,-31.43,-56.90,-59.69,56.54,-9.22,-0.74
2024/01/01 16:12:59.57,151.57,-31.43,-56.90,-59.69,56.49,-9.22,-0.68
2024/01/01 16:12:59.58,151.58,-31.44,-56.91,-59.69,56.40,-9.22,-0.67
2024/01/01 16:12:59.59,151.59,-31.45,-56.91,-59.69,56.36,-9.24,-0.70
2024/01/01 16:12:59.60,151.60,-31.46,-56.90,-59.71,56.39,-9.28,-0.71
2024/01/01 16:12:59.61,151.61,-31.47,-56.90,-59.73,56.44,-9.37,-0.74
2024/01/01 16:12:59.62,151.62,-31.48,-56.90,-59.75,56.44,-9.45,-0.79
2024/01/01 16:12:59.63,151.63,-31.49,-56.91,-59.77,56.39,-9.49,-0.85
2024/01/01 16:12:59.64,151.64,-31.50,-56.92,-59.80,56.34,-9.49,-0.87
2024/01/01 16:12:59.65,151.65,-31.51,-56.92,-59.80,56.36,-9.44,-0.83
2024/01/01 16:12:59.66,151.66,-31.53,-56.92,-59.79,56.45,-9.35,-0.77
2024/01/01 16:12:59.67,151.67,-31.56,-56.90,-59.78,56.54,-9.26,-0.77
2024/01/01 16:12:59.68,151.68,-31.58,-56.90,-59.77,56.57,-9.17,-0.87
2024/01/01 16:12:59.69,151.69,-31.60,-56.91,-59.78,56.50,-9.11,-0.90
2024/01/01 16:12:59.70,151.70,-31.62,-56.92,-59.77,56.32,-9.10,-0.78
2024/01/01 16:12:59.71,151.71,-31.64,-56.92,-59.77,56.11,-9.16,-0.65
2024/01/01 16:12:59.72,151.72,-31.66,-56.92,-59.77,55.99,-9.26,-0.63
2024/01/01 16:12:59.73,151.73,-31.68,-56.92,-59.76,55.97,-9.34,-0.68
2024/01/01 16:12:59.74,151.74,-31.70,-56.92,-59.76,56.04,-9.37,-0.74
2024/01/01 16:12:59.75,151.75,-31.72,-56.93,-59.77,56.13,-9.37,-0.79
2024/01/01 16:12:59.76,151.76,-31.74,-56.94,-59.79,56.17,-9.32,-0.84
2024/01/01 16:12:59.77,151.77,-31.77,-56.93,-59.80,56.14,-9.25,-0.84
2024/01/01 16:12:59.78,151.78,-31.78,-56.93,-59.82,56.08,-9.22,-0.81
2024/01/01 16:12:59.79,151.79,-31.77,-56.93,-59.83,56.04,-9.24,-0.81
2024/01/01 16:12:59.80,151.80,-31.76,-56.92,-59.84,56.04,-9.30,-0.81
2024/01/01 16:12:59.81,151.81,-31.76,-56.91,-59.85,56.03,-9.36,-0.78
2024/01/01 16:12:59.82,151.82,-31.77,-56.90,-59.87,56.02,-9.42,-0.82
2024/01/01 16:12:59.83,151.83,-31.80,-56.89,-59.89,56.02,-9.46,-0.93
2024/01/01 16:12:59.84,151.84,-31.83,-56.88,-59.89,56.01,-9.47,-0.98
2024/01/01 16:12:59.85,151.85,-31.85,-56.89,-59.89,55.98,-9.45,-0.96
2024/01/01 16:12:59.86,151.86,-31.86,-56.91,-59.87,55.98,-9.42,-0.94
2024/01/01 16:12:59.87,151.87,-31.86,-56.92,-59.87,56.04,-9.35,-0.90
2024/01/01 16:12:59.88,151.88,-31.86,-56.93,-59.88,56.12,-9.26,-0.86
2024/01/01 16:12:59.89,151.89,-31.85,-56.94,-59.88,56.15,-9.19,-0.81
2024/01/01 16:12:59.90,151.90,-31.85,-56.94,-59.88,56.12,-9.14,-0.72
2024/01/01 16:12:59.91,151.91,-31.85,-56.94,-59.86,56.04,-9.11,-0.70
2024/01/01 16:12:59.92,151.92,-31.84,-56.93,-59.85,55.93,-9.11,-0.80
2024/01/01 16:12:59.93,151.93,-31.82,-56.93,-59.86,55.85,-9.15,-0.91
2024/01/01 16:12:59.94,151.94,-31.81,-56.94,-59.87,55.80,-9.20,-0.91
2024/01/01 16:12:59.95,151.95,-31.82,-56.95,-59.87,55.80,-9.25,-0.85
2024/01/01 16:12:59.96,151.96,-31.83,-56.96,-59.88,55.85,-9.27,-0.84
2024/01/01 16:12:59.97,151.97,-31.83,-56.97,-59.89,55.94,-9.26,-0.92
2024/01/01 16:12:59.98,151.98,-31.83,-56.98,-59.89,56.04,-9.28,-0.95
2024/01/01 16:12:59.99,151.99,-31.84,-56.99,-59.90,56.12,-9.34,-0.88
2024/01/01 16:13:00.00,152.00,-31.85,-57.00,-59.91,56.14,-9.42,-0.88
2024/01/01 16:13:00.01,152.01,-31.86,-57.01,-59.91,56.13,-9.47,-0.92
2024/01/01 16:13:00.02,152.02,-31.88,-57.03,-59.89,56.09,-9.50,-0.89
2024/01/01 16:13:00.03,152.03,-31.89,-57.05,-59.89,56.07,-9.53,-0.85
2024/01/01 16:13:00.04,152.04,-31.88,-57.07,-59.88,56.08,-9.58,-0.85
2024/01/01 16:13:00.05,152.05,-31.88,-57.09,-59.87,56.09,-9.59,-0.83
2024/01/01 16:13:00.06,152.06,-31.89,-57.10,-59.86,56.08,-9.57,-0.82
2024/01/01 16:13:00.07,152.07,-31.91,-57.11,-59.86,56.07,-9.56,-0.89
2024/01/01 16:13:00.08,152.08,-31.91,-57.13,-59.88,56.06,-9.55,-0.93
2024/01/01 16:13:00.09,152.09,-31.90,-57.14,-59.89,56.05,-9.53,-0.87
2024/01/01 16:13:00.10,152.10,-31.90,-57.14,-59.89,56.00,-9.56,-0.78
2024/01/01 16:13:00.11,152.11,-31.90,-57.14,-59.88,55.94,-9.63,-0.79
2024/01/01 16:13:00.12,152.12,-31.90,-57.14,-59.88,55.87,-9.69,-0.93
2024/01/01 16:13:00.13,152.13,-31.89,-57.14,-59.90,55.81,-9.67,-1.06
2024/01/01 16:13:00.14,152.14,-31.89,-57.15,-59.93,55.80,-9.61,-1.02
2024/01/01 16:13:00.15,152.15,-31.89,-57.17,-59.94,55.83,-9.57,-0.86
2024/01/01 16:13:00.16,152.16,-31.90,-57.19,-59.93,55.89,-9.56,-0.80
2024/01/01 16:13:00.17,152.17,-31.89,-57.19,-59.93,55.96,-9.58,-0.88
2024/01/01 16:13:00.18,152.18,-31.88,-57.19,-59.95,56.02,-9.59,-0.94
2024/01/01 16:13:00.19,152.19,-31.87,-57.19,-59.97,56.03,-9.59,-0.92
2024/01/01 16:13:00.20,152.20,-31.88,-57.19,-59.98,56.00,-9.55,-0.90
2024/01/01 16:13:00.21,152.21,-31.87,-57.18,-59.99,55.94,-9.47,-0.96
2024/01/01 16:13:00.22,152.22,-31.86,-57.16,-60.00,55.92,-9.40,-1.07
2024/01/01 16:13:00.23,152.23,-31.84,-57.13,-60.00,55.94,-9.40,-1.10
2024/01/01 16:13:00.24,152.24,-31.84,-57.13,-59.98,55.98,-9.49,-1.03
2024/01/01 16:13:00.25,152.25,-31.85,-57.13,-59.97,56.02,-9.61,-0.96
2024/01/01 16:13:00.26,152.26,-31.85,-57.14,-59.97,56.08,-9.71,-0.95
2024/01/01 16:13:00.27,152.27,-31.84,-57.15,-59.98,56.14,-9.75,-0.90
2024/01/01 16:13:00.28,152.28,-31.83,-57.16,-59.98,56.17,-9.75,-0.79
2024/01/01 16:13:00.29,152.29,-31.83,-57.16,-59.96,56.16,-9.73,-0.75
2024/01/01 16:13:00.30,152.30,-31.83,-57.17,-59.95,56.15,-9.67,-0.83
2024/01/01 16:13:00.31,152.31,-31.82,-57.17,-59.95,56.15,-9.57,-0.98
2024/01/01 16:13:00.32,152.32,-31.82,-57.17,-59.94,56.15,-9.50,-1.04
2024/01/01 16:13:00.33,152.33,-31.82,-57.17,-59.92,56.12,-9.47,-0.97
2024/01/01 16:13:00.34,152.34,-31.82,-57.19,-59.92,56.05,-9.49,-0.93
2024/01/01 16:13:00.35,152.35,-31.81,-57.21,-59.93,55.98,-9.51,-0.95
2024/01/01 16:13:00.36,152.36,-31.80,-57.21,-59.93,55.98,-9.53,-0.86
2024/01/01 16:13:00.37,152.37,-31.80,-57.20,-59.93,56.03,-9.55,-0.73
2024/01/01 16:13:00.38,152.38,-31.80,-57.18,-59.91,56.12,-9.60,-0.75
2024/01/01 16:13:00.39,152.39,-31.81,-57.16,-59.89,56.21,-9.65,-0.89
2024/01/01 16:13:00.40,152.40,-31.82,-57.15,-59.88,56.24,-9.65,-0.96
2024/01/01 16:13:00.41,152.41,-31.84,-57.14,-59.88,56.18,-9.62,-0.95
2024/01/01 16:13:00.42,152.42,-31.86,-57.15,-59.89,56.07,-9.62,-0.89
2024/01/01 16:13:00.43,152.43,-31.86,-57.16,-59.89,55.96,-9.64,-0.79
2024/01/01 16:13:00.44,152.44,-31.84,-57.16,-59.90,55.91,-9.65,-0.75
2024/01/01 16:13:00.45,152.45,-31.82,-57.17,-59.91,55.97,-9.64,-0.80
2024/01/01 16:13:00.46,152.46,-31.82,-57.19,-59.91,56.07,-9.60,-0.85
2024/01/01 16:13:00.47,152.47,-31.81,-57.21,-59.93,56.12,-9.56,-0.88
2024/01/01 16:13:00.48,152.48,-31.79,-57.23,-59.96,56.07,-9.54,-0.93
2024/01/01 16:13:00.49,152.49,-31.77,-57.24,-60.00,55.98,-9.51,-1.02
2024/01/01 16:13:00.50,152.50,-31.76,-57.25,-60.02,55.93,-9.46,-1.08
2024/01/01 16:13:00.51,152.51,-31.74,-57.27,-60.02,55.93,-9.45,-1.10
2024/01/01 16:13:00.52,152.52,-31.73,-57.27,-60.03,55.99,-9.51,-1.09
2024/01/01 16:13:00.53,152.53,-31.72,-57.26,-60.03,56.09,-9.60,-1.06
2024/01/01 16:13:00.54,152.54,-31.72,-57.26,-60.04,56.17,-9.70,-1.03
2024/01/01 16:13:00.55,152.55,-31.72,-57.26,-60.06,56.21,-9.78,-1.00
2024/01/01 16:13:00.56,152.56,-31.72,-57.28,-60.06,56.24,-9.81,-1.01
2024/01/01 16:13:00.57,152.57,-31.72,-57.28,-60.06,56.29,-9.78,-1.02
2024/01/01 16:13:00.58,152.58,-31.72,-57.28,-60.05,56.36,-9.71,-1.05
2024/01/01 16:13:00.59,152.59,-31.72,-57.27,-60.03,56.39,-9.65,-1.10
2024/01/01 16:13:00.60,152.60,-31.70,-57.27,-60.03,56.39,-9.64,-1.14
2024/01/01 16:13:00.61,152.61,-31.69,-57.29,-60.02,56.33,-9.69,-1.11
2024/01/01 16:13:00.62,152.62,-31.68,-57.30,-60.01,56.23,-9.74,-0.99
2024/01/01 16:13:00.63,152.63,-31.69,-57.30,-59.98,56.13,-9.75,-0.91
2024/01/01 16:13:00.64,152.64,-31.72,-57.30,-59.95,56.10,-9.77,-0.93
2024/01/01 16:13:00.65,152.65,-31.74,-57.31,-59.91,56.13,-9.81,-0.97
2024/01/01 16:13:00.66,152.66,-31.76,-57.32,-59.88,56.15,-9.83,-0.94
2024/01/01 16:13:00.67,152.67,-31.77,-57.32,-59.84,56.14,-9.80,-0.87
2024/01/01 16:13:00.68,152.68,-31.76,-57.32,-59.81,56.13,-9.75,-0.81
2024/01/01 16:13:00.69,152.69,-31.76,-57.30,-59.80,56.15,-9.67,-0.82
2024/01/01 16:13:00.70,152.70,-31.77,-57.30,-59.80,56.18,-9.61,-0.80
2024/01/01 16:13:00.71,152.71,-31.78,-57.32,-59.80,56.22,-9.60,-0.72
2024/01/01 16:13:00.72,152.72,-31.78,-57.35,-59.80,56.25,-9.61,-0.68
2024/01/01 16:13:00.73,152.73,-31.79,-57.36,-59.79,56.25,-9.62,-0.73
2024/01/01 16:13:00.74,152.74,-31.81,-57.37,-59.78,56.18,-9.67,-0.80
2024/01/01 16:13:00.75,152.75,-31.82,-57.37,-59.79,56.07,-9.76,-0.86
2024/01/01 16:13:00.76,152.76,-31.83,-57.37,-59.80,56.02,-9.84,-0.89
2024/01/01 16:13:00.77,152.77,-31.83,-57.37,-59.82,56.01,-9.85,-0.86
2024/01/01 16:13:00.78,152.78,-31.82,-57.37,-59.83,56.00,-9.82,-0.81
2024/01/01 16:13:00.79,152.79,-31.81,-57.37,-59.84,56.01,-9.82,-0.79
2024/01/01 16:13:00.80,152.80,-31.81,-57.37,-59.84,56.06,-9.83,-0.80
2024/01/01 16:13:00.81,152.81,-31.81,-57.37,-59.85,56.10,-9.85,-0.80
2024/01/01 16:13:00.82,152.82,-31.79,-57.37,-59.86,56.13,-9.90,-0.84
2024/01/01 16:13:00.83,152.83,-31.77,-57.37,-59.88,56.18,-9.97,-0.89
2024/01/01 16:13:00.84,152.84,-31.77,-57.38,-59.89,56.22,-10.03,-0.92
2024/01/01 16:13:00.85,152.85,-31.79,-57.40,-59.89,56.20,-10.05,-0.96
2024/01/01 16:13:00.86,152.86,-31.79,-57.41,-59.89,56.16,-9.99,-0.99
2024/01/01 16:13:00.87,152.87,-31.80,-57.40,-59.88,56.11,-9.87,-0.99
2024/01/01 16:13:00.88,152.88,-31.80,-57.39,-59.88,56.07,-9.75,-0.92
2024/01/01 16:13:00.89,152.89,-31.79,-57.39,-59.89,56.01,-9.68,-0.85
2024/01/01 16:13:00.90,152.90,-31.79,-57.40,-59.90,55.96,-9.65,-0.81
2024/01/01 16:13:00.91,152.91,-31.79,-57.42,-59.92,55.95,-9.63,-0.83
2024/01/01 16:13:00.92,152.92,-31.80,-57.43,-59.92,56.02,-9.62,-0.86
2024/01/01 16:13:00.93,152.93,-31.83,-57.44,-59.90,56.16,-9.62,-0.91
2024/01/01 16:13:00.94,152.94,-31.85,-57.44,-59.90,56.31,-9.65,-0.98
2024/01/01 16:13:00.95,152.95,-31.85,-57.43,-59.93,56.42,-9.69,-1.04
2024/01/01 16:13:00.96,152.96,-31.84,-57.42,-59.97,56.43,-9.72,-1.03
2024/01/01 16:13:00.97,152.97,-31.84,-57.41,-59.98,56.34,-9.77,-0.92
2024/01/01 16:13:00.98,152.98,-31.83,-57.42,-59.97,56.20,-9.85,-0.83
2024/01/01 16:13:00.99,152.99,-31.84,-57.42,-59.94,56.11,-9.93,-0.91
2024/01/01 16:13:01.00,153.00,-31.86,-57.43,-59.92,56.08,-9.96,-1.03
2024/01/01 16:13:01.01,153.01,-31.87,-57.44,-59.91,56.08,-9.96,-1.05
2024/01/01 16:13:01.02,153.02,-31.88,-57.46,-59.90,56.02,-9.98,-0.98
2024/01/01 16:13:01.03,153.03,-31.89,-57.48,-59.88,55.90,-10.01,-0.89
2024/01/01 16:13:01.04,153.04,-31.92,-57.49,-59.85,55.77,-9.98,-0.80
2024/01/01 16:13:01.05,153.05,-31.94,-57.49,-59.83,55.71,-9.91,-0.78
2024/01/01 16:13:01.06,153.06,-31.93,-57.50,-59.82,55.80,-9.88,-0.80
2024/01/01 16:13:01.07,153.07,-31.92,-57.52,-59.81,55.96,-9.89,-0.78
2024/01/01 16:13:01.08,153.08,-31.92,-57.54,-59.81,56.07,-9.90,-0.73
2024/01/01 16:13:01.09,153.09,-31.93,-57.55,-59.80,56.07,-9.88,-0.76
2024/01/01 16:13:01.10,153.10,-31.93,-57.54,-59.78,56.02,-9.88,-0.84
2024/01/01 16:13:01.11,153.11,-31.95,-57.52,-59.76,56.00,-9.92,-0.91
2024/01/01 16:13:01.12,153.12,-31.96,-57.51,-59.75,56.01,-10.03,-0.91
2024/01/01 16:13:01.13,153.13,-31.96,-57.51,-59.74,56.03,-10.15,-0.86
2024/01/01 16:13:01.14,153.14,-31.97,-57.50,-59.73,56.02,-10.19,-0.75
2024/01/01 16:13:01.15,153.15,-31.97,-57.50,-59.72,55.97,-10.12,-0.63
2024/01/01 16:13:01.16,153.16,-31.97,-57.49,-59.69,55.93,-9.97,-0.55
2024/01/01 16:13:01.17,153.17,-31.98,-57.48,-59.66,55.95,-9.82,-0.52
2024/01/01 16:13:01.18,153.18,-31.98,-57.48,-59.63,56.01,-9.72,-0.55
2024/01/01 16:13:01.19,153.19,-31.98,-57.49,-59.63,56.07,-9.68,-0.63
2024/01/01 16:13:01.20,153.20,-31.97,-57.50,-59.66,56.07,-9.69,-0.68
2024/01/01 16:13:01.21,153.21,-31.96,-57.51,-59.69,56.00,-9.73,-0.68
2024/01/01 16:13:01.22,153.22,-31.94,-57.51,-59.71,55.93,-9.82,-0.63
2024/01/01 16:13:01.23,153.23,-31.93,-57.50,-59.72,55.94,-9.94,-0.62
2024/01/01 16:13:01.24,153.24,-31.94,-57.48,-59.72,56.00,-10.08,-0.70
2024/01/01 16:13:01.25,153.25,-31.95,-57.46,-59.72,56.06,-10.20,-0.81
2024/01/01 16:13:01.26,153.26,-31.95,-57.44,-59.74,56.05,-10.22,-0.87
2024/01/01 16:13:01.27,153.27,-31.93,-57.44,-59.76,55.96,-10.14,-0.86
2024/01/01 16:13:01.28,153.28,-31.92,-57.45,-59.78,55.87,-9.99,-0.77
2024/01/01 16:13:01.29,153.29,-31.90,-57.47,-59.79,55.86,-9.83,-0.66
2024/01/01 16:13:01.30,153.30,-31.88,-57.47,-59.80,55.94,-9.71,-0.66
2024/01/01 16:13:01.31,153.31,-31.88,-57.48,-59.81,56.05,-9.67,-0.73
2024/01/01 16:13:01.32,153.32,-31.88,-57.50,-59.82,56.10,-9.71,-0.80
2024/01/01 16:13:01.33,153.33,-31.88,-57.51,-59.84,56.11,-9.78,-0.90
2024/01/01 16:13:01.34,153.34,-31.86,-57.50,-59.87,56.11,-9.84,-1.00
2024/01/01 16:13:01.35,153.35,-31.86,-57.49,-59.88,56.13,-9.84,-0.99
2024/01/01 16:13:01.36,153.36,-31.86,-57.49,-59.88,56.12,-9.85,-0.89
2024/01/01 16:13:01.37,153.37,-31.86,-57.51,-59.87,56.10,-9.89,-0.84
2024/01/01 16:13:01.38,153.38,-31.85,-57.53,-59.86,56.10,-9.96,-0.90
2024/01/01 16:13:01.39,153.39,-31.84,-57.54,-59.83,56.11,-10.02,-0.89
2024/01/01 16:13:01.40,153.40,-31.83,-57.55,-59.81,56.12,-10.06,-0.79
2024/01/01 16:13:01.41,153.41,-31.83,-57.55,-59.80,56.14,-10.06,-0.80
2024/01/01 16:13:01.42,153.42,-31.82,-57.54,-59.81,56.19,-10.04,-0.85
2024/01/01 16:13:01.43,153.43,-31.82,-57.54,-59.84,56.22,-10.02,-0.80
2024/01/01 16:13:01.44,153.44,-31.82,-57.55,-59.83,56.19,-10.04,-0.73
2024/01/01 16:13:01.45,153.45,-31.82,-57.55,-59.80,56.19,-10.07,-0.77
2024/01/01 16:13:01.46,153.46,-31.83,-57.55,-59.78,56.22,-10.07,-0.87
2024/01/01 16:13:01.47,153.47,-31.83,-57.55,-59.79,56.24,-10.03,-0.95
2024/01/01 16:13:01.48,153.48,-31.84,-57.57,-59.80,56.23,-10.01,-0.89
2024/01/01 16:13:01.49,153.49,-31.86,-57.58,-59.80,56.19,-9.98,-0.73
2024/01/01 16:13:01.50,153.50,-31.88,-57.58,-59.79,56.12,-9.96,-0.69
2024/01/01 16:13:01.51,153.51,-31.87,-57.56,-59.79,56.07,-9.93,-0.78
2024/01/01 16:13:01.52,153.52,-31.85,-57.55,-59.78,56.08,-9.90,-0.81
2024/01/01 16:13:01.53,153.53,-31.83,-57.55,-59.78,56.14,-9.90,-0.72
2024/01/01 16:13:01.54,153.54,-31.81,-57.56,-59.78,56.17,-9.94,-0.66
2024/01/01 16:13:01.55,153.55,-31.79,-57.57,-59.78,56.12,-9.97,-0.71
2024/01/01 16:13:01.56,153.56,-31.79,-57.57,-59.78,56.04,-9.98,-0.79
2024/01/01 16:13:01.57,153.57,-31.79,-57.57,-59.77,56.00,-10.01,-0.85
2024/01/01 16:13:01.58,153.58,-31.79,-57.57,-59.77,55.99,-10.01,-0.87
2024/01/01 16:13:01.59,153.59,-31.80,-57.56,-59.75,55.98,-9.97,-0.85
2024/01/01 16:13:01.60,153.60,-31.82,-57.54,-59.74,55.98,-9.91,-0.81
2024/01/01 16:13:01.61,153.61,-31.83,-57.51,-59.74,56.03,-9.87,-0.75
2024/01/01 16:13:01.62,153.62,-31.82,-57.50,-59.74,56.08,-9.88,-0.68
2024/01/01 16:13:01.63,153.63,-31.83,-57.50,-59.72,56.11,-9.96,-0.62
2024/01/01 16:13:01.64,153.64,-31.84,-57.52,-59.69,56.17,-10.05,-0.62
2024/01/01 16:13:01.65,153.65,-31.84,-57.55,-59.70,56.28,-10.08,-0.72
2024/01/01 16:13:01.66,153.66,-31.83,-57.57,-59.70,56.38,-10.06,-0.81
2024/01/01 16:13:01.67,153.67,-31.81,-57.58,-59.70,56.38,-10.05,-0.74
2024/01/01 16:13:01.68,153.68,-31.80,-57.57,-59.70,56.29,-10.05,-0.66
2024/01/01 16:13:01.69,153.69,-31.79,-57.56,-59.70,56.17,-10.03,-0.70
2024/01/01 16:13:01.70,153.70,-31.79,-57.55,-59.69,56.10,-9.98,-0.74
2024/01/01 16:13:01.71,153.71,-31.80,-57.55,-59.69,56.08,-9.92,-0.71
2024/01/01 16:13:01.72,153.72,-31.80,-57.56,-59.70,56.08,-9.87,-0.70
2024/01/01 16:13:01.73,153.73,-31.80,-57.56,-59.70,56.08,-9.82,-0.74
2024/01/01 16:13:01.74,153.74,-31.81,-57.55,-59.69,56.08,-9.78,-0.75
2024/01/01 16:13:01.75,153.75,-31.82,-57.55,-59.70,56.10,-9.80,-0.72
2024/01/01 16:13:01.76,153.76,-31.82,-57.55,-59.71,56.17,-9.87,-0.70
2024/01/01 16:13:01.77,153.77,-31.81,-57.56,-59.72,56.26,-9.96,-0.70
2024/01/01 16:13:01.78,153.78,-31.81,-57.57,-59.74,56.32,-10.04,-0.70
2024/01/01 16:13:01.79,153.79,-31.81,-57.57,-59.76,56.36,-10.09,-0.70
2024/01/01 16:13:01.80,153.80,-31.81,-57.56,-59.78,56.33,-10.09,-0.69
2024/01/01 16:13:01.81,153.81,-31.81,-57.54,-59.79,56.24,-10.02,-0.72
2024/01/01 16:13:01.82,153.82,-31.82,-57.52,-59.79,56.10,-9.96,-0.83
2024/01/01 16:13:01.83,153.83,-31.81,-57.51,-59.79,55.97,-9.95,-0.96
2024/01/01 16:13:01.84,153.84,-31.80,-57.50,-59.80,55.90,-9.97,-0.99
2024/01/01 16:13:01.85,153.85,-31.80,-57.50,-59.80,55.90,-9.98,-0.93
2024/01/01 16:13:01.86,153.86,-31.77,-57.49,-59.80,55.99,-9.97,-0.83
2024/01/01 16:13:01.87,153.87,-31.75,-57.46,-59.80,56.12,-9.98,-0.75
2024/01/01 16:13:01.88,153.88,-31.72,-57.44,-59.78,56.25,-9.99,-0.71
2024/01/01 16:13:01.89,153.89,-31.72,-57.43,-59.75,56.29,-9.99,-0.67
2024/01/01 16:13:01.90,153.90,-31.72,-57.43,-59.73,56.20,-9.96,-0.69
2024/01/01 16:13:01.91,153.91,-31.71,-57.45,-59.73,56.07,-9.87,-0.78
2024/01/01 16:13:01.92,153.92,-31.68,-57.46,-59.76,56.01,-9.75,-0.83
2024/01/01 16:13:01.93,153.93,-31.65,-57.47,-59.79,56.04,-9.65,-0.77
2024/01/01 16:13:01.94,153.94,-31.62,-57.49,-59.82,56.13,-9.61,-0.73
2024/01/01 16:13:01.95,153.95,-31.60,-57.50,-59.84,56.25,-9.60,-0.76
2024/01/01 16:13:01.96,153.96,-31.58,-57.51,-59.86,56.38,-9.58,-0.83
2024/01/01 16:13:01.97,153.97,-31.58,-57.52,-59.88,56.50,-9.55,-0.90
2024/01/01 16:13:01.98,153.98,-31.59,-57.52,-59.88,56.58,-9.56,-0.94
2024/01/01 16:13:01.99,153.99,-31.58,-57.53,-59.91,56.65,-9.63,-0.96
2024/01/01 16:13:02.00,154.00,-31.57,-57.54,-59.92,56.71,-9.75,-0.96
2024/01/01 16:13:02.01,154.01,-31.56,-57.55,-59.91,56.73,-9.87,-0.88
2024/01/01 16:13:02.02,154.02,-31.56,-57.57,-59.91,56.71,-9.99,-0.78
2024/01/01 16:13:02.03,154.03,-31.59,-57.59,-59.91,56.64,-10.09,-0.83
2024/01/01 16:13:02.04,154.04,-31.63,-57.61,-59.90,56.58,-10.13,-0.92
2024/01/01 16:13:02.05,154.05,-31.66,-57.64,-59.89,56.54,-10.11,-0.90
2024/01/01 16:13:02.06,154.06,-31.69,-57.66,-59.89,56.47,-10.12,-0.84
2024/01/01 16:13:02.07,154.07,-31.72,-57.67,-59.89,56.37,-10.18,-0.86
2024/01/01 16:13:02.08,154.08,-31.75,-57.68,-59.88,56.25,-10.25,-0.83
2024/01/01 16:13:02.09,154.09,-31.77,-57.70,-59.85,56.11,-10.31,-0.76
2024/01/01 16:13:02.10,154.10,-31.79,-57.71,-59.83,56.03,-10.34,-0.79
2024/01/01 16:13:02.11,154.11,-31.82,-57.71,-59.82,56.01,-10.29,-0.88
2024/01/01 16:13:02.12,154.12,-31.86,-57.71,-59.82,56.00,-10.21,-0.96
2024/01/01 16:13:02.13,154.13,-31.89,-57.70,-59.82,55.92,-10.19,-0.98
2024/01/01 16:13:02.14,154.14,-31.92,-57.71,-59.83,55.82,-10.25,-0.93
2024/01/01 16:13:02.15,154.15,-31.94,-57.70,-59.85,55.70,-10.31,-0.85
2024/01/01 16:13:02.16,154.16,-31.96,-57.68,-59.86,55.62,-10.30,-0.81
2024/01/01 16:13:02.17,154.17,-32.00,-57.66,-59.86,55.68,-10.23,-0.81
2024/01/01 16:13:02.18,154.18,-32.02,-57.64,-59.86,55.86,-10.13,-0.85
2024/01/01 16:13:02.19,154.19,-32.01,-57.63,-59.86,56.04,-10.03,-0.93
2024/01/01 16:13:02.20,154.20,-31.99,-57.62,-59.86,56.14,-9.90,-0.99
2024/01/01 16:13:02.21,154.21,-31.97,-57.60,-59.84,56.13,-9.80,-0.96
2024/01/01 16:13:02.22,154.22,-31.93,-57.53,-59.81,56.03,-9.79,-0.92
2024/01/01 16:13:02.23,154.23,-31.88,-57.45,-59.78,55.91,-9.85,-0.91
2024/01/01 16:13:02.24,154.24,-31.81,-57.39,-59.76,55.85,-9.90,-0.85
2024/01/01 16:13:02.25,154.25,-31.75,-57.37,-59.74,55.86,-9.92,-0.71
2024/01/01 16:13:02.26,154.26,-31.71,-57.38,-59.70,55.90,-9.92,-0.60
2024/01/01 16:13:02.27,154.27,-31.68,-57.39,-59.68,55.93,-9.88,-0.64
2024/01/01 16:13:02.28,154.28,-31.66,-57.37,-59.68,55.95,-9.81,-0.81
2024/01/01 16:13:02.29,154.29,-31.64,-57.32,-59.66,56.01,-9.75,-0.89
2024/01/01 16:13:02.30,154.30,-31.62,-57.26,-59.65,56.11,-9.74,-0.77
2024/01/01 16:13:02.31,154.31,-31.61,-57.24,-59.65,56.26,-9.69,-0.65
2024/01/01 16:13:02.32,154.32,-31.60,-57.24,-59.64,56.45,-9.53,-0.66
2024/01/01 16:13:02.33,154.33,-31.59,-57.22,-59.66,56.67,-9.28,-0.61
2024/01/01 16:13:02.34,154.34,-31.58,-57.20,-59.70,56.87,-9.11,-0.54
2024/01/01 16:13:02.35,154.35,-31.59,-57.17,-59.73,57.02,-9.11,-0.56
2024/01/01 16:13:02.36,154.36,-31.60,-57.15,-59.75,57.07,-9.25,-0.63
2024/01/01 16:13:02.37,154.37,-31.62,-57.16,-59.76,56.99,-9.42,-0.72
2024/01/01 16:13:02.38,154.38,-31.62,-57.17,-59.79,56.82,-9.56,-0.85
2024/01/01 16:13:02.39,154.39,-31.62,-57.18,-59.81,56.65,-9.62,-0.89
2024/01/01 16:13:02.40,154.40,-31.61,-57.19,-59.83,56.50,-9.62,-0.81
2024/01/01 16:13:02.41,154.41,-31.60,-57.21,-59.85,56.37,-9.59,-0.74
2024/01/01 16:13:02.42,154.42,-31.61,-57.22,-59.86,56.26,-9.57,-0.75
2024/01/01 16:13:02.43,154.43,-31.63,-57.21,-59.85,56.14,-9.51,-0.74
2024/01/01 16:13:02.44,154.44,-31.65,-57.20,-59.85,55.94,-9.40,-0.79
2024/01/01 16:13:02.45,154.45,-31.69,-57.19,-59.87,55.74,-9.34,-0.94
2024/01/01 16:13:02.46,154.46,-31.76,-57.18,-59.90,55.63,-9.38,-1.06
2024/01/01 16:13:02.47,154.47,-31.82,-57.19,-59.93,55.63,-9.52,-1.05
2024/01/01 16:13:02.48,154.48,-31.86,-57.20,-59.96,55.69,-9.72,-0.99
2024/01/01 16:13:02.49,154.49,-31.88,-57.21,-59.98,55.77,-9.93,-0.94
2024/01/01 16:13:02.50,154.50,-31.91,-57.21,-59.98,55.82,-10.10,-0.91
2024/01/01 16:13:02.51,154.51,-31.94,-57.22,-59.98,55.88,-10.20,-0.94
2024/01/01 16:13:02.52,154.52,-31.95,-57.23,-60.01,55.99,-10.20,-0.99
2024/01/01 16:13:02.53,154.53,-31.96,-57.23,-60.02,56.11,-10.07,-0.97
2024/01/01 16:13:02.54,154.54,-31.96,-57.22,-60.03,56.15,-9.85,-0.91
2024/01/01 16:13:02.55,154.55,-31.94,-57.22,-60.04,56.08,-9.62,-0.93
2024/01/01 16:13:02.56,154.56,-31.89,-57.23,-60.05,55.95,-9.40,-1.02
2024/01/01 16:13:02.57,154.57,-31.85,-57.23,-60.06,55.86,-9.25,-1.10
2024/01/01 16:13:02.58,154.58,-31.81,-57.22,-60.05,55.79,-9.21,-1.09
2024/01/01 16:13:02.59,154.59,-31.80,-57.19,-60.03,55.76,-9.28,-1.06
2024/01/01 16:13:02.60,154.60,-31.79,-57.16,-60.03,55.77,-9.39,-1.13
2024/01/01 16:13:02.61,154.61,-31.78,-57.14,-60.05,55.82,-9.48,-1.20
2024/01/01 16:13:02.62,154.62,-31.76,-57.15,-60.05,55.90,-9.49,-1.12
2024/01/01 16:13:02.63,154.63,-31.76,-57.18,-60.04,55.98,-9.51,-0.95
2024/01/01 16:13:02.64,154.64,-31.78,-57.22,-60.02,56.09,-9.57,-0.88
2024/01/01 16:13:02.65,154.65,-31.83,-57.23,-60.00,56.22,-9.64,-0.94
2024/01/01 16:13:02.66,154.66,-31.86,-57.23,-59.99,56.39,-9.68,-0.96
2024/01/01 16:13:02.67,154.67,-31.86,-57.22,-59.97,56.58,-9.70,-0.89
2024/01/01 16:13:02.68,154.68,-31.85,-57.23,-59.95,56.74,-9.70,-0.85
2024/01/01 16:13:02.69,154.69,-31.84,-57.25,-59.94,56.77,-9.64,-0.89
2024/01/01 16:13:02.70,154.70,-31.84,-57.27,-59.93,56.63,-9.57,-0.91
2024/01/01 16:13:02.71,154.71,-31.84,-57.28,-59.91,56.38,-9.57,-0.85
2024/01/01 16:13:02.72,154.72,-31.84,-57.27,-59.91,56.17,-9.69,-0.74
2024/01/01 16:13:02.73,154.73,-31.85,-57.26,-59.92,56.06,-9.85,-0.70
2024/01/01 16:13:02.74,154.74,-31.85,-57.23,-59.93,56.00,-9.93,-0.75
2024/01/01 16:13:02.75,154.75,-31.86,-57.19,-59.93,55.91,-9.85,-0.87
2024/01/01 16:13:02.76,154.76,-31.89,-57.17,-59.93,55.78,-9.68,-1.08
2024/01/01 16:13:02.77,154.77,-31.91,-57.18,-59.93,55.64,-9.51,-1.30
2024/01/01 16:13:02.78,154.78,-31.92,-57.19,-59.94,55.57,-9.48,-1.36
2024/01/01 16:13:02.79,154.79,-31.91,-57.21,-59.96,55.63,-9.65,-1.17
2024/01/01 16:13:02.80,154.80,-31.89,-57.22,-59.96,55.74,-9.94,-0.88
2024/01/01 16:13:02.81,154.81,-31.86,-57.23,-59.94,55.77,-10.15,-0.75
2024/01/01 16:13:02.82,154.82,-31.84,-57.24,-59.91,55.68,-10.16,-0.84
2024/01/01 16:13:02.83,154.83,-31.81,-57.24,-59.90,55.59,-9.95,-1.01
2024/01/01 16:13:02.84,154.84,-31.77,-57.20,-59.92,55.57,-9.60,-1.11
2024/01/01 16:13:02.85,154.85,-31.73,-57.15,-59.96,55.62,-9.30,-1.14
2024/01/01 16:13:02.86,154.86,-31.69,-57.10,-60.00,55.71,-9.14,-1.20
2024/01/01 16:13:02.87,154.87,-31.64,-57.08,-60.03,55.88,-9.13,-1.27
2024/01/01 16:13:02.88,154.88,-31.59,-57.06,-60.04,56.15,-9.21,-1.24
2024/01/01 16:13:02.89,154.89,-31.54,-57.02,-60.04,56.48,-9.34,-1.14
2024/01/01 16:13:02.90,154.90,-31.50,-56.99,-60.02,56.83,-9.48,-1.05
2024/01/01 16:13:02.91,154.91,-31.47,-56.99,-60.02,57.13,-9.59,-0.96
2024/01/01 16:13:02.92,154.92,-31.45,-57.01,-60.02,57.28,-9.57,-0.92
2024/01/01 16:13:02.93,154.93,-31.42,-57.01,-60.00,57.25,-9.43,-0.91
2024/01/01 16:13:02.94,154.94,-31.38,-56.99,-59.96,57.08,-9.21,-0.88
2024/01/01 16:13:02.95,154.95,-31.34,-57.00,-59.93,56.86,-9.02,-0.88
2024/01/01 16:13:02.96,154.96,-31.32,-57.04,-59.92,56.68,-8.93,-0.90
2024/01/01 16:13:02.97,154.97,-31.30,-57.08,-59.92,56.57,-8.93,-0.86
2024/01/01 16:13:02.98,154.98,-31.29,-57.10,-59.92,56.49,-8.90,-0.81
2024/01/01 16:13:02.99,154.99,-31.31,-57.11,-59.93,56.43,-8.84,-0.89
2024/01/01 16:13:03.00,155.00,-31.34,-57.10,-59.94,56.39,-8.86,-1.02
2024/01/01 16:13:03.01,155.01,-31.39,-57.09,-59.95,56.40,-9.03,-1.08
2024/01/01 16:13:03.02,155.02,-31.47,-57.07,-59.94,56.47,-9.34,-1.03
2024/01/01 16:13:03.03,155.03,-31.56,-57.03,-59.93,56.60,-9.67,-0.95
2024/01/01 16:13:03.04,155.04,-31.62,-57.01,-59.93,56.75,-9.89,-0.87
2024/01/01 16:13:03.05,155.05,-31.67,-57.02,-59.94,56.81,-9.96,-0.80
2024/01/01 16:13:03.06,155.06,-31.70,-57.05,-59.94,56.73,-9.95,-0.72
2024/01/01 16:13:03.07,155.07,-31.73,-57.10,-59.93,56.54,-9.90,-0.73
2024/01/01 16:13:03.08,155.08,-31.76,-57.18,-59.91,56.32,-9.86,-0.91
2024/01/01 16:13:03.09,155.09,-31.78,-57.23,-59.91,56.06,-9.87,-1.06
2024/01/01 16:13:03.10,155.10,-31.80,-57.26,-59.92,55.77,-9.89,-1.04
2024/01/01 16:13:03.11,155.11,-31.81,-57.29,-59.93,55.51,-9.83,-0.99
2024/01/01 16:13:03.12,155.12,-31.82,-57.33,-59.93,55.32,-9.63,-1.02
2024/01/01 16:13:03.13,155.13,-31.80,-57.36,-59.92,55.22,-9.39,-1.08
2024/01/01 16:13:03.14,155.14,-31.78,-57.38,-59.90,55.22,-9.24,-1.10
2024/01/01 16:13:03.15,155.15,-31.78,-57.38,-59.88,55.34,-9.27,-1.00
2024/01/01 16:13:03.16,155.16,-31.81,-57.37,-59.87,55.52,-9.45,-0.86
2024/01/01 16:13:03.17,155.17,-31.84,-57.34,-59.87,55.71,-9.70,-0.82
2024/01/01 16:13:03.18,155.18,-31.86,-57.29,-59.85,55.91,-9.90,-0.85
2024/01/01 16:13:03.19,155.19,-31.85,-57.22,-59.83,56.14,-9.98,-0.84
2024/01/01 16:13:03.20,155.20,-31.82,-57.14,-59.84,56.35,-9.97,-0.86
2024/01/01 16:13:03.21,155.21,-31.78,-57.08,-59.87,56.53,-9.97,-0.91
2024/01/01 16:13:03.22,155.22,-31.73,-57.06,-59.91,56.69,-9.93,-0.85
2024/01/01 16:13:03.23,155.23,-31.70,-57.08,-59.93,56.81,-9.79,-0.74
2024/01/01 16:13:03.24,155.24,-31.67,-57.09,-59.94,56.84,-9.58,-0.81
2024/01/01 16:13:03.25,155.25,-31.65,-57.10,-59.92,56.76,-9.39,-0.99
2024/01/01 16:13:03.26,155.26,-31.61,-57.09,-59.90,56.60,-9.27,-1.02
2024/01/01 16:13:03.27,155.27,-31.57,-57.08,-59.88,56.40,-9.22,-0.91
2024/01/01 16:13:03.28,155.28,-31.52,-57.04,-59.87,56.26,-9.17,-0.79
2024/01/01 16:13:03.29,155.29,-31.47,-56.99,-59.87,56.22,-9.01,-0.74
2024/01/01 16:13:03.30,155.30,-31.43,-56.98,-59.88,56.28,-8.84,-0.80
2024/01/01 16:13:03.31,155.31,-31.43,-57.01,-59.89,56.38,-8.86,-0.91
2024/01/01 16:13:03.32,155.32,-31.43,-57.01,-59.92,56.44,-9.07,-1.03
2024/01/01 16:13:03.33,155.33,-31.44,-56.96,-59.95,56.42,-9.34,-1.12
2024/01/01 16:13:03.34,155.34,-31.45,-56.90,-59.98,56.34,-9.54,-1.08
2024/01/01 16:13:03.35,155.35,-31.48,-56.88,-60.04,56.25,-9.62,-0.96
2024/01/01 16:13:03.36,155.36,-31.50,-56.93,-60.11,56.23,-9.55,-0.93
2024/01/01 16:13:03.37,155.37,-31.53,-57.02,-60.15,56.34,-9.37,-0.98
2024/01/01 16:13:03.38,155.38,-31.56,-57.10,-60.17,56.58,-9.21,-1.01
2024/01/01 16:13:03.39,155.39,-31.62,-57.14,-60.20,56.81,-9.22,-1.11
2024/01/01 16:13:03.40,155.40,-31.67,-57.13,-60.23,56.87,-9.41,-1.28
2024/01/01 16:13:03.41,155.41,-31.71,-57.09,-60.24,56.70,-9.59,-1.30
2024/01/01 16:13:03.42,155.42,-31.72,-57.05,-60.23,56.38,-9.59,-1.17
2024/01/01 16:13:03.43,155.43,-31.72,-57.05,-60.22,56.06,-9.43,-1.15
2024/01/01 16:13:03.44,155.44,-31.71,-57.09,-60.19,55.87,-9.28,-1.26
2024/01/01 16:13:03.45,155.45,-31.68,-57.13,-60.17,55.84,-9.29,-1.30
2024/01/01 16:13:03.46,155.46,-31.62,-57.15,-60.16,55.94,-9.59,-1.24
2024/01/01 16:13:03.47,155.47,-31.56,-57.16,-60.16,56.07,-10.06,-1.17
2024/01/01 16:13:03.48,155.48,-31.51,-57.18,-60.14,56.08,-10.43,-1.11
2024/01/01 16:13:03.49,155.49,-31.50,-57.20,-60.12,55.95,-10.51,-1.13
2024/01/01 16:13:03.50,155.50,-31.52,-57.23,-60.13,55.78,-10.26,-1.26
2024/01/01 16:13:03.51,155.51,-31.58,-57.25,-60.17,55.67,-9.75,-1.36
2024/01/01 16:13:03.52,155.52,-31.65,-57.27,-60.20,55.63,-9.19,-1.37
2024/01/01 16:13:03.53,155.53,-31.69,-57.28,-60.22,55.72,-8.84,-1.36
2024/01/01 16:13:03.54,155.54,-31.72,-57.31,-60.22,55.97,-8.75,-1.36
2024/01/01 16:13:03.55,155.55,-31.74,-57.32,-60.21,56.30,-8.92,-1.27
2024/01/01 16:13:03.56,155.56,-31.74,-57.32,-60.18,56.67,-9.23,-1.11
2024/01/01 16:13:03.57,155.57,-31.72,-57.29,-60.18,57.07,-9.49,-1.02
2024/01/01 16:13:03.58,155.58,-31.68,-57.24,-60.20,57.42,-9.63,-1.01
2024/01/01 16:13:03.59,155.59,-31.65,-57.18,-60.21,57.55,-9.76,-0.99
2024/01/01 16:13:03.60,155.60,-31.62,-57.13,-60.22,57.34,-9.97,-1.00
2024/01/01 16:13:03.61,155.61,-31.58,-57.12,-60.22,56.88,-10.22,-1.12
2024/01/01 16:13:03.62,155.62,-31.50,-57.16,-60.21,56.37,-10.43,-1.24
2024/01/01 16:13:03.63,155.63,-31.40,-57.24,-60.17,55.92,-10.50,-1.30
2024/01/01 16:13:03.64,155.64,-31.34,-57.33,-60.15,55.59,-10.33,-1.35
2024/01/01 16:13:03.65,155.65,-31.35,-57.38,-60.15,55.41,-9.88,-1.40
2024/01/01 16:13:03.66,155.66,-31.42,-57.37,-60.14,55.37,-9.27,-1.34
2024/01/01 16:13:03.67,155.67,-31.49,-57.30,-60.13,55.42,-8.75,-1.18
2024/01/01 16:13:03.68,155.68,-31.52,-57.23,-60.12,55.60,-8.57,-1.10
2024/01/01 16:13:03.69,155.69,-31.51,-57.17,-60.12,55.88,-8.77,-1.20
2024/01/01 16:13:03.70,155.70,-31.49,-57.13,-60.09,56.15,-9.16,-1.26
2024/01/01 16:13:03.71,155.71,-31.47,-57.10,-60.07,56.37,-9.56,-1.17
2024/01/01 16:13:03.72,155.72,-31.45,-57.08,-60.07,56.67,-9.89,-1.19
2024/01/01 16:13:03.73,155.73,-31.43,-57.06,-60.10,57.08,-10.07,-1.32
2024/01/01 16:13:03.74,155.74,-31.44,-57.06,-60.14,57.36,-10.14,-1.27
2024/01/01 16:13:03.75,155.75,-31.46,-57.08,-60.19,57.34,-10.17,-1.06
2024/01/01 16:13:03.76,155.76,-31.45,-57.12,-60.24,57.06,-10.11,-1.04
2024/01/01 16:13:03.77,155.77,-31.40,-57.17,-60.27,56.68,-9.88,-1.14
2024/01/01 16:13:03.78,155.78,-31.35,-57.20,-60.25,56.45,-9.54,-1.08
2024/01/01 16:13:03.79,155.79,-31.32,-57.17,-60.21,56.54,-9.12,-0.96
2024/01/01 16:13:03.80,155.80,-31.27,-57.06,-60.15,56.91,-8.62,-1.04
2024/01/01 16:13:03.81,155.81,-31.21,-56.88,-60.09,57.22,-8.18,-1.26
2024/01/01 16:13:03.82,155.82,-31.13,-56.72,-60.04,57.16,-7.99,-1.43
2024/01/01 16:13:03.83,155.83,-31.06,-56.63,-60.01,56.68,-8.14,-1.47
2024/01/01 16:13:03.84,155.84,-31.04,-56.62,-60.01,56.08,-8.66,-1.43
2024/01/01 16:13:03.85,155.85,-31.07,-56.68,-60.01,55.65,-9.44,-1.35
2024/01/01 16:13:03.86,155.86,-31.10,-56.79,-60.03,55.57,-10.23,-1.24
2024/01/01 16:13:03.87,155.87,-31.13,-56.92,-60.06,55.85,-10.83,-1.09
2024/01/01 16:13:03.88,155.88,-31.17,-57.02,-60.07,56.30,-10.98,-1.00
2024/01/01 16:13:03.89,155.89,-31.22,-57.07,-60.10,56.65,-10.52,-0.93
2024/01/01 16:13:03.90,155.90,-31.29,-57.07,-60.13,56.88,-9.57,-0.85
2024/01/01 16:13:03.91,155.91,-31.37,-57.03,-60.17,57.22,-8.41,-0.84
2024/01/01 16:13:03.92,155.92,-31.45,-56.99,-60.18,57.70,-7.38,-0.85
2024/01/01 16:13:03.93,155.93,-31.48,-56.98,-60.19,58.06,-6.91,-0.91
2024/01/01 16:13:03.94,155.94,-31.46,-57.00,-60.19,58.10,-7.17,-1.10
2024/01/01 16:13:03.95,155.95,-31.42,-57.05,-60.18,57.78,-8.05,-1.26
2024/01/01 16:13:03.96,155.96,-31.35,-57.06,-60.17,57.21,-9.33,-1.28
2024/01/01 16:13:03.97,155.97,-31.28,-57.06,-60.18,56.63,-10.63,-1.26
2024/01/01 16:13:03.98,155.98,-31.25,-57.09,-60.19,56.31,-11.48,-1.26
2024/01/01 16:13:03.99,155.99,-31.27,-57.18,-60.20,56.22,-11.61,-1.23
2024/01/01 16:13:04.00,156.00,-31.31,-57.30,-60.21,56.10,-11.15,-1.23
2024/01/01 16:13:04.01,156.01,-31.40,-57.41,-60.23,55.76,-10.37,-1.30
2024/01/01 16:13:04.02,156.02,-31.54,-57.46,-60.20,55.29,-9.57,-1.35
2024/01/01 16:13:04.03,156.03,-31.67,-57.47,-60.13,54.89,-8.98,-1.30
2024/01/01 16:13:04.04,156.04,-31.76,-57.47,-60.06,54.82,-8.70,-1.26
2024/01/01 16:13:04.05,156.05,-31.81,-57.49,-60.04,55.14,-8.64,-1.25
2024/01/01 16:13:04.06,156.06,-31.82,-57.52,-60.04,55.67,-8.71,-1.15
2024/01/01 16:13:04.07,156.07,-31.83,-57.56,-60.03,56.17,-9.05,-0.98
2024/01/01 16:13:04.08,156.08,-31.81,-57.62,-60.01,56.50,-9.77,-0.97
2024/01/01 16:13:04.09,156.09,-31.75,-57.67,-60.03,56.70,-10.76,-1.14
2024/01/01 16:13:04.10,156.10,-31.67,-57.67,-60.06,56.79,-11.70,-1.21
2024/01/01 16:13:04.11,156.11,-31.62,-57.63,-60.08,56.75,-12.20,-1.00
2024/01/01 16:13:04.12,156.12,-31.60,-57.57,-60.06,56.57,-12.11,-0.74
2024/01/01 16:13:04.13,156.13,-31.61,-57.53,-60.02,56.40,-11.48,-0.81
2024/01/01 16:13:04.14,156.14,-31.60,-57.48,-59.96,56.35,-10.40,-1.14
2024/01/01 16:13:04.15,156.15,-31.57,-57.40,-59.91,56.38,-9.20,-1.28
2024/01/01 16:13:04.16,156.16,-31.54,-57.29,-59.86,56.38,-8.41,-1.17
2024/01/01 16:13:04.17,156.17,-31.49,-57.18,-59.82,56.26,-8.23,-1.06
2024/01/01 16:13:04.18,156.18,-31.45,-57.06,-59.78,56.09,-8.49,-0.95
2024/01/01 16:13:04.19,156.19,-31.40,-56.98,-59.78,56.11,-8.94,-0.81
2024/01/01 16:13:04.20,156.20,-31.35,-56.92,-59.80,56.41,-9.24,-0.69
2024/01/01 16:13:04.21,156.21,-31.31,-56.91,-59.83,56.82,-9.30,-0.57
2024/01/01 16:13:04.22,156.22,-31.28,-56.94,-59.86,57.09,-9.30,-0.58
2024/01/01 16:13:04.23,156.23,-31.28,-56.99,-59.88,57.04,-9.28,-0.87
2024/01/01 16:13:04.24,156.24,-31.28,-57.01,-59.90,56.70,-9.30,-1.16
2024/01/01 16:13:04.25,156.25,-31.26,-56.99,-59.91,56.34,-9.45,-1.22
2024/01/01 16:13:04.26,156.26,-31.22,-56.92,-59.91,56.15,-9.50,-1.13
2024/01/01 16:13:04.27,156.27,-31.16,-56.85,-59.92,56.18,-9.26,-0.92
2024/01/01 16:13:04.28,156.28,-31.08,-56.77,-59.91,56.42,-8.81,-0.72
2024/01/01 16:13:04.29,156.29,-31.02,-56.71,-59.90,56.72,-8.27,-0.69
2024/01/01 16:13:04.30,156.30,-30.99,-56.68,-59.91,57.00,-7.99,-0.78
2024/01/01 16:13:04.31,156.31,-30.99,-56.70,-59.94,57.28,-8.32,-0.94
2024/01/01 16:13:04.32,156.32,-30.98,-56.74,-59.96,57.52,-9.07,-1.10
2024/01/01 16:13:04.33,156.33,-30.97,-56.80,-59.96,57.56,-9.78,-1.12
2024/01/01 16:13:04.34,156.34,-31.00,-56.91,-59.96,57.38,-10.24,-1.06
2024/01/01 16:13:04.35,156.35,-31.05,-57.03,-59.96,57.05,-10.24,-1.09
2024/01/01 16:13:04.36,156.36,-31.12,-57.12,-59.95,56.71,-9.81,-1.14
2024/01/01 16:13:04.37,156.37,-31.21,-57.13,-59.97,56.56,-9.27,-1.05
2024/01/01 16:13:04.38,156.38,-31.32,-57.08,-59.98,56.60,-8.86,-0.85
2024/01/01 16:13:04.39,156.39,-31.43,-57.02,-59.96,56.64,-8.64,-0.71
2024/01/01 16:13:04.40,156.40,-31.49,-56.99,-59.90,56.64,-8.67,-0.71
2024/01/01 16:13:04.41,156.41,-31.48,-57.00,-59.86,56.71,-8.83,-0.78
2024/01/01 16:13:04.42,156.42,-31.41,-57.00,-59.83,56.94,-8.97,-0.80
2024/01/01 16:13:04.43,156.43,-31.31,-56.98,-59.81,57.21,-9.13,-0.76
2024/01/01 16:13:04.44,156.44,-31.22,-56.96,-59.78,57.27,-9.31,-0.76
2024/01/01 16:13:04.45,156.45,-31.19,-57.00,-59.76,56.99,-9.59,-0.90
2024/01/01 16:13:04.46,156.46,-31.21,-57.10,-59.78,56.43,-10.01,-1.13
2024/01/01 16:13:04.47,156.47,-31.27,-57.23,-59.83,55.67,-10.44,-1.28
2024/01/01 16:13:04.48,156.48,-31.33,-57.36,-59.88,54.93,-10.74,-1.20
2024/01/01 16:13:04.49,156.49,-31.40,-57.45,-59.91,54.48,-10.80,-1.03
2024/01/01 16:13:04.50,156.50,-31.49,-57.48,-59.91,54.45,-10.47,-0.95
2024/01/01 16:13:04.51,156.51,-31.57,-57.45,-59.87,54.88,-9.78,-0.87
2024/01/01 16:13:04.52,156.52,-31.63,-57.37,-59.81,55.77,-9.05,-0.65
2024/01/01 16:13:04.53,156.53,-31.64,-57.28,-59.76,56.82,-8.44,-0.47
2024/01/01 16:13:04.54,156.54,-31.59,-57.22,-59.73,57.67,-8.17,-0.53
2024/01/01 16:13:04.55,156.55,-31.51,-57.19,-59.73,58.11,-8.44,-0.77
2024/01/01 16:13:04.56,156.56,-31.44,-57.18,-59.74,58.04,-9.04,-0.93
2024/01/01 16:13:04.57,156.57,-31.36,-57.16,-59.76,57.57,-9.71,-0.92
2024/01/01 16:13:04.58,156.58,-31.26,-57.12,-59.76,56.99,-10.36,-0.87
2024/01/01 16:13:04.59,156.59,-31.21,-57.05,-59.76,56.49,-10.77,-0.80
2024/01/01 16:13:04.60,156.60,-31.23,-56.98,-59.77,56.15,-10.76,-0.70
2024/01/01 16:13:04.61,156.61,-31.28,-56.95,-59.78,55.97,-10.38,-0.66
2024/01/01 16:13:04.62,156.62,-31.32,-56.93,-59.75,55.98,-9.67,-0.74
2024/01/01 16:13:04.63,156.63,-31.36,-56.89,-59.74,56.19,-8.85,-0.88
2024/01/01 16:13:04.64,156.64,-31.39,-56.87,-59.73,56.53,-8.28,-0.96
2024/01/01 16:13:04.65,156.65,-31.40,-56.87,-59.72,56.87,-8.10,-0.95
2024/01/01 16:13:04.66,156.66,-31.38,-56.86,-59.72,57.11,-8.26,-0.82
2024/01/01 16:13:04.67,156.67,-31.32,-56.85,-59.72,57.26,-8.78,-0.66
2024/01/01 16:13:04.68,156.68,-31.26,-56.82,-59.72,57.27,-9.41,-0.59
2024/01/01 16:13:04.69,156.69,-31.23,-56.75,-59.74,57.06,-9.87,-0.59
2024/01/01 16:13:04.70,156.70,-31.25,-56.69,-59.79,56.70,-10.12,-0.69
2024/01/01 16:13:04.71,156.71,-31.30,-56.64,-59.86,56.29,-10.11,-0.96
2024/01/01 16:13:04.72,156.72,-31.33,-56.60,-59.94,55.89,-9.77,-1.22
2024/01/01 16:13:04.73,156.73,-31.36,-56.55,-60.00,55.61,-9.28,-1.28
2024/01/01 16:13:04.74,156.74,-31.38,-56.49,-60.05,55.54,-8.87,-1.14
2024/01/01 16:13:04.75,156.75,-31.39,-56.46,-60.08,55.76,-8.51,-0.87
2024/01/01 16:13:04.76,156.76,-31.40,-56.43,-60.08,56.25,-8.12,-0.65
2024/01/01 16:13:04.77,156.77,-31.40,-56.41,-60.06,56.93,-7.69,-0.65
2024/01/01 16:13:04.78,156.78,-31.39,-56.41,-60.01,57.58,-7.36,-0.81
2024/01/01 16:13:04.79,156.79,-31.35,-56.43,-59.99,57.95,-7.36,-1.06
2024/01/01 16:13:04.80,156.80,-31.29,-56.49,-60.02,57.71,-7.68,-1.35
2024/01/01 16:13:04.81,156.81,-31.27,-56.56,-60.04,56.86,-8.23,-1.49
2024/01/01 16:13:04.82,156.82,-31.31,-56.61,-60.04,55.81,-8.95,-1.34
2024/01/01 16:13:04.83,156.83,-31.38,-56.60,-59.99,55.04,-9.64,-1.12
2024/01/01 16:13:04.84,156.84,-31.43,-56.58,-59.94,54.81,-10.07,-1.05
2024/01/01 16:13:04.85,156.85,-31.47,-56.58,-59.91,55.15,-10.21,-1.03
2024/01/01 16:13:04.86,156.86,-31.50,-56.63,-59.87,55.79,-9.98,-0.92
2024/01/01 16:13:04.87,156.87,-31.52,-56.67,-59.80,56.38,-9.44,-0.76
2024/01/01 16:13:04.88,156.88,-31.53,-56.71,-59.73,56.83,-8.97,-0.69
2024/01/01 16:13:04.89,156.89,-31.55,-56.77,-59.70,57.19,-8.68,-0.70
2024/01/01 16:13:04.90,156.90,-31.57,-56.86,-59.70,57.50,-8.58,-0.62
2024/01/01 16:13:04.91,156.91,-31.55,-56.93,-59.70,57.62,-8.70,-0.47
2024/01/01 16:13:04.92,156.92,-31.52,-56.99,-59.69,57.39,-8.92,-0.47
2024/01/01 16:13:04.93,156.93,-31.49,-57.04,-59.70,56.83,-9.12,-0.68
2024/01/01 16:13:04.94,156.94,-31.47,-57.07,-59.73,56.08,-9.34,-0.94
2024/01/01 16:13:04.95,156.95,-31.48,-57.07,-59.75,55.45,-9.63,-1.09
2024/01/01 16:13:04.96,156.96,-31.51,-57.11,-59.76,55.21,-9.87,-1.09
2024/01/01 16:13:04.97,156.97,-31.56,-57.17,-59.77,55.34,-9.98,-1.04
2024/01/01 16:13:04.98,156.98,-31.62,-57.21,-59.76,55.63,-9.99,-0.95
2024/01/01 16:13:04.99,156.99,-31.65,-57.21,-59.72,55.93,-9.93,-0.72
2024/01/01 16:13:05.00,157.00,-31.65,-57.16,-59.69,56.23,-9.72,-0.48
2024/01/01 16:13:05.01,157.01,-31.66,-57.09,-59.68,56.62,-9.41,-0.47
2024/01/01 16:13:05.02,157.02,-31.70,-57.06,-59.70,57.11,-9.16,-0.62
2024/01/01 16:13:05.03,157.03,-31.75,-57.09,-59.74,57.43,-8.99,-0.70
2024/01/01 16:13:05.04,157.04,-31.78,-57.17,-59.79,57.36,-9.02,-0.76
2024/01/01 16:13:05.05,157.05,-31.78,-57.24,-59.85,56.85,-9.28,-0.91
2024/01/01 16:13:05.06,157.06,-31.77,-57.26,-59.88,56.05,-9.65,-1.03
2024/01/01 16:13:05.07,157.07,-31.77,-57.22,-59.90,55.34,-10.05,-1.01
2024/01/01 16:13:05.08,157.08,-31.77,-57.14,-59.91,55.09,-10.36,-0.95
2024/01/01 16:13:05.09,157.09,-31.78,-57.06,-59.93,55.33,-10.34,-0.91
2024/01/01 16:13:05.10,157.10,-31.81,-57.00,-59.97,55.83,-10.06,-0.87
2024/01/01 16:13:05.11,157.11,-31.82,-56.95,-60.00,56.31,-9.71,-0.89
2024/01/01 16:13:05.12,157.12,-31.83,-56.92,-60.03,56.52,-9.28,-1.03
2024/01/01 16:13:05.13,157.13,-31.83,-56.89,-60.03,56.45,-8.98,-1.13
2024/01/01 16:13:05.14,157.14,-31.81,-56.88,-60.04,56.17,-8.95,-1.07
2024/01/01 16:13:05.15,157.15,-31.80,-56.87,-60.05,55.84,-9.07,-0.94
2024/01/01 16:13:05.16,157.16,-31.78,-56.87,-60.06,55.64,-9.22,-0.89
2024/01/01 16:13:05.17,157.17,-31.77,-56.89,-60.07,55.58,-9.31,-0.95
2024/01/01 16:13:05.18,157.18,-31.76,-56.94,-60.09,55.54,-9.28,-1.07
2024/01/01 16:13:05.19,157.19,-31.76,-56.97,-60.09,55.50,-9.25,-1.23
2024/01/01 16:13:05.20,157.20,-31.78,-56.96,-60.08,55.42,-9.22,-1.28
2024/01/01 16:13:05.21,157.21,-31.78,-56.92,-60.05,55.36,-9.16,-1.18
2024/01/01 16:13:05.22,157.22,-31.79,-56.87,-60.01,55.48,-9.04,-1.07
2024/01/01 16:13:05.23,157.23,-31.80,-56.86,-59.96,55.88,-8.80,-0.99
2024/01/01 16:13:05.24,157.24,-31.80,-56.86,-59.93,56.42,-8.52,-0.84
2024/01/01 16:13:05.25,157.25,-31.80,-56.86,-59.89,56.90,-8.45,-0.66
2024/01/01 16:13:05.26,157.26,-31.79,-56.83,-59.85,57.10,-8.71,-0.60
2024/01/01 16:13:05.27,157.27,-31.76,-56.80,-59.82,56.95,-9.29,-0.68
2024/01/01 16:13:05.28,157.28,-31.72,-56.80,-59.78,56.59,-9.93,-0.80
2024/01/01 16:13:05.29,157.29,-31.66,-56.84,-59.74,56.22,-10.32,-0.85
2024/01/01 16:13:05.30,157.30,-31.62,-56.90,-59.74,55.92,-10.39,-0.80
2024/01/01 16:13:05.31,157.31,-31.61,-56.97,-59.75,55.65,-10.23,-0.75
2024/01/01 16:13:05.32,157.32,-31.64,-57.05,-59.77,55.48,-9.88,-0.70
2024/01/01 16:13:05.33,157.33,-31.67,-57.10,-59.79,55.49,-9.48,-0.63
2024/01/01 16:13:05.34,157.34,-31.69,-57.12,-59.82,55.70,-9.15,-0.70
2024/01/01 16:13:05.35,157.35,-31.70,-57.11,-59.85,56.11,-8.87,-0.87
2024/01/01 16:13:05.36,157.36,-31.70,-57.10,-59.86,56.60,-8.60,-0.92
2024/01/01 16:13:05.37,157.37,-31.70,-57.14,-59.87,56.93,-8.49,-0.93
2024/01/01 16:13:05.38,157.38,-31.71,-57.20,-59.88,56.97,-8.71,-1.04
2024/01/01 16:13:05.39,157.39,-31.72,-57.23,-59.91,56.81,-9.13,-1.10
2024/01/01 16:13:05.40,157.40,-31.72,-57.21,-59.93,56.59,-9.56,-1.00
2024/01/01 16:13:05.41,157.41,-31.73,-57.19,-59.95,56.36,-10.02,-0.86
2024/01/01 16:13:05.42,157.42,-31.76,-57.18,-59.98,56.13,-10.43,-0.81
2024/01/01 16:13:05.43,157.43,-31.77,-57.17,-59.99,55.93,-10.56,-0.90
2024/01/01 16:13:05.44,157.44,-31.75,-57.14,-59.97,55.81,-10.38,-0.98
2024/01/01 16:13:05.45,157.45,-31.73,-57.09,-59.96,55.82,-10.05,-0.95
2024/01/01 16:13:05.46,157.46,-31.69,-57.05,-59.97,55.99,-9.66,-0.94
2024/01/01 16:13:05.47,157.47,-31.67,-57.01,-59.96,56.21,-9.31,-0.96
2024/01/01 16:13:05.48,157.48,-31.67,-57.00,-59.95,56.34,-9.14,-0.93
2024/01/01 16:13:05.49,157.49,-31.68,-57.03,-59.94,56.31,-9.18,-0.96
2024/01/01 16:13:05.50,157.50,-31.68,-57.09,-59.92,56.15,-9.32,-1.07
2024/01/01 16:13:05.51,157.51,-31.69,-57.13,-59.92,55.92,-9.46,-1.09
2024/01/01 16:13:05.52,157.52,-31.70,-57.16,-59.94,55.75,-9.56,-0.96
2024/01/01 16:13:05.53,157.53,-31.70,-57.18,-59.97,55.76,-9.50,-0.87
2024/01/01 16:13:05.54,157.54,-31.70,-57.17,-59.98,55.95,-9.24,-0.88
2024/01/01 16:13:05.55,157.55,-31.69,-57.13,-59.97,56.20,-8.93,-0.95
2024/01/01 16:13:05.56,157.56,-31.68,-57.09,-59.95,56.41,-8.75,-1.03
2024/01/01 16:13:05.57,157.57,-31.68,-57.06,-59.93,56.54,-8.75,-1.02
2024/01/01 16:13:05.58,157.58,-31.65,-57.06,-59.92,56.54,-8.95,-0.94
2024/01/01 16:13:05.59,157.59,-31.59,-57.05,-59.91,56.52,-9.31,-0.88
2024/01/01 16:13:05.60,157.60,-31.53,-57.02,-59.89,56.57,-9.67,-0.87
2024/01/01 16:13:05.61,157.61,-31.49,-56.99,-59.87,56.61,-9.91,-0.86
2024/01/01 16:13:05.62,157.62,-31.47,-56.98,-59.87,56.60,-10.02,-0.87
2024/01/01 16:13:05.63,157.63,-31.46,-56.97,-59.87,56.56,-10.00,-0.85
2024/01/01 16:13:05.64,157.64,-31.47,-56.99,-59.85,56.49,-9.81,-0.79
2024/01/01 16:13:05.65,157.65,-31.47,-57.02,-59.82,56.32,-9.54,-0.78
2024/01/01 16:13:05.66,157.66,-31.48,-57.07,-59.79,56.10,-9.35,-0.84
2024/01/01 16:13:05.67,157.67,-31.50,-57.14,-59.78,55.95,-9.38,-0.84
2024/01/01 16:13:05.68,157.68,-31.53,-57.21,-59.78,55.91,-9.56,-0.77
2024/01/01 16:13:05.69,157.69,-31.55,-57.26,-59.77,56.01,-9.73,-0.75
2024/01/01 16:13:05.70,157.70,-31.55,-57.32,-59.75,56.27,-9.79,-0.77
2024/01/01 16:13:05.71,157.71,-31.54,-57.37,-59.74,56.57,-9.67,-0.75
2024/01/01 16:13:05.72,157.72,-31.54,-57.41,-59.73,56.75,-9.41,-0.70
2024/01/01 16:13:05.73,157.73,-31.56,-57.42,-59.72,56.80,-9.14,-0.69
2024/01/01 16:13:05.74,157.74,-31.59,-57.44,-59.71,56.81,-9.05,-0.72
2024/01/01 16:13:05.75,157.75,-31.61,-57.47,-59.69,56.77,-9.21,-0.73
2024/01/01 16:13:05.76,157.76,-31.65,-57.48,-59.67,56.63,-9.52,-0.77
2024/01/01 16:13:05.77,157.77,-31.70,-57.48,-59.66,56.36,-9.85,-0.82
2024/01/01 16:13:05.78,157.78,-31.74,-57.48,-59.66,56.02,-10.10,-0.82
2024/01/01 16:13:05.79,157.79,-31.76,-57.48,-59.69,55.78,-10.27,-0.73
2024/01/01 16:13:05.80,157.80,-31.77,-57.48,-59.72,55.79,-10.39,-0.59
2024/01/01 16:13:05.81,157.81,-31.80,-57.46,-59.72,56.07,-10.47,-0.52
2024/01/01 16:13:05.82,157.82,-31.83,-57.44,-59.71,56.41,-10.50,-0.60
2024/01/01 16:13:05.83,157.83,-31.86,-57.44,-59.71,56.57,-10.47,-0.71
2024/01/01 16:13:05.84,157.84,-31.89,-57.44,-59.72,56.49,-10.37,-0.75
2024/01/01 16:13:05.85,157.85,-31.91,-57.46,-59.72,56.23,-10.21,-0.72
2024/01/01 16:13:05.86,157.86,-31.91,-57.47,-59.70,55.86,-10.02,-0.70
2024/01/01 16:13:05.87,157.87,-31.92,-57.47,-59.70,55.59,-9.88,-0.71
2024/01/01 16:13:05.88,157.88,-31.94,-57.44,-59.73,55.55,-9.82,-0.73
2024/01/01 16:13:05.89,157.89,-31.96,-57.40,-59.77,55.67,-9.79,-0.75
2024/01/01 16:13:05.90,157.90,-31.98,-57.35,-59.80,55.78,-9.74,-0.76
2024/01/01 16:13:05.91,157.91,-31.99,-57.33,-59.82,55.83,-9.65,-0.81
2024/01/01 16:13:05.92,157.92,-31.99,-57.33,-59.85,55.84,-9.52,-0.92
2024/01/01 16:13:05.93,157.93,-32.01,-57.31,-59.89,55.79,-9.37,-0.98
2024/01/01 16:13:05.94,157.94,-32.02,-57.27,-59.93,55.76,-9.24,-0.92
2024/01/01 16:13:05.95,157.95,-32.01,-57.25,-59.94,55.85,-9.20,-0.88
2024/01/01 16:13:05.96,157.96,-32.00,-57.23,-59.95,56.04,-9.29,-0.97
2024/01/01 16:13:05.97,157.97,-31.99,-57.21,-59.95,56.16,-9.45,-1.07
2024/01/01 16:13:05.98,157.98,-32.00,-57.20,-59.95,56.09,-9.57,-1.04
2024/01/01 16:13:05.99,157.99,-31.99,-57.23,-59.97,55.81,-9.62,-0.93
2024/01/01 16:13:06.00,158.00,-31.96,-57.24,-59.98,55.48,-9.69,-0.90
2024/01/01 16:13:06.01,158.01,-31.96,-57.23,-59.98,55.33,-9.84,-0.90
2024/01/01 16:13:06.02,158.02,-31.97,-57.18,-59.95,55.45,-10.00,-0.85
2024/01/01 16:13:06.03,158.03,-31.98,-57.12,-59.92,55.73,-10.03,-0.84
2024/01/01 16:13:06.04,158.04,-31.97,-57.07,-59.89,56.00,-9.89,-0.94
2024/01/01 16:13:06.05,158.05,-31.95,-57.07,-59.88,56.18,-9.69,-1.02
2024/01/01 16:13:06.06,158.06,-31.91,-57.11,-59.87,56.26,-9.52,-1.00
2024/01/01 16:13:06.07,158.07,-31.87,-57.16,-59.85,56.23,-9.43,-0.88
2024/01/01 16:13:06.08,158.08,-31.82,-57.19,-59.83,56.14,-9.42,-0.74
2024/01/01 16:13:06.09,158.09,-31.77,-57.22,-59.80,56.09,-9.51,-0.66
2024/01/01 16:13:06.10,158.10,-31.72,-57.26,-59.77,56.10,-9.64,-0.62
2024/01/01 16:13:06.11,158.11,-31.70,-57.29,-59.75,56.08,-9.68,-0.61
2024/01/01 16:13:06.12,158.12,-31.70,-57.28,-59.74,55.97,-9.57,-0.73
2024/01/01 16:13:06.13,158.13,-31.71,-57.24,-59.74,55.84,-9.39,-0.91
2024/01/01 16:13:06.14,158.14,-31.71,-57.22,-59.75,55.78,-9.25,-0.97
2024/01/01 16:13:06.15,158.15,-31.67,-57.23,-59.77,55.88,-9.27,-0.89
2024/01/01 16:13:06.16,158.16,-31.63,-57.25,-59.77,56.14,-9.47,-0.76
2024/01/01 16:13:06.17,158.17,-31.62,-57.28,-59.76,56.46,-9.67,-0.72
2024/01/01 16:13:06.18,158.18,-31.64,-57.32,-59.75,56.76,-9.80,-0.79
2024/01/01 16:13:06.19,158.19,-31.65,-57.35,-59.74,56.93,-9.95,-0.84
2024/01/01 16:13:06.20,158.20,-31.64,-57.36,-59.75,56.95,-10.13,-0.74
2024/01/01 16:13:06.21,158.21,-31.60,-57.37,-59.77,56.86,-10.22,-0.59
2024/01/01 16:13:06.22,158.22,-31.57,-57.38,-59.76,56.74,-10.11,-0.52
2024/01/01 16:13:06.23,158.23,-31.53,-57.40,-59.72,56.64,-9.89,-0.57
2024/01/01 16:13:06.24,158.24,-31.51,-57.44,-59.70,56.57,-9.72,-0.70
2024/01/01 16:13:06.25,158.25,-31.49,-57.49,-59.70,56.47,-9.66,-0.85
2024/01/01 16:13:06.26,158.26,-31.50,-57.52,-59.72,56.30,-9.71,-0.88
2024/01/01 16:13:06.27,158.27,-31.53,-57.52,-59.73,56.10,-9.86,-0.77
2024/01/01 16:13:06.28,158.28,-31.55,-57.48,-59.75,55.95,-10.03,-0.72
2024/01/01 16:13:06.29,158.29,-31.57,-57.44,-59.77,55.94,-10.13,-0.81
2024/01/01 16:13:06.30,158.30,-31.59,-57.40,-59.78,56.11,-10.12,-0.88
2024/01/01 16:13:06.31,158.31,-31.60,-57.37,-59.78,56.43,-10.06,-0.83
2024/01/01 16:13:06.32,158.32,-31.59,-57.35,-59.78,56.79,-10.01,-0.73
2024/01/01 16:13:06.33,158.33,-31.56,-57.35,-59.79,56.98,-9.96,-0.69
2024/01/01 16:13:06.34,158.34,-31.54,-57.37,-59.80,56.90,-9.87,-0.73
2024/01/01 16:13:06.35,158.35,-31.52,-57.38,-59.80,56.65,-9.76,-0.75
2024/01/01 16:13:06.36,158.36,-31.50,-57.37,-59.79,56.36,-9.67,-0.76
2024/01/01 16:13:06.37,158.37,-31.47,-57.35,-59.80,56.13,-9.57,-0.85
2024/01/01 16:13:06.38,158.38,-31.47,-57.34,-59.81,56.02,-9.45,-0.99
2024/01/01 16:13:06.39,158.39,-31.49,-57.35,-59.84,55.98,-9.32,-0.99
2024/01/01 16:13:06.40,158.40,-31.51,-57.36,-59.85,55.98,-9.25,-0.89
2024/01/01 16:13:06.41,158.41,-31.51,-57.32,-59.82,56.08,-9.26,-0.82
2024/01/01 16:13:06.42,158.42,-31.51,-57.25,-59.77,56.31,-9.36,-0.86
2024/01/01 16:13:06.43,158.43,-31.51,-57.20,-59.73,56.62,-9.52,-0.91
2024/01/01 16:13:06.44,158.44,-31.52,-57.19,-59.72,56.87,-9.68,-0.85
2024/01/01 16:13:06.45,158.45,-31.53,-57.22,-59.72,56.94,-9.80,-0.72
2024/01/01 16:13:06.46,158.46,-31.53,-57.27,-59.72,56.81,-9.87,-0.62
2024/01/01 16:13:06.47,158.47,-31.52,-57.27,-59.70,56.58,-9.87,-0.62
2024/01/01 16:13:06.48,158.48,-31.51,-57.25,-59.68,56.36,-9.84,-0.66
2024/01/01 16:13:06.49,158.49,-31.51,-57.24,-59.68,56.23,-9.79,-0.68
2024/01/01 16:13:06.50,158.50,-31.53,-57.23,-59.66,56.19,-9.63,-0.68
2024/01/01 16:13:06.51,158.51,-31.55,-57.21,-59.65,56.18,-9.37,-0.70
2024/01/01 16:13:06.52,158.52,-31.58,-57.22,-59.67,56.18,-9.14,-0.71
2024/01/01 16:13:06.53,158.53,-31.61,-57.25,-59.70,56.18,-9.03,-0.72
2024/01/01 16:13:06.54,158.54,-31.64,-57.26,-59.71,56.19,-9.07,-0.69
2024/01/01 16:13:06.55,158.55,-31.65,-57.26,-59.70,56.20,-9.30,-0.64
2024/01/01 16:13:06.56,158.56,-31.67,-57.28,-59.68,56.28,-9.66,-0.65
2024/01/01 16:13:06.57,158.57,-31.70,-57.29,-59.68,56.46,-9.95,-0.71
2024/01/01 16:13:06.58,158.58,-31.73,-57.29,-59.70,56.60,-10.05,-0.72
2024/01/01 16:13:06.59,158.59,-31.75,-57.30,-59.73,56.58,-10.01,-0.66
2024/01/01 16:13:06.60,158.60,-31.75,-57.31,-59.75,56.41,-9.95,-0.64
2024/01/01 16:13:06.61,158.61,-31.75,-57.33,-59.76,56.17,-9.92,-0.68
2024/01/01 16:13:06.62,158.62,-31.76,-57.34,-59.76,55.95,-9.98,-0.75
2024/01/01 16:13:06.63,158.63,-31.78,-57.35,-59.80,55.83,-10.05,-0.81
2024/01/01 16:13:06.64,158.64,-31.81,-57.34,-59.85,55.86,-10.00,-0.88
2024/01/01 16:13:06.65,158.65,-31.87,-57.32,-59.88,55.96,-9.83,-0.92
2024/01/01 16:13:06.66,158.66,-31.92,-57.29,-59.88,56.03,-9.66,-0.93
2024/01/01 16:13:06.67,158.67,-31.97,-57.28,-59.88,56.06,-9.51,-0.97
2024/01/01 16:13:06.68,158.68,-32.00,-57.27,-59.90,56.09,-9.34,-1.05
2024/01/01 16:13:06.69,158.69,-32.02,-57.26,-59.92,56.12,-9.25,-1.01
2024/01/01 16:13:06.70,158.70,-32.03,-57.26,-59.93,56.16,-9.33,-0.86
2024/01/01 16:13:06.71,158.71,-32.02,-57.28,-59.93,56.18,-9.56,-0.77
2024/01/01 16:13:06.72,158.72,-32.01,-57.29,-59.92,56.13,-9.82,-0.75
2024/01/01 16:13:06.73,158.73,-31.99,-57.29,-59.90,55.95,-10.04,-0.75
2024/01/01 16:13:06.74,158.74,-31.97,-57.26,-59.89,55.70,-10.18,-0.79
2024/01/01 16:13:06.75,158.75,-31.97,-57.21,-59.87,55.51,-10.17,-0.91
2024/01/01 16:13:06.76,158.76,-31.98,-57.17,-59.84,55.46,-9.98,-1.03
2024/01/01 16:13:06.77,158.77,-31.99,-57.18,-59.82,55.50,-9.69,-1.06
2024/01/01 16:13:06.78,158.78,-32.02,-57.21,-59.80,55.55,-9.42,-0.98
2024/01/01 16:13:06.79,158.79,-32.05,-57.22,-59.76,55.61,-9.26,-0.84
2024/01/01 16:13:06.80,158.80,-32.08,-57.21,-59.73,55.67,-9.22,-0.73
2024/01/01 16:13:06.81,158.81,-32.08,-57.20,-59.71,55.76,-9.29,-0.67
2024/01/01 16:13:06.82,158.82,-32.07,-57.20,-59.68,55.94,-9.42,-0.58
2024/01/01 16:13:06.83,158.83,-32.07,-57.19,-59.65,56.17,-9.56,-0.46
2024/01/01 16:13:06.84,158.84,-32.06,-57.16,-59.61,56.30,-9.67,-0.42
2024/01/01 16:13:06.85,158.85,-32.03,-57.12,-59.59,56.28,-9.81,-0.49
2024/01/01 16:13:06.86,158.86,-32.00,-57.09,-59.59,56.18,-9.96,-0.56
2024/01/01 16:13:06.87,158.87,-31.98,-57.08,-59.58,56.05,-10.05,-0.59
2024/01/01 16:13:06.88,158.88,-31.96,-57.06,-59.56,55.90,-9.97,-0.60
2024/01/01 16:13:06.89,158.89,-31.94,-57.05,-59.55,55.79,-9.70,-0.60
2024/01/01 16:13:06.90,158.90,-31.93,-57.05,-59.54,55.75,-9.34,-0.60
2024/01/01 16:13:06.91,158.91,-31.92,-57.06,-59.54,55.79,-9.07,-0.55
2024/01/01 16:13:06.92,158.92,-31.92,-57.04,-59.52,55.87,-9.00,-0.45
2024/01/01 16:13:06.93,158.93,-31.91,-57.04,-59.51,55.92,-9.07,-0.42
2024/01/01 16:13:06.94,158.94,-31.88,-57.05,-59.50,55.94,-9.17,-0.51
2024/01/01 16:13:06.95,158.95,-31.85,-57.05,-59.46,55.93,-9.27,-0.56
2024/01/01 16:13:06.96,158.96,-31.83,-57.04,-59.43,55.85,-9.42,-0.50
2024/01/01 16:13:06.97,158.97,-31.82,-57.05,-59.43,55.76,-9.56,-0.48
2024/01/01 16:13:06.98,158.98,-31.82,-57.06,-59.44,55.75,-9.62,-0.48
2024/01/01 16:13:06.99,158.99,-31.82,-57.06,-59.44,55.85,-9.63,-0.38
2024/01/01 16:13:07.00,159.00,-31.79,-57.05,-59.45,56.00,-9.64,-0.34
2024/01/01 16:13:07.01,159.01,-31.74,-57.06,-59.47,56.15,-9.57,-0.46
2024/01/01 16:13:07.02,159.02,-31.70,-57.07,-59.48,56.28,-9.39,-0.54
2024/01/01 16:13:07.03,159.03,-31.69,-57.10,-59.50,56.37,-9.26,-0.51
2024/01/01 16:13:07.04,159.04,-31.68,-57.13,-59.53,56.46,-9.24,-0.50
2024/01/01 16:13:07.05,159.05,-31.68,-57.18,-59.56,56.59,-9.23,-0.52
2024/01/01 16:13:07.06,159.06,-31.66,-57.25,-59.56,56.68,-9.24,-0.54
2024/01/01 16:13:07.07,159.07,-31.64,-57.30,-59.56,56.67,-9.38,-0.58
2024/01/01 16:13:07.08,159.08,-31.63,-57.33,-59.56,56.61,-9.60,-0.64
2024/01/01 16:13:07.09,159.09,-31.63,-57.36,-59.56,56.54,-9.78,-0.65
2024/01/01 16:13:07.10,159.10,-31.62,-57.39,-59.57,56.50,-9.88,-0.63
2024/01/01 16:13:07.11,159.11,-31.62,-57.41,-59.58,56.53,-9.93,-0.63
2024/01/01 16:13:07.12,159.12,-31.64,-57.42,-59.56,56.55,-9.92,-0.63
2024/01/01 16:13:07.13,159.13,-31.65,-57.44,-59.53,56.48,-9.86,-0.60
2024/01/01 16:13:07.14,159.14,-31.63,-57.45,-59.53,56.35,-9.83,-0.59
2024/01/01 16:13:07.15,159.15,-31.61,-57.46,-59.56,56.27,-9.93,-0.56
2024/01/01 16:13:07.16,159.16,-31.60,-57.47,-59.60,56.28,-10.10,-0.52
2024/01/01 16:13:07.17,159.17,-31.60,-57.48,-59.63,56.29,-10.20,-0.50
2024/01/01 16:13:07.18,159.18,-31.60,-57.48,-59.64,56.19,-10.18,-0.59
2024/01/01 16:13:07.19,159.19,-31.60,-57.47,-59.64,56.04,-10.07,-0.70
2024/01/01 16:13:07.20,159.20,-31.60,-57.42,-59.66,55.90,-9.95,-0.75
2024/01/01 16:13:07.21,159.21,-31.60,-57.37,-59.69,55.85,-9.88,-0.81
2024/01/01 16:13:07.22,159.22,-31.59,-57.34,-59.69,55.93,-9.89,-0.82
2024/01/01 16:13:07.23,159.23,-31.57,-57.34,-59.68,56.14,-9.97,-0.74
2024/01/01 16:13:07.24,159.24,-31.55,-57.34,-59.69,56.37,-10.02,-0.74
2024/01/01 16:13:07.25,159.25,-31.53,-57.33,-59.73,56.52,-9.97,-0.81
2024/01/01 16:13:07.26,159.26,-31.54,-57.31,-59.76,56.56,-9.87,-0.78
2024/01/01 16:13:07.27,159.27,-31.55,-57.26,-59.77,56.54,-9.75,-0.70
2024/01/01 16:13:07.28,159.28,-31.52,-57.19,-59.76,56.50,-9.57,-0.74
2024/01/01 16:13:07.29,159.29,-31.47,-57.14,-59.76,56.50,-9.30,-0.80
2024/01/01 16:13:07.30,159.30,-31.44,-57.10,-59.77,56.49,-8.98,-0.73
2024/01/01 16:13:07.31,159.31,-31.45,-57.06,-59.79,56.48,-8.79,-0.66
2024/01/01 16:13:07.32,159.32,-31.46,-57.02,-59.80,56.50,-8.78,-0.70
2024/01/01 16:13:07.33,159.33,-31.44,-57.01,-59.81,56.56,-8.86,-0.83
2024/01/01 16:13:07.34,159.34,-31.39,-57.00,-59.81,56.66,-8.98,-0.95
2024/01/01 16:13:07.35,159.35,-31.33,-56.99,-59.82,56.74,-9.10,-0.97
2024/01/01 16:13:07.36,159.36,-31.30,-56.98,-59.85,56.72,-9.14,-0.91
2024/01/01 16:13:07.37,159.37,-31.31,-56.95,-59.90,56.69,-9.13,-0.88
2024/01/01 16:13:07.38,159.38,-31.33,-56.91,-59.91,56.71,-9.05,-0.86
2024/01/01 16:13:07.39,159.39,-31.36,-56.90,-59.90,56.74,-8.95,-0.81
2024/01/01 16:13:07.40,159.40,-31.40,-56.90,-59.88,56.73,-8.89,-0.85
2024/01/01 16:13:07.41,159.41,-31.43,-56.92,-59.88,56.63,-8.90,-1.00
2024/01/01 16:13:07.42,159.42,-31.46,-56.93,-59.90,56.42,-9.00,-1.12
2024/01/01 16:13:07.43,159.43,-31.49,-56.94,-59.93,56.23,-9.24,-1.06
2024/01/01 16:13:07.44,159.44,-31.51,-56.96,-59.95,56.22,-9.58,-0.89
2024/01/01 16:13:07.45,159.45,-31.53,-56.98,-59.97,56.38,-9.86,-0.77
2024/01/01 16:13:07.46,159.46,-31.56,-57.00,-59.97,56.54,-10.01,-0.78
2024/01/01 16:13:07.47,159.47,-31.60,-57.00,-59.99,56.55,-9.97,-0.89
2024/01/01 16:13:07.48,159.48,-31.63,-57.01,-60.01,56.41,-9.78,-1.09
2024/01/01 16:13:07.49,159.49,-31.66,-57.03,-60.03,56.17,-9.51,-1.23
2024/01/01 16:13:07.50,159.50,-31.70,-57.07,-60.05,55.94,-9.31,-1.23
2024/01/01 16:13:07.51,159.51,-31.73,-57.12,-60.06,55.83,-9.24,-1.14
2024/01/01 16:13:07.52,159.52,-31.73,-57.16,-60.07,55.86,-9.25,-1.05
2024/01/01 16:13:07.53,159.53,-31.71,-57.20,-60.06,55.94,-9.27,-0.99
2024/01/01 16:13:07.54,159.54,-31.72,-57.22,-60.07,55.99,-9.34,-1.02
2024/01/01 16:13:07.55,159.55,-31.75,-57.25,-60.07,55.99,-9.48,-1.11
2024/01/01 16:13:07.56,159.56,-31.80,-57.26,-60.07,55.94,-9.62,-1.15
2024/01/01 16:13:07.57,159.57,-31.83,-57.25,-60.07,55.86,-9.73,-1.09
2024/01/01 16:13:07.58,159.58,-31.84,-57.24,-60.06,55.78,-9.83,-1.01
2024/01/01 16:13:07.59,159.59,-31.83,-57.24,-60.04,55.77,-9.89,-1.01
2024/01/01 16:13:07.60,159.60,-31.81,-57.26,-60.01,55.86,-9.87,-1.07
2024/01/01 16:13:07.61,159.61,-31.78,-57.28,-59.99,56.03,-9.82,-1.09
2024/01/01 16:13:07.62,159.62,-31.76,-57.31,-59.97,56.25,-9.81,-0.98
2024/01/01 16:13:07.63,159.63,-31.74,-57.33,-59.95,56.43,-9.80,-0.86
2024/01/01 16:13:07.64,159.64,-31.72,-57.34,-59.93,56.50,-9.83,-0.85
2024/01/01 16:13:07.65,159.65,-31.68,-57.34,-59.91,56.46,-9.91,-0.88
2024/01/01 16:13:07.66,159.66,-31.63,-57.35,-59.92,56.37,-9.98,-0.91
2024/01/01 16:13:07.67,159.67,-31.59,-57.37,-59.93,56.28,-9.96,-0.96
2024/01/01 16:13:07.68,159.68,-31.55,-57.39,-59.90,56.20,-9.89,-0.99
2024/01/01 16:13:07.69,159.69,-31.52,-57.40,-59.87,56.20,-9.80,-0.96
2024/01/01 16:13:07.70,159.70,-31.49,-57.40,-59.85,56.31,-9.69,-0.98
2024/01/01 16:13:07.71,159.71,-31.47,-57.35,-59.84,56.49,-9.62,-1.08
2024/01/01 16:13:07.72,159.72,-31.46,-57.29,-59.83,56.60,-9.62,-1.05
2024/01/01 16:13:07.73,159.73,-31.46,-57.25,-59.81,56.56,-9.67,-0.82
2024/01/01 16:13:07.74,159.74,-31.48,-57.24,-59.79,56.47,-9.67,-0.66
2024/01/01 16:13:07.75,159.75,-31.50,-57.26,-59.80,56.48,-9.61,-0.73
2024/01/01 16:13:07.76,159.76,-31.48,-57.30,-59.83,56.65,-9.54,-0.84
2024/01/01 16:13:07.77,159.77,-31.44,-57.34,-59.85,56.92,-9.54,-0.80
2024/01/01 16:13:07.78,159.78,-31.40,-57.36,-59.83,57.13,-9.61,-0.68
2024/01/01 16:13:07.79,159.79,-31.36,-57.37,-59.82,57.14,-9.68,-0.71
2024/01/01 16:13:07.80,159.80,-31.33,-57.39,-59.83,56.94,-9.66,-0.93
2024/01/01 16:13:07.81,159.81,-31.30,-57.40,-59.85,56.65,-9.53,-1.07
2024/01/01 16:13:07.82,159.82,-31.29,-57.41,-59.87,56.40,-9.38,-0.97
2024/01/01 16:13:07.83,159.83,-31.29,-57.43,-59.88,56.22,-9.36,-0.88
2024/01/01 16:13:07.84,159.84,-31.29,-57.41,-59.89,56.13,-9.50,-1.02
2024/01/01 16:13:07.85,159.85,-31.30,-57.37,-59.89,56.12,-9.73,-1.14
2024/01/01 16:13:07.86,159.86,-31.31,-57.34,-59.90,56.22,-9.98,-1.02
2024/01/01 16:13:07.87,159.87,-31.33,-57.33,-59.91,56.42,-10.19,-0.88
2024/01/01 16:13:07.88,159.88,-31.36,-57.33,-59.91,56.66,-10.25,-0.88
2024/01/01 16:13:07.89,159.89,-31.39,-57.34,-59.92,56.86,-10.16,-0.93
2024/01/01 16:13:07.90,159.90,-31.40,-57.36,-59.92,56.96,-10.04,-0.96
2024/01/01 16:13:07.91,159.91,-31.40,-57.38,-59.91,56.95,-9.98,-0.97
2024/01/01 16:13:07.92,159.92,-31.42,-57.38,-59.91,56.81,-9.97,-0.93
2024/01/01 16:13:07.93,159.93,-31.44,-57.37,-59.91,56.63,-9.97,-0.89
2024/01/01 16:13:07.94,159.94,-31.46,-57.39,-59.90,56.54,-9.90,-0.86
2024/01/01 16:13:07.95,159.95,-31.48,-57.42,-59.87,56.50,-9.73,-0.82
2024/01/01 16:13:07.96,159.96,-31.48,-57.45,-59.86,56.44,-9.57,-0.87
2024/01/01 16:13:07.97,159.97,-31.47,-57.46,-59.86,56.42,-9.49,-1.01
2024/01/01 16:13:07.98,159.98,-31.47,-57.45,-59.85,56.45,-9.45,-1.02
2024/01/01 16:13:07.99,159.99,-31.47,-57.41,-59.84,56.51,-9.44,-0.86
2024/01/01 16:13:08.00,160.00,-31.46,-57.37,-59.82,56.54,-9.47,-0.83
2024/01/01 16:13:08.01,160.01,-31.45,-57.36,-59.81,56.51,-9.48,-0.93
2024/01/01 16:13:08.02,160.02,-31.47,-57.38,-59.81,56.38,-9.50,-0.94
2024/01/01 16:13:08.03,160.03,-31.50,-57.39,-59.81,56.22,-9.63,-0.82
2024/01/01 16:13:08.04,160.04,-31.52,-57.38,-59.82,56.13,-9.87,-0.74
2024/01/01 16:13:08.05,160.05,-31.52,-57.37,-59.83,56.13,-10.07,-0.82
2024/01/01 16:13:08.06,160.06,-31.52,-57.36,-59.83,56.17,-10.12,-0.91
2024/01/01 16:13:08.07,160.07,-31.54,-57.36,-59.85,56.20,-10.06,-0.88
2024/01/01 16:13:08.08,160.08,-31.58,-57.36,-59.86,56.22,-9.90,-0.80
2024/01/01 16:13:08.09,160.09,-31.60,-57.35,-59.86,56.26,-9.66,-0.80
2024/01/01 16:13:08.10,160.10,-31.60,-57.35,-59.85,56.37,-9.46,-0.87
2024/01/01 16:13:08.11,160.11,-31.60,-57.36,-59.85,56.57,-9.42,-0.93
2024/01/01 16:13:08.12,160.12,-31.61,-57.38,-59.85,56.71,-9.54,-0.94
2024/01/01 16:13:08.13,160.13,-31.61,-57.40,-59.84,56.68,-9.74,-0.86
2024/01/01 16:13:08.14,160.14,-31.59,-57.42,-59.84,56.52,-9.93,-0.76
2024/01/01 16:13:08.15,160.15,-31.56,-57.43,-59.82,56.37,-10.06,-0.76
2024/01/01 16:13:08.16,160.16,-31.54,-57.43,-59.81,56.28,-10.08,-0.81
2024/01/01 16:13:08.17,160.17,-31.52,-57.41,-59.82,56.25,-9.98,-0.83
2024/01/01 16:13:08.18,160.18,-31.49,-57.39,-59.83,56.26,-9.78,-0.85
2024/01/01 16:13:08.19,160.19,-31.48,-57.36,-59.84,56.29,-9.54,-0.83
2024/01/01 16:13:08.20,160.20,-31.47,-57.33,-59.83,56.29,-9.36,-0.83
2024/01/01 16:13:08.21,160.21,-31.47,-57.32,-59.82,56.27,-9.32,-0.94
2024/01/01 16:13:08.22,160.22,-31.47,-57.31,-59.82,56.29,-9.41,-1.04
2024/01/01 16:13:08.23,160.23,-31.46,-57.32,-59.85,56.37,-9.56,-1.05
2024/01/01 16:13:08.24,160.24,-31.44,-57.34,-59.87,56.48,-9.71,-1.00
2024/01/01 16:13:08.25,160.25,-31.43,-57.36,-59.88,56.59,-9.85,-0.91
2024/01/01 16:13:08.26,160.26,-31.43,-57.38,-59.91,56.68,-9.94,-0.84
2024/01/01 16:13:08.27,160.27,-31.44,-57.39,-59.93,56.75,-9.93,-0.85
2024/01/01 16:13:08.28,160.28,-31.42,-57.38,-59.94,56.79,-9.83,-0.86
2024/01/01 16:13:08.29,160.29,-31.39,-57.36,-59.94,56.73,-9.69,-0.84
2024/01/01 16:13:08.30,160.30,-31.36,-57.37,-59.95,56.59,-9.60,-0.88
2024/01/01 16:13:08.31,160.31,-31.33,-57.39,-59.96,56.48,-9.57,-1.02
2024/01/01 16:13:08.32,160.32,-31.33,-57.40,-59.95,56.46,-9.61,-1.09
2024/01/01 16:13:08.33,160.33,-31.33,-57.39,-59.95,56.53,-9.74,-1.03
2024/01/01 16:13:08.34,160.34,-31.35,-57.40,-59.96,56.64,-9.90,-0.94
2024/01/01 16:13:08.35,160.35,-31.39,-57.44,-59.98,56.72,-10.01,-0.91
2024/01/01 16:13:08.36,160.36,-31.42,-57.48,-59.99,56.72,-10.09,-0.93
2024/01/01 16:13:08.37,160.37,-31.43,-57.50,-60.02,56.65,-10.09,-0.95
2024/01/01 16:13:08.38,160.38,-31.42,-57.52,-60.06,56.60,-9.96,-0.96
2024/01/01 16:13:08.39,160.39,-31.41,-57.53,-60.07,56.60,-9.80,-0.99
2024/01/01 16:13:08.40,160.40,-31.41,-57.54,-60.07,56.62,-9.75,-1.05
2024/01/01 16:13:08.41,160.41,-31.40,-57.54,-60.07,56.63,-9.80,-1.15
2024/01/01 16:13:08.42,160.42,-31.40,-57.53,-60.09,56.59,-9.86,-1.26
2024/01/01 16:13:08.43,160.43,-31.41,-57.50,-60.10,56.46,-9.92,-1.29
2024/01/01 16:13:08.44,160.44,-31.42,-57.47,-60.12,56.30,-10.02,-1.24
2024/01/01 16:13:08.45,160.45,-31.43,-57.45,-60.12,56.20,-10.13,-1.19
2024/01/01 16:13:08.46,160.46,-31.44,-57.44,-60.10,56.23,-10.15,-1.14
2024/01/01 16:13:08.47,160.47,-31.44,-57.43,-60.07,56.33,-10.09,-1.05
2024/01/01 16:13:08.48,160.48,-31.43,-57.41,-60.05,56.43,-10.01,-1.06
2024/01/01 16:13:08.49,160.49,-31.45,-57.41,-60.04,56.47,-9.90,-1.14
2024/01/01 16:13:08.50,160.50,-31.48,-57.40,-60.04,56.44,-9.73,-1.14
2024/01/01 16:13:08.51,160.51,-31.50,-57.37,-60.04,56.37,-9.58,-1.08
2024/01/01 16:13:08.52,160.52,-31.52,-57.34,-60.03,56.33,-9.50,-1.03
2024/01/01 16:13:08.53,160.53,-31.55,-57.32,-60.02,56.36,-9.46,-1.00
2024/01/01 16:13:08.54,160.54,-31.56,-57.30,-60.00,56.45,-9.45,-0.98
2024/01/01 16:13:08.55,160.55,-31.55,-57.27,-59.98,56.53,-9.50,-1.00
2024/01/01 16:13:08.56,160.56,-31.54,-57.23,-59.98,56.57,-9.56,-0.99
2024/01/01 16:13:08.57,160.57,-31.52,-57.18,-59.98,56.59,-9.55,-0.92
2024/01/01 16:13:08.58,160.58,-31.50,-57.12,-59.99,56.59,-9.53,-0.84
2024/01/01 16:13:08.59,160.59,-31.49,-57.09,-59.98,56.54,-9.54,-0.81
2024/01/01 16:13:08.60,160.60,-31.47,-57.07,-59.97,56.44,-9.52,-0.89
2024/01/01 16:13:08.61,160.61,-31.45,-57.07,-59.97,56.34,-9.47,-1.05
2024/01/01 16:13:08.62,160.62,-31.45,-57.07,-59.97,56.20,-9.44,-1.18
2024/01/01 16:13:08.63,160.63,-31.47,-57.09,-59.98,56.08,-9.46,-1.17
2024/01/01 16:13:08.64,160.64,-31.49,-57.11,-60.00,56.06,-9.51,-1.09
2024/01/01 16:13:08.65,160.65,-31.50,-57.13,-60.00,56.19,-9.46,-1.01
2024/01/01 16:13:08.66,160.66,-31.51,-57.14,-59.99,56.39,-9.35,-0.94
2024/01/01 16:13:08.67,160.67,-31.53,-57.15,-59.98,56.53,-9.25,-0.91
2024/01/01 16:13:08.68,160.68,-31.55,-57.17,-59.99,56.57,-9.21,-0.98
2024/01/01 16:13:08.69,160.69,-31.55,-57.20,-60.00,56.52,-9.26,-1.07
2024/01/01 16:13:08.70,160.70,-31.56,-57.22,-60.01,56.39,-9.42,-1.07
2024/01/01 16:13:08.71,160.71,-31.57,-57.21,-60.03,56.27,-9.63,-0.99
2024/01/01 16:13:08.72,160.72,-31.57,-57.19,-60.05,56.24,-9.78,-0.98
2024/01/01 16:13:08.73,160.73,-31.58,-57.16,-60.07,56.27,-9.83,-1.04
2024/01/01 16:13:08.74,160.74,-31.59,-57.15,-60.08,56.31,-9.81,-1.07
2024/01/01 16:13:08.75,160.75,-31.60,-57.16,-60.08,56.31,-9.74,-1.03
2024/01/01 16:13:08.76,160.76,-31.60,-57.17,-60.07,56.27,-9.64,-1.02
2024/01/01 16:13:08.77,160.77,-31.58,-57.19,-60.07,56.18,-9.58,-1.03
2024/01/01 16:13:08.78,160.78,-31.56,-57.21,-60.10,56.16,-9.58,-1.10
2024/01/01 16:13:08.79,160.79,-31.55,-57.23,-60.13,56.24,-9.59,-1.20
2024/01/01 16:13:08.80,160.80,-31.54,-57.24,-60.13,56.32,-9.58,-1.26
2024/01/01 16:13:08.81,160.81,-31.54,-57.23,-60.13,56.32,-9.55,-1.27
2024/01/01 16:13:08.82,160.82,-31.56,-57.22,-60.13,56.25,-9.51,-1.30
2024/01/01 16:13:08.83,160.83,-31.59,-57.22,-60.15,56.15,-9.47,-1.31
2024/01/01 16:13:08.84,160.84,-31.62,-57.23,-60.16,56.08,-9.49,-1.21
2024/01/01 16:13:08.85,160.85,-31.65,-57.24,-60.16,56.13,-9.61,-1.12
2024/01/01 16:13:08.86,160.86,-31.68,-57.24,-60.17,56.29,-9.73,-1.12
2024/01/01 16:13:08.87,160.87,-31.69,-57.23,-60.18,56.48,-9.73,-1.14
2024/01/01 16:13:08.88,160.88,-31.69,-57.24,-60.19,56.61,-9.65,-1.09
2024/01/01 16:13:08.89,160.89,-31.70,-57.27,-60.19,56.63,-9.54,-1.05
2024/01/01 16:13:08.90,160.90,-31.72,-57.31,-60.19,56.58,-9.44,-1.06
2024/01/01 16:13:08.91,160.91,-31.75,-57.32,-60.20,56.48,-9.34,-1.12
2024/01/01 16:13:08.92,160.92,-31.76,-57.33,-60.20,56.37,-9.34,-1.20
2024/01/01 16:13:08.93,160.93,-31.75,-57.33,-60.19,56.23,-9.49,-1.22
2024/01/01 16:13:08.94,160.94,-31.75,-57.34,-60.18,56.07,-9.68,-1.19
2024/01/01 16:13:08.95,160.95,-31.76,-57.37,-60.17,55.88,-9.80,-1.20
2024/01/01 16:13:08.96,160.96,-31.79,-57.41,-60.16,55.77,-9.83,-1.22
2024/01/01 16:13:08.97,160.97,-31.83,-57.44,-60.16,55.77,-9.85,-1.14
2024/01/01 16:13:08.98,160.98,-31.87,-57.47,-60.16,55.84,-9.93,-1.08
2024/01/01 16:13:08.99,160.99,-31.90,-57.50,-60.17,55.90,-10.10,-1.12
2024/01/01 16:13:09.00,161.00,-31.93,-57.54,-60.18,55.89,-10.25,-1.21
2024/01/01 16:13:09.01,161.01,-31.94,-57.58,-60.19,55.80,-10.33,-1.24
2024/01/01 16:13:09.02,161.02,-31.94,-57.59,-60.19,55.70,-10.33,-1.19
2024/01/01 16:13:09.03,161.03,-31.94,-57.59,-60.20,55.67,-10.21,-1.16
2024/01/01 16:13:09.04,161.04,-31.92,-57.60,-60.19,55.76,-10.00,-1.21
2024/01/01 16:13:09.05,161.05,-31.89,-57.62,-60.18,55.99,-9.82,-1.25
2024/01/01 16:13:09.06,161.06,-31.87,-57.65,-60.17,56.22,-9.77,-1.21
2024/01/01 16:13:09.07,161.07,-31.86,-57.67,-60.16,56.28,-9.85,-1.15
2024/01/01 16:13:09.08,161.08,-31.87,-57.68,-60.17,56.14,-10.02,-1.16
2024/01/01 16:13:09.09,161.09,-31.88,-57.70,-60.17,55.92,-10.23,-1.16
2024/01/01 16:13:09.10,161.10,-31.88,-57.73,-60.16,55.78,-10.38,-1.12
2024/01/01 16:13:09.11,161.11,-31.89,-57.75,-60.14,55.81,-10.39,-1.13
2024/01/01 16:13:09.12,161.12,-31.90,-57.77,-60.14,55.99,-10.28,-1.17
2024/01/01 16:13:09.13,161.13,-31.90,-57.80,-60.14,56.21,-10.15,-1.15
2024/01/01 16:13:09.14,161.14,-31.89,-57.84,-60.12,56.34,-10.10,-1.06
2024/01/01 16:13:09.15,161.15,-31.88,-57.85,-60.10,56.32,-10.15,-1.02
2024/01/01 16:13:09.16,161.16,-31.88,-57.85,-60.09,56.21,-10.26,-1.03
2024/01/01 16:13:09.17,161.17,-31.88,-57.82,-60.08,56.10,-10.36,-1.06
2024/01/01 16:13:09.18,161.18,-31.88,-57.76,-60.07,56.01,-10.41,-1.05
2024/01/01 16:13:09.19,161.19,-31.88,-57.71,-60.06,55.96,-10.41,-1.04
2024/01/01 16:13:09.20,161.20,-31.85,-57.68,-60.06,55.94,-10.40,-1.11
2024/01/01 16:13:09.21,161.21,-31.81,-57.68,-60.05,55.92,-10.36,-1.14
2024/01/01 16:13:09.22,161.22,-31.77,-57.67,-60.04,55.90,-10.30,-1.05
2024/01/01 16:13:09.23,161.23,-31.73,-57.67,-60.03,55.96,-10.25,-0.94
2024/01/01 16:13:09.24,161.24,-31.72,-57.68,-60.03,56.12,-10.22,-0.98
2024/01/01 16:13:09.25,161.25,-31.72,-57.71,-60.02,56.29,-10.14,-1.08
2024/01/01 16:13:09.26,161.26,-31.73,-57.71,-60.01,56.37,-10.01,-1.06
2024/01/01 16:13:09.27,161.27,-31.71,-57.70,-60.02,56.35,-9.88,-0.98
2024/01/01 16:13:09.28,161.28,-31.69,-57.69,-60.04,56.25,-9.77,-0.97
2024/01/01 16:13:09.29,161.29,-31.67,-57.69,-60.04,56.16,-9.72,-0.96
2024/01/01 16:13:09.30,161.30,-31.67,-57.68,-60.03,56.15,-9.73,-0.96
2024/01/01 16:13:09.31,161.31,-31.68,-57.65,-60.03,56.27,-9.76,-1.03
2024/01/01 16:13:09.32,161.32,-31.70,-57.63,-60.03,56.43,-9.76,-1.10
2024/01/01 16:13:09.33,161.33,-31.69,-57.62,-60.04,56.46,-9.79,-1.12
2024/01/01 16:13:09.34,161.34,-31.67,-57.63,-60.05,56.37,-9.96,-1.09
2024/01/01 16:13:09.35,161.35,-31.65,-57.63,-60.05,56.25,-10.20,-0.98
2024/01/01 16:13:09.36,161.36,-31.65,-57.63,-60.04,56.25,-10.36,-0.87
2024/01/01 16:13:09.37,161.37,-31.65,-57.62,-60.02,56.42,-10.39,-0.85
2024/01/01 16:13:09.38,161.38,-31.64,-57.63,-59.99,56.67,-10.33,-0.94
2024/01/01 16:13:09.39,161.39,-31.63,-57.66,-59.97,56.79,-10.16,-1.10
2024/01/01 16:13:09.40,161.40,-31.62,-57.69,-59.95,56.62,-9.94,-1.21
2024/01/01 16:13:09.41,161.41,-31.62,-57.69,-59.95,56.20,-9.81,-1.19
2024/01/01 16:13:09.42,161.42,-31.63,-57.69,-59.94,55.78,-9.83,-1.03
2024/01/01 16:13:09.43,161.43,-31.64,-57.71,-59.92,55.65,-9.98,-0.84
2024/01/01 16:13:09.44,161.44,-31.63,-57.76,-59.89,55.85,-10.18,-0.73
2024/01/01 16:13:09.45,161.45,-31.64,-57.83,-59.86,56.21,-10.36,-0.76
2024/01/01 16:13:09.46,161.46,-31.65,-57.88,-59.84,56.45,-10.47,-0.84
2024/01/01 16:13:09.47,161.47,-31.66,-57.90,-59.82,56.46,-10.50,-0.93
2024/01/01 16:13:09.48,161.48,-31.69,-57.90,-59.82,56.32,-10.48,-1.02
2024/01/01 16:13:09.49,161.49,-31.70,-57.88,-59.83,56.25,-10.39,-1.00
2024/01/01 16:13:09.50,161.50,-31.69,-57.85,-59.84,56.31,-10.21,-0.83
2024/01/01 16:13:09.51,161.51,-31.68,-57.83,-59.85,56.41,-10.03,-0.68
2024/01/01 16:13:09.52,161.52,-31.66,-57.82,-59.84,56.48,-9.97,-0.68
2024/01/01 16:13:09.53,161.53,-31.65,-57.83,-59.84,56.48,-10.04,-0.80
2024/01/01 16:13:09.54,161.54,-31.65,-57.84,-59.84,56.47,-10.22,-0.92
2024/01/01 16:13:09.55,161.55,-31.64,-57.84,-59.86,56.50,-10.45,-0.90
2024/01/01 16:13:09.56,161.56,-31.62,-57.82,-59.87,56.57,-10.62,-0.84
2024/01/01 16:13:09.57,161.57,-31.61,-57.81,-59.88,56.59,-10.62,-0.87
2024/01/01 16:13:09.58,161.58,-31.61,-57.81,-59.88,56.48,-10.46,-0.95
2024/01/01 16:13:09.59,161.59,-31.62,-57.82,-59.89,56.31,-10.25,-1.02
2024/01/01 16:13:09.60,161.60,-31.62,-57.83,-59.90,56.21,-10.10,-1.06
2024/01/01 16:13:09.61,161.61,-31.61,-57.84,-59.91,56.22,-10.07,-1.01
2024/01/01 16:13:09.62,161.62,-31.58,-57.83,-59.92,56.28,-10.11,-0.90
2024/01/01 16:13:09.63,161.63,-31.56,-57.81,-59.91,56.32,-10.19,-0.85
2024/01/01 16:13:09.64,161.64,-31.54,-57.80,-59.90,56.31,-10.27,-0.88
2024/01/01 16:13:09.65,161.65,-31.53,-57.80,-59.90,56.29,-10.29,-0.92
2024/01/01 16:13:09.66,161.66,-31.52,-57.79,-59.92,56.30,-10.26,-0.97
2024/01/01 16:13:09.67,161.67,-31.51,-57.79,-59.96,56.40,-10.21,-1.01
2024/01/01 16:13:09.68,161.68,-31.51,-57.78,-59.99,56.51,-10.14,-0.99
2024/01/01 16:13:09.69,161.69,-31.50,-57.78,-59.99,56.59,-10.06,-0.99
2024/01/01 16:13:09.70,161.70,-31.50,-57.77,-60.00,56.63,-9.98,-1.05
2024/01/01 16:13:09.71,161.71,-31.51,-57.77,-60.02,56.68,-9.91,-1.08
2024/01/01 16:13:09.72,161.72,-31.55,-57.76,-60.04,56.72,-9.86,-1.05
2024/01/01 16:13:09.73,161.73,-31.59,-57.74,-60.04,56.73,-9.92,-1.00
2024/01/01 16:13:09.74,161.74,-31.62,-57.71,-60.03,56.65,-10.07,-0.99
2024/01/01 16:13:09.75,161.75,-31.63,-57.70,-60.03,56.52,-10.24,-1.02
2024/01/01 16:13:09.76,161.76,-31.62,-57.69,-60.03,56.40,-10.36,-1.07
2024/01/01 16:13:09.77,161.77,-31.63,-57.68,-60.03,56.31,-10.42,-1.09
2024/01/01 16:13:09.78,161.78,-31.65,-57.67,-60.05,56.29,-10.38,-1.11
2024/01/01 16:13:09.79,161.79,-31.66,-57.67,-60.05,56.31,-10.25,-1.12
2024/01/01 16:13:09.80,161.80,-31.67,-57.66,-60.04,56.30,-10.06,-1.10
2024/01/01 16:13:09.81,161.81,-31.68,-57.65,-60.04,56.19,-9.89,-1.06
2024/01/01 16:13:09.82,161.82,-31.70,-57.62,-60.05,56.03,-9.81,-1.08
2024/01/01 16:13:09.83,161.83,-31.75,-57.60,-60.06,55.90,-9.84,-1.14
2024/01/01 16:13:09.84,161.84,-31.79,-57.56,-60.08,55.86,-9.96,-1.14
2024/01/01 16:13:09.85,161.85,-31.80,-57.52,-60.11,55.88,-10.12,-1.12
2024/01/01 16:13:09.86,161.86,-31.81,-57.49,-60.12,55.93,-10.19,-1.11
2024/01/01 16:13:09.87,161.87,-31.81,-57.47,-60.13,55.99,-10.13,-1.07
2024/01/01 16:13:09.88,161.88,-31.82,-57.45,-60.13,56.06,-9.98,-1.04
2024/01/01 16:13:09.89,161.89,-31.83,-57.45,-60.12,56.18,-9.82,-1.08
2024/01/01 16:13:09.90,161.90,-31.84,-57.44,-60.11,56.28,-9.71,-1.15
2024/01/01 16:13:09.91,161.91,-31.85,-57.43,-60.10,56.30,-9.67,-1.17
2024/01/01 16:13:09.92,161.92,-31.85,-57.42,-60.10,56.20,-9.73,-1.15
2024/01/01 16:13:09.93,161.93,-31.84,-57.39,-60.10,55.98,-9.82,-1.09
2024/01/01 16:13:09.94,161.94,-31.83,-57.34,-60.09,55.76,-9.85,-1.02
2024/01/01 16:13:09.95,161.95,-31.83,-57.29,-60.08,55.66,-9.82,-1.01
2024/01/01 16:13:09.96,161.96,-31.84,-57.25,-60.07,55.72,-9.74,-1.01
2024/01/01 16:13:09.97,161.97,-31.86,-57.23,-60.06,55.84,-9.66,-0.98
2024/01/01 16:13:09.98,161.98,-31.88,-57.24,-60.06,55.97,-9.59,-1.01
2024/01/01 16:13:09.99,161.99,-31.90,-57.25,-60.05,56.07,-9.54,-1.11
2024/01/01 16:13:10.00,162.00,-31.92,-57.26,-60.03,56.08,-9.52,-1.12
2024/01/01 16:13:10.01,162.01,-31.93,-57.24,-60.03,56.03,-9.57,-0.99
2024/01/01 16:13:10.02,162.02,-31.92,-57.21,-60.01,56.02,-9.65,-0.88
2024/01/01 16:13:10.03,162.03,-31.91,-57.17,-59.99,56.08,-9.67,-0.84
2024/01/01 16:13:10.04,162.04,-31.88,-57.16,-59.97,56.13,-9.60,-0.81
2024/01/01 16:13:10.05,162.05,-31.84,-57.18,-59.96,56.17,-9.50,-0.86
2024/01/01 16:13:10.06,162.06,-31.79,-57.22,-59.95,56.17,-9.44,-0.98
2024/01/01 16:13:10.07,162.07,-31.76,-57.23,-59.93,56.08,-9.45,-1.04
2024/01/01 16:13:10.08,162.08,-31.75,-57.23,-59.92,55.93,-9.53,-1.05
2024/01/01 16:13:10.09,162.09,-31.75,-57.22,-59.93,55.82,-9.63,-1.06
2024/01/01 16:13:10.10,162.10,-31.76,-57.20,-59.92,55.79,-9.66,-1.01
2024/01/01 16:13:10.11,162.11,-31.78,-57.18,-59.91,55.86,-9.58,-0.92
2024/01/01 16:13:10.12,162.12,-31.78,-57.17,-59.90,56.00,-9.49,-0.90
2024/01/01 16:13:10.13,162.13,-31.75,-57.16,-59.90,56.16,-9.44,-0.91
2024/01/01 16:13:10.14,162.14,-31.72,-57.15,-59.90,56.27,-9.45,-0.90
2024/01/01 16:13:10.15,162.15,-31.71,-57.13,-59.90,56.36,-9.56,-0.88
2024/01/01 16:13:10.16,162.16,-31.71,-57.12,-59.89,56.39,-9.70,-0.86
2024/01/01 16:13:10.17,162.17,-31.72,-57.13,-59.86,56.35,-9.80,-0.86
2024/01/01 16:13:10.18,162.18,-31.71,-57.15,-59.86,56.31,-9.83,-0.91
2024/01/01 16:13:10.19,162.19,-31.69,-57.18,-59.86,56.30,-9.82,-0.95
2024/01/01 16:13:10.20,162.20,-31.66,-57.21,-59.86,56.24,-9.73,-0.90
2024/01/01 16:13:10.21,162.21,-31.65,-57.22,-59.85,56.18,-9.62,-0.80
2024/01/01 16:13:10.22,162.22,-31.66,-57.23,-59.83,56.22,-9.51,-0.75
2024/01/01 16:13:10.23,162.23,-31.67,-57.24,-59.82,56.35,-9.37,-0.79
2024/01/01 16:13:10.24,162.24,-31.68,-57.26,-59.80,56.46,-9.23,-0.85
2024/01/01 16:13:10.25,162.25,-31.68,-57.27,-59.78,56.50,-9.17,-0.88
2024/01/01 16:13:10.26,162.26,-31.69,-57.30,-59.78,56.43,-9.23,-0.88
2024/01/01 16:13:10.27,162.27,-31.70,-57.33,-59.78,56.27,-9.38,-0.87
2024/01/01 16:13:10.28,162.28,-31.71,-57.33,-59.79,56.11,-9.59,-0.80
2024/01/01 16:13:10.29,162.29,-31.70,-57.31,-59.79,56.07,-9.81,-0.68
2024/01/01 16:13:10.30,162.30,-31.70,-57.29,-59.76,56.18,-9.97,-0.64
2024/01/01 16:13:10.31,162.31,-31.69,-57.30,-59.74,56.31,-10.04,-0.72
2024/01/01 16:13:10.32,162.32,-31.67,-57.31,-59.73,56.33,-10.05,-0.80
2024/01/01 16:13:10.33,162.33,-31.64,-57.32,-59.73,56.23,-10.03,-0.83
2024/01/01 16:13:10.34,162.34,-31.63,-57.34,-59.73,56.09,-9.97,-0.82
2024/01/01 16:13:10.35,162.35,-31.61,-57.35,-59.74,55.96,-9.91,-0.83
2024/01/01 16:13:10.36,162.36,-31.60,-57.35,-59.77,55.91,-9.86,-0.85
2024/01/01 16:13:10.37,162.37,-31.61,-57.34,-59.80,56.02,-9.81,-0.81
2024/01/01 16:13:10.38,162.38,-31.61,-57.35,-59.83,56.22,-9.73,-0.75
2024/01/01 16:13:10.39,162.39,-31.61,-57.36,-59.84,56.42,-9.65,-0.77
2024/01/01 16:13:10.40,162.40,-31.60,-57.36,-59.84,56.57,-9.62,-0.87
2024/01/01 16:13:10.41,162.41,-31.59,-57.35,-59.85,56.72,-9.57,-0.94
2024/01/01 16:13:10.42,162.42,-31.57,-57.33,-59.87,56.81,-9.50,-0.94
2024/01/01 16:13:10.43,162.43,-31.54,-57.31,-59.89,56.78,-9.50,-0.92
2024/01/01 16:13:10.44,162.44,-31.51,-57.27,-59.91,56.66,-9.59,-0.91
2024/01/01 16:13:10.45,162.45,-31.50,-57.24,-59.92,56.48,-9.70,-0.95
2024/01/01 16:13:10.46,162.46,-31.50,-57.22,-59.94,56.30,-9.75,-1.02
2024/01/01 16:13:10.47,162.47,-31.51,-57.20,-59.96,56.20,-9.76,-1.02
2024/01/01 16:13:10.48,162.48,-31.52,-57.19,-59.98,56.21,-9.71,-0.97
2024/01/01 16:13:10.49,162.49,-31.53,-57.18,-59.99,56.28,-9.58,-1.00
2024/01/01 16:13:10.50,162.50,-31.54,-57.18,-59.99,56.33,-9.42,-1.06
2024/01/01 16:13:10.51,162.51,-31.55,-57.17,-59.98,56.34,-9.31,-1.05
2024/01/01 16:13:10.52,162.52,-31.54,-57.17,-59.97,56.36,-9.27,-1.03
2024/01/01 16:13:10.53,162.53,-31.52,-57.18,-59.98,56.42,-9.29,-1.01
2024/01/01 16:13:10.54,162.54,-31.50,-57.18,-60.01,56.51,-9.35,-0.97
2024/01/01 16:13:10.55,162.55,-31.50,-57.15,-60.03,56.57,-9.44,-0.92
2024/01/01 16:13:10.56,162.56,-31.52,-57.10,-60.05,56.54,-9.54,-0.93
2024/01/01 16:13:10.57,162.57,-31.53,-57.05,-60.07,56.42,-9.61,-1.04
2024/01/01 16:13:10.58,162.58,-31.54,-57.04,-60.09,56.27,-9.67,-1.19
2024/01/01 16:13:10.59,162.59,-31.55,-57.05,-60.11,56.15,-9.71,-1.26
2024/01/01 16:13:10.60,162.60,-31.58,-57.05,-60.14,56.10,-9.69,-1.24
2024/01/01 16:13:10.61,162.61,-31.61,-57.05,-60.16,56.14,-9.61,-1.24
2024/01/01 16:13:10.62,162.62,-31.63,-57.03,-60.16,56.24,-9.49,-1.26
2024/01/01 16:13:10.63,162.63,-31.63,-57.02,-60.16,56.38,-9.37,-1.19
2024/01/01 16:13:10.64,162.64,-31.65,-57.00,-60.17,56.48,-9.27,-1.08
2024/01/01 16:13:10.65,162.65,-31.68,-56.98,-60.16,56.47,-9.19,-1.02
2024/01/01 16:13:10.66,162.66,-31.71,-56.94,-60.14,56.30,-9.11,-1.06
2024/01/01 16:13:10.67,162.67,-31.71,-56.92,-60.12,56.05,-9.08,-1.17
2024/01/01 16:13:10.68,162.68,-31.69,-56.92,-60.12,55.90,-9.17,-1.24
2024/01/01 16:13:10.69,162.69,-31.68,-56.93,-60.13,55.87,-9.36,-1.21
2024/01/01 16:13:10.70,162.70,-31.68,-56.93,-60.13,55.94,-9.55,-1.13
2024/01/01 16:13:10.71,162.71,-31.69,-56.93,-60.12,56.05,-9.67,-1.09
2024/01/01 16:13:10.72,162.72,-31.70,-56.93,-60.11,56.16,-9.68,-1.07
2024/01/01 16:13:10.73,162.73,-31.69,-56.92,-60.10,56.18,-9.56,-1.06
2024/01/01 16:13:10.74,162.74,-31.69,-56.91,-60.09,56.12,-9.39,-1.04
2024/01/01 16:13:10.75,162.75,-31.70,-56.88,-60.08,56.06,-9.21,-1.02
2024/01/01 16:13:10.76,162.76,-31.72,-56.84,-60.07,56.02,-9.04,-1.05
2024/01/01 16:13:10.77,162.77,-31.74,-56.83,-60.07,56.00,-8.93,-1.13
2024/01/01 16:13:10.78,162.78,-31.74,-56.85,-60.07,56.02,-8.92,-1.17
2024/01/01 16:13:10.79,162.79,-31.73,-56.86,-60.05,56.06,-9.00,-1.12
2024/01/01 16:13:10.80,162.80,-31.71,-56.86,-60.02,56.10,-9.13,-1.02
2024/01/01 16:13:10.81,162.81,-31.67,-56.84,-60.01,56.13,-9.26,-0.93
2024/01/01 16:13:10.82,162.82,-31.62,-56.83,-60.00,56.16,-9.36,-0.88
2024/01/01 16:13:10.83,162.83,-31.59,-56.83,-59.99,56.20,-9.40,-0.88
2024/01/01 16:13:10.84,162.84,-31.57,-56.81,-59.99,56.21,-9.37,-0.95
2024/01/01 16:13:10.85,162.85,-31.56,-56.80,-59.99,56.13,-9.25,-1.09
2024/01/01 16:13:10.86,162.86,-31.55,-56.80,-59.99,56.02,-9.09,-1.21
2024/01/01 16:13:10.87,162.87,-31.55,-56.80,-59.98,55.96,-8.98,-1.20
2024/01/01 16:13:10.88,162.88,-31.55,-56.82,-59.96,55.99,-8.97,-1.10
2024/01/01 16:13:10.89,162.89,-31.55,-56.85,-59.95,56.15,-8.99,-1.01
2024/01/01 16:13:10.90,162.90,-31.53,-56.87,-59.94,56.44,-8.99,-0.94
2024/01/01 16:13:10.91,162.91,-31.53,-56.89,-59.93,56.74,-9.01,-0.88
2024/01/01 16:13:10.92,162.92,-31.55,-56.92,-59.91,56.90,-9.08,-0.82
2024/01/01 16:13:10.93,162.93,-31.56,-56.94,-59.90,56.87,-9.19,-0.87
2024/01/01 16:13:10.94,162.94,-31.56,-56.96,-59.90,56.76,-9.32,-0.98
2024/01/01 16:13:10.95,162.95,-31.55,-56.98,-59.90,56.66,-9.43,-0.97
2024/01/01 16:13:10.96,162.96,-31.54,-57.00,-59.89,56.58,-9.49,-0.83
2024/01/01 16:13:10.97,162.97,-31.51,-57.03,-59.89,56.52,-9.52,-0.79
2024/01/01 16:13:10.98,162.98,-31.49,-57.06,-59.90,56.48,-9.54,-0.89
2024/01/01 16:13:10.99,162.99,-31.47,-57.09,-59.92,56.46,-9.54,-0.92
2024/01/01 16:13:11.00,163.00,-31.45,-57.10,-59.94,56.41,-9.56,-0.86
2024/01/01 16:13:11.01,163.01,-31.42,-57.10,-59.94,56.33,-9.61,-0.87
2024/01/01 16:13:11.02,163.02,-31.40,-57.10,-59.94,56.27,-9.63,-0.99
2024/01/01 16:13:11.03,163.03,-31.40,-57.07,-59.95,56.21,-9.61,-1.08
2024/01/01 16:13:11.04,163.04,-31.41,-57.02,-59.97,56.15,-9.57,-1.12
2024/01/01 16:13:11.05,163.05,-31.41,-56.97,-59.99,56.14,-9.51,-1.16
2024/01/01 16:13:11.06,163.06,-31.41,-56.95,-60.00,56.21,-9.42,-1.19
2024/01/01 16:13:11.07,163.07,-31.43,-56.95,-60.00,56.29,-9.34,-1.19
2024/01/01 16:13:11.08,163.08,-31.45,-56.96,-59.99,56.33,-9.36,-1.16
2024/01/01 16:13:11.09,163.09,-31.46,-56.96,-59.98,56.37,-9.42,-1.11
2024/01/01 16:13:11.10,163.10,-31.47,-56.95,-59.98,56.42,-9.50,-1.01
2024/01/01 16:13:11.11,163.11,-31.48,-56.94,-59.98,56.45,-9.59,-0.89
2024/01/01 16:13:11.12,163.12,-31.49,-56.93,-59.99,56.53,-9.59,-0.83
2024/01/01 16:13:11.13,163.13,-31.48,-56.92,-60.00,56.67,-9.40,-0.83
2024/01/01 16:13:11.14,163.14,-31.49,-56.91,-60.00,56.79,-9.06,-0.88
2024/01/01 16:13:11.15,163.15,-31.51,-56.91,-59.99,56.85,-8.70,-1.00
2024/01/01 16:13:11.16,163.16,-31.53,-56.91,-59.98,56.85,-8.47,-1.18
2024/01/01 16:13:11.17,163.17,-31.55,-56.90,-59.98,56.75,-8.48,-1.26
2024/01/01 16:13:11.18,163.18,-31.55,-56.87,-59.98,56.55,-8.73,-1.14
2024/01/01 16:13:11.19,163.19,-31.52,-56.83,-60.00,56.30,-9.07,-0.96
2024/01/01 16:13:11.20,163.20,-31.50,-56.80,-60.00,56.12,-9.35,-0.88
2024/01/01 16:13:11.21,163.21,-31.51,-56.77,-59.99,56.08,-9.49,-0.90
2024/01/01 16:13:11.22,163.22,-31.53,-56.77,-59.97,56.15,-9.52,-0.97
2024/01/01 16:13:11.23,163.23,-31.56,-56.78,-59.96,56.25,-9.47,-1.05
2024/01/01 16:13:11.24,163.24,-31.59,-56.80,-59.97,56.25,-9.32,-1.15
2024/01/01 16:13:11.25,163.25,-31.64,-56.81,-59.99,56.12,-9.17,-1.20
2024/01/01 16:13:11.26,163.26,-31.68,-56.83,-60.00,55.91,-9.10,-1.16
2024/01/01 16:13:11.27,163.27,-31.70,-56.84,-60.00,55.70,-9.10,-1.10
2024/01/01 16:13:11.28,163.28,-31.70,-56.85,-60.01,55.65,-9.13,-1.10
2024/01/01 16:13:11.29,163.29,-31.71,-56.86,-60.01,55.79,-9.21,-1.09
2024/01/01 16:13:11.30,163.30,-31.71,-56.89,-60.00,56.00,-9.31,-1.00
2024/01/01 16:13:11.31,163.31,-31.72,-56.92,-59.98,56.14,-9.38,-0.91
2024/01/01 16:13:11.32,163.32,-31.73,-56.93,-59.97,56.24,-9.38,-0.94
2024/01/01 16:13:11.33,163.33,-31.74,-56.91,-59.97,56.34,-9.32,-1.01
2024/01/01 16:13:11.34,163.34,-31.75,-56.87,-59.97,56.41,-9.26,-1.01
2024/01/01 16:13:11.35,163.35,-31.76,-56.84,-59.99,56.40,-9.27,-0.95
2024/01/01 16:13:11.36,163.36,-31.76,-56.85,-60.00,56.36,-9.34,-0.91
2024/01/01 16:13:11.37,163.37,-31.75,-56.86,-60.01,56.27,-9.38,-0.94
2024/01/01 16:13:11.38,163.38,-31.73,-56.86,-60.01,56.14,-9.36,-1.05
2024/01/01 16:13:11.39,163.39,-31.69,-56.83,-60.02,56.06,-9.33,-1.11
2024/01/01 16:13:11.40,163.40,-31.67,-56.79,-60.03,56.11,-9.30,-1.11
2024/01/01 16:13:11.41,163.41,-31.68,-56.76,-60.02,56.18,-9.24,-1.09
2024/01/01 16:13:11.42,163.42,-31.71,-56.73,-60.01,56.18,-9.13,-1.07
2024/01/01 16:13:11.43,163.43,-31.74,-56.71,-60.00,56.15,-8.96,-1.05
2024/01/01 16:13:11.44,163.44,-31.74,-56.71,-59.98,56.15,-8.83,-1.02
2024/01/01 16:13:11.45,163.45,-31.71,-56.72,-59.97,56.17,-8.83,-0.97
2024/01/01 16:13:11.46,163.46,-31.69,-56.73,-59.98,56.19,-8.97,-0.91
2024/01/01 16:13:11.47,163.47,-31.70,-56.73,-59.97,56.18,-9.14,-0.87
2024/01/01 16:13:11.48,163.48,-31.74,-56.72,-59.97,56.15,-9.25,-0.84
2024/01/01 16:13:11.49,163.49,-31.77,-56.72,-59.97,56.11,-9.23,-0.88
2024/01/01 16:13:11.50,163.50,-31.79,-56.72,-59.98,56.08,-9.09,-1.01
2024/01/01 16:13:11.51,163.51,-31.80,-56.72,-59.99,56.07,-8.87,-1.06
2024/01/01 16:13:11.52,163.52,-31.80,-56.70,-59.99,56.05,-8.67,-0.97
2024/01/01 16:13:11.53,163.53,-31.79,-56.68,-59.98,55.98,-8.62,-0.90
2024/01/01 16:13:11.54,163.54,-31.78,-56.68,-59.97,55.92,-8.74,-0.94
2024/01/01 16:13:11.55,163.55,-31.77,-56.69,-59.96,55.90,-8.97,-1.00
2024/01/01 16:13:11.56,163.56,-31.76,-56.72,-59.96,55.95,-9.19,-1.01
2024/01/01 16:13:11.57,163.57,-31.77,-56.73,-59.96,55.98,-9.34,-1.00
2024/01/01 16:13:11.58,163.58,-31.80,-56.73,-59.96,55.94,-9.40,-0.99
2024/01/01 16:13:11.59,163.59,-31.83,-56.73,-59.97,55.84,-9.42,-0.99
2024/01/01 16:13:11.60,163.60,-31.85,-56.75,-59.99,55.76,-9.40,-0.95
2024/01/01 16:13:11.61,163.61,-31.87,-56.79,-59.99,55.75,-9.37,-0.86
2024/01/01 16:13:11.62,163.62,-31.87,-56.81,-59.98,55.83,-9.33,-0.79
2024/01/01 16:13:11.63,163.63,-31.85,-56.81,-59.96,56.00,-9.27,-0.87
2024/01/01 16:13:11.64,163.64,-31.84,-56.80,-59.96,56.15,-9.21,-1.05
2024/01/01 16:13:11.65,163.65,-31.83,-56.82,-59.97,56.23,-9.17,-1.11
2024/01/01 16:13:11.66,163.66,-31.83,-56.84,-59.98,56.22,-9.15,-1.03
2024/01/01 16:13:11.67,163.67,-31.82,-56.87,-59.98,56.18,-9.13,-0.95
2024/01/01 16:13:11.68,163.68,-31.82,-56.89,-59.99,56.16,-9.16,-0.94
2024/01/01 16:13:11.69,163.69,-31.81,-56.90,-59.97,56.14,-9.26,-0.98
2024/01/01 16:13:11.70,163.70,-31.80,-56.90,-59.97,56.10,-9.35,-0.98
2024/01/01 16:13:11.71,163.71,-31.79,-56.89,-59.98,56.03,-9.38,-0.94
2024/01/01 16:13:11.72,163.72,-31.79,-56.88,-60.00,55.98,-9.32,-0.90
2024/01/01 16:13:11.73,163.73,-31.80,-56.89,-60.00,55.96,-9.20,-0.88
2024/01/01 16:13:11.74,163.74,-31.81,-56.91,-59.98,55.96,-9.08,-0.88
2024/01/01 16:13:11.75,163.75,-31.81,-56.92,-59.96,55.97,-9.06,-0.98
2024/01/01 16:13:11.76,163.76,-31.81,-56.92,-59.96,55.98,-9.17,-1.11
2024/01/01 16:13:11.77,163.77,-31.80,-56.92,-59.98,55.95,-9.36,-1.10
2024/01/01 16:13:11.78,163.78,-31.80,-56.92,-60.01,55.91,-9.53,-0.96
2024/01/01 16:13:11.79,163.79,-31.80,-56.92,-60.01,55.93,-9.61,-0.84
2024/01/01 16:13:11.80,163.80,-31.81,-56.92,-60.00,56.00,-9.55,-0.85
2024/01/01 16:13:11.81,163.81,-31.83,-56.91,-59.99,56.08,-9.42,-0.95
2024/01/01 16:13:11.82,163.82,-31.86,-56.90,-59.99,56.12,-9.32,-1.06
2024/01/01 16:13:11.83,163.83,-31.89,-56.90,-59.99,56.08,-9.30,-1.07
2024/01/01 16:13:11.84,163.84,-31.91,-56.91,-59.98,55.96,-9.33,-1.02
2024/01/01 16:13:11.85,163.85,-31.92,-56.91,-59.97,55.82,-9.38,-0.99
2024/01/01 16:13:11.86,163.86,-31.93,-56.90,-59.99,55.79,-9.40,-0.98
2024/01/01 16:13:11.87,163.87,-31.92,-56.90,-60.01,55.90,-9.42,-0.92
2024/01/01 16:13:11.88,163.88,-31.91,-56.92,-60.02,56.05,-9.43,-0.83
2024/01/01 16:13:11.89,163.89,-31.89,-56.94,-60.01,56.13,-9.42,-0.81
2024/01/01 16:13:11.90,163.90,-31.87,-56.95,-60.00,56.11,-9.36,-0.90
2024/01/01 16:13:11.91,163.91,-31.87,-56.95,-60.01,56.04,-9.22,-1.06
2024/01/01 16:13:11.92,163.92,-31.88,-56.95,-60.02,55.97,-9.06,-1.12
2024/01/01 16:13:11.93,163.93,-31.88,-56.95,-60.03,55.92,-8.98,-1.04
2024/01/01 16:13:11.94,163.94,-31.87,-56.95,-60.01,55.87,-9.03,-1.03
2024/01/01 16:13:11.95,163.95,-31.85,-56.92,-60.00,55.81,-9.15,-1.12
2024/01/01 16:13:11.96,163.96,-31.83,-56.87,-59.99,55.74,-9.26,-1.15
2024/01/01 16:13:11.97,163.97,-31.83,-56.83,-60.00,55.71,-9.38,-1.06
2024/01/01 16:13:11.98,163.98,-31.84,-56.80,-60.00,55.80,-9.48,-0.92
2024/01/01 16:13:11.99,163.99,-31.85,-56.80,-59.99,55.99,-9.52,-0.85
2024/01/01 16:13:12.00,164.00,-31.86,-56.82,-59.97,56.17,-9.47,-0.92
2024/01/01 16:13:12.01,164.01,-31.88,-56.86,-59.97,56.25,-9.40,-1.03
2024/01/01 16:13:12.02,164.02,-31.89,-56.90,-59.99,56.23,-9.32,-1.02
2024/01/01 16:13:12.03,164.03,-31.90,-56.93,-60.00,56.16,-9.23,-0.92
2024/01/01 16:13:12.04,164.04,-31.89,-56.95,-59.99,56.12,-9.16,-0.83
2024/01/01 16:13:12.05,164.05,-31.90,-56.97,-59.99,56.14,-9.13,-0.82
2024/01/01 16:13:12.06,164.06,-31.90,-56.99,-59.99,56.17,-9.13,-0.92
2024/01/01 16:13:12.07,164.07,-31.91,-56.99,-59.99,56.12,-9.17,-1.06
2024/01/01 16:13:12.08,164.08,-31.90,-56.98,-60.00,55.98,-9.25,-1.13
2024/01/01 16:13:12.09,164.09,-31.88,-56.98,-60.01,55.80,-9.39,-1.13
2024/01/01 16:13:12.10,164.10,-31.88,-56.99,-60.02,55.66,-9.53,-1.11
2024/01/01 16:13:12.11,164.11,-31.88,-57.00,-60.03,55.61,-9.62,-1.07
2024/01/01 16:13:12.12,164.12,-31.90,-57.01,-60.04,55.67,-9.63,-0.99
2024/01/01 16:13:12.13,164.13,-31.91,-57.03,-60.05,55.80,-9.65,-0.96
2024/01/01 16:13:12.14,164.14,-31.93,-57.04,-60.05,55.97,-9.67,-1.01
2024/01/01 16:13:12.15,164.15,-31.96,-57.06,-60.04,56.11,-9.67,-1.07
2024/01/01 16:13:12.16,164.16,-32.00,-57.08,-60.03,56.13,-9.61,-1.06
2024/01/01 16:13:12.17,164.17,-32.01,-57.08,-60.02,56.05,-9.50,-1.01
2024/01/01 16:13:12.18,164.18,-32.01,-57.08,-60.01,55.94,-9.38,-0.95
2024/01/01 16:13:12.19,164.19,-31.98,-57.09,-60.00,55.83,-9.32,-0.89
2024/01/01 16:13:12.20,164.20,-31.94,-57.08,-59.98,55.75,-9.36,-0.87
2024/01/01 16:13:12.21,164.21,-31.91,-57.06,-59.97,55.71,-9.47,-0.89
2024/01/01 16:13:12.22,164.22,-31.89,-57.04,-59.97,55.73,-9.56,-0.94
2024/01/01 16:13:12.23,164.23,-31.87,-57.01,-59.97,55.84,-9.58,-1.01
2024/01/01 16:13:12.24,164.24,-31.86,-56.98,-59.96,55.99,-9.59,-1.05
2024/01/01 16:13:12.25,164.25,-31.86,-56.94,-59.96,56.09,-9.59,-1.04
2024/01/01 16:13:12.26,164.26,-31.88,-56.92,-59.96,56.12,-9.56,-1.02
2024/01/01 16:13:12.27,164.27,-31.90,-56.93,-59.96,56.07,-9.49,-0.99
2024/01/01 16:13:12.28,164.28,-31.90,-56.94,-59.96,55.97,-9.42,-0.86
2024/01/01 16:13:12.29,164.29,-31.89,-56.96,-59.95,55.92,-9.35,-0.73
2024/01/01 16:13:12.30,164.30,-31.87,-56.96,-59.95,55.97,-9.25,-0.73
2024/01/01 16:13:12.31,164.31,-31.85,-56.97,-59.94,56.09,-9.12,-0.83
2024/01/01 16:13:12.32,164.32,-31.83,-56.98,-59.94,56.18,-9.01,-0.87
2024/01/01 16:13:12.33,164.33,-31.83,-56.98,-59.94,56.16,-8.95,-0.87
2024/01/01 16:13:12.34,164.34,-31.83,-56.96,-59.94,56.07,-8.93,-0.93
2024/01/01 16:13:12.35,164.35,-31.85,-56.93,-59.94,55.96,-8.93,-1.00
2024/01/01 16:13:12.36,164.36,-31.87,-56.93,-59.92,55.88,-9.01,-1.00
2024/01/01 16:13:12.37,164.37,-31.88,-56.95,-59.90,55.86,-9.20,-0.94
2024/01/01 16:13:12.38,164.38,-31.89,-56.97,-59.89,55.92,-9.45,-0.88
2024/01/01 16:13:12.39,164.39,-31.89,-57.00,-59.88,56.03,-9.67,-0.83
2024/01/01 16:13:12.40,164.40,-31.88,-57.02,-59.86,56.12,-9.83,-0.76
2024/01/01 16:13:12.41,164.41,-31.87,-57.02,-59.83,56.15,-9.92,-0.67
2024/01/01 16:13:12.42,164.42,-31.87,-57.02,-59.81,56.10,-9.89,-0.64
2024/01/01 16:13:12.43,164.43,-31.88,-57.03,-59.81,55.99,-9.72,-0.70
2024/01/01 16:13:12.44,164.44,-31.87,-57.05,-59.81,55.86,-9.47,-0.81
2024/01/01 16:13:12.45,164.45,-31.85,-57.06,-59.81,55.74,-9.29,-0.88
2024/01/01 16:13:12.46,164.46,-31.84,-57.08,-59.81,55.69,-9.23,-0.90
2024/01/01 16:13:12.47,164.47,-31.84,-57.11,-59.80,55.72,-9.24,-0.91
2024/01/01 16:13:12.48,164.48,-31.84,-57.14,-59.79,55.85,-9.31,-0.91
2024/01/01 16:13:12.49,164.49,-31.84,-57.17,-59.79,56.02,-9.46,-0.85
2024/01/01 16:13:12.50,164.50,-31.83,-57.20,-59.79,56.15,-9.65,-0.78
2024/01/01 16:13:12.51,164.51,-31.80,-57.22,-59.80,56.18,-9.79,-0.74
2024/01/01 16:13:12.52,164.52,-31.78,-57.24,-59.81,56.13,-9.85,-0.74
2024/01/01 16:13:12.53,164.53,-31.78,-57.23,-59.82,56.12,-9.81,-0.72
2024/01/01 16:13:12.54,164.54,-31.78,-57.22,-59.83,56.20,-9.69,-0.69
2024/01/01 16:13:12.55,164.55,-31.77,-57.22,-59.84,56.31,-9.54,-0.72
2024/01/01 16:13:12.56,164.56,-31.77,-57.22,-59.83,56.39,-9.45,-0.86
2024/01/01 16:13:12.57,164.57,-31.77,-57.22,-59.82,56.41,-9.45,-1.03
2024/01/01 16:13:12.58,164.58,-31.77,-57.21,-59.82,56.37,-9.53,-1.06
2024/01/01 16:13:12.59,164.59,-31.78,-57.19,-59.82,56.28,-9.69,-0.94
2024/01/01 16:13:12.60,164.60,-31.81,-57.19,-59.80,56.21,-9.87,-0.77
2024/01/01 16:13:12.61,164.61,-31.84,-57.20,-59.77,56.18,-9.99,-0.66
2024/01/01 16:13:12.62,164.62,-31.83,-57.20,-59.74,56.15,-9.99,-0.67
2024/01/01 16:13:12.63,164.63,-31.80,-57.20,-59.71,56.10,-9.90,-0.66
2024/01/01 16:13:12.64,164.64,-31.76,-57.21,-59.69,56.05,-9.74,-0.60
2024/01/01 16:13:12.65,164.65,-31.74,-57.20,-59.68,56.01,-9.57,-0.61
2024/01/01 16:13:12.66,164.66,-31.73,-57.19,-59.68,56.02,-9.42,-0.69
2024/01/01 16:13:12.67,164.67,-31.72,-57.17,-59.67,56.05,-9.34,-0.71
2024/01/01 16:13:12.68,164.68,-31.72,-57.14,-59.68,56.04,-9.34,-0.71
2024/01/01 16:13:12.69,164.69,-31.74,-57.13,-59.68,56.01,-9.39,-0.74
2024/01/01 16:13:12.70,164.70,-31.77,-57.14,-59.67,55.98,-9.47,-0.74
2024/01/01 16:13:12.71,164.71,-31.79,-57.15,-59.67,55.96,-9.53,-0.67
2024/01/01 16:13:12.72,164.72,-31.78,-57.14,-59.67,56.01,-9.53,-0.63
2024/01/01 16:13:12.73,164.73,-31.78,-57.13,-59.67,56.15,-9.42,-0.62
2024/01/01 16:13:12.74,164.74,-31.77,-57.12,-59.67,56.29,-9.31,-0.62
2024/01/01 16:13:12.75,164.75,-31.76,-57.11,-59.68,56.39,-9.32,-0.65
2024/01/01 16:13:12.76,164.76,-31.74,-57.10,-59.69,56.42,-9.40,-0.69
2024/01/01 16:13:12.77,164.77,-31.72,-57.09,-59.69,56.38,-9.47,-0.69
2024/01/01 16:13:12.78,164.78,-31.70,-57.10,-59.67,56.25,-9.54,-0.68
2024/01/01 16:13:12.79,164.79,-31.67,-57.12,-59.65,56.08,-9.64,-0.70
2024/01/01 16:13:12.80,164.80,-31.64,-57.15,-59.64,56.03,-9.71,-0.72
2024/01/01 16:13:12.81,164.81,-31.61,-57.19,-59.64,56.13,-9.73,-0.71
2024/01/01 16:13:12.82,164.82,-31.57,-57.23,-59.63,56.25,-9.67,-0.66
2024/01/01 16:13:12.83,164.83,-31.55,-57.26,-59.60,56.31,-9.60,-0.59
2024/01/01 16:13:12.84,164.84,-31.55,-57.27,-59.58,56.29,-9.52,-0.55
2024/01/01 16:13:12.85,164.85,-31.57,-57.27,-59.56,56.25,-9.42,-0.60
2024/01/01 16:13:12.86,164.86,-31.59,-57.28,-59.54,56.23,-9.35,-0.62
2024/01/01 16:13:12.87,164.87,-31.60,-57.29,-59.53,56.32,-9.36,-0.59
2024/01/01 16:13:12.88,164.88,-31.59,-57.30,-59.52,56.48,-9.51,-0.55
2024/01/01 16:13:12.89,164.89,-31.58,-57.29,-59.50,56.63,-9.71,-0.53
2024/01/01 16:13:12.90,164.90,-31.57,-57.28,-59.49,56.71,-9.86,-0.44
2024/01/01 16:13:12.91,164.91,-31.55,-57.27,-59.50,56.73,-9.95,-0.36
2024/01/01 16:13:12.92,164.92,-31.53,-57.28,-59.50,56.73,-10.01,-0.35
2024/01/01 16:13:12.93,164.93,-31.52,-57.31,-59.51,56.67,-9.99,-0.37
2024/01/01 16:13:12.94,164.94,-31.50,-57.34,-59.51,56.55,-9.89,-0.46
2024/01/01 16:13:12.95,164.95,-31.49,-57.35,-59.53,56.39,-9.75,-0.62
2024/01/01 16:13:12.96,164.96,-31.48,-57.34,-59.54,56.23,-9.63,-0.74
2024/01/01 16:13:12.97,164.97,-31.48,-57.31,-59.54,56.10,-9.54,-0.74
2024/01/01 16:13:12.98,164.98,-31.48,-57.28,-59.54,56.06,-9.51,-0.70
2024/01/01 16:13:12.99,164.99,-31.48,-57.27,-59.54,56.14,-9.51,-0.68
2024/01/01 16:13:13.00,165.00,-31.48,-57.28,-59.54,56.30,-9.55,-0.62
2024/01/01 16:13:13.01,165.01,-31.47,-57.29,-59.54,56.48,-9.65,-0.53
2024/01/01 16:13:13.02,165.02,-31.47,-57.29,-59.53,56.62,-9.83,-0.50
2024/01/01 16:13:13.03,165.03,-31.47,-57.28,-59.52,56.70,-10.00,-0.54
2024/01/01 16:13:13.04,165.04,-31.47,-57.26,-59.54,56.71,-10.08,-0.56
2024/01/01 16:13:13.05,165.05,-31.45,-57.24,-59.56,56.67,-10.05,-0.53
2024/01/01 16:13:13.06,165.06,-31.43,-57.24,-59.57,56.65,-9.87,-0.50
2024/01/01 16:13:13.07,165.07,-31.41,-57.27,-59.58,56.69,-9.60,-0.55
2024/01/01 16:13:13.08,165.08,-31.39,-57.29,-59.57,56.75,-9.33,-0.68
2024/01/01 16:13:13.09,165.09,-31.38,-57.29,-59.56,56.78,-9.20,-0.73
2024/01/01 16:13:13.10,165.10,-31.37,-57.26,-59.55,56.74,-9.22,-0.71
2024/01/01 16:13:13.11,165.11,-31.35,-57.22,-59.55,56.62,-9.36,-0.68
2024/01/01 16:13:13.12,165.12,-31.34,-57.18,-59.56,56.48,-9.53,-0.60
2024/01/01 16:13:13.13,165.13,-31.34,-57.14,-59.55,56.40,-9.60,-0.49
2024/01/01 16:13:13.14,165.14,-31.36,-57.13,-59.53,56.44,-9.55,-0.49
2024/01/01 16:13:13.15,165.15,-31.38,-57.11,-59.52,56.57,-9.44,-0.56
2024/01/01 16:13:13.16,165.16,-31.39,-57.11,-59.51,56.70,-9.39,-0.63
2024/01/01 16:13:13.17,165.17,-31.40,-57.12,-59.52,56.78,-9.47,-0.66
2024/01/01 16:13:13.18,165.18,-31.40,-57.16,-59.53,56.75,-9.63,-0.61
2024/01/01 16:13:13.19,165.19,-31.40,-57.20,-59.54,56.60,-9.75,-0.54
2024/01/01 16:13:13.20,165.20,-31.41,-57.21,-59.54,56.45,-9.77,-0.53
2024/01/01 16:13:13.21,165.21,-31.42,-57.21,-59.55,56.36,-9.66,-0.53
2024/01/01 16:13:13.22,165.22,-31.44,-57.21,-59.54,56.36,-9.51,-0.54
2024/01/01 16:13:13.23,165.23,-31.46,-57.23,-59.53,56.37,-9.40,-0.61
2024/01/01 16:13:13.24,165.24,-31.48,-57.25,-59.52,56.37,-9.36,-0.70
2024/01/01 16:13:13.25,165.25,-31.46,-57.25,-59.51,56.36,-9.32,-0.69
2024/01/01 16:13:13.26,165.26,-31.44,-57.24,-59.49,56.35,-9.37,-0.60
2024/01/01 16:13:13.27,165.27,-31.42,-57.23,-59.47,56.37,-9.53,-0.52
2024/01/01 16:13:13.28,165.28,-31.42,-57.24,-59.46,56.47,-9.75,-0.48
2024/01/01 16:13:13.29,165.29,-31.41,-57.25,-59.45,56.64,-9.90,-0.49
2024/01/01 16:13:13.30,165.30,-31.42,-57.27,-59.45,56.78,-9.98,-0.49
2024/01/01 16:13:13.31,165.31,-31.44,-57.28,-59.45,56.83,-9.99,-0.48
2024/01/01 16:13:13.32,165.32,-31.45,-57.29,-59.46,56.75,-9.94,-0.50
2024/01/01 16:13:13.33,165.33,-31.45,-57.28,-59.46,56.57,-9.82,-0.51
2024/01/01 16:13:13.34,165.34,-31.46,-57.27,-59.46,56.41,-9.64,-0.47
2024/01/01 16:13:13.35,165.35,-31.47,-57.27,-59.44,56.33,-9.41,-0.43
2024/01/01 16:13:13.36,165.36,-31.47,-57.28,-59.45,56.33,-9.24,-0.44
2024/01/01 16:13:13.37,165.37,-31.49,-57.29,-59.47,56.38,-9.19,-0.46
2024/01/01 16:13:13.38,165.38,-31.50,-57.31,-59.49,56.45,-9.27,-0.47
2024/01/01 16:13:13.39,165.39,-31.51,-57.31,-59.50,56.47,-9.44,-0.46
2024/01/01 16:13:13.40,165.40,-31.52,-57.29,-59.52,56.43,-9.63,-0.49
2024/01/01 16:13:13.41,165.41,-31.53,-57.27,-59.56,56.39,-9.80,-0.59
2024/01/01 16:13:13.42,165.42,-31.52,-57.28,-59.59,56.44,-9.88,-0.68
2024/01/01 16:13:13.43,165.43,-31.51,-57.32,-59.62,56.58,-9.86,-0.69
2024/01/01 16:13:13.44,165.44,-31.49,-57.34,-59.65,56.73,-9.79,-0.68
2024/01/01 16:13:13.45,165.45,-31.47,-57.34,-59.67,56.78,-9.73,-0.69
2024/01/01 16:13:13.46,165.46,-31.46,-57.31,-59.68,56.68,-9.69,-0.69
2024/01/01 16:13:13.47,165.47,-31.44,-57.29,-59.68,56.48,-9.70,-0.67
2024/01/01 16:13:13.48,165.48,-31.44,-57.29,-59.69,56.26,-9.73,-0.67
2024/01/01 16:13:13.49,165.49,-31.44,-57.30,-59.70,56.15,-9.69,-0.71
2024/01/01 16:13:13.50,165.50,-31.44,-57.30,-59.70,56.14,-9.53,-0.74
2024/01/01 16:13:13.51,165.51,-31.43,-57.29,-59.68,56.19,-9.36,-0.75
2024/01/01 16:13:13.52,165.52,-31.42,-57.27,-59.65,56.27,-9.32,-0.80
2024/01/01 16:13:13.53,165.53,-31.41,-57.26,-59.63,56.36,-9.43,-0.87
2024/01/01 16:13:13.54,165.54,-31.41,-57.27,-59.63,56.43,-9.63,-0.80
2024/01/01 16:13:13.55,165.55,-31.41,-57.29,-59.63,56.49,-9.84,-0.61
2024/01/01 16:13:13.56,165.56,-31.41,-57.32,-59.61,56.53,-10.00,-0.47
2024/01/01 16:13:13.57,165.57,-31.42,-57.35,-59.58,56.53,-10.07,-0.47
2024/01/01 16:13:13.58,165.58,-31.42,-57.37,-59.56,56.50,-10.03,-0.55
2024/01/01 16:13:13.59,165.59,-31.41,-57.38,-59.54,56.49,-9.91,-0.59
2024/01/01 16:13:13.60,165.60,-31.41,-57.38,-59.53,56.55,-9.75,-0.56
2024/01/01 16:13:13.61,165.61,-31.41,-57.38,-59.52,56.64,-9.57,-0.55
2024/01/01 16:13:13.62,165.62,-31.45,-57.38,-59.51,56.70,-9.43,-0.60
2024/01/01 16:13:13.63,165.63,-31.48,-57.37,-59.50,56.73,-9.37,-0.61
2024/01/01 16:13:13.64,165.64,-31.49,-57.34,-59.49,56.77,-9.38,-0.57
2024/01/01 16:13:13.65,165.65,-31.47,-57.32,-59.48,56.80,-9.46,-0.54
2024/01/01 16:13:13.66,165.66,-31.45,-57.31,-59.48,56.80,-9.66,-0.50
2024/01/01 16:13:13.67,165.67,-31.45,-57.31,-59.50,56.75,-9.89,-0.45
2024/01/01 16:13:13.68,165.68,-31.45,-57.33,-59.52,56.68,-10.07,-0.46
2024/01/01 16:13:13.69,165.69,-31.46,-57.34,-59.55,56.62,-10.12,-0.48
2024/01/01 16:13:13.70,165.70,-31.47,-57.34,-59.57,56.54,-10.07,-0.50
2024/01/01 16:13:13.71,165.71,-31.47,-57.34,-59.59,56.45,-9.97,-0.56
2024/01/01 16:13:13.72,165.72,-31.48,-57.36,-59.61,56.34,-9.81,-0.68
2024/01/01 16:13:13.73,165.73,-31.48,-57.38,-59.63,56.23,-9.59,-0.78
2024/01/01 16:13:13.74,165.74,-31.49,-57.37,-59.66,56.15,-9.38,-0.80
2024/01/01 16:13:13.75,165.75,-31.50,-57.35,-59.67,56.14,-9.27,-0.74
2024/01/01 16:13:13.76,165.76,-31.52,-57.32,-59.68,56.19,-9.26,-0.69
2024/01/01 16:13:13.77,165.77,-31.54,-57.29,-59.68,56.26,-9.34,-0.69
2024/01/01 16:13:13.78,165.78,-31.56,-57.28,-59.70,56.31,-9.53,-0.73
2024/01/01 16:13:13.79,165.79,-31.56,-57.28,-59.72,56.35,-9.78,-0.78
2024/01/01 16:13:13.80,165.80,-31.55,-57.28,-59.74,56.40,-10.00,-0.81
2024/01/01 16:13:13.81,165.81,-31.54,-57.27,-59.74,56.48,-10.13,-0.77
2024/01/01 16:13:13.82,165.82,-31.53,-57.26,-59.75,56.59,-10.13,-0.76
2024/01/01 16:13:13.83,165.83,-31.53,-57.27,-59.76,56.67,-10.00,-0.81
2024/01/01 16:13:13.84,165.84,-31.52,-57.27,-59.75,56.67,-9.78,-0.84
2024/01/01 16:13:13.85,165.85,-31.51,-57.27,-59.74,56.58,-9.51,-0.82
2024/01/01 16:13:13.86,165.86,-31.50,-57.25,-59.73,56.42,-9.30,-0.78
2024/01/01 16:13:13.87,165.87,-31.49,-57.24,-59.71,56.24,-9.20,-0.74
2024/01/01 16:13:13.88,165.88,-31.49,-57.24,-59.70,56.13,-9.20,-0.69
2024/01/01 16:13:13.89,165.89,-31.48,-57.25,-59.70,56.14,-9.26,-0.63
2024/01/01 16:13:13.90,165.90,-31.46,-57.27,-59.70,56.27,-9.35,-0.63
2024/01/01 16:13:13.91,165.91,-31.43,-57.27,-59.70,56.46,-9.50,-0.70
2024/01/01 16:13:13.92,165.92,-31.40,-57.26,-59.70,56.64,-9.69,-0.78
2024/01/01 16:13:13.93,165.93,-31.38,-57.25,-59.70,56.76,-9.88,-0.82
2024/01/01 16:13:13.94,165.94,-31.38,-57.25,-59.70,56.82,-10.01,-0.81
2024/01/01 16:13:13.95,165.95,-31.38,-57.26,-59.70,56.82,-10.07,-0.75
2024/01/01 16:13:13.96,165.96,-31.39,-57.28,-59.70,56.76,-10.04,-0.66
2024/01/01 16:13:13.97,165.97,-31.41,-57.29,-59.70,56.64,-9.91,-0.61
2024/01/01 16:13:13.98,165.98,-31.42,-57.30,-59.70,56.48,-9.72,-0.62
2024/01/01 16:13:13.99,165.99,-31.43,-57.30,-59.69,56.34,-9.54,-0.66
2024/01/01 16:13:14.00,166.00,-31.43,-57.31,-59.68,56.30,-9.38,-0.70
2024/01/01 16:13:14.01,166.01,-31.41,-57.32,-59.67,56.39,-9.27,-0.70
2024/01/01 16:13:14.02,166.02,-31.40,-57.33,-59.66,56.53,-9.28,-0.70
2024/01/01 16:13:14.03,166.03,-31.41,-57.34,-59.66,56.61,-9.41,-0.73
2024/01/01 16:13:14.04,166.04,-31.42,-57.35,-59.65,56.57,-9.62,-0.75
2024/01/01 16:13:14.05,166.05,-31.42,-57.36,-59.63,56.46,-9.85,-0.71
2024/01/01 16:13:14.06,166.06,-31.42,-57.34,-59.62,56.38,-10.00,-0.67
2024/01/01 16:13:14.07,166.07,-31.43,-57.32,-59.62,56.39,-10.05,-0.69
2024/01/01 16:13:14.08,166.08,-31.45,-57.31,-59.62,56.47,-9.99,-0.68
2024/01/01 16:13:14.09,166.09,-31.47,-57.30,-59.62,56.55,-9.87,-0.62
2024/01/01 16:13:14.10,166.10,-31.49,-57.30,-59.61,56.56,-9.73,-0.58
2024/01/01 16:13:14.11,166.11,-31.51,-57.29,-59.59,56.48,-9.61,-0.55
2024/01/01 16:13:14.12,166.12,-31.53,-57.29,-59.58,56.39,-9.53,-0.52
2024/01/01 16:13:14.13,166.13,-31.55,-57.29,-59.59,56.36,-9.52,-0.54
2024/01/01 16:13:14.14,166.14,-31.55,-57.30,-59.61,56.43,-9.55,-0.57
2024/01/01 16:13:14.15,166.15,-31.57,-57.30,-59.64,56.52,-9.56,-0.58
2024/01/01 16:13:14.16,166.16,-31.59,-57.30,-59.66,56.56,-9.53,-0.59
2024/01/01 16:13:14.17,166.17,-31.62,-57.29,-59.68,56.51,-9.53,-0.64
2024/01/01 16:13:14.18,166.18,-31.64,-57.29,-59.70,56.40,-9.59,-0.72
2024/01/01 16:13:14.19,166.19,-31.65,-57.29,-59.72,56.31,-9.68,-0.78
2024/01/01 16:13:14.20,166.20,-31.65,-57.29,-59.74,56.26,-9.75,-0.82
2024/01/01 16:13:14.21,166.21,-31.64,-57.29,-59.77,56.22,-9.80,-0.85
2024/01/01 16:13:14.22,166.22,-31.62,-57.27,-59.79,56.16,-9.84,-0.85
2024/01/01 16:13:14.23,166.23,-31.62,-57.25,-59.81,56.12,-9.83,-0.84
2024/01/01 16:13:14.24,166.24,-31.64,-57.23,-59.82,56.12,-9.77,-0.85
2024/01/01 16:13:14.25,166.25,-31.66,-57.21,-59.83,56.16,-9.66,-0.89
2024/01/01 16:13:14.26,166.26,-31.66,-57.20,-59.85,56.19,-9.55,-0.93
2024/01/01 16:13:14.27,166.27,-31.66,-57.20,-59.88,56.18,-9.48,-0.93
2024/01/01 16:13:14.28,166.28,-31.65,-57.23,-59.89,56.14,-9.46,-0.89
2024/01/01 16:13:14.29,166.29,-31.65,-57.25,-59.89,56.09,-9.49,-0.87
2024/01/01 16:13:14.30,166.30,-31.65,-57.27,-59.90,56.13,-9.53,-0.91
2024/01/01 16:13:14.31,166.31,-31.67,-57.27,-59.91,56.27,-9.56,-0.95
2024/01/01 16:13:14.32,166.32,-31.68,-57.27,-59.92,56.39,-9.57,-0.97
2024/01/01 16:13:14.33,166.33,-31.70,-57.27,-59.93,56.39,-9.61,-0.97
2024/01/01 16:13:14.34,166.34,-31.71,-57.27,-59.94,56.33,-9.66,-0.96
2024/01/01 16:13:14.35,166.35,-31.72,-57.26,-59.95,56.28,-9.71,-0.93
2024/01/01 16:13:14.36,166.36,-31.73,-57.23,-59.97,56.29,-9.73,-0.88
2024/01/01 16:13:14.37,166.37,-31.72,-57.20,-59.97,56.36,-9.74,-0.82
2024/01/01 16:13:14.38,166.38,-31.69,-57.19,-59.98,56.42,-9.72,-0.86
2024/01/01 16:13:14.39,166.39,-31.66,-57.18,-59.99,56.39,-9.66,-1.00
2024/01/01 16:13:14.40,166.40,-31.64,-57.19,-60.00,56.25,-9.57,-1.14
2024/01/01 16:13:14.41,166.41,-31.64,-57.19,-60.01,56.09,-9.53,-1.17
2024/01/01 16:13:14.42,166.42,-31.67,-57.18,-60.01,55.96,-9.56,-1.11
2024/01/01 16:13:14.43,166.43,-31.70,-57.15,-60.00,55.89,-9.63,-1.05
2024/01/01 16:13:14.44,166.44,-31.72,-57.14,-59.99,55.87,-9.67,-1.04
2024/01/01 16:13:14.45,166.45,-31.74,-57.14,-59.99,55.90,-9.64,-1.06
2024/01/01 16:13:14.46,166.46,-31.76,-57.13,-59.99,55.97,-9.53,-1.03
2024/01/01 16:13:14.47,166.47,-31.77,-57.13,-59.99,56.09,-9.41,-0.94
2024/01/01 16:13:14.48,166.48,-31.79,-57.13,-59.97,56.27,-9.34,-0.88
2024/01/01 16:13:14.49,166.49,-31.82,-57.13,-59.94,56.45,-9.34,-0.87
2024/01/01 16:13:14.50,166.50,-31.84,-57.12,-59.92,56.55,-9.44,-0.86
2024/01/01 16:13:14.51,166.51,-31.86,-57.11,-59.90,56.53,-9.53,-0.85
2024/01/01 16:13:14.52,166.52,-31.86,-57.11,-59.90,56.38,-9.58,-0.84
2024/01/01 16:13:14.53,166.53,-31.86,-57.12,-59.91,56.16,-9.60,-0.81
2024/01/01 16:13:14.54,166.54,-31.86,-57.13,-59.90,55.96,-9.62,-0.80
2024/01/01 16:13:14.55,166.55,-31.84,-57.14,-59.89,55.83,-9.61,-0.85
2024/01/01 16:13:14.56,166.56,-31.82,-57.15,-59.89,55.76,-9.54,-0.93
2024/01/01 16:13:14.57,166.57,-31.80,-57.15,-59.89,55.71,-9.43,-0.99
2024/01/01 16:13:14.58,166.58,-31.81,-57.16,-59.88,55.65,-9.34,-0.95
2024/01/01 16:13:14.59,166.59,-31.83,-57.15,-59.87,55.59,-9.29,-0.92
2024/01/01 16:13:14.60,166.60,-31.85,-57.14,-59.87,55.56,-9.29,-0.96
2024/01/01 16:13:14.61,166.61,-31.86,-57.14,-59.88,55.60,-9.34,-1.00
2024/01/01 16:13:14.62,166.62,-31.87,-57.15,-59.90,55.72,-9.47,-0.93
2024/01/01 16:13:14.63,166.63,-31.87,-57.20,-59.91,55.91,-9.65,-0.85
2024/01/01 16:13:14.64,166.64,-31.86,-57.25,-59.91,56.13,-9.81,-0.85
2024/01/01 16:13:14.65,166.65,-31.85,-57.27,-59.89,56.35,-9.87,-0.88
2024/01/01 16:13:14.66,166.66,-31.85,-57.28,-59.87,56.52,-9.80,-0.88
2024/01/01 16:13:14.67,166.67,-31.83,-57.29,-59.87,56.56,-9.70,-0.86
2024/01/01 16:13:14.68,166.68,-31.80,-57.29,-59.87,56.52,-9.63,-0.83
2024/01/01 16:13:14.69,166.69,-31.77,-57.28,-59.86,56.43,-9.60,-0.79
2024/01/01 16:13:14.70,166.70,-31.75,-57.27,-59.84,56.34,-9.60,-0.77
2024/01/01 16:13:14.71,166.71,-31.75,-57.27,-59.82,56.28,-9.67,-0.83
2024/01/01 16:13:14.72,166.72,-31.74,-57.26,-59.80,56.25,-9.78,-0.90
2024/01/01 16:13:14.73,166.73,-31.72,-57.26,-59.79,56.24,-9.87,-0.88
2024/01/01 16:13:14.74,166.74,-31.70,-57.26,-59.78,56.21,-9.88,-0.82
2024/01/01 16:13:14.75,166.75,-31.70,-57.27,-59.78,56.16,-9.85,-0.78
2024/01/01 16:13:14.76,166.76,-31.71,-57.28,-59.77,56.09,-9.80,-0.74
2024/01/01 16:13:14.77,166.77,-31.72,-57.28,-59.76,56.01,-9.74,-0.69
2024/01/01 16:13:14.78,166.78,-31.74,-57.28,-59.75,55.98,-9.73,-0.69
2024/01/01 16:13:14.79,166.79,-31.76,-57.28,-59.75,56.01,-9.75,-0.71
2024/01/01 16:13:14.80,166.80,-31.76,-57.29,-59.74,56.07,-9.77,-0.76
2024/01/01 16:13:14.81,166.81,-31.75,-57.29,-59.74,56.11,-9.75,-0.83
2024/01/01 16:13:14.82,166.82,-31.76,-57.29,-59.74,56.13,-9.69,-0.90
2024/01/01 16:13:14.83,166.83,-31.75,-57.27,-59.74,56.15,-9.59,-0.89
2024/01/01 16:13:14.84,166.84,-31.75,-57.25,-59.73,56.19,-9.50,-0.79
2024/01/01 16:13:14.85,166.85,-31.77,-57.24,-59.72,56.24,-9.45,-0.65
2024/01/01 16:13:14.86,166.86,-31.79,-57.24,-59.71,56.28,-9.44,-0.58
2024/01/01 16:13:14.87,166.87,-31.79,-57.26,-59.70,56.26,-9.46,-0.59
2024/01/01 16:13:14.88,166.88,-31.79,-57.28,-59.70,56.20,-9.51,-0.62
2024/01/01 16:13:14.89,166.89,-31.79,-57.29,-59.70,56.15,-9.58,-0.66
2024/01/01 16:13:14.90,166.90,-31.79,-57.30,-59.71,56.15,-9.66,-0.71
2024/01/01 16:13:14.91,166.91,-31.79,-57.31,-59.72,56.19,-9.75,-0.75
2024/01/01 16:13:14.92,166.92,-31.79,-57.33,-59.73,56.22,-9.80,-0.76
2024/01/01 16:13:14.93,166.93,-31.79,-57.34,-59.73,56.24,-9.79,-0.75
2024/01/01 16:13:14.94,166.94,-31.79,-57.33,-59.73,56.22,-9.75,-0.76
2024/01/01 16:13:14.95,166.95,-31.80,-57.32,-59.74,56.16,-9.73,-0.78
2024/01/01 16:13:14.96,166.96,-31.80,-57.31,-59.75,56.13,-9.75,-0.80
2024/01/01 16:13:14.97,166.97,-31.78,-57.31,-59.76,56.14,-9.80,-0.78
2024/01/01 16:13:14.98,166.98,-31.77,-57.32,-59.76,56.17,-9.85,-0.75
2024/01/01 16:13:14.99,166.99,-31.75,-57.32,-59.76,56.18,-9.87,-0.74
2024/01/01 16:13:15.00,167.00,-31.73,-57.34,-59.77,56.18,-9.87,-0.80
2024/01/01 16:13:15.01,167.01,-31.71,-57.35,-59.80,56.17,-9.84,-0.87
2024/01/01 16:13:15.02,167.02,-31.68,-57.34,-59.83,56.14,-9.81,-0.86
2024/01/01 16:13:15.03,167.03,-31.66,-57.33,-59.85,56.10,-9.78,-0.81
2024/01/01 16:13:15.04,167.04,-31.65,-57.31,-59.86,56.08,-9.75,-0.84
2024/01/01 16:13:15.05,167.05,-31.65,-57.31,-59.88,56.09,-9.67,-0.93
2024/01/01 16:13:15.06,167.06,-31.66,-57.31,-59.90,56.14,-9.57,-0.98
2024/01/01 16:13:15.07,167.07,-31.66,-57.31,-59.92,56.17,-9.50,-1.02
2024/01/01 16:13:15.08,167.08,-31.67,-57.30,-59.92,56.17,-9.46,-1.05
2024/01/01 16:13:15.09,167.09,-31.67,-57.29,-59.93,56.18,-9.44,-1.06
2024/01/01 16:13:15.10,167.10,-31.66,-57.28,-59.94,56.23,-9.48,-1.03
2024/01/01 16:13:15.11,167.11,-31.63,-57.27,-59.95,56.29,-9.58,-0.92
2024/01/01 16:13:15.12,167.12,-31.60,-57.27,-59.95,56.39,-9.65,-0.81
2024/01/01 16:13:15.13,167.13,-31.58,-57.27,-59.96,56.51,-9.67,-0.83
2024/01/01 16:13:15.14,167.14,-31.57,-57.26,-59.97,56.56,-9.69,-0.92
2024/01/01 16:13:15.15,167.15,-31.57,-57.26,-59.98,56.53,-9.71,-0.98
2024/01/01 16:13:15.16,167.16,-31.58,-57.27,-59.98,56.47,-9.72,-1.03
2024/01/01 16:13:15.17,167.17,-31.59,-57.28,-59.98,56.40,-9.68,-1.12
2024/01/01 16:13:15.18,167.18,-31.59,-57.28,-59.97,56.34,-9.60,-1.16
2024/01/01 16:13:15.19,167.19,-31.58,-57.27,-59.96,56.33,-9.51,-1.12
2024/01/01 16:13:15.20,167.20,-31.58,-57.26,-59.94,56.35,-9.44,-0.99
2024/01/01 16:13:15.21,167.21,-31.59,-57.27,-59.92,56.39,-9.41,-0.85
2024/01/01 16:13:15.22,167.22,-31.59,-57.28,-59.90,56.42,-9.45,-0.80
2024/01/01 16:13:15.23,167.23,-31.57,-57.28,-59.88,56.41,-9.57,-0.83
2024/01/01 16:13:15.24,167.24,-31.57,-57.28,-59.87,56.32,-9.73,-0.86
2024/01/01 16:13:15.25,167.25,-31.58,-57.29,-59.88,56.16,-9.92,-0.88
2024/01/01 16:13:15.26,167.26,-31.60,-57.30,-59.89,56.00,-10.07,-0.94
2024/01/01 16:13:15.27,167.27,-31.62,-57.31,-59.91,55.97,-10.13,-0.96
2024/01/01 16:13:15.28,167.28,-31.63,-57.33,-59.93,56.11,-10.05,-0.93
2024/01/01 16:13:15.29,167.29,-31.65,-57.36,-59.94,56.32,-9.88,-0.93
2024/01/01 16:13:15.30,167.30,-31.68,-57.39,-59.95,56.47,-9.70,-0.98
2024/01/01 16:13:15.31,167.31,-31.71,-57.40,-59.96,56.50,-9.56,-1.01
2024/01/01 16:13:15.32,167.32,-31.72,-57.40,-59.98,56.47,-9.47,-0.99
2024/01/01 16:13:15.33,167.33,-31.71,-57.40,-59.98,56.40,-9.42,-0.94
2024/01/01 16:13:15.34,167.34,-31.70,-57.40,-59.97,56.32,-9.46,-0.89
2024/01/01 16:13:15.35,167.35,-31.69,-57.39,-59.97,56.26,-9.54,-0.95
2024/01/01 16:13:15.36,167.36,-31.69,-57.39,-59.98,56.23,-9.64,-1.07
2024/01/01 16:13:15.37,167.37,-31.68,-57.39,-59.99,56.18,-9.75,-1.10
2024/01/01 16:13:15.38,167.38,-31.68,-57.39,-60.01,56.09,-9.90,-1.05
2024/01/01 16:13:15.39,167.39,-31.70,-57.40,-60.03,56.00,-10.06,-1.05
2024/01/01 16:13:15.40,167.40,-31.73,-57.42,-60.04,55.94,-10.15,-1.07
2024/01/01 16:13:15.41,167.41,-31.76,-57.44,-60.06,55.95,-10.12,-1.05
2024/01/01 16:13:15.42,167.42,-31.78,-57.45,-60.07,56.02,-10.04,-1.00
2024/01/01 16:13:15.43,167.43,-31.79,-57.45,-60.08,56.14,-9.92,-0.99
2024/01/01 16:13:15.44,167.44,-31.81,-57.45,-60.08,56.25,-9.79,-1.03
2024/01/01 16:13:15.45,167.45,-31.83,-57.43,-60.09,56.30,-9.68,-1.06
2024/01/01 16:13:15.46,167.46,-31.85,-57.42,-60.09,56.29,-9.62,-1.06
2024/01/01 16:13:15.47,167.47,-31.83,-57.42,-60.09,56.23,-9.61,-1.07
2024/01/01 16:13:15.48,167.48,-31.81,-57.43,-60.10,56.16,-9.67,-1.12
2024/01/01 16:13:15.49,167.49,-31.79,-57.43,-60.13,56.11,-9.82,-1.16
2024/01/01 16:13:15.50,167.50,-31.78,-57.42,-60.15,56.07,-10.02,-1.15
2024/01/01 16:13:15.51,167.51,-31.78,-57.41,-60.15,56.01,-10.18,-1.13
2024/01/01 16:13:15.52,167.52,-31.78,-57.39,-60.15,55.97,-10.23,-1.14
2024/01/01 16:13:15.53,167.53,-31.76,-57.38,-60.14,55.99,-10.12,-1.16
2024/01/01 16:13:15.54,167.54,-31.74,-57.38,-60.13,56.04,-9.91,-1.18
2024/01/01 16:13:15.55,167.55,-31.73,-57.38,-60.11,56.05,-9.68,-1.14
2024/01/01 16:13:15.56,167.56,-31.74,-57.38,-60.09,56.02,-9.51,-1.07
2024/01/01 16:13:15.57,167.57,-31.76,-57.37,-60.07,55.98,-9.44,-1.05
2024/01/01 16:13:15.58,167.58,-31.78,-57.36,-60.06,55.98,-9.49,-1.05
2024/01/01 16:13:15.59,167.59,-31.79,-57.36,-60.04,56.03,-9.65,-1.03
2024/01/01 16:13:15.60,167.60,-31.79,-57.35,-60.03,56.12,-9.81,-1.02
2024/01/01 16:13:15.61,167.61,-31.78,-57.35,-60.02,56.19,-9.91,-1.04
2024/01/01 16:13:15.62,167.62,-31.76,-57.36,-60.02,56.23,-9.94,-1.02
2024/01/01 16:13:15.63,167.63,-31.73,-57.37,-60.03,56.25,-9.91,-0.96
2024/01/01 16:13:15.64,167.64,-31.70,-57.37,-60.03,56.33,-9.88,-0.92
2024/01/01 16:13:15.65,167.65,-31.68,-57.36,-60.02,56.42,-9.84,-0.93
2024/01/01 16:13:15.66,167.66,-31.67,-57.36,-60.01,56.42,-9.80,-1.00
2024/01/01 16:13:15.67,167.67,-31.66,-57.38,-60.00,56.30,-9.76,-1.09
2024/01/01 16:13:15.68,167.68,-31.65,-57.39,-59.99,56.11,-9.74,-1.13
2024/01/01 16:13:15.69,167.69,-31.63,-57.40,-59.99,55.97,-9.73,-1.10
2024/01/01 16:13:15.70,167.70,-31.62,-57.39,-59.99,55.98,-9.74,-1.02
2024/01/01 16:13:15.71,167.71,-31.60,-57.39,-60.01,56.13,-9.76,-0.95
2024/01/01 16:13:15.72,167.72,-31.60,-57.42,-60.03,56.35,-9.78,-0.92
2024/01/01 16:13:15.73,167.73,-31.59,-57.45,-60.04,56.51,-9.78,-0.97
2024/01/01 16:13:15.74,167.74,-31.58,-57.48,-60.05,56.56,-9.77,-1.03
2024/01/01 16:13:15.75,167.75,-31.57,-57.49,-60.06,56.51,-9.76,-1.10
2024/01/01 16:13:15.76,167.76,-31.57,-57.49,-60.07,56.44,-9.78,-1.17
2024/01/01 16:13:15.77,167.77,-31.55,-57.49,-60.08,56.38,-9.87,-1.20
2024/01/01 16:13:15.78,167.78,-31.52,-57.49,-60.09,56.36,-9.98,-1.14
2024/01/01 16:13:15.79,167.79,-31.50,-57.49,-60.09,56.36,-10.05,-1.09
2024/01/01 16:13:15.80,167.80,-31.48,-57.49,-60.09,56.40,-10.07,-1.10
2024/01/01 16:13:15.81,167.81,-31.46,-57.49,-60.09,56.46,-10.02,-1.11
2024/01/01 16:13:15.82,167.82,-31.45,-57.50,-60.10,56.52,-9.98,-1.10
2024/01/01 16:13:15.83,167.83,-31.45,-57.52,-60.12,56.56,-9.95,-1.12
2024/01/01 16:13:15.84,167.84,-31.44,-57.53,-60.14,56.60,-9.92,-1.17
2024/01/01 16:13:15.85,167.85,-31.44,-57.53,-60.14,56.60,-9.89,-1.21
2024/01/01 16:13:15.86,167.86,-31.43,-57.52,-60.14,56.57,-9.89,-1.24
2024/01/01 16:13:15.87,167.87,-31.42,-57.50,-60.15,56.54,-9.89,-1.27
2024/01/01 16:13:15.88,167.88,-31.41,-57.49,-60.16,56.53,-9.87,-1.28
2024/01/01 16:13:15.89,167.89,-31.39,-57.49,-60.15,56.54,-9.84,-1.23
2024/01/01 16:13:15.90,167.90,-31.38,-57.48,-60.16,56.55,-9.81,-1.15
2024/01/01 16:13:15.91,167.91,-31.37,-57.48,-60.17,56.57,-9.82,-1.15
2024/01/01 16:13:15.92,167.92,-31.38,-57.48,-60.17,56.56,-9.86,-1.20
2024/01/01 16:13:15.93,167.93,-31.39,-57.47,-60.18,56.51,-9.94,-1.23
2024/01/01 16:13:15.94,167.94,-31.40,-57.46,-60.18,56.46,-9.98,-1.21
2024/01/01 16:13:15.95,167.95,-31.40,-57.46,-60.18,56.43,-9.95,-1.19
2024/01/01 16:13:15.96,167.96,-31.40,-57.46,-60.17,56.47,-9.83,-1.17
2024/01/01 16:13:15.97,167.97,-31.40,-57.46,-60.17,56.58,-9.67,-1.16
2024/01/01 16:13:15.98,167.98,-31.40,-57.45,-60.16,56.74,-9.53,-1.15
2024/01/01 16:13:15.99,167.99,-31.41,-57.43,-60.15,56.85,-9.44,-1.15
2024/01/01 16:13:16.00,168.00,-31.43,-57.41,-60.15,56.84,-9.48,-1.16
2024/01/01 16:13:16.01,168.01,-31.43,-57.39,-60.15,56.69,-9.62,-1.16
2024/01/01 16:13:16.02,168.02,-31.43,-57.40,-60.14,56.48,-9.82,-1.13
2024/01/01 16:13:16.03,168.03,-31.44,-57.42,-60.12,56.30,-9.98,-1.09
2024/01/01 16:13:16.04,168.04,-31.44,-57.43,-60.12,56.25,-10.06,-1.11
2024/01/01 16:13:16.05,168.05,-31.44,-57.43,-60.13,56.32,-10.02,-1.16
2024/01/01 16:13:16.06,168.06,-31.44,-57.43,-60.13,56.40,-9.90,-1.17
2024/01/01 16:13:16.07,168.07,-31.46,-57.42,-60.13,56.41,-9.77,-1.15
2024/01/01 16:13:16.08,168.08,-31.49,-57.39,-60.12,56.33,-9.65,-1.17
2024/01/01 16:13:16.09,168.09,-31.50,-57.38,-60.10,56.23,-9.56,-1.22
2024/01/01 16:13:16.10,168.10,-31.50,-57.37,-60.09,56.19,-9.53,-1.21
2024/01/01 16:13:16.11,168.11,-31.49,-57.36,-60.07,56.25,-9.61,-1.12
2024/01/01 16:13:16.12,168.12,-31.48,-57.37,-60.06,56.33,-9.77,-1.06
2024/01/01 16:13:16.13,168.13,-31.47,-57.38,-60.05,56.35,-9.92,-1.07
2024/01/01 16:13:16.14,168.14,-31.47,-57.38,-60.05,56.35,-9.95,-1.06
2024/01/01 16:13:16.15,168.15,-31.46,-57.38,-60.06,56.37,-9.87,-1.05
2024/01/01 16:13:16.16,168.16,-31.45,-57.36,-60.06,56.39,-9.76,-1.07
2024/01/01 16:13:16.17,168.17,-31.45,-57.35,-60.07,56.40,-9.66,-1.08
2024/01/01 16:13:16.18,168.18,-31.46,-57.34,-60.07,56.41,-9.59,-1.08
2024/01/01 16:13:16.19,168.19,-31.46,-57.35,-60.07,56.45,-9.57,-1.06
2024/01/01 16:13:16.20,168.20,-31.45,-57.35,-60.06,56.53,-9.61,-1.06
2024/01/01 16:13:16.21,168.21,-31.43,-57.33,-60.06,56.61,-9.70,-1.09
2024/01/01 16:13:16.22,168.22,-31.41,-57.31,-60.06,56.68,-9.79,-1.11
2024/01/01 16:13:16.23,168.23,-31.39,-57.29,-60.04,56.70,-9.83,-1.12
2024/01/01 16:13:16.24,168.24,-31.37,-57.28,-60.03,56.65,-9.80,-1.12
2024/01/01 16:13:16.25,168.25,-31.35,-57.28,-60.03,56.56,-9.74,-1.11
2024/01/01 16:13:16.26,168.26,-31.34,-57.27,-60.04,56.50,-9.68,-1.08
2024/01/01 16:13:16.27,168.27,-31.33,-57.26,-60.05,56.48,-9.65,-1.05
2024/01/01 16:13:16.28,168.28,-31.34,-57.25,-60.06,56.50,-9.64,-1.05
2024/01/01 16:13:16.29,168.29,-31.35,-57.23,-60.06,56.51,-9.64,-1.08
2024/01/01 16:13:16.30,168.30,-31.34,-57.22,-60.06,56.53,-9.62,-1.09
2024/01/01 16:13:16.31,168.31,-31.33,-57.21,-60.06,56.54,-9.59,-1.11
2024/01/01 16:13:16.32,168.32,-31.33,-57.21,-60.07,56.61,-9.53,-1.15
2024/01/01 16:13:16.33,168.33,-31.31,-57.22,-60.07,56.71,-9.48,-1.14
2024/01/01 16:13:16.34,168.34,-31.30,-57.21,-60.06,56.77,-9.46,-1.10
2024/01/01 16:13:16.35,168.35,-31.29,-57.20,-60.06,56.73,-9.47,-1.06
2024/01/01 16:13:16.36,168.36,-31.29,-57.19,-60.06,56.62,-9.48,-1.03
2024/01/01 16:13:16.37,168.37,-31.29,-57.20,-60.07,56.49,-9.48,-1.02
2024/01/01 16:13:16.38,168.38,-31.29,-57.21,-60.07,56.44,-9.46,-1.06
2024/01/01 16:13:16.39,168.39,-31.28,-57.21,-60.07,56.50,-9.40,-1.13
2024/01/01 16:13:16.40,168.40,-31.27,-57.21,-60.07,56.61,-9.36,-1.17
2024/01/01 16:13:16.41,168.41,-31.27,-57.21,-60.07,56.70,-9.38,-1.17
2024/01/01 16:13:16.42,168.42,-31.27,-57.20,-60.06,56.75,-9.47,-1.13
2024/01/01 16:13:16.43,168.43,-31.26,-57.19,-60.05,56.75,-9.57,-1.09
2024/01/01 16:13:16.44,168.44,-31.26,-57.19,-60.05,56.73,-9.62,-1.07
2024/01/01 16:13:16.45,168.45,-31.25,-57.21,-60.06,56.69,-9.62,-1.04
2024/01/01 16:13:16.46,168.46,-31.26,-57.23,-60.06,56.61,-9.63,-1.01
2024/01/01 16:13:16.47,168.47,-31.26,-57.25,-60.06,56.53,-9.66,-1.05
2024/01/01 16:13:16.48,168.48,-31.26,-57.26,-60.07,56.49,-9.69,-1.15
2024/01/01 16:13:16.49,168.49,-31.27,-57.26,-60.06,56.53,-9.70,-1.21
2024/01/01 16:13:16.50,168.50,-31.27,-57.26,-60.06,56.63,-9.72,-1.18
2024/01/01 16:13:16.51,168.51,-31.26,-57.25,-60.07,56.71,-9.73,-1.15
2024/01/01 16:13:16.52,168.52,-31.25,-57.25,-60.09,56.75,-9.71,-1.12
2024/01/01 16:13:16.53,168.53,-31.25,-57.24,-60.11,56.78,-9.66,-1.10
2024/01/01 16:13:16.54,168.54,-31.25,-57.24,-60.11,56.80,-9.63,-1.09
2024/01/01 16:13:16.55,168.55,-31.26,-57.24,-60.10,56.81,-9.65,-1.12
2024/01/01 16:13:16.56,168.56,-31.27,-57.24,-60.11,56.84,-9.70,-1.21
2024/01/01 16:13:16.57,168.57,-31.27,-57.25,-60.12,56.84,-9.74,-1.28
2024/01/01 16:13:16.58,168.58,-31.27,-57.25,-60.13,56.78,-9.69,-1.22
2024/01/01 16:13:16.59,168.59,-31.25,-57.24,-60.13,56.68,-9.57,-1.06
2024/01/01 16:13:16.60,168.60,-31.23,-57.22,-60.12,56.60,-9.44,-0.96
2024/01/01 16:13:16.61,168.61,-31.21,-57.21,-60.11,56.57,-9.33,-1.01
2024/01/01 16:13:16.62,168.62,-31.20,-57.19,-60.11,56.60,-9.25,-1.12
2024/01/01 16:13:16.63,168.63,-31.21,-57.19,-60.11,56.62,-9.24,-1.21
2024/01/01 16:13:16.64,168.64,-31.23,-57.19,-60.12,56.59,-9.31,-1.28
2024/01/01 16:13:16.65,168.65,-31.24,-57.19,-60.13,56.50,-9.43,-1.31
2024/01/01 16:13:16.66,168.66,-31.24,-57.19,-60.13,56.39,-9.55,-1.27
2024/01/01 16:13:16.67,168.67,-31.24,-57.19,-60.13,56.36,-9.63,-1.18
2024/01/01 16:13:16.68,168.68,-31.24,-57.18,-60.12,56.49,-9.67,-1.11
2024/01/01 16:13:16.69,168.69,-31.24,-57.17,-60.12,56.72,-9.64,-1.09
2024/01/01 16:13:16.70,168.70,-31.24,-57.16,-60.12,56.90,-9.61,-1.12
2024/01/01 16:13:16.71,168.71,-31.26,-57.16,-60.12,56.96,-9.58,-1.12
2024/01/01 16:13:16.72,168.72,-31.28,-57.17,-60.12,56.84,-9.55,-1.13
2024/01/01 16:13:16.73,168.73,-31.29,-57.17,-60.13,56.62,-9.50,-1.20
2024/01/01 16:13:16.74,168.74,-31.29,-57.17,-60.13,56.44,-9.48,-1.26
2024/01/01 16:13:16.75,168.75,-31.29,-57.16,-60.14,56.40,-9.49,-1.24
2024/01/01 16:13:16.76,168.76,-31.29,-57.16,-60.14,56.50,-9.53,-1.20
2024/01/01 16:13:16.77,168.77,-31.30,-57.14,-60.15,56.64,-9.56,-1.19
2024/01/01 16:13:16.78,168.78,-31.30,-57.12,-60.16,56.76,-9.55,-1.17
2024/01/01 16:13:16.79,168.79,-31.30,-57.10,-60.16,56.81,-9.51,-1.13
2024/01/01 16:13:16.80,168.80,-31.28,-57.10,-60.16,56.80,-9.48,-1.10
2024/01/01 16:13:16.81,168.81,-31.26,-57.10,-60.17,56.74,-9.44,-1.13
2024/01/01 16:13:16.82,168.82,-31.24,-57.11,-60.18,56.64,-9.37,-1.22
2024/01/01 16:13:16.83,168.83,-31.24,-57.10,-60.19,56.53,-9.31,-1.29
2024/01/01 16:13:16.84,168.84,-31.26,-57.09,-60.20,56.42,-9.28,-1.30
2024/01/01 16:13:16.85,168.85,-31.29,-57.08,-60.22,56.33,-9.28,-1.29
2024/01/01 16:13:16.86,168.86,-31.31,-57.09,-60.23,56.27,-9.30,-1.32
2024/01/01 16:13:16.87,168.87,-31.32,-57.10,-60.24,56.27,-9.30,-1.33
2024/01/01 16:13:16.88,168.88,-31.33,-57.11,-60.26,56.32,-9.33,-1.28
2024/01/01 16:13:16.89,168.89,-31.34,-57.10,-60.26,56.43,-9.36,-1.23
2024/01/01 16:13:16.90,168.90,-31.37,-57.10,-60.26,56.56,-9.38,-1.24
2024/01/01 16:13:16.91,168.91,-31.39,-57.11,-60.26,56.67,-9.41,-1.28
2024/01/01 16:13:16.92,168.92,-31.41,-57.13,-60.26,56.71,-9.48,-1.32
2024/01/01 16:13:16.93,168.93,-31.42,-57.14,-60.26,56.67,-9.55,-1.33
2024/01/01 16:13:16.94,168.94,-31.43,-57.15,-60.26,56.55,-9.60,-1.33
2024/01/01 16:13:16.95,168.95,-31.43,-57.15,-60.26,56.41,-9.65,-1.33
2024/01/01 16:13:16.96,168.96,-31.43,-57.15,-60.26,56.35,-9.72,-1.32
2024/01/01 16:13:16.97,168.97,-31.42,-57.15,-60.27,56.38,-9.75,-1.27
2024/01/01 16:13:16.98,168.98,-31.41,-57.16,-60.29,56.43,-9.70,-1.22
2024/01/01 16:13:16.99,168.99,-31.42,-57.18,-60.29,56.43,-9.62,-1.20
2024/01/01 16:13:17.00,169.00,-31.44,-57.19,-60.29,56.39,-9.55,-1.27
2024/01/01 16:13:17.01,169.01,-31.44,-57.20,-60.29,56.32,-9.50,-1.37
2024/01/01 16:13:17.02,169.02,-31.44,-57.20,-60.29,56.29,-9.45,-1.39
2024/01/01 16:13:17.03,169.03,-31.45,-57.18,-60.29,56.32,-9.43,-1.35
2024/01/01 16:13:17.04,169.04,-31.47,-57.17,-60.29,56.36,-9.45,-1.33
2024/01/01 16:13:17.05,169.05,-31.49,-57.17,-60.30,56.40,-9.49,-1.33
2024/01/01 16:13:17.06,169.06,-31.50,-57.16,-60.29,56.43,-9.52,-1.34
2024/01/01 16:13:17.07,169.07,-31.49,-57.15,-60.29,56.43,-9.55,-1.30
2024/01/01 16:13:17.08,169.08,-31.47,-57.14,-60.28,56.42,-9.61,-1.23
2024/01/01 16:13:17.09,169.09,-31.46,-57.15,-60.28,56.40,-9.67,-1.21
2024/01/01 16:13:17.10,169.10,-31.45,-57.16,-60.27,56.41,-9.67,-1.23
2024/01/01 16:13:17.11,169.11,-31.46,-57.18,-60.26,56.42,-9.62,-1.26
2024/01/01 16:13:17.12,169.12,-31.47,-57.20,-60.25,56.43,-9.55,-1.30
2024/01/01 16:13:17.13,169.13,-31.48,-57.22,-60.24,56.43,-9.48,-1.33
2024/01/01 16:13:17.14,169.14,-31.49,-57.23,-60.23,56.39,-9.40,-1.31
2024/01/01 16:13:17.15,169.15,-31.48,-57.23,-60.22,56.33,-9.32,-1.24
2024/01/01 16:13:17.16,169.16,-31.48,-57.21,-60.21,56.29,-9.30,-1.19
2024/01/01 16:13:17.17,169.17,-31.48,-57.20,-60.20,56.32,-9.34,-1.18
2024/01/01 16:13:17.18,169.18,-31.49,-57.20,-60.18,56.39,-9.42,-1.19
2024/01/01 16:13:17.19,169.19,-31.51,-57.20,-60.17,56.44,-9.56,-1.19
2024/01/01 16:13:17.20,169.20,-31.52,-57.21,-60.16,56.42,-9.75,-1.21
2024/01/01 16:13:17.21,169.21,-31.54,-57.22,-60.16,56.35,-9.92,-1.25
2024/01/01 16:13:17.22,169.22,-31.55,-57.24,-60.15,56.27,-10.02,-1.24
2024/01/01 16:13:17.23,169.23,-31.56,-57.25,-60.15,56.26,-10.04,-1.17
2024/01/01 16:13:17.24,169.24,-31.57,-57.26,-60.14,56.36,-9.96,-1.12
2024/01/01 16:13:17.25,169.25,-31.58,-57.26,-60.13,56.50,-9.79,-1.13
2024/01/01 16:13:17.26,169.26,-31.58,-57.24,-60.12,56.54,-9.59,-1.14
2024/01/01 16:13:17.27,169.27,-31.59,-57.22,-60.11,56.44,-9.46,-1.11
2024/01/01 16:13:17.28,169.28,-31.60,-57.21,-60.10,56.28,-9.45,-1.09
2024/01/01 16:13:17.29,169.29,-31.61,-57.19,-60.09,56.14,-9.50,-1.08
2024/01/01 16:13:17.30,169.30,-31.61,-57.17,-60.09,56.09,-9.56,-1.06
2024/01/01 16:13:17.31,169.31,-31.61,-57.15,-60.08,56.14,-9.63,-1.06
2024/01/01 16:13:17.32,169.32,-31.62,-57.12,-60.08,56.24,-9.68,-1.08
2024/01/01 16:13:17.33,169.33,-31.64,-57.10,-60.09,56.30,-9.67,-1.11
2024/01/01 16:13:17.34,169.34,-31.66,-57.09,-60.10,56.29,-9.63,-1.14
2024/01/01 16:13:17.35,169.35,-31.69,-57.08,-60.10,56.25,-9.55,-1.13
2024/01/01 16:13:17.36,169.36,-31.70,-57.08,-60.10,56.22,-9.44,-1.11
2024/01/01 16:13:17.37,169.37,-31.71,-57.08,-60.11,56.17,-9.34,-1.13
2024/01/01 16:13:17.38,169.38,-31.71,-57.07,-60.11,56.08,-9.26,-1.12
2024/01/01 16:13:17.39,169.39,-31.72,-57.07,-60.11,56.00,-9.19,-1.07
2024/01/01 16:13:17.40,169.40,-31.72,-57.08,-60.11,55.98,-9.14,-1.05
2024/01/01 16:13:17.41,169.41,-31.72,-57.09,-60.11,56.01,-9.12,-1.10
2024/01/01 16:13:17.42,169.42,-31.71,-57.10,-60.11,56.07,-9.13,-1.13
2024/01/01 16:13:17.43,169.43,-31.72,-57.10,-60.11,56.15,-9.20,-1.13
2024/01/01 16:13:17.44,169.44,-31.72,-57.10,-60.12,56.20,-9.33,-1.14
2024/01/01 16:13:17.45,169.45,-31.74,-57.09,-60.12,56.19,-9.49,-1.15
2024/01/01 16:13:17.46,169.46,-31.77,-57.08,-60.11,56.14,-9.63,-1.14
2024/01/01 16:13:17.47,169.47,-31.78,-57.08,-60.11,56.09,-9.72,-1.13
2024/01/01 16:13:17.48,169.48,-31.79,-57.09,-60.11,56.07,-9.77,-1.12
2024/01/01 16:13:17.49,169.49,-31.78,-57.12,-60.12,56.04,-9.78,-1.09
2024/01/01 16:13:17.50,169.50,-31.78,-57.15,-60.12,56.02,-9.75,-1.06
2024/01/01 16:13:17.51,169.51,-31.76,-57.17,-60.12,56.04,-9.70,-1.03
2024/01/01 16:13:17.52,169.52,-31.74,-57.19,-60.13,56.10,-9.62,-1.05
2024/01/01 16:13:17.53,169.53,-31.73,-57.20,-60.15,56.14,-9.51,-1.10
2024/01/01 16:13:17.54,169.54,-31.73,-57.20,-60.16,56.13,-9.39,-1.14
2024/01/01 16:13:17.55,169.55,-31.74,-57.21,-60.17,56.06,-9.32,-1.19
2024/01/01 16:13:17.56,169.56,-31.76,-57.22,-60.18,55.94,-9.34,-1.27
2024/01/01 16:13:17.57,169.57,-31.77,-57.24,-60.19,55.86,-9.46,-1.32
2024/01/01 16:13:17.58,169.58,-31.78,-57.26,-60.19,55.88,-9.64,-1.25
2024/01/01 16:13:17.59,169.59,-31.79,-57.27,-60.20,55.98,-9.80,-1.13
2024/01/01 16:13:17.60,169.60,-31.79,-57.27,-60.21,56.13,-9.88,-1.11
2024/01/01 16:13:17.61,169.61,-31.78,-57.26,-60.21,56.26,-9.86,-1.16
2024/01/01 16:13:17.62,169.62,-31.78,-57.26,-60.22,56.34,-9.78,-1.19
2024/01/01 16:13:17.63,169.63,-31.79,-57.26,-60.22,56.35,-9.71,-1.19
2024/01/01 16:13:17.64,169.64,-31.79,-57.26,-60.22,56.30,-9.70,-1.20
2024/01/01 16:13:17.65,169.65,-31.79,-57.26,-60.21,56.23,-9.73,-1.20
2024/01/01 16:13:17.66,169.66,-31.80,-57.27,-60.20,56.17,-9.77,-1.21
2024/01/01 16:13:17.67,169.67,-31.81,-57.29,-60.19,56.11,-9.76,-1.21
2024/01/01 16:13:17.68,169.68,-31.84,-57.30,-60.18,56.04,-9.71,-1.18
2024/01/01 16:13:17.69,169.69,-31.86,-57.31,-60.17,55.99,-9.60,-1.17
2024/01/01 16:13:17.70,169.70,-31.89,-57.30,-60.15,55.95,-9.50,-1.16
2024/01/01 16:13:17.71,169.71,-31.91,-57.31,-60.13,55.89,-9.44,-1.12
2024/01/01 16:13:17.72,169.72,-31.92,-57.32,-60.11,55.83,-9.48,-1.08
2024/01/01 16:13:17.73,169.73,-31.92,-57.33,-60.10,55.79,-9.57,-1.05
2024/01/01 16:13:17.74,169.74,-31.93,-57.32,-60.09,55.80,-9.66,-1.01
2024/01/01 16:13:17.75,169.75,-31.94,-57.31,-60.08,55.85,-9.75,-0.97
2024/01/01 16:13:17.76,169.76,-31.95,-57.29,-60.07,55.91,-9.84,-0.98
2024/01/01 16:13:17.77,169.77,-31.97,-57.28,-60.07,55.95,-9.88,-1.08
2024/01/01 16:13:17.78,169.78,-31.98,-57.29,-60.09,55.96,-9.84,-1.19
2024/01/01 16:13:17.79,169.79,-32.00,-57.30,-60.09,55.93,-9.78,-1.18
2024/01/01 16:13:17.80,169.80,-32.02,-57.32,-60.09,55.86,-9.76,-1.10
2024/01/01 16:13:17.81,169.81,-32.03,-57.33,-60.07,55.79,-9.81,-1.08
2024/01/01 16:13:17.82,169.82,-32.04,-57.33,-60.06,55.78,-9.86,-1.08
2024/01/01 16:13:17.83,169.83,-32.02,-57.34,-60.05,55.80,-9.85,-1.03
2024/01/01 16:13:17.84,169.84,-32.00,-57.34,-60.03,55.82,-9.80,-0.94
2024/01/01 16:13:17.85,169.85,-31.99,-57.34,-60.00,55.84,-9.74,-0.91
2024/01/01 16:13:17.86,169.86,-31.97,-57.35,-59.99,55.85,-9.68,-1.00
2024/01/01 16:13:17.87,169.87,-31.97,-57.36,-59.99,55.85,-9.66,-1.08
2024/01/01 16:13:17.88,169.88,-31.97,-57.38,-59.99,55.85,-9.74,-1.04
2024/01/01 16:13:17.89,169.89,-31.98,-57.40,-59.99,55.86,-9.88,-0.93
2024/01/01 16:13:17.90,169.90,-31.98,-57.41,-59.98,55.85,-9.98,-0.91
2024/01/01 16:13:17.91,169.91,-31.97,-57.41,-59.97,55.85,-10.00,-0.96
2024/01/01 16:13:17.92,169.92,-31.97,-57.40,-59.96,55.90,-9.96,-0.94
2024/01/01 16:13:17.93,169.93,-31.97,-57.41,-59.96,55.96,-9.90,-0.90
2024/01/01 16:13:17.94,169.94,-31.96,-57.43,-59.95,56.02,-9.82,-0.87
2024/01/01 16:13:17.95,169.95,-31.96,-57.43,-59.94,56.07,-9.74,-0.85
2024/01/01 16:13:17.96,169.96,-31.95,-57.43,-59.92,56.06,-9.69,-0.86
2024/01/01 16:13:17.97,169.97,-31.94,-57.42,-59.91,56.01,-9.73,-0.90
2024/01/01 16:13:17.98,169.98,-31.93,-57.42,-59.91,55.96,-9.83,-0.93
2024/01/01 16:13:17.99,169.99,-31.93,-57.42,-59.90,55.95,-9.95,-0.92
2024/01/01 16:13:18.00,170.00,-31.93,-57.42,-59.90,56.01,-10.01,-0.91
2024/01/01 16:13:18.01,170.01,-31.92,-57.43,-59.91,56.09,-10.01,-0.89
2024/01/01 16:13:18.02,170.02,-31.91,-57.43,-59.91,56.15,-9.98,-0.89
2024/01/01 16:13:18.03,170.03,-31.90,-57.41,-59.89,56.13,-9.94,-0.92
2024/01/01 16:13:18.04,170.04,-31.89,-57.38,-59.88,56.06,-9.90,-0.92
2024/01/01 16:13:18.05,170.05,-31.89,-57.36,-59.86,55.95,-9.88,-0.90
2024/01/01 16:13:18.06,170.06,-31.89,-57.35,-59.84,55.84,-9.84,-0.88
2024/01/01 16:13:18.07,170.07,-31.89,-57.34,-59.83,55.78,-9.79,-0.84
2024/01/01 16:13:18.08,170.08,-31.90,-57.35,-59.82,55.77,-9.74,-0.79
2024/01/01 16:13:18.09,170.09,-31.90,-57.35,-59.80,55.82,-9.72,-0.76
2024/01/01 16:13:18.10,170.10,-31.91,-57.34,-59.79,55.94,-9.71,-0.76
2024/01/01 16:13:18.11,170.11,-31.91,-57.33,-59.79,56.08,-9.71,-0.77
2024/01/01 16:13:18.12,170.12,-31.91,-57.33,-59.78,56.19,-9.73,-0.80
2024/01/01 16:13:18.13,170.13,-31.91,-57.33,-59.77,56.26,-9.74,-0.80
2024/01/01 16:13:18.14,170.14,-31.91,-57.32,-59.75,56.26,-9.71,-0.78
2024/01/01 16:13:18.15,170.15,-31.90,-57.32,-59.74,56.21,-9.67,-0.76
2024/01/01 16:13:18.16,170.16,-31.89,-57.32,-59.72,56.15,-9.62,-0.77
2024/01/01 16:13:18.17,170.17,-31.88,-57.32,-59.71,56.09,-9.59,-0.74
2024/01/01 16:13:18.18,170.18,-31.87,-57.31,-59.70,56.04,-9.62,-0.65
2024/01/01 16:13:18.19,170.19,-31.87,-57.30,-59.67,55.99,-9.67,-0.60
2024/01/01 16:13:18.20,170.20,-31.86,-57.29,-59.66,55.94,-9.70,-0.62
2024/01/01 16:13:18.21,170.21,-31.86,-57.28,-59.66,55.92,-9.70,-0.66
2024/01/01 16:13:18.22,170.22,-31.86,-57.27,-59.66,55.96,-9.68,-0.67
2024/01/01 16:13:18.23,170.23,-31.86,-57.27,-59.67,56.04,-9.63,-0.66
2024/01/01 16:13:18.24,170.24,-31.85,-57.27,-59.68,56.14,-9.60,-0.69
2024/01/01 16:13:18.25,170.25,-31.84,-57.27,-59.68,56.22,-9.61,-0.74
2024/01/01 16:13:18.26,170.26,-31.84,-57.28,-59.68,56.22,-9.68,-0.73
2024/01/01 16:13:18.27,170.27,-31.84,-57.30,-59.67,56.17,-9.75,-0.69
2024/01/01 16:13:18.28,170.28,-31.84,-57.31,-59.66,56.10,-9.78,-0.66
2024/01/01 16:13:18.29,170.29,-31.84,-57.31,-59.66,56.07,-9.79,-0.64
2024/01/01 16:13:18.30,170.30,-31.84,-57.32,-59.67,56.06,-9.77,-0.61
2024/01/01 16:13:18.31,170.31,-31.85,-57.33,-59.67,56.06,-9.73,-0.61
2024/01/01 16:13:18.32,170.32,-31.86,-57.36,-59.65,56.05,-9.71,-0.62
2024/01/01 16:13:18.33,170.33,-31.87,-57.37,-59.64,56.03,-9.72,-0.65
2024/01/01 16:13:18.34,170.34,-31.87,-57.37,-59.64,56.04,-9.73,-0.70
2024/01/01 16:13:18.35,170.35,-31.88,-57.36,-59.65,56.08,-9.73,-0.71
2024/01/01 16:13:18.36,170.36,-31.88,-57.35,-59.65,56.14,-9.75,-0.65
2024/01/01 16:13:18.37,170.37,-31.88,-57.35,-59.65,56.16,-9.78,-0.62
2024/01/01 16:13:18.38,170.38,-31.89,-57.35,-59.65,56.14,-9.79,-0.64
2024/01/01 16:13:18.39,170.39,-31.89,-57.35,-59.64,56.11,-9.81,-0.63
2024/01/01 16:13:18.40,170.40,-31.89,-57.36,-59.64,56.11,-9.87,-0.62
2024/01/01 16:13:18.41,170.41,-31.90,-57.37,-59.64,56.10,-9.95,-0.64
2024/01/01 16:13:18.42,170.42,-31.90,-57.38,-59.65,56.06,-9.99,-0.66
2024/01/01 16:13:18.43,170.43,-31.91,-57.39,-59.64,56.01,-9.93,-0.66
2024/01/01 16:13:18.44,170.44,-31.91,-57.39,-59.63,55.93,-9.81,-0.63
2024/01/01 16:13:18.45,170.45,-31.91,-57.39,-59.62,55.86,-9.71,-0.62
2024/01/01 16:13:18.46,170.46,-31.91,-57.38,-59.60,55.86,-9.69,-0.62
2024/01/01 16:13:18.47,170.47,-31.90,-57.36,-59.58,55.92,-9.74,-0.62
2024/01/01 16:13:18.48,170.48,-31.90,-57.33,-59.58,56.00,-9.83,-0.59
2024/01/01 16:13:18.49,170.49,-31.91,-57.32,-59.59,56.04,-9.90,-0.57
2024/01/01 16:13:18.50,170.50,-31.91,-57.32,-59.60,56.05,-9.93,-0.60
2024/01/01 16:13:18.51,170.51,-31.90,-57.33,-59.60,56.05,-9.90,-0.62
2024/01/01 16:13:18.52,170.52,-31.90,-57.32,-59.59,56.06,-9.85,-0.63
2024/01/01 16:13:18.53,170.53,-31.90,-57.31,-59.59,56.09,-9.78,-0.65
2024/01/01 16:13:18.54,170.54,-31.89,-57.30,-59.59,56.12,-9.73,-0.65
2024/01/01 16:13:18.55,170.55,-31.88,-57.29,-59.59,56.13,-9.69,-0.61
2024/01/01 16:13:18.56,170.56,-31.87,-57.28,-59.59,56.13,-9.66,-0.54
2024/01/01 16:13:18.57,170.57,-31.87,-57.27,-59.60,56.12,-9.61,-0.51
2024/01/01 16:13:18.58,170.58,-31.87,-57.24,-59.59,56.10,-9.54,-0.52
2024/01/01 16:13:18.59,170.59,-31.88,-57.21,-59.59,56.06,-9.50,-0.57
2024/01/01 16:13:18.60,170.60,-31.87,-57.19,-59.59,56.00,-9.51,-0.60
2024/01/01 16:13:18.61,170.61,-31.85,-57.18,-59.60,55.97,-9.54,-0.62
2024/01/01 16:13:18.62,170.62,-31.83,-57.18,-59.61,56.00,-9.56,-0.63
2024/01/01 16:13:18.63,170.63,-31.81,-57.19,-59.62,56.07,-9.58,-0.63
2024/01/01 16:13:18.64,170.64,-31.80,-57.20,-59.63,56.17,-9.62,-0.66
2024/01/01 16:13:18.65,170.65,-31.80,-57.21,-59.64,56.25,-9.65,-0.68
2024/01/01 16:13:18.66,170.66,-31.80,-57.22,-59.63,56.27,-9.69,-0.66
2024/01/01 16:13:18.67,170.67,-31.79,-57.22,-59.62,56.23,-9.70,-0.61
2024/01/01 16:13:18.68,170.68,-31.77,-57.22,-59.62,56.14,-9.65,-0.60
2024/01/01 16:13:18.69,170.69,-31.75,-57.21,-59.62,56.03,-9.57,-0.59
2024/01/01 16:13:18.70,170.70,-31.75,-57.20,-59.62,55.94,-9.48,-0.57
2024/01/01 16:13:18.71,170.71,-31.76,-57.19,-59.62,55.90,-9.43,-0.61
2024/01/01 16:13:18.72,170.72,-31.76,-57.19,-59.63,55.97,-9.44,-0.69
2024/01/01 16:13:18.73,170.73,-31.76,-57.18,-59.63,56.11,-9.51,-0.74
2024/01/01 16:13:18.74,170.74,-31.75,-57.18,-59.63,56.25,-9.62,-0.73
2024/01/01 16:13:18.75,170.75,-31.74,-57.18,-59.63,56.33,-9.73,-0.69
2024/01/01 16:13:18.76,170.76,-31.74,-57.20,-59.63,56.35,-9.80,-0.62
2024/01/01 16:13:18.77,170.77,-31.74,-57.22,-59.64,56.34,-9.82,-0.57
2024/01/01 16:13:18.78,170.78,-31.74,-57.25,-59.63,56.33,-9.79,-0.55
2024/01/01 16:13:18.79,170.79,-31.74,-57.28,-59.62,56.34,-9.71,-0.57
2024/01/01 16:13:18.80,170.80,-31.74,-57.29,-59.62,56.31,-9.62,-0.65
2024/01/01 16:13:18.81,170.81,-31.74,-57.29,-59.62,56.24,-9.53,-0.74
2024/01/01 16:13:18.82,170.82,-31.74,-57.28,-59.63,56.16,-9.45,-0.76
2024/01/01 16:13:18.83,170.83,-31.74,-57.27,-59.64,56.10,-9.42,-0.71
2024/01/01 16:13:18.84,170.84,-31.72,-57.25,-59.64,56.10,-9.45,-0.65
2024/01/01 16:13:18.85,170.85,-31.71,-57.24,-59.64,56.15,-9.52,-0.63
2024/01/01 16:13:18.86,170.86,-31.70,-57.23,-59.65,56.24,-9.63,-0.65
2024/01/01 16:13:18.87,170.87,-31.72,-57.23,-59.65,56.33,-9.74,-0.69
2024/01/01 16:13:18.88,170.88,-31.74,-57.23,-59.64,56.37,-9.85,-0.70
2024/01/01 16:13:18.89,170.89,-31.75,-57.23,-59.64,56.35,-9.91,-0.69
2024/01/01 16:13:18.90,170.90,-31.75,-57.23,-59.64,56.31,-9.88,-0.68
2024/01/01 16:13:18.91,170.91,-31.75,-57.23,-59.64,56.24,-9.78,-0.63
2024/01/01 16:13:18.92,170.92,-31.76,-57.22,-59.63,56.13,-9.66,-0.50
2024/01/01 16:13:18.93,170.93,-31.78,-57.23,-59.62,56.06,-9.53,-0.45
2024/01/01 16:13:18.94,170.94,-31.79,-57.24,-59.60,56.05,-9.40,-0.55
2024/01/01 16:13:18.95,170.95,-31.80,-57.25,-59.59,56.10,-9.34,-0.67
2024/01/01 16:13:18.96,170.96,-31.80,-57.25,-59.59,56.14,-9.40,-0.70
2024/01/01 16:13:18.97,170.97,-31.80,-57.26,-59.60,56.13,-9.54,-0.66
2024/01/01 16:13:18.98,170.98,-31.82,-57.26,-59.61,56.09,-9.68,-0.60
2024/01/01 16:13:18.99,170.99,-31.84,-57.25,-59.61,56.04,-9.76,-0.56
2024/01/01 16:13:19.00,171.00,-31.84,-57.23,-59.61,56.03,-9.77,-0.56
2024/01/01 16:13:19.01,171.01,-31.85,-57.21,-59.61,56.06,-9.75,-0.58
2024/01/01 16:13:19.02,171.02,-31.86,-57.20,-59.60,56.08,-9.73,-0.59
2024/01/01 16:13:19.03,171.03,-31.87,-57.20,-59.60,56.04,-9.72,-0.65
2024/01/01 16:13:19.04,171.04,-31.86,-57.20,-59.61,55.94,-9.72,-0.70
2024/01/01 16:13:19.05,171.05,-31.85,-57.20,-59.63,55.86,-9.69,-0.69
2024/01/01 16:13:19.06,171.06,-31.82,-57.20,-59.64,55.83,-9.66,-0.64
2024/01/01 16:13:19.07,171.07,-31.80,-57.20,-59.65,55.89,-9.64,-0.60
2024/01/01 16:13:19.08,171.08,-31.78,-57.20,-59.66,56.03,-9.61,-0.62
2024/01/01 16:13:19.09,171.09,-31.76,-57.19,-59.68,56.21,-9.54,-0.65
2024/01/01 16:13:19.10,171.10,-31.76,-57.19,-59.69,56.35,-9.47,-0.68
2024/01/01 16:13:19.11,171.11,-31.76,-57.18,-59.70,56.39,-9.45,-0.71
2024/01/01 16:13:19.12,171.12,-31.76,-57.18,-59.71,56.33,-9.48,-0.77
2024/01/01 16:13:19.13,171.13,-31.75,-57.18,-59.72,56.24,-9.52,-0.83
2024/01/01 16:13:19.14,171.14,-31.73,-57.19,-59.72,56.17,-9.56,-0.81
2024/01/01 16:13:19.15,171.15,-31.72,-57.19,-59.72,56.16,-9.61,-0.71
2024/01/01 16:13:19.16,171.16,-31.71,-57.19,-59.72,56.20,-9.66,-0.61
2024/01/01 16:13:19.17,171.17,-31.70,-57.17,-59.73,56.26,-9.66,-0.58
2024/01/01 16:13:19.18,171.18,-31.69,-57.15,-59.73,56.35,-9.59,-0.64
2024/01/01 16:13:19.19,171.19,-31.68,-57.14,-59.74,56.40,-9.45,-0.75
2024/01/01 16:13:19.20,171.20,-31.68,-57.13,-59.75,56.37,-9.32,-0.83
2024/01/01 16:13:19.21,171.21,-31.68,-57.14,-59.76,56.27,-9.27,-0.88
2024/01/01 16:13:19.22,171.22,-31.68,-57.16,-59.76,56.16,-9.33,-0.89
2024/01/01 16:13:19.23,171.23,-31.67,-57.17,-59.76,56.08,-9.47,-0.83
2024/01/01 16:13:19.24,171.24,-31.68,-57.17,-59.76,56.06,-9.62,-0.73
2024/01/01 16:13:19.25,171.25,-31.69,-57.17,-59.76,56.10,-9.74,-0.67
2024/01/01 16:13:19.26,171.26,-31.69,-57.18,-59.76,56.17,-9.76,-0.69
2024/01/01 16:13:19.27,171.27,-31.68,-57.20,-59.75,56.23,-9.70,-0.74
2024/01/01 16:13:19.28,171.28,-31.69,-57.21,-59.74,56.27,-9.63,-0.76
2024/01/01 16:13:19.29,171.29,-31.70,-57.21,-59.74,56.28,-9.58,-0.77
2024/01/01 16:13:19.30,171.30,-31.72,-57.20,-59.73,56.26,-9.54,-0.76
2024/01/01 16:13:19.31,171.31,-31.72,-57.20,-59.74,56.23,-9.52,-0.71
2024/01/01 16:13:19.32,171.32,-31.72,-57.20,-59.75,56.22,-9.55,-0.68
2024/01/01 16:13:19.33,171.33,-31.70,-57.20,-59.76,56.22,-9.60,-0.71
2024/01/01 16:13:19.34,171.34,-31.68,-57.20,-59.77,56.23,-9.64,-0.77
2024/01/01 16:13:19.35,171.35,-31.68,-57.20,-59.78,56.24,-9.70,-0.84
2024/01/01 16:13:19.36,171.36,-31.69,-57.20,-59.79,56.25,-9.81,-0.87
2024/01/01 16:13:19.37,171.37,-31.69,-57.20,-59.80,56.28,-9.91,-0.87
2024/01/01 16:13:19.38,171.38,-31.68,-57.21,-59.80,56.29,-9.91,-0.85
2024/01/01 16:13:19.39,171.39,-31.66,-57.21,-59.80,56.30,-9.80,-0.82
2024/01/01 16:13:19.40,171.40,-31.64,-57.21,-59.78,56.28,-9.63,-0.78
2024/01/01 16:13:19.41,171.41,-31.64,-57.22,-59.77,56.24,-9.45,-0.76
2024/01/01 16:13:19.42,171.42,-31.64,-57.23,-59.76,56.24,-9.32,-0.78
2024/01/01 16:13:19.43,171.43,-31.63,-57.23,-59.75,56.28,-9.25,-0.79
2024/01/01 16:13:19.44,171.44,-31.62,-57.22,-59.75,56.32,-9.28,-0.76
2024/01/01 16:13:19.45,171.45,-31.62,-57.21,-59.75,56.32,-9.39,-0.77
2024/01/01 16:13:19.46,171.46,-31.62,-57.21,-59.74,56.29,-9.55,-0.81
2024/01/01 16:13:19.47,171.47,-31.63,-57.22,-59.75,56.25,-9.68,-0.80
2024/01/01 16:13:19.48,171.48,-31.64,-57.24,-59.76,56.26,-9.76,-0.75
2024/01/01 16:13:19.49,171.49,-31.65,-57.25,-59.76,56.32,-9.78,-0.71
2024/01/01 16:13:19.50,171.50,-31.65,-57.24,-59.76,56.40,-9.75,-0.70
2024/01/01 16:13:19.51,171.51,-31.66,-57.23,-59.76,56.45,-9.70,-0.72
2024/01/01 16:13:19.52,171.52,-31.66,-57.22,-59.75,56.45,-9.63,-0.78
2024/01/01 16:13:19.53,171.53,-31.66,-57.22,-59.74,56.40,-9.55,-0.81
2024/01/01 16:13:19.54,171.54,-31.65,-57.21,-59.73,56.33,-9.49,-0.78
2024/01/01 16:13:19.55,171.55,-31.65,-57.20,-59.73,56.25,-9.51,-0.74
2024/01/01 16:13:19.56,171.56,-31.65,-57.20,-59.74,56.17,-9.58,-0.73
2024/01/01 16:13:19.57,171.57,-31.66,-57.20,-59.74,56.13,-9.68,-0.73
2024/01/01 16:13:19.58,171.58,-31.66,-57.21,-59.74,56.12,-9.75,-0.76
2024/01/01 16:13:19.59,171.59,-31.66,-57.21,-59.74,56.16,-9.78,-0.80
2024/01/01 16:13:19.60,171.60,-31.66,-57.20,-59.73,56.22,-9.73,-0.81
2024/01/01 16:13:19.61,171.61,-31.65,-57.20,-59.73,56.27,-9.62,-0.78
2024/01/01 16:13:19.62,171.62,-31.65,-57.19,-59.72,56.29,-9.50,-0.75
2024/01/01 16:13:19.63,171.63,-31.65,-57.18,-59.72,56.27,-9.39,-0.70
2024/01/01 16:13:19.64,171.64,-31.65,-57.16,-59.72,56.22,-9.31,-0.65
2024/01/01 16:13:19.65,171.65,-31.65,-57.15,-59.71,56.20,-9.30,-0.66
2024/01/01 16:13:19.66,171.66,-31.65,-57.13,-59.70,56.22,-9.40,-0.72
2024/01/01 16:13:19.67,171.67,-31.65,-57.12,-59.69,56.25,-9.54,-0.78
2024/01/01 16:13:19.68,171.68,-31.64,-57.12,-59.69,56.28,-9.64,-0.82
2024/01/01 16:13:19.69,171.69,-31.64,-57.11,-59.69,56.32,-9.65,-0.80
2024/01/01 16:13:19.70,171.70,-31.65,-57.12,-59.70,56.36,-9.60,-0.71
2024/01/01 16:13:19.71,171.71,-31.65,-57.12,-59.71,56.37,-9.56,-0.62
2024/01/01 16:13:19.72,171.72,-31.66,-57.12,-59.72,56.35,-9.53,-0.60
2024/01/01 16:13:19.73,171.73,-31.66,-57.11,-59.72,56.29,-9.53,-0.62
2024/01/01 16:13:19.74,171.74,-31.67,-57.11,-59.72,56.21,-9.53,-0.67
2024/01/01 16:13:19.75,171.75,-31.67,-57.12,-59.73,56.16,-9.52,-0.73
2024/01/01 16:13:19.76,171.76,-31.67,-57.12,-59.73,56.17,-9.50,-0.79
2024/01/01 16:13:19.77,171.77,-31.67,-57.11,-59.74,56.24,-9.45,-0.82
2024/01/01 16:13:19.78,171.78,-31.67,-57.11,-59.75,56.33,-9.37,-0.83
2024/01/01 16:13:19.79,171.79,-31.66,-57.12,-59.76,56.38,-9.32,-0.83
2024/01/01 16:13:19.80,171.80,-31.64,-57.13,-59.77,56.35,-9.35,-0.79
2024/01/01 16:13:19.81,171.81,-31.64,-57.14,-59.77,56.26,-9.40,-0.74
2024/01/01 16:13:19.82,171.82,-31.63,-57.14,-59.78,56.16,-9.45,-0.77
2024/01/01 16:13:19.83,171.83,-31.62,-57.13,-59.79,56.09,-9.46,-0.86
2024/01/01 16:13:19.84,171.84,-31.62,-57.12,-59.81,56.06,-9.46,-0.90
2024/01/01 16:13:19.85,171.85,-31.63,-57.11,-59.84,56.03,-9.48,-0.87
2024/01/01 16:13:19.86,171.86,-31.63,-57.10,-59.86,56.03,-9.53,-0.89
2024/01/01 16:13:19.87,171.87,-31.65,-57.10,-59.87,56.11,-9.58,-0.96
2024/01/01 16:13:19.88,171.88,-31.67,-57.11,-59.88,56.26,-9.63,-0.99
2024/01/01 16:13:19.89,171.89,-31.68,-57.11,-59.89,56.42,-9.68,-0.97
2024/01/01 16:13:19.90,171.90,-31.69,-57.11,-59.90,56.52,-9.71,-0.94
2024/01/01 16:13:19.91,171.91,-31.69,-57.10,-59.89,56.54,-9.67,-0.89
2024/01/01 16:13:19.92,171.92,-31.69,-57.10,-59.90,56.45,-9.59,-0.83
2024/01/01 16:13:19.93,171.93,-31.69,-57.11,-59.91,56.32,-9.52,-0.82
2024/01/01 16:13:19.94,171.94,-31.69,-57.12,-59.91,56.25,-9.45,-0.84
2024/01/01 16:13:19.95,171.95,-31.68,-57.13,-59.91,56.23,-9.37,-0.86
2024/01/01 16:13:19.96,171.96,-31.67,-57.14,-59.91,56.20,-9.33,-0.90
2024/01/01 16:13:19.97,171.97,-31.65,-57.14,-59.92,56.14,-9.35,-0.95
2024/01/01 16:13:19.98,171.98,-31.64,-57.14,-59.92,56.05,-9.39,-0.97
2024/01/01 16:13:19.99,171.99,-31.64,-57.14,-59.91,55.96,-9.43,-0.95
2024/01/01 16:13:20.00,172.00,-31.64,-57.13,-59.91,55.92,-9.46,-0.94
2024/01/01 16:13:20.01,172.01,-31.66,-57.12,-59.91,56.01,-9.47,-0.97
2024/01/01 16:13:20.02,172.02,-31.67,-57.11,-59.90,56.15,-9.48,-0.97
2024/01/01 16:13:20.03,172.03,-31.69,-57.09,-59.89,56.25,-9.49,-0.95
2024/01/01 16:13:20.04,172.04,-31.69,-57.09,-59.87,56.27,-9.51,-0.93
2024/01/01 16:13:20.05,172.05,-31.70,-57.09,-59.85,56.23,-9.56,-0.89
2024/01/01 16:13:20.06,172.06,-31.70,-57.10,-59.83,56.20,-9.60,-0.84
2024/01/01 16:13:20.07,172.07,-31.69,-57.10,-59.82,56.19,-9.62,-0.80
2024/01/01 16:13:20.08,172.08,-31.69,-57.09,-59.80,56.22,-9.63,-0.77
2024/01/01 16:13:20.09,172.09,-31.69,-57.08,-59.79,56.27,-9.62,-0.77
2024/01/01 16:13:20.10,172.10,-31.70,-57.07,-59.79,56.28,-9.58,-0.75
2024/01/01 16:13:20.11,172.11,-31.70,-57.07,-59.80,56.27,-9.54,-0.72
2024/01/01 16:13:20.12,172.12,-31.70,-57.07,-59.80,56.28,-9.50,-0.73
2024/01/01 16:13:20.13,172.13,-31.71,-57.07,-59.78,56.32,-9.44,-0.76
2024/01/01 16:13:20.14,172.14,-31.72,-57.07,-59.77,56.35,-9.36,-0.80
2024/01/01 16:13:20.15,172.15,-31.72,-57.06,-59.76,56.35,-9.30,-0.84
2024/01/01 16:13:20.16,172.16,-31.71,-57.06,-59.76,56.32,-9.24,-0.84
2024/01/01 16:13:20.17,172.17,-31.70,-57.05,-59.76,56.28,-9.21,-0.78
2024/01/01 16:13:20.18,172.18,-31.68,-57.06,-59.77,56.21,-9.22,-0.72
2024/01/01 16:13:20.19,172.19,-31.68,-57.06,-59.78,56.14,-9.29,-0.71
2024/01/01 16:13:20.20,172.20,-31.69,-57.06,-59.79,56.09,-9.38,-0.74
2024/01/01 16:13:20.21,172.21,-31.71,-57.06,-59.79,56.06,-9.46,-0.77
2024/01/01 16:13:20.22,172.22,-31.72,-57.04,-59.80,56.05,-9.51,-0.82
2024/01/01 16:13:20.23,172.23,-31.72,-57.02,-59.81,56.10,-9.50,-0.89
2024/01/01 16:13:20.24,172.24,-31.70,-57.00,-59.82,56.16,-9.44,-0.93
2024/01/01 16:13:20.25,172.25,-31.69,-57.00,-59.84,56.19,-9.38,-0.89
2024/01/01 16:13:20.26,172.26,-31.69,-57.01,-59.86,56.18,-9.35,-0.79
2024/01/01 16:13:20.27,172.27,-31.70,-57.02,-59.87,56.17,-9.40,-0.76
2024/01/01 16:13:20.28,172.28,-31.72,-57.03,-59.87,56.19,-9.50,-0.82
2024/01/01 16:13:20.29,172.29,-31.73,-57.03,-59.87,56.21,-9.58,-0.91
2024/01/01 16:13:20.30,172.30,-31.75,-57.03,-59.88,56.21,-9.62,-0.95
2024/01/01 16:13:20.31,172.31,-31.75,-57.03,-59.89,56.15,-9.57,-0.96
2024/01/01 16:13:20.32,172.32,-31.75,-57.03,-59.89,56.07,-9.43,-0.95
2024/01/01 16:13:20.33,172.33,-31.75,-57.02,-59.90,56.03,-9.27,-0.91
2024/01/01 16:13:20.34,172.34,-31.76,-57.02,-59.90,56.07,-9.20,-0.85
2024/01/01 16:13:20.35,172.35,-31.77,-57.03,-59.90,56.15,-9.24,-0.81
2024/01/01 16:13:20.36,172.36,-31.77,-57.02,-59.89,56.20,-9.36,-0.81
2024/01/01 16:13:20.37,172.37,-31.77,-57.02,-59.87,56.18,-9.47,-0.85
2024/01/01 16:13:20.38,172.38,-31.76,-57.03,-59.86,56.08,-9.54,-0.90
2024/01/01 16:13:20.39,172.39,-31.75,-57.04,-59.86,55.97,-9.56,-0.92
2024/01/01 16:13:20.40,172.40,-31.75,-57.06,-59.86,55.94,-9.53,-0.89
2024/01/01 16:13:20.41,172.41,-31.75,-57.07,-59.85,56.03,-9.45,-0.84
2024/01/01 16:13:20.42,172.42,-31.78,-57.07,-59.84,56.19,-9.36,-0.77
2024/01/01 16:13:20.43,172.43,-31.81,-57.07,-59.83,56.31,-9.30,-0.76
2024/01/01 16:13:20.44,172.44,-31.84,-57.06,-59.82,56.30,-9.27,-0.79
2024/01/01 16:13:20.45,172.45,-31.84,-57.06,-59.81,56.16,-9.27,-0.81
2024/01/01 16:13:20.46,172.46,-31.83,-57.06,-59.80,55.97,-9.31,-0.79
2024/01/01 16:13:20.47,172.47,-31.81,-57.05,-59.79,55.87,-9.38,-0.75
2024/01/01 16:13:20.48,172.48,-31.80,-57.05,-59.78,55.90,-9.50,-0.74
2024/01/01 16:13:20.49,172.49,-31.80,-57.06,-59.78,56.06,-9.63,-0.76
2024/01/01 16:13:20.50,172.50,-31.81,-57.07,-59.79,56.20,-9.70,-0.80
2024/01/01 16:13:20.51,172.51,-31.82,-57.08,-59.79,56.21,-9.68,-0.82
2024/01/01 16:13:20.52,172.52,-31.83,-57.08,-59.79,56.09,-9.60,-0.84
2024/01/01 16:13:20.53,172.53,-31.83,-57.08,-59.78,55.90,-9.52,-0.85
2024/01/01 16:13:20.54,172.54,-31.83,-57.07,-59.77,55.77,-9.46,-0.82
2024/01/01 16:13:20.55,172.55,-31.82,-57.07,-59.78,55.80,-9.42,-0.76
2024/01/01 16:13:20.56,172.56,-31.80,-57.07,-59.79,55.97,-9.40,-0.69
2024/01/01 16:13:20.57,172.57,-31.79,-57.07,-59.78,56.16,-9.42,-0.68
2024/01/01 16:13:20.58,172.58,-31.78,-57.06,-59.78,56.27,-9.45,-0.75
2024/01/01 16:13:20.59,172.59,-31.78,-57.06,-59.78,56.26,-9.46,-0.86
2024/01/01 16:13:20.60,172.60,-31.78,-57.06,-59.79,56.17,-9.46,-0.91
2024/01/01 16:13:20.61,172.61,-31.79,-57.06,-59.80,56.07,-9.46,-0.87
2024/01/01 16:13:20.62,172.62,-31.80,-57.07,-59.81,56.06,-9.49,-0.79
2024/01/01 16:13:20.63,172.63,-31.79,-57.08,-59.82,56.13,-9.49,-0.74
2024/01/01 16:13:20.64,172.64,-31.78,-57.08,-59.82,56.24,-9.47,-0.76
2024/01/01 16:13:20.65,172.65,-31.77,-57.09,-59.82,56.33,-9.45,-0.79
2024/01/01 16:13:20.66,172.66,-31.77,-57.10,-59.84,56.32,-9.43,-0.81
2024/01/01 16:13:20.67,172.67,-31.76,-57.09,-59.85,56.22,-9.42,-0.83
2024/01/01 16:13:20.68,172.68,-31.75,-57.08,-59.87,56.09,-9.41,-0.88
2024/01/01 16:13:20.69,172.69,-31.74,-57.07,-59.88,56.01,-9.42,-0.93
2024/01/01 16:13:20.70,172.70,-31.74,-57.07,-59.89,56.03,-9.45,-0.95
2024/01/01 16:13:20.71,172.71,-31.73,-57.08,-59.90,56.11,-9.50,-0.95
2024/01/01 16:13:20.72,172.72,-31.72,-57.08,-59.89,56.21,-9.55,-0.97
2024/01/01 16:13:20.73,172.73,-31.72,-57.09,-59.89,56.26,-9.58,-0.98
2024/01/01 16:13:20.74,172.74,-31.73,-57.10,-59.88,56.21,-9.59,-0.94
2024/01/01 16:13:20.75,172.75,-31.74,-57.11,-59.87,56.11,-9.57,-0.87
2024/01/01 16:13:20.76,172.76,-31.74,-57.12,-59.86,56.01,-9.56,-0.83
2024/01/01 16:13:20.77,172.77,-31.75,-57.13,-59.86,55.98,-9.56,-0.83
2024/01/01 16:13:20.78,172.78,-31.75,-57.13,-59.86,56.00,-9.56,-0.84
2024/01/01 16:13:20.79,172.79,-31.76,-57.12,-59.86,56.06,-9.56,-0.85
2024/01/01 16:13:20.80,172.80,-31.77,-57.11,-59.87,56.11,-9.55,-0.86
2024/01/01 16:13:20.81,172.81,-31.78,-57.11,-59.87,56.18,-9.51,-0.89
2024/01/01 16:13:20.82,172.82,-31.78,-57.11,-59.88,56.26,-9.44,-0.89
2024/01/01 16:13:20.83,172.83,-31.78,-57.11,-59.89,56.34,-9.39,-0.86
2024/01/01 16:13:20.84,172.84,-31.76,-57.12,-59.90,56.39,-9.41,-0.83
2024/01/01 16:13:20.85,172.85,-31.74,-57.12,-59.91,56.39,-9.51,-0.83
2024/01/01 16:13:20.86,172.86,-31.72,-57.14,-59.90,56.30,-9.64,-0.84
2024/01/01 16:13:20.87,172.87,-31.71,-57.15,-59.90,56.17,-9.72,-0.87
2024/01/01 16:13:20.88,172.88,-31.72,-57.15,-59.89,56.07,-9.71,-0.93
2024/01/01 16:13:20.89,172.89,-31.73,-57.15,-59.90,56.02,-9.60,-0.99
2024/01/01 16:13:20.90,172.90,-31.74,-57.16,-59.90,55.99,-9.46,-1.02
2024/01/01 16:13:20.91,172.91,-31.75,-57.16,-59.89,55.99,-9.36,-0.99
2024/01/01 16:13:20.92,172.92,-31.76,-57.17,-59.88,56.00,-9.31,-0.91
2024/01/01 16:13:20.93,172.93,-31.78,-57.18,-59.87,56.01,-9.31,-0.82
2024/01/01 16:13:20.94,172.94,-31.79,-57.17,-59.85,56.07,-9.38,-0.76
2024/01/01 16:13:20.95,172.95,-31.80,-57.17,-59.85,56.18,-9.49,-0.75
2024/01/01 16:13:20.96,172.96,-31.80,-57.17,-59.86,56.31,-9.59,-0.80
2024/01/01 16:13:20.97,172.97,-31.80,-57.16,-59.85,56.36,-9.68,-0.84
2024/01/01 16:13:20.98,172.98,-31.81,-57.15,-59.84,56.30,-9.74,-0.83
2024/01/01 16:13:20.99,172.99,-31.80,-57.15,-59.84,56.17,-9.80,-0.84
2024/01/01 16:13:21.00,173.00,-31.80,-57.15,-59.82,56.05,-9.84,-0.88
2024/01/01 16:13:21.01,173.01,-31.80,-57.16,-59.81,55.98,-9.86,-0.86
2024/01/01 16:13:21.02,173.02,-31.81,-57.17,-59.80,55.96,-9.81,-0.82
2024/01/01 16:13:21.03,173.03,-31.82,-57.18,-59.79,55.97,-9.72,-0.82
2024/01/01 16:13:21.04,173.04,-31.84,-57.19,-59.78,55.97,-9.60,-0.80
2024/01/01 16:13:21.05,173.05,-31.85,-57.19,-59.78,55.96,-9.49,-0.75
2024/01/01 16:13:21.06,173.06,-31.87,-57.18,-59.77,55.96,-9.44,-0.69
2024/01/01 16:13:21.07,173.07,-31.88,-57.16,-59.76,56.00,-9.41,-0.68
2024/01/01 16:13:21.08,173.08,-31.90,-57.16,-59.76,56.05,-9.39,-0.72
2024/01/01 16:13:21.09,173.09,-31.91,-57.15,-59.76,56.08,-9.38,-0.78
2024/01/01 16:13:21.10,173.10,-31.91,-57.14,-59.77,56.06,-9.41,-0.82
2024/01/01 16:13:21.11,173.11,-31.90,-57.13,-59.77,56.02,-9.45,-0.83
2024/01/01 16:13:21.12,173.12,-31.89,-57.13,-59.77,55.96,-9.50,-0.83
2024/01/01 16:13:21.13,173.13,-31.88,-57.12,-59.78,55.92,-9.55,-0.80
2024/01/01 16:13:21.14,173.14,-31.87,-57.11,-59.78,55.93,-9.59,-0.76
2024/01/01 16:13:21.15,173.15,-31.87,-57.10,-59.78,55.97,-9.61,-0.72
2024/01/01 16:13:21.16,173.16,-31.87,-57.10,-59.78,56.00,-9.59,-0.71
2024/01/01 16:13:21.17,173.17,-31.86,-57.10,-59.78,56.01,-9.55,-0.76
2024/01/01 16:13:21.18,173.18,-31.87,-57.12,-59.77,56.01,-9.49,-0.80
2024/01/01 16:13:21.19,173.19,-31.87,-57.12,-59.77,56.02,-9.43,-0.79
2024/01/01 16:13:21.20,173.20,-31.87,-57.12,-59.77,56.05,-9.41,-0.77
2024/01/01 16:13:21.21,173.21,-31.87,-57.13,-59.76,56.11,-9.46,-0.78
2024/01/01 16:13:21.22,173.22,-31.86,-57.13,-59.76,56.19,-9.55,-0.79
2024/01/01 16:13:21.23,173.23,-31.85,-57.12,-59.75,56.21,-9.65,-0.77
2024/01/01 16:13:21.24,173.24,-31.83,-57.10,-59.74,56.15,-9.70,-0.76
2024/01/01 16:13:21.25,173.25,-31.83,-57.09,-59.73,56.07,-9.69,-0.75
2024/01/01 16:13:21.26,173.26,-31.83,-57.08,-59.72,56.03,-9.62,-0.73
2024/01/01 16:13:21.27,173.27,-31.84,-57.08,-59.72,56.02,-9.56,-0.73
2024/01/01 16:13:21.28,173.28,-31.84,-57.07,-59.72,56.04,-9.50,-0.73
2024/01/01 16:13:21.29,173.29,-31.83,-57.07,-59.72,56.06,-9.43,-0.68
2024/01/01 16:13:21.30,173.30,-31.82,-57.07,-59.72,56.06,-9.36,-0.64
2024/01/01 16:13:21.31,173.31,-31.82,-57.08,-59.71,56.04,-9.31,-0.67
2024/01/01 16:13:21.32,173.32,-31.82,-57.08,-59.71,56.05,-9.28,-0.71
2024/01/01 16:13:21.33,173.33,-31.83,-57.07,-59.71,56.10,-9.26,-0.73
2024/01/01 16:13:21.34,173.34,-31.83,-57.06,-59.72,56.15,-9.26,-0.73
2024/01/01 16:13:21.35,173.35,-31.82,-57.04,-59.72,56.16,-9.32,-0.71
2024/01/01 16:13:21.36,173.36,-31.81,-57.03,-59.72,56.14,-9.41,-0.66
2024/01/01 16:13:21.37,173.37,-31.79,-57.03,-59.73,56.08,-9.50,-0.64
2024/01/01 16:13:21.38,173.38,-31.78,-57.02,-59.74,56.02,-9.56,-0.66
2024/01/01 16:13:21.39,173.39,-31.77,-57.02,-59.73,56.00,-9.59,-0.68
2024/01/01 16:13:21.40,173.40,-31.77,-57.03,-59.73,56.03,-9.61,-0.71
2024/01/01 16:13:21.41,173.41,-31.76,-57.04,-59.74,56.10,-9.61,-0.75
2024/01/01 16:13:21.42,173.42,-31.74,-57.06,-59.75,56.18,-9.56,-0.81
2024/01/01 16:13:21.43,173.43,-31.73,-57.07,-59.77,56.23,-9.48,-0.82
2024/01/01 16:13:21.44,173.44,-31.71,-57.08,-59.79,56.22,-9.36,-0.77
2024/01/01 16:13:21.45,173.45,-31.70,-57.08,-59.80,56.16,-9.24,-0.73
2024/01/01 16:13:21.46,173.46,-31.70,-57.08,-59.82,56.08,-9.15,-0.75
2024/01/01 16:13:21.47,173.47,-31.70,-57.08,-59.83,56.07,-9.12,-0.79
2024/01/01 16:13:21.48,173.48,-31.71,-57.08,-59.85,56.15,-9.15,-0.87
2024/01/01 16:13:21.49,173.49,-31.70,-57.07,-59.87,56.29,-9.22,-0.96
2024/01/01 16:13:21.50,173.50,-31.69,-57.07,-59.88,56.38,-9.34,-1.00
2024/01/01 16:13:21.51,173.51,-31.68,-57.06,-59.88,56.38,-9.49,-0.98
2024/01/01 16:13:21.52,173.52,-31.66,-57.06,-59.89,56.34,-9.65,-0.95
2024/01/01 16:13:21.53,173.53,-31.65,-57.07,-59.89,56.30,-9.76,-0.93
2024/01/01 16:13:21.54,173.54,-31.64,-57.07,-59.89,56.29,-9.80,-0.89
2024/01/01 16:13:21.55,173.55,-31.63,-57.09,-59.89,56.29,-9.77,-0.85
2024/01/01 16:13:21.56,173.56,-31.63,-57.10,-59.88,56.28,-9.68,-0.84
2024/01/01 16:13:21.57,173.57,-31.63,-57.11,-59.88,56.24,-9.57,-0.91
2024/01/01 16:13:21.58,173.58,-31.64,-57.11,-59.87,56.19,-9.46,-0.98
2024/01/01 16:13:21.59,173.59,-31.64,-57.09,-59.86,56.15,-9.38,-0.95
2024/01/01 16:13:21.60,173.60,-31.66,-57.07,-59.85,56.15,-9.36,-0.87
2024/01/01 16:13:21.61,173.61,-31.66,-57.04,-59.84,56.19,-9.38,-0.83
2024/01/01 16:13:21.62,173.62,-31.66,-57.02,-59.83,56.23,-9.42,-0.83
2024/01/01 16:13:21.63,173.63,-31.66,-57.01,-59.83,56.26,-9.47,-0.83
2024/01/01 16:13:21.64,173.64,-31.65,-57.01,-59.83,56.26,-9.53,-0.83
2024/01/01 16:13:21.65,173.65,-31.65,-57.02,-59.83,56.25,-9.58,-0.85
2024/01/01 16:13:21.66,173.66,-31.64,-57.03,-59.85,56.24,-9.57,-0.89
2024/01/01 16:13:21.67,173.67,-31.64,-57.03,-59.86,56.24,-9.48,-0.92
2024/01/01 16:13:21.68,173.68,-31.64,-57.03,-59.86,56.25,-9.32,-0.92
2024/01/01 16:13:21.69,173.69,-31.64,-57.02,-59.87,56.24,-9.15,-0.91
2024/01/01 16:13:21.70,173.70,-31.63,-56.99,-59.87,56.22,-9.03,-0.91
2024/01/01 16:13:21.71,173.71,-31.63,-56.96,-59.86,56.19,-9.01,-0.89
2024/01/01 16:13:21.72,173.72,-31.63,-56.93,-59.84,56.18,-9.08,-0.85
2024/01/01 16:13:21.73,173.73,-31.62,-56.91,-59.83,56.19,-9.23,-0.85
2024/01/01 16:13:21.74,173.74,-31.60,-56.91,-59.82,56.22,-9.39,-0.88
2024/01/01 16:13:21.75,173.75,-31.59,-56.91,-59.82,56.27,-9.52,-0.89
2024/01/01 16:13:21.76,173.76,-31.57,-56.93,-59.82,56.31,-9.60,-0.86
2024/01/01 16:13:21.77,173.77,-31.56,-56.94,-59.83,56.34,-9.63,-0.84
2024/01/01 16:13:21.78,173.78,-31.56,-56.95,-59.84,56.37,-9.61,-0.83
2024/01/01 16:13:21.79,173.79,-31.56,-56.96,-59.84,56.39,-9.53,-0.81
2024/01/01 16:13:21.80,173.80,-31.55,-56.97,-59.85,56.39,-9.39,-0.81
2024/01/01 16:13:21.81,173.81,-31.54,-56.98,-59.86,56.36,-9.24,-0.82
2024/01/01 16:13:21.82,173.82,-31.52,-57.00,-59.85,56.35,-9.10,-0.84
2024/01/01 16:13:21.83,173.83,-31.51,-57.01,-59.85,56.34,-9.03,-0.88
2024/01/01 16:13:21.84,173.84,-31.50,-57.01,-59.85,56.36,-9.05,-0.93
2024/01/01 16:13:21.85,173.85,-31.49,-57.01,-59.86,56.39,-9.13,-0.94
2024/01/01 16:13:21.86,173.86,-31.47,-57.02,-59.88,56.42,-9.22,-0.91
2024/01/01 16:13:21.87,173.87,-31.45,-57.02,-59.91,56.42,-9.31,-0.88
2024/01/01 16:13:21.88,173.88,-31.44,-57.02,-59.93,56.42,-9.41,-0.91
2024/01/01 16:13:21.89,173.89,-31.43,-57.02,-59.95,56.43,-9.52,-0.95
2024/01/01 16:13:21.90,173.90,-31.42,-57.02,-59.96,56.44,-9.60,-0.97
2024/01/01 16:13:21.91,173.91,-31.40,-57.02,-59.96,56.47,-9.65,-1.01
2024/01/01 16:13:21.92,173.92,-31.38,-57.02,-59.96,56.53,-9.65,-1.05
2024/01/01 16:13:21.93,173.93,-31.35,-57.02,-59.96,56.56,-9.59,-1.06
2024/01/01 16:13:21.94,173.94,-31.33,-57.02,-59.95,56.55,-9.50,-1.01
2024/01/01 16:13:21.95,173.95,-31.31,-57.05,-59.94,56.50,-9.42,-0.94
2024/01/01 16:13:21.96,173.96,-31.30,-57.07,-59.93,56.45,-9.37,-0.92
2024/01/01 16:13:21.97,173.97,-31.29,-57.10,-59.93,56.44,-9.35,-0.94
2024/01/01 16:13:21.98,173.98,-31.29,-57.12,-59.93,56.46,-9.35,-0.94
2024/01/01 16:13:21.99,173.99,-31.29,-57.13,-59.93,56.53,-9.36,-0.95
2024/01/01 16:13:22.00,174.00,-31.28,-57.13,-59.93,56.63,-9.36,-1.00
2024/01/01 16:13:22.01,174.01,-31.27,-57.12,-59.92,56.74,-9.33,-1.04
2024/01/01 16:13:22.02,174.02,-31.27,-57.10,-59.90,56.84,-9.30,-1.01
2024/01/01 16:13:22.03,174.03,-31.26,-57.07,-59.89,56.90,-9.32,-0.96
2024/01/01 16:13:22.04,174.04,-31.25,-57.05,-59.88,56.91,-9.39,-0.92
2024/01/01 16:13:22.05,174.05,-31.25,-57.04,-59.87,56.85,-9.49,-0.89
2024/01/01 16:13:22.06,174.06,-31.24,-57.03,-59.86,56.75,-9.58,-0.86
2024/01/01 16:13:22.07,174.07,-31.24,-57.04,-59.84,56.66,-9.65,-0.81
2024/01/01 16:13:22.08,174.08,-31.24,-57.06,-59.83,56.62,-9.67,-0.79
2024/01/01 16:13:22.09,174.09,-31.24,-57.08,-59.84,56.63,-9.62,-0.80
2024/01/01 16:13:22.10,174.10,-31.23,-57.09,-59.84,56.67,-9.49,-0.84
2024/01/01 16:13:22.11,174.11,-31.23,-57.09,-59.84,56.73,-9.34,-0.86
2024/01/01 16:13:22.12,174.12,-31.23,-57.10,-59.83,56.73,-9.21,-0.88
2024/01/01 16:13:22.13,174.13,-31.24,-57.10,-59.83,56.65,-9.14,-0.92
2024/01/01 16:13:22.14,174.14,-31.26,-57.10,-59.83,56.53,-9.14,-0.94
2024/01/01 16:13:22.15,174.15,-31.28,-57.10,-59.83,56.41,-9.21,-0.91
2024/01/01 16:13:22.16,174.16,-31.28,-57.09,-59.84,56.35,-9.34,-0.86
2024/01/01 16:13:22.17,174.17,-31.28,-57.08,-59.85,56.39,-9.48,-0.84
2024/01/01 16:13:22.18,174.18,-31.27,-57.07,-59.85,56.53,-9.55,-0.85
2024/01/01 16:13:22.19,174.19,-31.26,-57.07,-59.85,56.72,-9.56,-0.88
2024/01/01 16:13:22.20,174.20,-31.26,-57.07,-59.85,56.87,-9.53,-0.89
2024/01/01 16:13:22.21,174.21,-31.27,-57.08,-59.86,56.90,-9.49,-0.89
2024/01/01 16:13:22.22,174.22,-31.28,-57.09,-59.87,56.81,-9.46,-0.92
2024/01/01 16:13:22.23,174.23,-31.29,-57.11,-59.87,56.68,-9.43,-0.95
2024/01/01 16:13:22.24,174.24,-31.31,-57.12,-59.87,56.56,-9.41,-0.95
2024/01/01 16:13:22.25,174.25,-31.32,-57.12,-59.87,56.50,-9.39,-0.92
2024/01/01 16:13:22.26,174.26,-31.33,-57.13,-59.87,56.52,-9.39,-0.92
2024/01/01 16:13:22.27,174.27,-31.34,-57.14,-59.87,56.60,-9.39,-0.94
2024/01/01 16:13:22.28,174.28,-31.35,-57.15,-59.88,56.69,-9.40,-0.96
2024/01/01 16:13:22.29,174.29,-31.35,-57.16,-59.89,56.76,-9.45,-0.95
2024/01/01 16:13:22.30,174.30,-31.35,-57.18,-59.89,56.78,-9.54,-0.95
2024/01/01 16:13:22.31,174.31,-31.37,-57.19,-59.89,56.74,-9.66,-0.94
2024/01/01 16:13:22.32,174.32,-31.39,-57.19,-59.89,56.66,-9.77,-0.92
2024/01/01 16:13:22.33,174.33,-31.40,-57.18,-59.89,56.58,-9.84,-0.92
2024/01/01 16:13:22.34,174.34,-31.41,-57.17,-59.89,56.52,-9.85,-0.92
2024/01/01 16:13:22.35,174.35,-31.41,-57.16,-59.90,56.47,-9.76,-0.90
2024/01/01 16:13:22.36,174.36,-31.41,-57.15,-59.91,56.39,-9.59,-0.90
2024/01/01 16:13:22.37,174.37,-31.40,-57.15,-59.92,56.31,-9.40,-0.92
2024/01/01 16:13:22.38,174.38,-31.39,-57.14,-59.94,56.25,-9.28,-0.96
2024/01/01 16:13:22.39,174.39,-31.39,-57.13,-59.96,56.24,-9.24,-1.01
2024/01/01 16:13:22.40,174.40,-31.39,-57.14,-59.99,56.27,-9.28,-1.08
2024/01/01 16:13:22.41,174.41,-31.40,-57.15,-60.01,56.34,-9.36,-1.12
2024/01/01 16:13:22.42,174.42,-31.39,-57.15,-60.03,56.41,-9.46,-1.10
2024/01/01 16:13:22.43,174.43,-31.38,-57.15,-60.05,56.47,-9.53,-1.06
2024/01/01 16:13:22.44,174.44,-31.37,-57.13,-60.07,56.52,-9.56,-1.06
2024/01/01 16:13:22.45,174.45,-31.37,-57.12,-60.09,56.58,-9.54,-1.10
2024/01/01 16:13:22.46,174.46,-31.36,-57.12,-60.10,56.66,-9.51,-1.12
2024/01/01 16:13:22.47,174.47,-31.34,-57.13,-60.10,56.73,-9.49,-1.13
2024/01/01 16:13:22.48,174.48,-31.31,-57.15,-60.10,56.74,-9.49,-1.14
2024/01/01 16:13:22.49,174.49,-31.28,-57.17,-60.10,56.68,-9.53,-1.15
2024/01/01 16:13:22.50,174.50,-31.26,-57.18,-60.10,56.58,-9.59,-1.12
2024/01/01 16:13:22.51,174.51,-31.25,-57.18,-60.10,56.52,-9.61,-1.09
2024/01/01 16:13:22.52,174.52,-31.25,-57.16,-60.09,56.55,-9.58,-1.09
2024/01/01 16:13:22.53,174.53,-31.25,-57.15,-60.09,56.64,-9.49,-1.12
2024/01/01 16:13:22.54,174.54,-31.24,-57.14,-60.09,56.72,-9.37,-1.15
2024/01/01 16:13:22.55,174.55,-31.24,-57.14,-60.09,56.74,-9.30,-1.17
2024/01/01 16:13:22.56,174.56,-31.25,-57.14,-60.08,56.68,-9.32,-1.18
2024/01/01 16:13:22.57,174.57,-31.25,-57.13,-60.08,56.61,-9.40,-1.16
2024/01/01 16:13:22.58,174.58,-31.26,-57.12,-60.07,56.59,-9.54,-1.10
2024/01/01 16:13:22.59,174.59,-31.27,-57.10,-60.06,56.64,-9.66,-1.04
2024/01/01 16:13:22.60,174.60,-31.29,-57.08,-60.05,56.73,-9.71,-1.01
2024/01/01 16:13:22.61,174.61,-31.31,-57.06,-60.05,56.78,-9.66,-1.02
2024/01/01 16:13:22.62,174.62,-31.33,-57.05,-60.04,56.75,-9.53,-1.04
2024/01/01 16:13:22.63,174.63,-31.34,-57.04,-60.04,56.68,-9.40,-1.03
2024/01/01 16:13:22.64,174.64,-31.35,-57.04,-60.05,56.58,-9.29,-1.05
2024/01/01 16:13:22.65,174.65,-31.34,-57.04,-60.05,56.50,-9.23,-1.08
2024/01/01 16:13:22.66,174.66,-31.34,-57.05,-60.06,56.41,-9.21,-1.09
2024/01/01 16:13:22.67,174.67,-31.34,-57.05,-60.07,56.35,-9.23,-1.12
2024/01/01 16:13:22.68,174.68,-31.35,-57.05,-60.07,56.34,-9.25,-1.15
2024/01/01 16:13:22.69,174.69,-31.36,-57.04,-60.08,56.36,-9.27,-1.17
2024/01/01 16:13:22.70,174.70,-31.38,-57.04,-60.08,56.40,-9.30,-1.15
2024/01/01 16:13:22.71,174.71,-31.41,-57.03,-60.08,56.43,-9.37,-1.10
2024/01/01 16:13:22.72,174.72,-31.43,-57.02,-60.08,56.43,-9.43,-1.05
2024/01/01 16:13:22.73,174.73,-31.43,-57.00,-60.07,56.42,-9.45,-1.04
2024/01/01 16:13:22.74,174.74,-31.43,-56.99,-60.06,56.42,-9.44,-1.05
2024/01/01 16:13:22.75,174.75,-31.43,-56.99,-60.05,56.46,-9.42,-1.04
2024/01/01 16:13:22.76,174.76,-31.43,-57.00,-60.04,56.50,-9.39,-1.02
2024/01/01 16:13:22.77,174.77,-31.43,-57.03,-60.04,56.54,-9.38,-1.05
2024/01/01 16:13:22.78,174.78,-31.43,-57.07,-60.04,56.54,-9.38,-1.08
2024/01/01 16:13:22.79,174.79,-31.44,-57.10,-60.05,56.48,-9.40,-1.09
2024/01/01 16:13:22.80,174.80,-31.44,-57.13,-60.05,56.42,-9.45,-1.07
2024/01/01 16:13:22.81,174.81,-31.45,-57.15,-60.05,56.37,-9.47,-1.05
2024/01/01 16:13:22.82,174.82,-31.45,-57.16,-60.05,56.37,-9.44,-1.04
2024/01/01 16:13:22.83,174.83,-31.45,-57.18,-60.05,56.41,-9.39,-1.08
2024/01/01 16:13:22.84,174.84,-31.47,-57.20,-60.05,56.47,-9.36,-1.11
2024/01/01 16:13:22.85,174.85,-31.48,-57.21,-60.06,56.50,-9.37,-1.12
2024/01/01 16:13:22.86,174.86,-31.48,-57.23,-60.07,56.49,-9.45,-1.12
2024/01/01 16:13:22.87,174.87,-31.47,-57.24,-60.08,56.44,-9.57,-1.10
2024/01/01 16:13:22.88,174.88,-31.48,-57.24,-60.09,56.38,-9.70,-1.07
2024/01/01 16:13:22.89,174.89,-31.48,-57.25,-60.10,56.35,-9.79,-1.08
2024/01/01 16:13:22.90,174.90,-31.49,-57.26,-60.12,56.35,-9.86,-1.14
2024/01/01 16:13:22.91,174.91,-31.48,-57.28,-60.14,56.41,-9.89,-1.22
2024/01/01 16:13:22.92,174.92,-31.47,-57.30,-60.16,56.48,-9.87,-1.26
2024/01/01 16:13:22.93,174.93,-31.46,-57.31,-60.18,56.52,-9.82,-1.25
2024/01/01 16:13:22.94,174.94,-31.47,-57.33,-60.19,56.50,-9.76,-1.23
2024/01/01 16:13:22.95,174.95,-31.48,-57.35,-60.20,56.46,-9.67,-1.24
2024/01/01 16:13:22.96,174.96,-31.50,-57.36,-60.20,56.44,-9.58,-1.25
2024/01/01 16:13:22.97,174.97,-31.52,-57.38,-60.20,56.42,-9.53,-1.24
2024/01/01 16:13:22.98,174.98,-31.55,-57.41,-60.20,56.40,-9.55,-1.23
2024/01/01 16:13:22.99,174.99,-31.57,-57.44,-60.20,56.36,-9.63,-1.23
2024/01/01 16:13:23.00,175.00,-31.58,-57.47,-60.20,56.34,-9.74,-1.21
2024/01/01 16:13:23.01,175.01,-31.59,-57.49,-60.20,56.33,-9.85,-1.19
2024/01/01 16:13:23.02,175.02,-31.60,-57.50,-60.21,56.37,-9.95,-1.19
2024/01/01 16:13:23.03,175.03,-31.61,-57.51,-60.21,56.42,-9.99,-1.19
2024/01/01 16:13:23.04,175.04,-31.63,-57.52,-60.22,56.42,-9.97,-1.20
2024/01/01 16:13:23.05,175.05,-31.65,-57.53,-60.23,56.34,-9.94,-1.25
2024/01/01 16:13:23.06,175.06,-31.66,-57.53,-60.23,56.22,-9.95,-1.27
2024/01/01 16:13:23.07,175.07,-31.67,-57.53,-60.23,56.09,-10.00,-1.24
2024/01/01 16:13:23.08,175.08,-31.68,-57.54,-60.22,56.02,-10.06,-1.23
2024/01/01 16:13:23.09,175.09,-31.68,-57.54,-60.22,56.03,-10.11,-1.27
2024/01/01 16:13:23.10,175.10,-31.67,-57.54,-60.23,56.10,-10.14,-1.30
2024/01/01 16:13:23.11,175.11,-31.66,-57.55,-60.23,56.18,-10.14,-1.27
2024/01/01 16:13:23.12,175.12,-31.65,-57.56,-60.23,56.24,-10.11,-1.24
2024/01/01 16:13:23.13,175.13,-31.65,-57.57,-60.22,56.26,-10.07,-1.24
2024/01/01 16:13:23.14,175.14,-31.66,-57.59,-60.20,56.23,-10.03,-1.26
2024/01/01 16:13:23.15,175.15,-31.66,-57.61,-60.20,56.19,-9.99,-1.26
2024/01/01 16:13:23.16,175.16,-31.66,-57.63,-60.20,56.17,-9.95,-1.22
2024/01/01 16:13:23.17,175.17,-31.65,-57.64,-60.19,56.16,-9.93,-1.16
2024/01/01 16:13:23.18,175.18,-31.66,-57.63,-60.18,56.19,-9.92,-1.12
2024/01/01 16:13:23.19,175.19,-31.66,-57.62,-60.16,56.27,-9.91,-1.12
2024/01/01 16:13:23.20,175.20,-31.66,-57.60,-60.15,56.36,-9.90,-1.12
2024/01/01 16:13:23.21,175.21,-31.66,-57.59,-60.14,56.43,-9.91,-1.13
2024/01/01 16:13:23.22,175.22,-31.65,-57.58,-60.13,56.45,-9.94,-1.13
2024/01/01 16:13:23.23,175.23,-31.65,-57.57,-60.12,56.42,-9.96,-1.12
2024/01/01 16:13:23.24,175.24,-31.66,-57.56,-60.11,56.34,-10.00,-1.13
2024/01/01 16:13:23.25,175.25,-31.66,-57.55,-60.11,56.27,-10.04,-1.11
2024/01/01 16:13:23.26,175.26,-31.66,-57.55,-60.11,56.23,-10.07,-1.08
2024/01/01 16:13:23.27,175.27,-31.66,-57.55,-60.11,56.21,-10.08,-1.08
2024/01/01 16:13:23.28,175.28,-31.65,-57.56,-60.10,56.20,-10.06,-1.10
2024/01/01 16:13:23.29,175.29,-31.65,-57.56,-60.09,56.17,-10.02,-1.12
2024/01/01 16:13:23.30,175.30,-31.64,-57.55,-60.09,56.14,-9.98,-1.12
2024/01/01 16:13:23.31,175.31,-31.65,-57.55,-60.08,56.14,-9.95,-1.11
2024/01/01 16:13:23.32,175.32,-31.66,-57.55,-60.07,56.19,-9.92,-1.09
2024/01/01 16:13:23.33,175.33,-31.68,-57.54,-60.07,56.26,-9.90,-1.09
2024/01/01 16:13:23.34,175.34,-31.68,-57.52,-60.06,56.31,-9.89,-1.10
2024/01/01 16:13:23.35,175.35,-31.68,-57.49,-60.05,56.33,-9.90,-1.10
2024/01/01 16:13:23.36,175.36,-31.67,-57.47,-60.05,56.33,-9.94,-1.06
2024/01/01 16:13:23.37,175.37,-31.66,-57.47,-60.04,56.32,-9.97,-1.03
2024/01/01 16:13:23.38,175.38,-31.64,-57.46,-60.04,56.35,-9.95,-1.02
2024/01/01 16:13:23.39,175.39,-31.63,-57.46,-60.04,56.37,-9.88,-1.00
2024/01/01 16:13:23.40,175.40,-31.63,-57.46,-60.05,56.32,-9.81,-1.01
2024/01/01 16:13:23.41,175.41,-31.65,-57.45,-60.05,56.22,-9.78,-1.05
2024/01/01 16:13:23.42,175.42,-31.68,-57.45,-60.07,56.12,-9.76,-1.06
2024/01/01 16:13:23.43,175.43,-31.70,-57.44,-60.08,56.07,-9.72,-1.04
2024/01/01 16:13:23.44,175.44,-31.71,-57.43,-60.09,56.09,-9.67,-1.02
2024/01/01 16:13:23.45,175.45,-31.71,-57.44,-60.09,56.16,-9.62,-1.04
2024/01/01 16:13:23.46,175.46,-31.70,-57.45,-60.10,56.23,-9.58,-1.09
2024/01/01 16:13:23.47,175.47,-31.70,-57.46,-60.10,56.28,-9.58,-1.14
2024/01/01 16:13:23.48,175.48,-31.70,-57.46,-60.11,56.30,-9.62,-1.13
2024/01/01 16:13:23.49,175.49,-31.71,-57.45,-60.12,56.32,-9.74,-1.11
2024/01/01 16:13:23.50,175.50,-31.71,-57.45,-60.12,56.33,-9.90,-1.12
2024/01/01 16:13:23.51,175.51,-31.70,-57.44,-60.12,56.29,-10.05,-1.15
2024/01/01 16:13:23.52,175.52,-31.69,-57.42,-60.12,56.19,-10.13,-1.16
2024/01/01 16:13:23.53,175.53,-31.68,-57.42,-60.12,56.10,-10.14,-1.17
2024/01/01 16:13:23.54,175.54,-31.67,-57.43,-60.12,56.04,-10.13,-1.17
2024/01/01 16:13:23.55,175.55,-31.67,-57.44,-60.12,56.06,-10.10,-1.15
2024/01/01 16:13:23.56,175.56,-31.68,-57.45,-60.12,56.13,-10.04,-1.13
2024/01/01 16:13:23.57,175.57,-31.69,-57.46,-60.11,56.21,-9.96,-1.13
2024/01/01 16:13:23.58,175.58,-31.70,-57.47,-60.11,56.23,-9.87,-1.12
2024/01/01 16:13:23.59,175.59,-31.70,-57.49,-60.11,56.17,-9.80,-1.11
2024/01/01 16:13:23.60,175.60,-31.69,-57.50,-60.11,56.09,-9.74,-1.10
2024/01/01 16:13:23.61,175.61,-31.68,-57.52,-60.12,56.08,-9.69,-1.07
2024/01/01 16:13:23.62,175.62,-31.68,-57.52,-60.12,56.16,-9.68,-1.05
2024/01/01 16:13:23.63,175.63,-31.67,-57.52,-60.12,56.29,-9.70,-1.07
2024/01/01 16:13:23.64,175.64,-31.68,-57.51,-60.11,56.37,-9.76,-1.11
2024/01/01 16:13:23.65,175.65,-31.68,-57.48,-60.11,56.36,-9.83,-1.15
2024/01/01 16:13:23.66,175.66,-31.68,-57.47,-60.11,56.29,-9.89,-1.19
2024/01/01 16:13:23.67,175.67,-31.68,-57.47,-60.11,56.20,-9.94,-1.15
2024/01/01 16:13:23.68,175.68,-31.68,-57.47,-60.10,56.14,-9.97,-1.04
2024/01/01 16:13:23.69,175.69,-31.69,-57.48,-60.09,56.15,-10.00,-0.96
2024/01/01 16:13:23.70,175.70,-31.69,-57.49,-60.07,56.25,-10.02,-0.97
2024/01/01 16:13:23.71,175.71,-31.69,-57.50,-60.06,56.36,-10.01,-1.03
2024/01/01 16:13:23.72,175.72,-31.69,-57.51,-60.04,56.43,-9.97,-1.06
2024/01/01 16:13:23.73,175.73,-31.69,-57.52,-60.02,56.42,-9.92,-1.05
2024/01/01 16:13:23.74,175.74,-31.68,-57.53,-60.01,56.33,-9.85,-1.03
2024/01/01 16:13:23.75,175.75,-31.69,-57.55,-59.99,56.22,-9.80,-1.04
2024/01/01 16:13:23.76,175.76,-31.69,-57.56,-59.98,56.13,-9.82,-1.03
2024/01/01 16:13:23.77,175.77,-31.69,-57.58,-59.97,56.08,-9.92,-1.00
2024/01/01 16:13:23.78,175.78,-31.69,-57.59,-59.97,56.05,-10.05,-0.95
2024/01/01 16:13:23.79,175.79,-31.70,-57.59,-59.96,56.02,-10.14,-0.91
2024/01/01 16:13:23.80,175.80,-31.70,-57.59,-59.96,56.01,-10.16,-0.92
2024/01/01 16:13:23.81,175.81,-31.70,-57.59,-59.96,56.08,-10.11,-0.97
2024/01/01 16:13:23.82,175.82,-31.71,-57.61,-59.96,56.23,-10.02,-0.99
2024/01/01 16:13:23.83,175.83,-31.71,-57.62,-59.96,56.40,-9.95,-0.99
2024/01/01 16:13:23.84,175.84,-31.70,-57.63,-59.97,56.52,-9.91,-1.00
2024/01/01 16:13:23.85,175.85,-31.68,-57.63,-59.97,56.51,-9.93,-1.02
2024/01/01 16:13:23.86,175.86,-31.66,-57.62,-59.97,56.39,-10.01,-1.01
2024/01/01 16:13:23.87,175.87,-31.64,-57.61,-59.95,56.25,-10.09,-0.99
2024/01/01 16:13:23.88,175.88,-31.64,-57.60,-59.94,56.17,-10.10,-0.98
2024/01/01 16:13:23.89,175.89,-31.63,-57.59,-59.92,56.18,-10.09,-0.98
2024/01/01 16:13:23.90,175.90,-31.62,-57.59,-59.92,56.23,-10.07,-0.98
2024/01/01 16:13:23.91,175.91,-31.60,-57.60,-59.92,56.26,-10.05,-0.96
2024/01/01 16:13:23.92,175.92,-31.60,-57.62,-59.91,56.25,-10.06,-0.92
2024/01/01 16:13:23.93,175.93,-31.62,-57.63,-59.90,56.23,-10.09,-0.87
2024/01/01 16:13:23.94,175.94,-31.65,-57.64,-59.89,56.26,-10.11,-0.84
2024/01/01 16:13:23.95,175.95,-31.68,-57.63,-59.88,56.35,-10.08,-0.83
2024/01/01 16:13:23.96,175.96,-31.70,-57.63,-59.88,56.47,-10.00,-0.85
2024/01/01 16:13:23.97,175.97,-31.71,-57.63,-59.87,56.57,-9.90,-0.88
2024/01/01 16:13:23.98,175.98,-31.71,-57.63,-59.87,56.58,-9.80,-0.92
2024/01/01 16:13:23.99,175.99,-31.72,-57.64,-59.87,56.53,-9.76,-0.92
2024/01/01 16:13:24.00,176.00,-31.71,-57.63,-59.88,56.43,-9.81,-0.87
2024/01/01 16:13:24.01,176.01,-31.71,-57.63,-59.89,56.32,-9.94,-0.79
2024/01/01 16:13:24.02,176.02,-31.71,-57.62,-59.88,56.22,-10.10,-0.75
2024/01/01 16:13:24.03,176.03,-31.72,-57.62,-59.86,56.14,-10.20,-0.79
2024/01/01 16:13:24.04,176.04,-31.73,-57.61,-59.85,56.07,-10.23,-0.90
2024/01/01 16:13:24.05,176.05,-31.75,-57.60,-59.85,56.02,-10.18,-1.00
2024/01/01 16:13:24.06,176.06,-31.76,-57.61,-59.85,55.99,-10.12,-0.99
2024/01/01 16:13:24.07,176.07,-31.76,-57.62,-59.84,55.98,-10.10,-0.91
2024/01/01 16:13:24.08,176.08,-31.76,-57.64,-59.84,55.98,-10.09,-0.86
2024/01/01 16:13:24.09,176.09,-31.76,-57.65,-59.83,55.99,-10.06,-0.83
2024/01/01 16:13:24.10,176.10,-31.77,-57.66,-59.81,56.03,-10.00,-0.77
2024/01/01 16:13:24.11,176.11,-31.78,-57.66,-59.81,56.08,-9.95,-0.76
2024/01/01 16:13:24.12,176.12,-31.78,-57.66,-59.81,56.15,-9.94,-0.80
2024/01/01 16:13:24.13,176.13,-31.78,-57.65,-59.82,56.19,-9.98,-0.84
2024/01/01 16:13:24.14,176.14,-31.78,-57.64,-59.82,56.19,-10.04,-0.85
2024/01/01 16:13:24.15,176.15,-31.77,-57.63,-59.81,56.16,-10.09,-0.85
2024/01/01 16:13:24.16,176.16,-31.76,-57.62,-59.81,56.15,-10.11,-0.87
2024/01/01 16:13:24.17,176.17,-31.75,-57.63,-59.81,56.18,-10.11,-0.87
2024/01/01 16:13:24.18,176.18,-31.75,-57.64,-59.82,56.24,-10.10,-0.82
2024/01/01 16:13:24.19,176.19,-31.75,-57.65,-59.81,56.31,-10.10,-0.75
2024/01/01 16:13:24.20,176.20,-31.75,-57.65,-59.79,56.32,-10.11,-0.73
2024/01/01 16:13:24.21,176.21,-31.74,-57.64,-59.77,56.29,-10.10,-0.74
2024/01/01 16:13:24.22,176.22,-31.72,-57.63,-59.76,56.26,-10.09,-0.76
2024/01/01 16:13:24.23,176.23,-31.71,-57.62,-59.76,56.28,-10.07,-0.78
2024/01/01 16:13:24.24,176.24,-31.70,-57.62,-59.76,56.32,-10.05,-0.79
2024/01/01 16:13:24.25,176.25,-31.70,-57.61,-59.76,56.34,-10.01,-0.78
2024/01/01 16:13:24.26,176.26,-31.70,-57.61,-59.76,56.29,-9.98,-0.77
2024/01/01 16:13:24.27,176.27,-31.69,-57.61,-59.77,56.22,-9.99,-0.80
2024/01/01 16:13:24.28,176.28,-31.67,-57.60,-59.79,56.16,-10.05,-0.81
2024/01/01 16:13:24.29,176.29,-31.65,-57.59,-59.81,56.13,-10.11,-0.79
2024/01/01 16:13:24.30,176.30,-31.64,-57.58,-59.82,56.15,-10.12,-0.80
2024/01/01 16:13:24.31,176.31,-31.63,-57.57,-59.83,56.23,-10.06,-0.84
2024/01/01 16:13:24.32,176.32,-31.64,-57.56,-59.82,56.31,-9.95,-0.88
2024/01/01 16:13:24.33,176.33,-31.64,-57.55,-59.83,56.37,-9.84,-0.91
2024/01/01 16:13:24.34,176.34,-31.64,-57.53,-59.84,56.40,-9.76,-0.91
2024/01/01 16:13:24.35,176.35,-31.63,-57.51,-59.84,56.38,-9.71,-0.87
2024/01/01 16:13:24.36,176.36,-31.63,-57.48,-59.84,56.33,-9.69,-0.82
2024/01/01 16:13:24.37,176.37,-31.62,-57.47,-59.83,56.30,-9.73,-0.82
2024/01/01 16:13:24.38,176.38,-31.61,-57.47,-59.83,56.33,-9.81,-0.86
2024/01/01 16:13:24.39,176.39,-31.61,-57.47,-59.84,56.44,-9.90,-0.90
2024/01/01 16:13:24.40,176.40,-31.60,-57.47,-59.84,56.54,-9.98,-0.90
2024/01/01 16:13:24.41,176.41,-31.61,-57.47,-59.85,56.55,-10.02,-0.90
2024/01/01 16:13:24.42,176.42,-31.62,-57.46,-59.84,56.44,-10.00,-0.90
2024/01/01 16:13:24.43,176.43,-31.62,-57.45,-59.83,56.29,-9.93,-0.87
2024/01/01 16:13:24.44,176.44,-31.63,-57.45,-59.81,56.17,-9.82,-0.81
2024/01/01 16:13:24.45,176.45,-31.64,-57.45,-59.79,56.16,-9.70,-0.78
2024/01/01 16:13:24.46,176.46,-31.66,-57.46,-59.78,56.21,-9.63,-0.79
2024/01/01 16:13:24.47,176.47,-31.66,-57.46,-59.77,56.26,-9.63,-0.83
2024/01/01 16:13:24.48,176.48,-31.66,-57.46,-59.76,56.25,-9.70,-0.86
2024/01/01 16:13:24.49,176.49,-31.65,-57.46,-59.76,56.21,-9.81,-0.83
2024/01/01 16:13:24.50,176.50,-31.64,-57.46,-59.77,56.19,-9.92,-0.75
2024/01/01 16:13:24.51,176.51,-31.62,-57.47,-59.78,56.22,-10.01,-0.71
2024/01/01 16:13:24.52,176.52,-31.62,-57.48,-59.79,56.29,-10.02,-0.71
2024/01/01 16:13:24.53,176.53,-31.62,-57.49,-59.79,56.34,-9.98,-0.76
2024/01/01 16:13:24.54,176.54,-31.62,-57.49,-59.80,56.34,-9.92,-0.85
2024/01/01 16:13:24.55,176.55,-31.62,-57.48,-59.81,56.31,-9.88,-0.94
2024/01/01 16:13:24.56,176.56,-31.62,-57.48,-59.82,56.27,-9.85,-0.97
2024/01/01 16:13:24.57,176.57,-31.62,-57.47,-59.84,56.26,-9.84,-0.92
2024/01/01 16:13:24.58,176.58,-31.61,-57.46,-59.85,56.27,-9.84,-0.87
2024/01/01 16:13:24.59,176.59,-31.60,-57.46,-59.85,56.31,-9.84,-0.83
2024/01/01 16:13:24.60,176.60,-31.59,-57.47,-59.85,56.38,-9.81,-0.82
2024/01/01 16:13:24.61,176.61,-31.57,-57.48,-59.84,56.46,-9.79,-0.83
2024/01/01 16:13:24.62,176.62,-31.55,-57.48,-59.84,56.52,-9.79,-0.87
2024/01/01 16:13:24.63,176.63,-31.54,-57.47,-59.85,56.52,-9.81,-0.90
2024/01/01 16:13:24.64,176.64,-31.53,-57.46,-59.85,56.45,-9.80,-0.89
2024/01/01 16:13:24.65,176.65,-31.52,-57.46,-59.86,56.36,-9.78,-0.86
2024/01/01 16:13:24.66,176.66,-31.51,-57.45,-59.86,56.29,-9.77,-0.83
2024/01/01 16:13:24.67,176.67,-31.51,-57.45,-59.85,56.31,-9.77,-0.83
2024/01/01 16:13:24.68,176.68,-31.51,-57.46,-59.85,56.39,-9.79,-0.85
2024/01/01 16:13:24.69,176.69,-31.52,-57.47,-59.85,56.50,-9.84,-0.89
2024/01/01 16:13:24.70,176.70,-31.52,-57.47,-59.87,56.57,-9.90,-0.93
2024/01/01 16:13:24.71,176.71,-31.51,-57.49,-59.88,56.59,-9.92,-0.92
2024/01/01 16:13:24.72,176.72,-31.51,-57.50,-59.88,56.55,-9.88,-0.87
2024/01/01 16:13:24.73,176.73,-31.50,-57.52,-59.88,56.53,-9.82,-0.86
2024/01/01 16:13:24.74,176.74,-31.49,-57.53,-59.88,56.54,-9.75,-0.88
2024/01/01 16:13:24.75,176.75,-31.49,-57.53,-59.88,56.55,-9.73,-0.90
2024/01/01 16:13:24.76,176.76,-31.49,-57.51,-59.88,56.53,-9.76,-0.90
2024/01/01 16:13:24.77,176.77,-31.51,-57.49,-59.88,56.44,-9.82,-0.90
2024/01/01 16:13:24.78,176.78,-31.54,-57.47,-59.87,56.31,-9.89,-0.93
2024/01/01 16:13:24.79,176.79,-31.55,-57.45,-59.87,56.19,-9.95,-0.98
2024/01/01 16:13:24.80,176.80,-31.56,-57.44,-59.87,56.15,-10.00,-0.98
2024/01/01 16:13:24.81,176.81,-31.57,-57.44,-59.88,56.21,-10.05,-0.91
2024/01/01 16:13:24.82,176.82,-31.56,-57.45,-59.88,56.34,-10.12,-0.84
2024/01/01 16:13:24.83,176.83,-31.56,-57.45,-59.88,56.49,-10.15,-0.81
2024/01/01 16:13:24.84,176.84,-31.57,-57.46,-59.87,56.59,-10.10,-0.82
2024/01/01 16:13:24.85,176.85,-31.58,-57.46,-59.86,56.59,-9.96,-0.86
2024/01/01 16:13:24.86,176.86,-31.59,-57.46,-59.85,56.50,-9.78,-0.92
2024/01/01 16:13:24.87,176.87,-31.59,-57.44,-59.86,56.35,-9.61,-0.95
2024/01/01 16:13:24.88,176.88,-31.60,-57.41,-59.85,56.20,-9.53,-0.91
2024/01/01 16:13:24.89,176.89,-31.61,-57.39,-59.85,56.12,-9.56,-0.85
2024/01/01 16:13:24.90,176.90,-31.62,-57.38,-59.84,56.12,-9.66,-0.84
2024/01/01 16:13:24.91,176.91,-31.63,-57.37,-59.83,56.19,-9.75,-0.84
2024/01/01 16:13:24.92,176.92,-31.64,-57.37,-59.83,56.29,-9.81,-0.85
2024/01/01 16:13:24.93,176.93,-31.64,-57.36,-59.83,56.37,-9.83,-0.85
2024/01/01 16:13:24.94,176.94,-31.65,-57.35,-59.83,56.39,-9.80,-0.84
2024/01/01 16:13:24.95,176.95,-31.66,-57.33,-59.83,56.37,-9.72,-0.80
2024/01/01 16:13:24.96,176.96,-31.67,-57.30,-59.83,56.33,-9.63,-0.77
2024/01/01 16:13:24.97,176.97,-31.68,-57.28,-59.82,56.29,-9.58,-0.76
2024/01/01 16:13:24.98,176.98,-31.69,-57.26,-59.82,56.25,-9.56,-0.78
2024/01/01 16:13:24.99,176.99,-31.70,-57.26,-59.81,56.17,-9.58,-0.83
2024/01/01 16:13:25.00,177.00,-31.70,-57.28,-59.81,56.08,-9.63,-0.87
2024/01/01 16:13:25.01,177.01,-31.70,-57.30,-59.81,56.02,-9.67,-0.89
2024/01/01 16:13:25.02,177.02,-31.69,-57.32,-59.81,56.04,-9.71,-0.87
2024/01/01 16:13:25.03,177.03,-31.68,-57.33,-59.81,56.12,-9.76,-0.81
2024/01/01 16:13:25.04,177.04,-31.66,-57.32,-59.79,56.23,-9.82,-0.76
2024/01/01 16:13:25.05,177.05,-31.64,-57.31,-59.79,56.29,-9.84,-0.77
2024/01/01 16:13:25.06,177.06,-31.62,-57.28,-59.79,56.27,-9.81,-0.82
2024/01/01 16:13:25.07,177.07,-31.62,-57.24,-59.79,56.22,-9.71,-0.85
2024/01/01 16:13:25.08,177.08,-31.62,-57.22,-59.79,56.19,-9.60,-0.84
2024/01/01 16:13:25.09,177.09,-31.61,-57.20,-59.79,56.21,-9.54,-0.84
2024/01/01 16:13:25.10,177.10,-31.61,-57.20,-59.80,56.27,-9.57,-0.87
2024/01/01 16:13:25.11,177.11,-31.61,-57.20,-59.81,56.32,-9.65,-0.87
2024/01/01 16:13:25.12,177.12,-31.60,-57.20,-59.82,56.35,-9.74,-0.81
2024/01/01 16:13:25.13,177.13,-31.60,-57.20,-59.83,56.36,-9.78,-0.74
2024/01/01 16:13:25.14,177.14,-31.58,-57.19,-59.84,56.41,-9.74,-0.74
2024/01/01 16:13:25.15,177.15,-31.56,-57.20,-59.84,56.47,-9.59,-0.78
2024/01/01 16:13:25.16,177.16,-31.55,-57.20,-59.84,56.49,-9.41,-0.83
2024/01/01 16:13:25.17,177.17,-31.54,-57.19,-59.85,56.48,-9.26,-0.89
2024/01/01 16:13:25.18,177.18,-31.54,-57.18,-59.84,56.43,-9.18,-0.94
2024/01/01 16:13:25.19,177.19,-31.54,-57.16,-59.84,56.36,-9.20,-0.94
2024/01/01 16:13:25.20,177.20,-31.54,-57.14,-59.83,56.30,-9.30,-0.88
2024/01/01 16:13:25.21,177.21,-31.54,-57.12,-59.83,56.27,-9.44,-0.82
2024/01/01 16:13:25.22,177.22,-31.54,-57.11,-59.81,56.29,-9.57,-0.77
2024/01/01 16:13:25.23,177.23,-31.55,-57.10,-59.79,56.34,-9.66,-0.76
2024/01/01 16:13:25.24,177.24,-31.55,-57.09,-59.77,56.42,-9.73,-0.78
2024/01/01 16:13:25.25,177.25,-31.55,-57.09,-59.75,56.51,-9.74,-0.79
2024/01/01 16:13:25.26,177.26,-31.54,-57.09,-59.74,56.55,-9.68,-0.78
2024/01/01 16:13:25.27,177.27,-31.54,-57.10,-59.73,56.48,-9.56,-0.76
2024/01/01 16:13:25.28,177.28,-31.53,-57.11,-59.73,56.36,-9.42,-0.75
2024/01/01 16:13:25.29,177.29,-31.53,-57.10,-59.73,56.25,-9.31,-0.75
2024/01/01 16:13:25.30,177.30,-31.52,-57.10,-59.72,56.20,-9.26,-0.76
2024/01/01 16:13:25.31,177.31,-31.52,-57.12,-59.72,56.21,-9.28,-0.78
2024/01/01 16:13:25.32,177.32,-31.53,-57.14,-59.72,56.26,-9.34,-0.79
2024/01/01 16:13:25.33,177.33,-31.53,-57.16,-59.72,56.32,-9.44,-0.78
2024/01/01 16:13:25.34,177.34,-31.53,-57.18,-59.72,56.34,-9.54,-0.76
2024/01/01 16:13:25.35,177.35,-31.53,-57.18,-59.72,56.35,-9.62,-0.73
2024/01/01 16:13:25.36,177.36,-31.53,-57.17,-59.71,56.36,-9.68,-0.71
2024/01/01 16:13:25.37,177.37,-31.53,-57.16,-59.69,56.40,-9.67,-0.72
2024/01/01 16:13:25.38,177.38,-31.52,-57.15,-59.68,56.48,-9.58,-0.73
2024/01/01 16:13:25.39,177.39,-31.52,-57.13,-59.67,56.55,-9.44,-0.72
2024/01/01 16:13:25.40,177.40,-31.52,-57.11,-59.67,56.59,-9.36,-0.71
2024/01/01 16:13:25.41,177.41,-31.54,-57.10,-59.67,56.59,-9.38,-0.72
2024/01/01 16:13:25.42,177.42,-31.55,-57.10,-59.67,56.55,-9.48,-0.73
2024/01/01 16:13:25.43,177.43,-31.56,-57.10,-59.67,56.48,-9.61,-0.70
2024/01/01 16:13:25.44,177.44,-31.57,-57.12,-59.68,56.39,-9.72,-0.67
2024/01/01 16:13:25.45,177.45,-31.57,-57.13,-59.69,56.35,-9.73,-0.67
2024/01/01 16:13:25.46,177.46,-31.57,-57.13,-59.68,56.37,-9.65,-0.69
2024/01/01 16:13:25.47,177.47,-31.58,-57.14,-59.68,56.41,-9.52,-0.72
2024/01/01 16:13:25.48,177.48,-31.58,-57.14,-59.69,56.44,-9.40,-0.75
2024/01/01 16:13:25.49,177.49,-31.57,-57.15,-59.70,56.42,-9.32,-0.75
2024/01/01 16:13:25.50,177.50,-31.56,-57.16,-59.71,56.32,-9.31,-0.71
2024/01/01 16:13:25.51,177.51,-31.57,-57.16,-59.72,56.17,-9.36,-0.69
2024/01/01 16:13:25.52,177.52,-31.58,-57.17,-59.72,56.08,-9.43,-0.72
2024/01/01 16:13:25.53,177.53,-31.59,-57.17,-59.73,56.08,-9.48,-0.81
2024/01/01 16:13:25.54,177.54,-31.60,-57.15,-59.76,56.17,-9.54,-0.90
2024/01/01 16:13:25.55,177.55,-31.61,-57.14,-59.78,56.26,-9.59,-0.92
2024/01/01 16:13:25.56,177.56,-31.61,-57.13,-59.79,56.30,-9.61,-0.88
2024/01/01 16:13:25.57,177.57,-31.62,-57.11,-59.80,56.30,-9.58,-0.84
2024/01/01 16:13:25.58,177.58,-31.62,-57.11,-59.80,56.31,-9.53,-0.83
2024/01/01 16:13:25.59,177.59,-31.63,-57.12,-59.80,56.36,-9.46,-0.79
2024/01/01 16:13:25.60,177.60,-31.64,-57.12,-59.80,56.40,-9.41,-0.76
2024/01/01 16:13:25.61,177.61,-31.64,-57.12,-59.79,56.40,-9.45,-0.77
2024/01/01 16:13:25.62,177.62,-31.63,-57.12,-59.78,56.33,-9.55,-0.83
2024/01/01 16:13:25.63,177.63,-31.63,-57.12,-59.79,56.24,-9.64,-0.87
2024/01/01 16:13:25.64,177.64,-31.61,-57.14,-59.79,56.19,-9.69,-0.86
2024/01/01 16:13:25.65,177.65,-31.61,-57.16,-59.79,56.22,-9.69,-0.83
2024/01/01 16:13:25.66,177.66,-31.61,-57.16,-59.80,56.30,-9.65,-0.81
2024/01/01 16:13:25.67,177.67,-31.61,-57.16,-59.79,56.35,-9.59,-0.82
2024/01/01 16:13:25.68,177.68,-31.61,-57.15,-59.79,56.35,-9.54,-0.83
2024/01/01 16:13:25.69,177.69,-31.59,-57.14,-59.78,56.31,-9.49,-0.80
2024/01/01 16:13:25.70,177.70,-31.57,-57.12,-59.77,56.27,-9.43,-0.76
2024/01/01 16:13:25.71,177.71,-31.56,-57.10,-59.77,56.28,-9.38,-0.75
2024/01/01 16:13:25.72,177.72,-31.56,-57.08,-59.77,56.32,-9.36,-0.76
2024/01/01 16:13:25.73,177.73,-31.58,-57.06,-59.78,56.37,-9.40,-0.78
2024/01/01 16:13:25.74,177.74,-31.60,-57.05,-59.79,56.38,-9.47,-0.77
2024/01/01 16:13:25.75,177.75,-31.61,-57.05,-59.79,56.35,-9.55,-0.77
2024/01/01 16:13:25.76,177.76,-31.61,-57.04,-59.79,56.29,-9.60,-0.80
2024/01/01 16:13:25.77,177.77,-31.59,-57.03,-59.80,56.25,-9.59,-0.84
2024/01/01 16:13:25.78,177.78,-31.57,-57.02,-59.81,56.27,-9.52,-0.86
2024/01/01 16:13:25.79,177.79,-31.56,-57.02,-59.82,56.34,-9.43,-0.84
2024/01/01 16:13:25.80,177.80,-31.57,-57.03,-59.82,56.44,-9.33,-0.82
2024/01/01 16:13:25.81,177.81,-31.57,-57.02,-59.83,56.48,-9.25,-0.83
2024/01/01 16:13:25.82,177.82,-31.59,-57.02,-59.83,56.43,-9.20,-0.86
2024/01/01 16:13:25.83,177.83,-31.60,-57.02,-59.84,56.29,-9.20,-0.87
2024/01/01 16:13:25.84,177.84,-31.62,-57.03,-59.83,56.10,-9.27,-0.85
2024/01/01 16:13:25.85,177.85,-31.62,-57.02,-59.83,55.98,-9.35,-0.83
2024/01/01 16:13:25.86,177.86,-31.62,-57.01,-59.82,56.00,-9.40,-0.80
2024/01/01 16:13:25.87,177.87,-31.61,-57.01,-59.81,56.14,-9.41,-0.80
2024/01/01 16:13:25.88,177.88,-31.60,-57.00,-59.80,56.31,-9.40,-0.83
2024/01/01 16:13:25.89,177.89,-31.60,-57.00,-59.79,56.41,-9.36,-0.84
2024/01/01 16:13:25.90,177.90,-31.61,-57.01,-59.78,56.41,-9.32,-0.83
2024/01/01 16:13:25.91,177.91,-31.63,-57.02,-59.78,56.33,-9.30,-0.83
2024/01/01 16:13:25.92,177.92,-31.65,-57.03,-59.77,56.23,-9.33,-0.81
2024/01/01 16:13:25.93,177.93,-31.66,-57.03,-59.77,56.15,-9.40,-0.77
2024/01/01 16:13:25.94,177.94,-31.68,-57.03,-59.76,56.13,-9.46,-0.74
2024/01/01 16:13:25.95,177.95,-31.68,-57.03,-59.74,56.17,-9.48,-0.72
2024/01/01 16:13:25.96,177.96,-31.67,-57.03,-59.72,56.23,-9.47,-0.72
2024/01/01 16:13:25.97,177.97,-31.65,-57.04,-59.70,56.31,-9.46,-0.72
2024/01/01 16:13:25.98,177.98,-31.63,-57.04,-59.69,56.39,-9.44,-0.75
2024/01/01 16:13:25.99,177.99,-31.62,-57.06,-59.70,56.41,-9.42,-0.77
2024/01/01 16:13:26.00,178.00,-31.62,-57.08,-59.70,56.35,-9.42,-0.76
2024/01/01 16:13:26.01,178.01,-31.63,-57.10,-59.71,56.25,-9.46,-0.74
2024/01/01 16:13:26.02,178.02,-31.64,-57.11,-59.72,56.13,-9.51,-0.74
2024/01/01 16:13:26.03,178.03,-31.65,-57.11,-59.75,56.04,-9.53,-0.76
2024/01/01 16:13:26.04,178.04,-31.66,-57.11,-59.77,56.02,-9.50,-0.75
2024/01/01 16:13:26.05,178.05,-31.65,-57.10,-59.80,56.10,-9.44,-0.71
2024/01/01 16:13:26.06,178.06,-31.65,-57.09,-59.81,56.25,-9.37,-0.73
2024/01/01 16:13:26.07,178.07,-31.65,-57.09,-59.83,56.41,-9.30,-0.81
2024/01/01 16:13:26.08,178.08,-31.66,-57.08,-59.84,56.51,-9.28,-0.91
2024/01/01 16:13:26.09,178.09,-31.66,-57.07,-59.85,56.52,-9.38,-0.95
2024/01/01 16:13:26.10,178.10,-31.66,-57.06,-59.85,56.43,-9.56,-0.93
2024/01/01 16:13:26.11,178.11,-31.65,-57.06,-59.85,56.29,-9.75,-0.91
2024/01/01 16:13:26.12,178.12,-31.64,-57.06,-59.86,56.17,-9.85,-0.86
2024/01/01 16:13:26.13,178.13,-31.63,-57.06,-59.87,56.13,-9.82,-0.80
2024/01/01 16:13:26.14,178.14,-31.63,-57.06,-59.87,56.19,-9.69,-0.75
2024/01/01 16:13:26.15,178.15,-31.63,-57.06,-59.87,56.29,-9.50,-0.78
2024/01/01 16:13:26.16,178.16,-31.64,-57.07,-59.88,56.36,-9.32,-0.87
2024/01/01 16:13:26.17,178.17,-31.64,-57.08,-59.88,56.33,-9.18,-0.95
2024/01/01 16:13:26.18,178.18,-31.64,-57.10,-59.89,56.24,-9.12,-0.95
2024/01/01 16:13:26.19,178.19,-31.64,-57.10,-59.89,56.11,-9.14,-0.92
2024/01/01 16:13:26.20,178.20,-31.64,-57.10,-59.90,56.03,-9.23,-0.91
2024/01/01 16:13:26.21,178.21,-31.65,-57.09,-59.91,56.06,-9.34,-0.91
2024/01/01 16:13:26.22,178.22,-31.67,-57.08,-59.91,56.16,-9.44,-0.89
2024/01/01 16:13:26.23,178.23,-31.68,-57.08,-59.92,56.25,-9.51,-0.89
2024/01/01 16:13:26.24,178.24,-31.69,-57.07,-59.93,56.28,-9.55,-0.92
2024/01/01 16:13:26.25,178.25,-31.70,-57.07,-59.94,56.24,-9.52,-0.94
2024/01/01 16:13:26.26,178.26,-31.71,-57.07,-59.95,56.18,-9.48,-0.92
2024/01/01 16:13:26.27,178.27,-31.71,-57.07,-59.96,56.16,-9.47,-0.91
2024/01/01 16:13:26.28,178.28,-31.71,-57.07,-59.98,56.20,-9.48,-0.92
2024/01/01 16:13:26.29,178.29,-31.70,-57.07,-59.99,56.27,-9.51,-0.94
2024/01/01 16:13:26.30,178.30,-31.70,-57.08,-60.00,56.33,-9.54,-0.98
2024/01/01 16:13:26.31,178.31,-31.71,-57.09,-60.00,56.34,-9.56,-1.02
2024/01/01 16:13:26.32,178.32,-31.72,-57.10,-60.00,56.29,-9.58,-1.07
2024/01/01 16:13:26.33,178.33,-31.73,-57.11,-60.00,56.18,-9.57,-1.06
2024/01/01 16:13:26.34,178.34,-31.73,-57.12,-59.99,56.09,-9.52,-1.01
2024/01/01 16:13:26.35,178.35,-31.74,-57.12,-59.98,56.05,-9.46,-0.94
2024/01/01 16:13:26.36,178.36,-31.74,-57.13,-59.97,56.04,-9.40,-0.92
2024/01/01 16:13:26.37,178.37,-31.75,-57.15,-59.97,56.04,-9.35,-0.94
2024/01/01 16:13:26.38,178.38,-31.74,-57.17,-59.97,56.02,-9.33,-0.97
2024/01/01 16:13:26.39,178.39,-31.74,-57.18,-59.96,55.97,-9.38,-0.98
2024/01/01 16:13:26.40,178.40,-31.74,-57.18,-59.96,55.91,-9.48,-1.00
2024/01/01 16:13:26.41,178.41,-31.75,-57.18,-59.96,55.89,-9.60,-1.04
2024/01/01 16:13:26.42,178.42,-31.76,-57.18,-59.96,55.95,-9.69,-1.05
2024/01/01 16:13:26.43,178.43,-31.77,-57.18,-59.96,56.05,-9.72,-1.00
2024/01/01 16:13:26.44,178.44,-31.78,-57.18,-59.95,56.15,-9.70,-0.95
2024/01/01 16:13:26.45,178.45,-31.80,-57.20,-59.94,56.22,-9.66,-0.95
2024/01/01 16:13:26.46,178.46,-31.80,-57.22,-59.94,56.26,-9.63,-0.93
2024/01/01 16:13:26.47,178.47,-31.79,-57.24,-59.92,56.30,-9.62,-0.86
2024/01/01 16:13:26.48,178.48,-31.78,-57.25,-59.91,56.32,-9.63,-0.80
2024/01/01 16:13:26.49,178.49,-31.77,-57.24,-59.90,56.32,-9.62,-0.81
2024/01/01 16:13:26.50,178.50,-31.76,-57.24,-59.88,56.27,-9.60,-0.87
2024/01/01 16:13:26.51,178.51,-31.75,-57.23,-59.88,56.20,-9.59,-0.94
2024/01/01 16:13:26.52,178.52,-31.73,-57.23,-59.89,56.11,-9.60,-0.97
2024/01/01 16:13:26.53,178.53,-31.72,-57.22,-59.90,56.04,-9.61,-0.96
2024/01/01 16:13:26.54,178.54,-31.71,-57.20,-59.90,56.02,-9.63,-0.95
2024/01/01 16:13:26.55,178.55,-31.71,-57.18,-59.90,56.07,-9.66,-0.94
2024/01/01 16:13:26.56,178.56,-31.71,-57.17,-59.90,56.16,-9.65,-0.92
2024/01/01 16:13:26.57,178.57,-31.70,-57.16,-59.89,56.22,-9.62,-0.89
2024/01/01 16:13:26.58,178.58,-31.70,-57.16,-59.89,56.22,-9.57,-0.84
2024/01/01 16:13:26.59,178.59,-31.70,-57.15,-59.88,56.17,-9.52,-0.83
2024/01/01 16:13:26.60,178.60,-31.70,-57.15,-59.89,56.12,-9.48,-0.87
2024/01/01 16:13:26.61,178.61,-31.70,-57.15,-59.90,56.11,-9.47,-0.89
2024/01/01 16:13:26.62,178.62,-31.71,-57.16,-59.91,56.16,-9.48,-0.89
2024/01/01 16:13:26.63,178.63,-31.72,-57.16,-59.91,56.24,-9.50,-0.92
2024/01/01 16:13:26.64,178.64,-31.74,-57.16,-59.92,56.30,-9.53,-0.98
2024/01/01 16:13:26.65,178.65,-31.75,-57.16,-59.93,56.29,-9.54,-1.02
2024/01/01 16:13:26.66,178.66,-31.76,-57.18,-59.95,56.22,-9.56,-1.01
2024/01/01 16:13:26.67,178.67,-31.76,-57.19,-59.96,56.16,-9.57,-0.95
2024/01/01 16:13:26.68,178.68,-31.75,-57.19,-59.96,56.15,-9.56,-0.90
2024/01/01 16:13:26.69,178.69,-31.75,-57.18,-59.97,56.19,-9.54,-0.88
2024/01/01 16:13:26.70,178.70,-31.76,-57.15,-59.96,56.25,-9.53,-0.89
2024/01/01 16:13:26.71,178.71,-31.76,-57.13,-59.96,56.29,-9.52,-0.93
2024/01/01 16:13:26.72,178.72,-31.77,-57.12,-59.97,56.27,-9.51,-0.96
2024/01/01 16:13:26.73,178.73,-31.78,-57.13,-59.97,56.18,-9.48,-0.98
2024/01/01 16:13:26.74,178.74,-31.79,-57.14,-59.99,56.05,-9.48,-0.99
2024/01/01 16:13:26.75,178.75,-31.79,-57.15,-59.99,55.94,-9.52,-1.01
2024/01/01 16:13:26.76,178.76,-31.78,-57.17,-60.00,55.90,-9.60,-1.02
2024/01/01 16:13:26.77,178.77,-31.78,-57.18,-60.01,55.95,-9.69,-1.03
2024/01/01 16:13:26.78,178.78,-31.77,-57.19,-60.01,56.06,-9.75,-1.04
2024/01/01 16:13:26.79,178.79,-31.78,-57.20,-60.01,56.15,-9.74,-1.04
2024/01/01 16:13:26.80,178.80,-31.78,-57.21,-60.01,56.16,-9.65,-1.04
2024/01/01 16:13:26.81,178.81,-31.79,-57.21,-60.02,56.10,-9.53,-1.05
2024/01/01 16:13:26.82,178.82,-31.80,-57.21,-60.02,56.02,-9.43,-1.07
2024/01/01 16:13:26.83,178.83,-31.82,-57.20,-60.01,55.96,-9.41,-1.05
2024/01/01 16:13:26.84,178.84,-31.83,-57.19,-59.99,55.94,-9.45,-1.02
2024/01/01 16:13:26.85,178.85,-31.84,-57.18,-59.97,55.98,-9.56,-1.02
2024/01/01 16:13:26.86,178.86,-31.83,-57.18,-59.95,56.07,-9.65,-1.02
2024/01/01 16:13:26.87,178.87,-31.81,-57.18,-59.94,56.16,-9.70,-0.97
2024/01/01 16:13:26.88,178.88,-31.79,-57.18,-59.94,56.22,-9.72,-0.90
2024/01/01 16:13:26.89,178.89,-31.79,-57.18,-59.93,56.25,-9.71,-0.85
2024/01/01 16:13:26.90,178.90,-31.79,-57.17,-59.92,56.23,-9.67,-0.85
2024/01/01 16:13:26.91,178.91,-31.80,-57.16,-59.91,56.16,-9.63,-0.92
2024/01/01 16:13:26.92,178.92,-31.80,-57.16,-59.91,56.07,-9.59,-0.98
2024/01/01 16:13:26.93,178.93,-31.80,-57.17,-59.91,55.99,-9.55,-0.97
2024/01/01 16:13:26.94,178.94,-31.80,-57.17,-59.91,55.94,-9.53,-0.93
2024/01/01 16:13:26.95,178.95,-31.79,-57.18,-59.91,55.95,-9.54,-0.91
2024/01/01 16:13:26.96,178.96,-31.78,-57.19,-59.91,56.04,-9.56,-0.89
2024/01/01 16:13:26.97,178.97,-31.78,-57.19,-59.90,56.15,-9.58,-0.86
2024/01/01 16:13:26.98,178.98,-31.78,-57.18,-59.89,56.25,-9.61,-0.87
2024/01/01 16:13:26.99,178.99,-31.79,-57.16,-59.88,56.28,-9.62,-0.91
2024/01/01 16:13:27.00,179.00,-31.79,-57.14,-59.88,56.24,-9.59,-0.97
2024/01/01 16:13:27.01,179.01,-31.79,-57.14,-59.89,56.16,-9.55,-0.98
2024/01/01 16:13:27.02,179.02,-31.78,-57.14,-59.90,56.08,-9.50,-0.93
2024/01/01 16:13:27.03,179.03,-31.78,-57.13,-59.90,56.05,-9.45,-0.86
2024/01/01 16:13:27.04,179.04,-31.78,-57.12,-59.89,56.07,-9.44,-0.85
2024/01/01 16:13:27.05,179.05,-31.77,-57.11,-59.89,56.13,-9.47,-0.89
2024/01/01 16:13:27.06,179.06,-31.75,-57.09,-59.89,56.18,-9.54,-0.92
2024/01/01 16:13:27.07,179.07,-31.75,-57.08,-59.89,56.21,-9.61,-0.91
2024/01/01 16:13:27.08,179.08,-31.74,-57.09,-59.88,56.21,-9.64,-0.88
2024/01/01 16:13:27.09,179.09,-31.74,-57.10,-59.88,56.20,-9.63,-0.86
2024/01/01 16:13:27.10,179.10,-31.74,-57.12,-59.89,56.20,-9.58,-0.86
2024/01/01 16:13:27.11,179.11,-31.74,-57.14,-59.89,56.19,-9.51,-0.84
2024/01/01 16:13:27.12,179.12,-31.73,-57.16,-59.90,56.15,-9.42,-0.83
2024/01/01 16:13:27.13,179.13,-31.74,-57.17,-59.89,56.09,-9.33,-0.86
2024/01/01 16:13:27.14,179.14,-31.74,-57.17,-59.89,56.05,-9.27,-0.93
2024/01/01 16:13:27.15,179.15,-31.74,-57.16,-59.90,56.05,-9.25,-0.97
2024/01/01 16:13:27.16,179.16,-31.73,-57.16,-59.92,56.10,-9.30,-0.99
2024/01/01 16:13:27.17,179.17,-31.72,-57.18,-59.93,56.15,-9.43,-0.98
2024/01/01 16:13:27.18,179.18,-31.72,-57.20,-59.93,56.19,-9.61,-0.94
2024/01/01 16:13:27.19,179.19,-31.71,-57.21,-59.93,56.21,-9.75,-0.91
2024/01/01 16:13:27.20,179.20,-31.70,-57.22,-59.92,56.25,-9.84,-0.90
2024/01/01 16:13:27.21,179.21,-31.69,-57.22,-59.92,56.31,-9.87,-0.87
2024/01/01 16:13:27.22,179.22,-31.68,-57.23,-59.92,56.36,-9.84,-0.83
2024/01/01 16:13:27.23,179.23,-31.67,-57.24,-59.92,56.36,-9.74,-0.83
2024/01/01 16:13:27.24,179.24,-31.68,-57.25,-59.91,56.28,-9.61,-0.88
2024/01/01 16:13:27.25,179.25,-31.68,-57.26,-59.91,56.18,-9.52,-0.96
2024/01/01 16:13:27.26,179.26,-31.68,-57.27,-59.92,56.09,-9.53,-1.01
2024/01/01 16:13:27.27,179.27,-31.68,-57.27,-59.91,56.05,-9.62,-0.99
2024/01/01 16:13:27.28,179.28,-31.69,-57.28,-59.91,56.07,-9.74,-0.94
2024/01/01 16:13:27.29,179.29,-31.69,-57.28,-59.90,56.11,-9.81,-0.91
2024/01/01 16:13:27.30,179.30,-31.70,-57.29,-59.90,56.18,-9.81,-0.93
2024/01/01 16:13:27.31,179.31,-31.70,-57.28,-59.91,56.26,-9.77,-0.94
2024/01/01 16:13:27.32,179.32,-31.70,-57.27,-59.92,56.35,-9.74,-0.91
2024/01/01 16:13:27.33,179.33,-31.71,-57.26,-59.92,56.40,-9.73,-0.92
2024/01/01 16:13:27.34,179.34,-31.71,-57.26,-59.93,56.37,-9.74,-0.95
2024/01/01 16:13:27.35,179.35,-31.72,-57.27,-59.93,56.29,-9.73,-0.96
2024/01/01 16:13:27.36,179.36,-31.72,-57.28,-59.94,56.18,-9.69,-0.94
2024/01/01 16:13:27.37,179.37,-31.72,-57.28,-59.94,56.11,-9.61,-0.92
2024/01/01 16:13:27.38,179.38,-31.73,-57.26,-59.93,56.11,-9.53,-0.93
2024/01/01 16:13:27.39,179.39,-31.74,-57.24,-59.92,56.15,-9.48,-0.94
2024/01/01 16:13:27.40,179.40,-31.73,-57.22,-59.92,56.19,-9.46,-0.95
2024/01/01 16:13:27.41,179.41,-31.72,-57.20,-59.93,56.21,-9.48,-0.93
2024/01/01 16:13:27.42,179.42,-31.71,-57.17,-59.93,56.19,-9.55,-0.89
2024/01/01 16:13:27.43,179.43,-31.71,-57.15,-59.93,56.13,-9.65,-0.89
2024/01/01 16:13:27.44,179.44,-31.71,-57.13,-59.92,56.08,-9.73,-0.92
2024/01/01 16:13:27.45,179.45,-31.72,-57.12,-59.91,56.07,-9.75,-0.96
2024/01/01 16:13:27.46,179.46,-31.72,-57.11,-59.91,56.11,-9.72,-0.96
2024/01/01 16:13:27.47,179.47,-31.72,-57.11,-59.91,56.15,-9.66,-0.93
2024/01/01 16:13:27.48,179.48,-31.72,-57.10,-59.91,56.19,-9.59,-0.88
2024/01/01 16:13:27.49,179.49,-31.72,-57.10,-59.90,56.19,-9.51,-0.86
2024/01/01 16:13:27.50,179.50,-31.73,-57.10,-59.88,56.17,-9.40,-0.85
2024/01/01 16:13:27.51,179.51,-31.74,-57.10,-59.88,56.15,-9.29,-0.84
2024/01/01 16:13:27.52,179.52,-31.75,-57.10,-59.87,56.16,-9.23,-0.85
2024/01/01 16:13:27.53,179.53,-31.76,-57.10,-59.87,56.20,-9.22,-0.89
2024/01/01 16:13:27.54,179.54,-31.76,-57.10,-59.88,56.25,-9.24,-0.92
2024/01/01 16:13:27.55,179.55,-31.75,-57.11,-59.88,56.26,-9.30,-0.92
2024/01/01 16:13:27.56,179.56,-31.72,-57.12,-59.89,56.23,-9.39,-0.92
2024/01/01 16:13:27.57,179.57,-31.70,-57.13,-59.90,56.18,-9.49,-0.90
2024/01/01 16:13:27.58,179.58,-31.69,-57.14,-59.90,56.16,-9.57,-0.88
2024/01/01 16:13:27.59,179.59,-31.68,-57.14,-59.91,56.18,-9.61,-0.89
2024/01/01 16:13:27.60,179.60,-31.68,-57.14,-59.91,56.21,-9.61,-0.92
2024/01/01 16:13:27.61,179.61,-31.68,-57.15,-59.90,56.19,-9.58,-0.94
2024/01/01 16:13:27.62,179.62,-31.69,-57.15,-59.91,56.11,-9.54,-0.95
2024/01/01 16:13:27.63,179.63,-31.69,-57.15,-59.91,56.01,-9.53,-0.97
2024/01/01 16:13:27.64,179.64,-31.70,-57.15,-59.92,55.95,-9.54,-0.97
2024/01/01 16:13:27.65,179.65,-31.70,-57.15,-59.93,55.99,-9.57,-0.93
2024/01/01 16:13:27.66,179.66,-31.70,-57.15,-59.93,56.11,-9.61,-0.89
2024/01/01 16:13:27.67,179.67,-31.71,-57.15,-59.92,56.27,-9.64,-0.88
2024/01/01 16:13:27.68,179.68,-31.71,-57.15,-59.92,56.39,-9.66,-0.90
2024/01/01 16:13:27.69,179.69,-31.71,-57.15,-59.92,56.44,-9.66,-0.93
2024/01/01 16:13:27.70,179.70,-31.71,-57.16,-59.92,56.43,-9.66,-0.93
2024/01/01 16:13:27.71,179.71,-31.70,-57.17,-59.93,56.36,-9.63,-0.90
2024/01/01 16:13:27.72,179.72,-31.70,-57.17,-59.94,56.28,-9.58,-0.90
2024/01/01 16:13:27.73,179.73,-31.70,-57.18,-59.94,56.20,-9.52,-0.92
2024/01/01 16:13:27.74,179.74,-31.70,-57.18,-59.94,56.12,-9.49,-0.95
2024/01/01 16:13:27.75,179.75,-31.71,-57.19,-59.94,56.06,-9.50,-0.97
2024/01/01 16:13:27.76,179.76,-31.70,-57.19,-59.94,56.06,-9.50,-0.98
2024/01/01 16:13:27.77,179.77,-31.69,-57.19,-59.94,56.11,-9.48,-0.97
2024/01/01 16:13:27.78,179.78,-31.69,-57.19,-59.94,56.17,-9.45,-0.93
2024/01/01 16:13:27.79,179.79,-31.69,-57.19,-59.93,56.23,-9.45,-0.89
2024/01/01 16:13:27.80,179.80,-31.69,-57.19,-59.93,56.28,-9.48,-0.89
2024/01/01 16:13:27.81,179.81,-31.68,-57.18,-59.93,56.28,-9.53,-0.91
2024/01/01 16:13:27.82,179.82,-31.68,-57.17,-59.93,56.21,-9.62,-0.93
2024/01/01 16:13:27.83,179.83,-31.68,-57.16,-59.93,56.09,-9.74,-0.97
2024/01/01 16:13:27.84,179.84,-31.69,-57.15,-59.93,56.00,-9.81,-1.01
2024/01/01 16:13:27.85,179.85,-31.69,-57.15,-59.93,56.02,-9.82,-1.00
2024/01/01 16:13:27.86,179.86,-31.69,-57.14,-59.93,56.14,-9.77,-0.97
2024/01/01 16:13:27.87,179.87,-31.68,-57.14,-59.93,56.32,-9.68,-0.92
2024/01/01 16:13:27.88,179.88,-31.67,-57.14,-59.93,56.45,-9.58,-0.86
2024/01/01 16:13:27.89,179.89,-31.67,-57.15,-59.92,56.46,-9.49,-0.85
2024/01/01 16:13:27.90,179.90,-31.67,-57.17,-59.92,56.36,-9.42,-0.89
2024/01/01 16:13:27.91,179.91,-31.67,-57.19,-59.91,56.26,-9.38,-0.93
2024/01/01 16:13:27.92,179.92,-31.68,-57.20,-59.91,56.22,-9.36,-0.95
2024/01/01 16:13:27.93,179.93,-31.69,-57.19,-59.91,56.22,-9.35,-0.98
2024/01/01 16:13:27.94,179.94,-31.70,-57.16,-59.92,56.23,-9.36,-1.00
2024/01/01 16:13:27.95,179.95,-31.70,-57.12,-59.93,56.25,-9.38,-1.00
2024/01/01 16:13:27.96,179.96,-31.70,-57.10,-59.94,56.25,-9.41,-0.97
2024/01/01 16:13:27.97,179.97,-31.69,-57.09,-59.94,56.25,-9.47,-0.92
2024/01/01 16:13:27.98,179.98,-31.67,-57.09,-59.94,56.26,-9.56,-0.89
2024/01/01 16:13:27.99,179.99,-31.66,-57.10,-59.94,56.26,-9.66,-0.93
2024/01/01 16:13:28.00,180.00,-31.66,-57.10,-59.93,56.24,-9.73,-0.99
2024/01/01 16:13:28.01,180.01,-31.67,-57.10,-59.92,56.18,-9.77,-1.03
2024/01/01 16:13:28.02,180.02,-31.68,-57.11,-59.92,56.12,-9.75,-1.04
2024/01/01 16:13:28.03,180.03,-31.69,-57.11,-59.93,56.09,-9.64,-1.02
2024/01/01 16:13:28.04,180.04,-31.69,-57.12,-59.94,56.08,-9.47,-0.94
2024/01/01 16:13:28.05,180.05,-31.69,-57.13,-59.94,56.09,-9.33,-0.86
2024/01/01 16:13:28.06,180.06,-31.70,-57.12,-59.93,56.13,-9.27,-0.85
2024/01/01 16:13:28.07,180.07,-31.70,-57.11,-59.92,56.22,-9.28,-0.92
2024/01/01 16:13:28.08,180.08,-31.69,-57.11,-59.92,56.32,-9.35,-0.99
2024/01/01 16:13:28.09,180.09,-31.68,-57.11,-59.92,56.37,-9.46,-1.01
2024/01/01 16:13:28.10,180.10,-31.67,-57.12,-59.92,56.34,-9.58,-0.98
2024/01/01 16:13:28.11,180.11,-31.67,-57.14,-59.91,56.25,-9.67,-0.96
2024/01/01 16:13:28.12,180.12,-31.66,-57.15,-59.91,56.14,-9.71,-0.94
2024/01/01 16:13:28.13,180.13,-31.65,-57.16,-59.92,56.08,-9.70,-0.91
2024/01/01 16:13:28.14,180.14,-31.64,-57.17,-59.93,56.10,-9.65,-0.89
2024/01/01 16:13:28.15,180.15,-31.63,-57.18,-59.95,56.15,-9.56,-0.91
2024/01/01 16:13:28.16,180.16,-31.63,-57.18,-59.97,56.17,-9.46,-0.96
2024/01/01 16:13:28.17,180.17,-31.63,-57.17,-59.98,56.16,-9.38,-1.02
2024/01/01 16:13:28.18,180.18,-31.63,-57.16,-59.98,56.18,-9.34,-1.04
2024/01/01 16:13:28.19,180.19,-31.63,-57.15,-59.98,56.27,-9.37,-1.03
2024/01/01 16:13:28.20,180.20,-31.62,-57.15,-59.98,56.40,-9.47,-1.01
2024/01/01 16:13:28.21,180.21,-31.61,-57.15,-59.98,56.51,-9.60,-0.99
2024/01/01 16:13:28.22,180.22,-31.61,-57.15,-59.96,56.53,-9.72,-0.95
2024/01/01 16:13:28.23,180.23,-31.60,-57.15,-59.95,56.47,-9.79,-0.94
2024/01/01 16:13:28.24,180.24,-31.60,-57.16,-59.94,56.37,-9.80,-0.95
2024/01/01 16:13:28.25,180.25,-31.60,-57.17,-59.94,56.29,-9.77,-0.95
2024/01/01 16:13:28.26,180.26,-31.59,-57.16,-59.94,56.27,-9.69,-0.92
2024/01/01 16:13:28.27,180.27,-31.60,-57.15,-59.95,56.25,-9.56,-0.91
2024/01/01 16:13:28.28,180.28,-31.61,-57.13,-59.94,56.23,-9.43,-0.93
2024/01/01 16:13:28.29,180.29,-31.61,-57.12,-59.94,56.20,-9.34,-0.95
2024/01/01 16:13:28.30,180.30,-31.62,-57.11,-59.94,56.18,-9.31,-0.99
2024/01/01 16:13:28.31,180.31,-31.63,-57.11,-59.94,56.18,-9.32,-1.01
2024/01/01 16:13:28.32,180.32,-31.63,-57.11,-59.94,56.20,-9.35,-1.01
2024/01/01 16:13:28.33,180.33,-31.64,-57.11,-59.94,56.22,-9.41,-0.97
2024/01/01 16:13:28.34,180.34,-31.65,-57.10,-59.94,56.23,-9.47,-0.93
2024/01/01 16:13:28.35,180.35,-31.66,-57.11,-59.94,56.26,-9.52,-0.91
2024/01/01 16:13:28.36,180.36,-31.67,-57.11,-59.95,56.29,-9.55,-0.91
2024/01/01 16:13:28.37,180.37,-31.68,-57.11,-59.96,56.31,-9.55,-0.91
2024/01/01 16:13:28.38,180.38,-31.68,-57.11,-59.97,56.30,-9.56,-0.93
2024/01/01 16:13:28.39,180.39,-31.68,-57.11,-59.99,56.25,-9.56,-0.98
2024/01/01 16:13:28.40,180.40,-31.68,-57.10,-60.00,56.22,-9.54,-1.03
2024/01/01 16:13:28.41,180.41,-31.67,-57.09,-60.00,56.22,-9.50,-1.04
2024/01/01 16:13:28.42,180.42,-31.66,-57.08,-60.00,56.24,-9.46,-1.04
2024/01/01 16:13:28.43,180.43,-31.65,-57.08,-59.99,56.27,-9.44,-1.05
2024/01/01 16:13:28.44,180.44,-31.64,-57.08,-59.99,56.27,-9.43,-1.04
2024/01/01 16:13:28.45,180.45,-31.63,-57.08,-59.99,56.22,-9.42,-0.99
2024/01/01 16:13:28.46,180.46,-31.63,-57.07,-59.99,56.17,-9.41,-0.96
2024/01/01 16:13:28.47,180.47,-31.64,-57.06,-59.99,56.14,-9.41,-0.96
2024/01/01 16:13:28.48,180.48,-31.64,-57.04,-59.99,56.13,-9.40,-0.98
2024/01/01 16:13:28.49,180.49,-31.65,-57.04,-59.99,56.13,-9.41,-1.02
2024/01/01 16:13:28.50,180.50,-31.65,-57.05,-59.99,56.13,-9.45,-1.05
2024/01/01 16:13:28.51,180.51,-31.65,-57.06,-59.97,56.12,-9.49,-1.02
2024/01/01 16:13:28.52,180.52,-31.64,-57.06,-59.97,56.14,-9.52,-0.99
2024/01/01 16:13:28.53,180.53,-31.64,-57.05,-59.96,56.24,-9.53,-1.00
2024/01/01 16:13:28.54,180.54,-31.62,-57.04,-59.96,56.38,-9.51,-0.98
2024/01/01 16:13:28.55,180.55,-31.60,-57.03,-59.96,56.49,-9.47,-0.93
2024/01/01 16:13:28.56,180.56,-31.59,-57.03,-59.94,56.51,-9.44,-0.95
2024/01/01 16:13:28.57,180.57,-31.58,-57.03,-59.94,56.43,-9.40,-1.02
2024/01/01 16:13:28.58,180.58,-31.57,-57.02,-59.93,56.32,-9.37,-1.04
2024/01/01 16:13:28.59,180.59,-31.56,-57.01,-59.94,56.22,-9.37,-1.00
2024/01/01 16:13:28.60,180.60,-31.56,-57.01,-59.94,56.18,-9.41,-0.96
2024/01/01 16:13:28.61,180.61,-31.55,-57.01,-59.93,56.21,-9.43,-0.94
2024/01/01 16:13:28.62,180.62,-31.54,-57.01,-59.93,56.26,-9.41,-0.93
2024/01/01 16:13:28.63,180.63,-31.54,-57.01,-59.92,56.29,-9.35,-0.92
2024/01/01 16:13:28.64,180.64,-31.53,-57.01,-59.93,56.32,-9.28,-0.92
2024/01/01 16:13:28.65,180.65,-31.52,-57.01,-59.93,56.37,-9.22,-0.93
2024/01/01 16:13:28.66,180.66,-31.51,-57.01,-59.94,56.42,-9.21,-0.95
2024/01/01 16:13:28.67,180.67,-31.52,-57.02,-59.94,56.44,-9.24,-0.97
2024/01/01 16:13:28.68,180.68,-31.53,-57.03,-59.95,56.46,-9.28,-0.99
2024/01/01 16:13:28.69,180.69,-31.54,-57.03,-59.95,56.44,-9.33,-1.02
2024/01/01 16:13:28.70,180.70,-31.54,-57.03,-59.96,56.40,-9.38,-1.02
2024/01/01 16:13:28.71,180.71,-31.54,-57.03,-59.96,56.38,-9.42,-0.98
2024/01/01 16:13:28.72,180.72,-31.54,-57.02,-59.95,56.38,-9.46,-0.94
2024/01/01 16:13:28.73,180.73,-31.54,-57.02,-59.94,56.36,-9.51,-0.93
2024/01/01 16:13:28.74,180.74,-31.54,-57.01,-59.93,56.35,-9.54,-0.94
2024/01/01 16:13:28.75,180.75,-31.53,-57.01,-59.91,56.35,-9.57,-0.95
2024/01/01 16:13:28.76,180.76,-31.52,-57.01,-59.91,56.35,-9.59,-0.93
2024/01/01 16:13:28.77,180.77,-31.52,-57.02,-59.90,56.32,-9.57,-0.91
2024/01/01 16:13:28.78,180.78,-31.51,-57.04,-59.91,56.27,-9.50,-0.91
2024/01/01 16:13:28.79,180.79,-31.52,-57.06,-59.91,56.22,-9.39,-0.93
2024/01/01 16:13:28.80,180.80,-31.53,-57.08,-59.92,56.22,-9.28,-0.95
2024/01/01 16:13:28.81,180.81,-31.55,-57.09,-59.93,56.27,-9.23,-0.99
2024/01/01 16:13:28.82,180.82,-31.56,-57.10,-59.94,56.35,-9.23,-1.01
2024/01/01 16:13:28.83,180.83,-31.56,-57.10,-59.93,56.40,-9.26,-0.99
2024/01/01 16:13:28.84,180.84,-31.57,-57.10,-59.92,56.41,-9.32,-0.98
2024/01/01 16:13:28.85,180.85,-31.57,-57.11,-59.91,56.41,-9.37,-0.99
2024/01/01 16:13:28.86,180.86,-31.57,-57.10,-59.91,56.42,-9.42,-0.96
2024/01/01 16:13:28.87,180.87,-31.56,-57.10,-59.92,56.45,-9.48,-0.89
2024/01/01 16:13:28.88,180.88,-31.55,-57.10,-59.92,56.46,-9.55,-0.84
2024/01/01 16:13:28.89,180.89,-31.54,-57.09,-59.92,56.43,-9.60,-0.87
2024/01/01 16:13:28.90,180.90,-31.53,-57.10,-59.93,56.35,-9.63,-0.92
2024/01/01 16:13:28.91,180.91,-31.52,-57.10,-59.94,56.27,-9.61,-0.95
2024/01/01 16:13:28.92,180.92,-31.52,-57.11,-59.94,56.25,-9.56,-0.97
2024/01/01 16:13:28.93,180.93,-31.52,-57.11,-59.94,56.27,-9.51,-1.02
2024/01/01 16:13:28.94,180.94,-31.53,-57.11,-59.95,56.30,-9.47,-1.06
2024/01/01 16:13:28.95,180.95,-31.54,-57.11,-59.95,56.29,-9.46,-1.06
2024/01/01 16:13:28.96,180.96,-31.55,-57.11,-59.95,56.25,-9.51,-1.01
2024/01/01 16:13:28.97,180.97,-31.56,-57.11,-59.95,56.19,-9.58,-0.92
2024/01/01 16:13:28.98,180.98,-31.56,-57.10,-59.96,56.17,-9.64,-0.86
2024/01/01 16:13:28.99,180.99,-31.55,-57.08,-59.96,56.21,-9.65,-0.85
2024/01/01 16:13:29.00,181.00,-31.55,-57.07,-59.97,56.28,-9.59,-0.90
2024/01/01 16:13:29.01,181.01,-31.56,-57.06,-59.98,56.37,-9.50,-0.98
2024/01/01 16:13:29.02,181.02,-31.56,-57.06,-59.99,56.46,-9.39,-1.06
2024/01/01 16:13:29.03,181.03,-31.55,-57.06,-60.00,56.51,-9.31,-1.12
2024/01/01 16:13:29.04,181.04,-31.54,-57.05,-60.02,56.52,-9.29,-1.12
2024/01/01 16:13:29.05,181.05,-31.53,-57.03,-60.04,56.48,-9.31,-1.10
2024/01/01 16:13:29.06,181.06,-31.52,-57.01,-60.05,56.40,-9.33,-1.05
2024/01/01 16:13:29.07,181.07,-31.52,-57.00,-60.05,56.31,-9.34,-1.00
2024/01/01 16:13:29.08,181.08,-31.51,-56.99,-60.05,56.28,-9.31,-0.99
2024/01/01 16:13:29.09,181.09,-31.51,-56.99,-60.05,56.30,-9.28,-1.03
2024/01/01 16:13:29.10,181.10,-31.52,-56.98,-60.05,56.36,-9.26,-1.06
2024/01/01 16:13:29.11,181.11,-31.52,-56.98,-60.05,56.38,-9.26,-1.07
2024/01/01 16:13:29.12,181.12,-31.52,-56.98,-60.04,56.37,-9.31,-1.10
2024/01/01 16:13:29.13,181.13,-31.51,-56.98,-60.04,56.35,-9.38,-1.12
2024/01/01 16:13:29.14,181.14,-31.50,-56.99,-60.04,56.32,-9.42,-1.08
2024/01/01 16:13:29.15,181.15,-31.51,-57.00,-60.05,56.30,-9.44,-1.02
2024/01/01 16:13:29.16,181.16,-31.52,-57.01,-60.04,56.29,-9.44,-1.01
2024/01/01 16:13:29.17,181.17,-31.54,-57.02,-60.03,56.30,-9.42,-1.03
2024/01/01 16:13:29.18,181.18,-31.55,-57.02,-60.02,56.30,-9.39,-1.04
2024/01/01 16:13:29.19,181.19,-31.55,-57.03,-60.01,56.29,-9.34,-1.01
2024/01/01 16:13:29.20,181.20,-31.55,-57.04,-60.01,56.29,-9.30,-0.98
2024/01/01 16:13:29.21,181.21,-31.55,-57.04,-60.01,56.31,-9.27,-0.99
2024/01/01 16:13:29.22,181.22,-31.56,-57.05,-60.01,56.35,-9.25,-1.01
2024/01/01 16:13:29.23,181.23,-31.57,-57.06,-60.01,56.38,-9.25,-1.01
2024/01/01 16:13:29.24,181.24,-31.59,-57.06,-60.01,56.39,-9.32,-1.02
2024/01/01 16:13:29.25,181.25,-31.59,-57.06,-60.00,56.37,-9.45,-1.04
2024/01/01 16:13:29.26,181.26,-31.59,-57.06,-60.00,56.31,-9.57,-1.08
2024/01/01 16:13:29.27,181.27,-31.58,-57.05,-60.01,56.23,-9.65,-1.10
2024/01/01 16:13:29.28,181.28,-31.58,-57.05,-60.02,56.18,-9.67,-1.07
2024/01/01 16:13:29.29,181.29,-31.58,-57.05,-60.02,56.18,-9.62,-1.01
2024/01/01 16:13:29.30,181.30,-31.56,-57.06,-60.02,56.22,-9.54,-0.98
2024/01/01 16:13:29.31,181.31,-31.55,-57.07,-60.02,56.28,-9.49,-1.00
2024/01/01 16:13:29.32,181.32,-31.55,-57.09,-60.01,56.31,-9.48,-1.03
2024/01/01 16:13:29.33,181.33,-31.55,-57.10,-60.00,56.29,-9.51,-1.06
2024/01/01 16:13:29.34,181.34,-31.55,-57.10,-59.98,56.25,-9.55,-1.07
2024/01/01 16:13:29.35,181.35,-31.56,-57.10,-59.97,56.23,-9.55,-1.05
2024/01/01 16:13:29.36,181.36,-31.55,-57.10,-59.97,56.26,-9.51,-1.00
2024/01/01 16:13:29.37,181.37,-31.54,-57.11,-59.96,56.32,-9.43,-0.94
2024/01/01 16:13:29.38,181.38,-31.53,-57.12,-59.96,56.38,-9.34,-0.87
2024/01/01 16:13:29.39,181.39,-31.52,-57.13,-59.95,56.41,-9.30,-0.86
2024/01/01 16:13:29.40,181.40,-31.51,-57.13,-59.95,56.41,-9.32,-0.92
2024/01/01 16:13:29.41,181.41,-31.51,-57.13,-59.95,56.39,-9.39,-0.98
2024/01/01 16:13:29.42,181.42,-31.50,-57.13,-59.96,56.38,-9.48,-1.00
2024/01/01 16:13:29.43,181.43,-31.49,-57.12,-59.96,56.38,-9.55,-1.01
2024/01/01 16:13:29.44,181.44,-31.48,-57.11,-59.96,56.40,-9.58,-1.02
2024/01/01 16:13:29.45,181.45,-31.46,-57.11,-59.97,56.44,-9.57,-1.02
2024/01/01 16:13:29.46,181.46,-31.44,-57.11,-59.97,56.50,-9.54,-1.00
2024/01/01 16:13:29.47,181.47,-31.43,-57.11,-59.96,56.54,-9.50,-0.96
2024/01/01 16:13:29.48,181.48,-31.43,-57.12,-59.95,56.54,-9.47,-0.96
2024/01/01 16:13:29.49,181.49,-31.43,-57.12,-59.94,56.50,-9.44,-1.01
2024/01/01 16:13:29.50,181.50,-31.42,-57.11,-59.94,56.44,-9.43,-1.05
2024/01/01 16:13:29.51,181.51,-31.41,-57.10,-59.95,56.38,-9.43,-1.02
2024/01/01 16:13:29.52,181.52,-31.41,-57.10,-59.96,56.37,-9.45,-0.99
2024/01/01 16:13:29.53,181.53,-31.42,-57.09,-59.97,56.42,-9.47,-0.98
2024/01/01 16:13:29.54,181.54,-31.43,-57.08,-59.98,56.52,-9.50,-1.00
2024/01/01 16:13:29.55,181.55,-31.43,-57.07,-59.99,56.62,-9.55,-1.04
2024/01/01 16:13:29.56,181.56,-31.44,-57.08,-59.99,56.67,-9.61,-1.07
2024/01/01 16:13:29.57,181.57,-31.44,-57.10,-60.00,56.66,-9.62,-1.05
2024/01/01 16:13:29.58,181.58,-31.44,-57.11,-60.01,56.58,-9.57,-1.00
2024/01/01 16:13:29.59,181.59,-31.45,-57.12,-60.00,56.50,-9.48,-0.97
2024/01/01 16:13:29.60,181.60,-31.44,-57.12,-60.00,56.43,-9.40,-0.94
2024/01/01 16:13:29.61,181.61,-31.43,-57.12,-60.00,56.39,-9.36,-0.93
2024/01/01 16:13:29.62,181.62,-31.43,-57.12,-60.00,56.38,-9.34,-0.95
2024/01/01 16:13:29.63,181.63,-31.44,-57.12,-60.00,56.39,-9.31,-0.98
2024/01/01 16:13:29.64,181.64,-31.45,-57.12,-60.00,56.39,-9.28,-1.02
2024/01/01 16:13:29.65,181.65,-31.46,-57.12,-60.00,56.37,-9.29,-1.09
2024/01/01 16:13:29.66,181.66,-31.46,-57.12,-59.99,56.35,-9.34,-1.12
2024/01/01 16:13:29.67,181.67,-31.46,-57.13,-59.99,56.35,-9.44,-1.06
2024/01/01 16:13:29.68,181.68,-31.45,-57.14,-59.99,56.37,-9.53,-0.95
2024/01/01 16:13:29.69,181.69,-31.45,-57.15,-59.98,56.41,-9.62,-0.89
2024/01/01 16:13:29.70,181.70,-31.46,-57.17,-59.97,56.45,-9.67,-0.92
2024/01/01 16:13:29.71,181.71,-31.48,-57.18,-59.95,56.47,-9.67,-1.01
2024/01/01 16:13:29.72,181.72,-31.49,-57.20,-59.94,56.47,-9.62,-1.05
2024/01/01 16:13:29.73,181.73,-31.50,-57.21,-59.93,56.43,-9.58,-1.04
2024/01/01 16:13:29.74,181.74,-31.50,-57.22,-59.92,56.37,-9.57,-1.01
2024/01/01 16:13:29.75,181.75,-31.49,-57.24,-59.90,56.32,-9.58,-1.00
2024/01/01 16:13:29.76,181.76,-31.49,-57.25,-59.88,56.33,-9.59,-0.97
2024/01/01 16:13:29.77,181.77,-31.49,-57.27,-59.86,56.41,-9.59,-0.90
2024/01/01 16:13:29.78,181.78,-31.48,-57.28,-59.85,56.51,-9.61,-0.85
2024/01/01 16:13:29.79,181.79,-31.48,-57.29,-59.83,56.60,-9.64,-0.84
2024/01/01 16:13:29.80,181.80,-31.47,-57.29,-59.82,56.62,-9.70,-0.84
2024/01/01 16:13:29.81,181.81,-31.47,-57.29,-59.82,56.56,-9.75,-0.84
2024/01/01 16:13:29.82,181.82,-31.48,-57.29,-59.81,56.49,-9.78,-0.83
2024/01/01 16:13:29.83,181.83,-31.50,-57.30,-59.81,56.44,-9.75,-0.82
2024/01/01 16:13:29.84,181.84,-31.51,-57.30,-59.81,56.43,-9.72,-0.81
2024/01/01 16:13:29.85,181.85,-31.51,-57.31,-59.81,56.44,-9.70,-0.81
2024/01/01 16:13:29.86,181.86,-31.50,-57.31,-59.82,56.46,-9.69,-0.81
2024/01/01 16:13:29.87,181.87,-31.50,-57.31,-59.82,56.44,-9.66,-0.82
2024/01/01 16:13:29.88,181.88,-31.51,-57.30,-59.82,56.42,-9.63,-0.83
2024/01/01 16:13:29.89,181.89,-31.52,-57.30,-59.83,56.44,-9.60,-0.83
2024/01/01 16:13:29.90,181.90,-31.53,-57.28,-59.83,56.48,-9.57,-0.85
2024/01/01 16:13:29.91,181.91,-31.53,-57.27,-59.84,56.48,-9.57,-0.88
2024/01/01 16:13:29.92,181.92,-31.53,-57.27,-59.85,56.43,-9.63,-0.90
2024/01/01 16:13:29.93,181.93,-31.53,-57.26,-59.86,56.34,-9.70,-0.89
2024/01/01 16:13:29.94,181.94,-31.54,-57.26,-59.86,56.29,-9.73,-0.88
2024/01/01 16:13:29.95,181.95,-31.54,-57.25,-59.87,56.32,-9.72,-0.89
2024/01/01 16:13:29.96,181.96,-31.54,-57.25,-59.88,56.41,-9.69,-0.89
2024/01/01 16:13:29.97,181.97,-31.53,-57.25,-59.89,56.48,-9.64,-0.91
2024/01/01 16:13:29.98,181.98,-31.54,-57.26,-59.90,56.49,-9.57,-0.93
2024/01/01 16:13:29.99,181.99,-31.55,-57.26,-59.89,56.42,-9.49,-0.93
2024/01/01 16:13:30.00,182.00,-31.57,-57.25,-59.89,56.32,-9.45,-0.91
2024/01/01 16:13:30.01,182.01,-31.58,-57.23,-59.89,56.25,-9.45,-0.90
2024/01/01 16:13:30.02,182.02,-31.58,-57.22,-59.88,56.22,-9.48,-0.90
2024/01/01 16:13:30.03,182.03,-31.58,-57.22,-59.88,56.22,-9.51,-0.89
2024/01/01 16:13:30.04,182.04,-31.58,-57.22,-59.88,56.22,-9.55,-0.88
2024/01/01 16:13:30.05,182.05,-31.58,-57.22,-59.89,56.24,-9.60,-0.86
2024/01/01 16:13:30.06,182.06,-31.57,-57.22,-59.89,56.30,-9.67,-0.86
2024/01/01 16:13:30.07,182.07,-31.58,-57.23,-59.89,56.37,-9.75,-0.86
2024/01/01 16:13:30.08,182.08,-31.59,-57.24,-59.89,56.42,-9.81,-0.86
2024/01/01 16:13:30.09,182.09,-31.60,-57.25,-59.90,56.42,-9.83,-0.90
2024/01/01 16:13:30.10,182.10,-31.61,-57.27,-59.91,56.36,-9.79,-0.96
2024/01/01 16:13:30.11,182.11,-31.62,-57.28,-59.92,56.26,-9.71,-0.96
2024/01/01 16:13:30.12,182.12,-31.64,-57.27,-59.92,56.19,-9.62,-0.92
2024/01/01 16:13:30.13,182.13,-31.65,-57.26,-59.93,56.17,-9.55,-0.91
2024/01/01 16:13:30.14,182.14,-31.66,-57.26,-59.93,56.21,-9.50,-0.93
2024/01/01 16:13:30.15,182.15,-31.67,-57.26,-59.93,56.26,-9.49,-0.91
2024/01/01 16:13:30.16,182.16,-31.68,-57.27,-59.92,56.29,-9.53,-0.90
2024/01/01 16:13:30.17,182.17,-31.69,-57.29,-59.91,56.30,-9.62,-0.93
2024/01/01 16:13:30.18,182.18,-31.70,-57.31,-59.91,56.29,-9.73,-0.97
2024/01/01 16:13:30.19,182.19,-31.69,-57.32,-59.92,56.29,-9.83,-0.95
2024/01/01 16:13:30.20,182.20,-31.68,-57.33,-59.93,56.27,-9.89,-0.90
2024/01/01 16:13:30.21,182.21,-31.68,-57.33,-59.94,56.23,-9.88,-0.87
2024/01/01 16:13:30.22,182.22,-31.68,-57.32,-59.94,56.15,-9.80,-0.91
2024/01/01 16:13:30.23,182.23,-31.69,-57.32,-59.94,56.09,-9.71,-0.98
2024/01/01 16:13:30.24,182.24,-31.71,-57.32,-59.93,56.07,-9.63,-1.00
2024/01/01 16:13:30.25,182.25,-31.72,-57.33,-59.93,56.06,-9.60,-0.99
2024/01/01 16:13:30.26,182.26,-31.73,-57.33,-59.94,56.08,-9.60,-1.00
2024/01/01 16:13:30.27,182.27,-31.74,-57.33,-59.94,56.11,-9.64,-0.99
2024/01/01 16:13:30.28,182.28,-31.74,-57.33,-59.93,56.14,-9.71,-0.93
2024/01/01 16:13:30.29,182.29,-31.75,-57.34,-59.93,56.19,-9.80,-0.91
2024/01/01 16:13:30.30,182.30,-31.76,-57.35,-59.93,56.25,-9.86,-0.95
2024/01/01 16:13:30.31,182.31,-31.76,-57.37,-59.94,56.29,-9.88,-0.96
2024/01/01 16:13:30.32,182.32,-31.76,-57.38,-59.96,56.30,-9.89,-0.93
2024/01/01 16:13:30.33,182.33,-31.76,-57.38,-59.97,56.23,-9.91,-0.91
2024/01/01 16:13:30.34,182.34,-31.75,-57.37,-59.97,56.14,-9.91,-0.92
2024/01/01 16:13:30.35,182.35,-31.75,-57.35,-59.97,56.06,-9.87,-0.99
2024/01/01 16:13:30.36,182.36,-31.76,-57.34,-59.97,56.02,-9.80,-1.05
2024/01/01 16:13:30.37,182.37,-31.76,-57.33,-59.97,56.04,-9.72,-1.07
2024/01/01 16:13:30.38,182.38,-31.76,-57.33,-59.97,56.10,-9.66,-1.05
2024/01/01 16:13:30.39,182.39,-31.75,-57.33,-59.96,56.16,-9.64,-1.04
2024/01/01 16:13:30.40,182.40,-31.74,-57.34,-59.95,56.22,-9.67,-1.02
2024/01/01 16:13:30.41,182.41,-31.73,-57.35,-59.94,56.26,-9.73,-0.96
2024/01/01 16:13:30.42,182.42,-31.72,-57.36,-59.93,56.26,-9.80,-0.87
2024/01/01 16:13:30.43,182.43,-31.70,-57.37,-59.92,56.21,-9.84,-0.82
2024/01/01 16:13:30.44,182.44,-31.70,-57.38,-59.92,56.13,-9.82,-0.83
2024/01/01 16:13:30.45,182.45,-31.70,-57.38,-59.92,56.06,-9.75,-0.85
2024/01/01 16:13:30.46,182.46,-31.70,-57.37,-59.92,56.05,-9.68,-0.88
2024/01/01 16:13:30.47,182.47,-31.70,-57.35,-59.93,56.09,-9.65,-0.94
2024/01/01 16:13:30.48,182.48,-31.71,-57.33,-59.93,56.16,-9.67,-0.99
2024/01/01 16:13:30.49,182.49,-31.72,-57.31,-59.93,56.24,-9.70,-1.02
2024/01/01 16:13:30.50,182.50,-31.73,-57.30,-59.93,56.31,-9.74,-1.03
2024/01/01 16:13:30.51,182.51,-31.73,-57.30,-59.94,56.36,-9.76,-0.99
2024/01/01 16:13:30.52,182.52,-31.71,-57.31,-59.94,56.40,-9.77,-0.93
2024/01/01 16:13:30.53,182.53,-31.70,-57.33,-59.94,56.42,-9.77,-0.86
2024/01/01 16:13:30.54,182.54,-31.70,-57.34,-59.94,56.39,-9.76,-0.83
2024/01/01 16:13:30.55,182.55,-31.70,-57.36,-59.93,56.31,-9.75,-0.87
2024/01/01 16:13:30.56,182.56,-31.71,-57.37,-59.92,56.21,-9.71,-0.92
2024/01/01 16:13:30.57,182.57,-31.73,-57.38,-59.92,56.11,-9.67,-0.96
2024/01/01 16:13:30.58,182.58,-31.74,-57.38,-59.93,56.05,-9.64,-0.98
2024/01/01 16:13:30.59,182.59,-31.74,-57.37,-59.93,56.04,-9.65,-0.97
2024/01/01 16:13:30.60,182.60,-31.73,-57.36,-59.92,56.06,-9.71,-0.94
2024/01/01 16:13:30.61,182.61,-31.71,-57.34,-59.92,56.10,-9.80,-0.89
2024/01/01 16:13:30.62,182.62,-31.71,-57.33,-59.91,56.15,-9.89,-0.88
2024/01/01 16:13:30.63,182.63,-31.73,-57.32,-59.90,56.19,-9.94,-0.89
2024/01/01 16:13:30.64,182.64,-31.74,-57.31,-59.89,56.22,-9.94,-0.92
2024/01/01 16:13:30.65,182.65,-31.75,-57.31,-59.89,56.21,-9.89,-0.97
2024/01/01 16:13:30.66,182.66,-31.75,-57.32,-59.90,56.16,-9.85,-0.97
2024/01/01 16:13:30.67,182.67,-31.76,-57.32,-59.90,56.08,-9.83,-0.89
2024/01/01 16:13:30.68,182.68,-31.77,-57.31,-59.91,56.03,-9.81,-0.81
2024/01/01 16:13:30.69,182.69,-31.77,-57.30,-59.91,56.05,-9.77,-0.81
2024/01/01 16:13:30.70,182.70,-31.78,-57.30,-59.91,56.12,-9.71,-0.87
2024/01/01 16:13:30.71,182.71,-31.79,-57.31,-59.90,56.20,-9.65,-0.91
2024/01/01 16:13:30.72,182.72,-31.79,-57.32,-59.90,56.24,-9.57,-0.94
2024/01/01 16:13:30.73,182.73,-31.77,-57.33,-59.90,56.22,-9.48,-0.95
2024/01/01 16:13:30.74,182.74,-31.74,-57.34,-59.90,56.19,-9.42,-0.93
2024/01/01 16:13:30.75,182.75,-31.70,-57.34,-59.90,56.15,-9.42,-0.89
2024/01/01 16:13:30.76,182.76,-31.66,-57.33,-59.90,56.15,-9.46,-0.87
2024/01/01 16:13:30.77,182.77,-31.63,-57.31,-59.90,56.16,-9.52,-0.89
2024/01/01 16:13:30.78,182.78,-31.61,-57.29,-59.90,56.18,-9.57,-0.98
2024/01/01 16:13:30.79,182.79,-31.60,-57.29,-59.92,56.18,-9.65,-1.04
2024/01/01 16:13:30.80,182.80,-31.60,-57.30,-59.93,56.16,-9.75,-1.02
2024/01/01 16:13:30.81,182.81,-31.60,-57.34,-59.92,56.15,-9.86,-0.96
2024/01/01 16:13:30.82,182.82,-31.60,-57.37,-59.92,56.17,-9.94,-0.93
2024/01/01 16:13:30.83,182.83,-31.61,-57.40,-59.92,56.24,-9.97,-0.93
2024/01/01 16:13:30.84,182.84,-31.63,-57.41,-59.92,56.36,-9.95,-0.90
2024/01/01 16:13:30.85,182.85,-31.65,-57.42,-59.92,56.50,-9.87,-0.85
2024/01/01 16:13:30.86,182.86,-31.65,-57.42,-59.92,56.58,-9.74,-0.85
2024/01/01 16:13:30.87,182.87,-31.64,-57.42,-59.92,56.60,-9.60,-0.88
2024/01/01 16:13:30.88,182.88,-31.62,-57.41,-59.90,56.59,-9.54,-0.91
2024/01/01 16:13:30.89,182.89,-31.59,-57.40,-59.88,56.55,-9.60,-0.90
2024/01/01 16:13:30.90,182.90,-31.56,-57.41,-59.87,56.50,-9.81,-0.89
2024/01/01 16:13:30.91,182.91,-31.53,-57.43,-59.87,56.47,-10.07,-0.90
2024/01/01 16:13:30.92,182.92,-31.52,-57.44,-59.87,56.44,-10.27,-0.91
2024/01/01 16:13:30.93,182.93,-31.54,-57.43,-59.88,56.36,-10.32,-0.89
2024/01/01 16:13:30.94,182.94,-31.57,-57.41,-59.89,56.22,-10.22,-0.90
2024/01/01 16:13:30.95,182.95,-31.60,-57.40,-59.89,56.08,-10.02,-0.94
2024/01/01 16:13:30.96,182.96,-31.61,-57.40,-59.89,56.01,-9.78,-0.95
2024/01/01 16:13:30.97,182.97,-31.62,-57.41,-59.89,56.05,-9.55,-0.95
2024/01/01 16:13:30.98,182.98,-31.63,-57.42,-59.89,56.18,-9.39,-0.91
2024/01/01 16:13:30.99,182.99,-31.64,-57.43,-59.88,56.34,-9.32,-0.85
2024/01/01 16:13:31.00,183.00,-31.64,-57.42,-59.87,56.47,-9.36,-0.82
2024/01/01 16:13:31.01,183.01,-31.65,-57.41,-59.87,56.51,-9.52,-0.84
2024/01/01 16:13:31.02,183.02,-31.67,-57.39,-59.88,56.45,-9.73,-0.87
2024/01/01 16:13:31.03,183.03,-31.68,-57.39,-59.91,56.31,-9.95,-0.87
2024/01/01 16:13:31.04,183.04,-31.68,-57.38,-59.93,56.16,-10.13,-0.90
2024/01/01 16:13:31.05,183.05,-31.67,-57.38,-59.94,56.08,-10.20,-0.97
2024/01/01 16:13:31.06,183.06,-31.67,-57.37,-59.95,56.11,-10.15,-1.01
2024/01/01 16:13:31.07,183.07,-31.66,-57.37,-59.95,56.24,-9.98,-1.01
2024/01/01 16:13:31.08,183.08,-31.67,-57.37,-59.95,56.38,-9.76,-0.95
2024/01/01 16:13:31.09,183.09,-31.68,-57.38,-59.94,56.47,-9.56,-0.87
2024/01/01 16:13:31.10,183.10,-31.69,-57.37,-59.93,56.45,-9.42,-0.83
2024/01/01 16:13:31.11,183.11,-31.70,-57.37,-59.92,56.32,-9.39,-0.86
2024/01/01 16:13:31.12,183.12,-31.71,-57.37,-59.92,56.15,-9.47,-0.90
2024/01/01 16:13:31.13,183.13,-31.73,-57.38,-59.93,55.99,-9.63,-0.91
2024/01/01 16:13:31.14,183.14,-31.73,-57.39,-59.94,55.90,-9.79,-0.91
2024/01/01 16:13:31.15,183.15,-31.74,-57.40,-59.94,55.88,-9.90,-0.95
2024/01/01 16:13:31.16,183.16,-31.74,-57.41,-59.95,55.94,-9.94,-1.01
2024/01/01 16:13:31.17,183.17,-31.76,-57.41,-59.95,56.03,-9.91,-1.02
2024/01/01 16:13:31.18,183.18,-31.78,-57.42,-59.95,56.11,-9.88,-1.00
2024/01/01 16:13:31.19,183.19,-31.79,-57.43,-59.94,56.17,-9.88,-0.98
2024/01/01 16:13:31.20,183.20,-31.81,-57.44,-59.94,56.20,-9.92,-0.98
2024/01/01 16:13:31.21,183.21,-31.81,-57.46,-59.94,56.22,-9.99,-0.95
2024/01/01 16:13:31.22,183.22,-31.81,-57.47,-59.95,56.25,-10.02,-0.89
2024/01/01 16:13:31.23,183.23,-31.80,-57.47,-59.94,56.27,-9.96,-0.87
2024/01/01 16:13:31.24,183.24,-31.80,-57.46,-59.93,56.29,-9.83,-0.87
2024/01/01 16:13:31.25,183.25,-31.80,-57.44,-59.92,56.30,-9.68,-0.91
2024/01/01 16:13:31.26,183.26,-31.81,-57.44,-59.91,56.28,-9.60,-1.00
2024/01/01 16:13:31.27,183.27,-31.82,-57.43,-59.92,56.20,-9.64,-1.06
2024/01/01 16:13:31.28,183.28,-31.83,-57.43,-59.93,56.07,-9.76,-1.05
2024/01/01 16:13:31.29,183.29,-31.85,-57.43,-59.93,55.91,-9.93,-1.00
2024/01/01 16:13:31.30,183.30,-31.86,-57.43,-59.93,55.80,-10.10,-0.95
2024/01/01 16:13:31.31,183.31,-31.86,-57.42,-59.92,55.83,-10.20,-0.92
2024/01/01 16:13:31.32,183.32,-31.86,-57.41,-59.91,55.97,-10.18,-0.88
2024/01/01 16:13:31.33,183.33,-31.87,-57.40,-59.89,56.15,-10.05,-0.80
2024/01/01 16:13:31.34,183.34,-31.90,-57.39,-59.88,56.28,-9.85,-0.75
2024/01/01 16:13:31.35,183.35,-31.92,-57.39,-59.87,56.28,-9.64,-0.80
2024/01/01 16:13:31.36,183.36,-31.93,-57.39,-59.86,56.17,-9.48,-0.89
2024/01/01 16:13:31.37,183.37,-31.92,-57.40,-59.85,55.99,-9.44,-0.91
2024/01/01 16:13:31.38,183.38,-31.89,-57.39,-59.85,55.83,-9.52,-0.87
2024/01/01 16:13:31.39,183.39,-31.86,-57.39,-59.84,55.78,-9.67,-0.85
2024/01/01 16:13:31.40,183.40,-31.85,-57.39,-59.84,55.83,-9.79,-0.84
2024/01/01 16:13:31.41,183.41,-31.86,-57.38,-59.85,55.92,-9.84,-0.82
2024/01/01 16:13:31.42,183.42,-31.87,-57.37,-59.85,55.99,-9.83,-0.82
2024/01/01 16:13:31.43,183.43,-31.89,-57.37,-59.86,56.02,-9.81,-0.86
2024/01/01 16:13:31.44,183.44,-31.91,-57.37,-59.86,55.97,-9.80,-0.89
2024/01/01 16:13:31.45,183.45,-31.92,-57.37,-59.87,55.88,-9.85,-0.88
2024/01/01 16:13:31.46,183.46,-31.93,-57.36,-59.87,55.83,-9.92,-0.84
2024/01/01 16:13:31.47,183.47,-31.93,-57.34,-59.87,55.89,-9.95,-0.82
2024/01/01 16:13:31.48,183.48,-31.93,-57.32,-59.87,56.06,-9.92,-0.84
2024/01/01 16:13:31.49,183.49,-31.92,-57.30,-59.89,56.23,-9.82,-0.88
2024/01/01 16:13:31.50,183.50,-31.91,-57.30,-59.91,56.32,-9.71,-0.91
2024/01/01 16:13:31.51,183.51,-31.91,-57.31,-59.93,56.26,-9.63,-0.92
2024/01/01 16:13:31.52,183.52,-31.91,-57.34,-59.94,56.09,-9.65,-0.92
2024/01/01 16:13:31.53,183.53,-31.90,-57.36,-59.94,55.94,-9.73,-0.92
2024/01/01 16:13:31.54,183.54,-31.89,-57.36,-59.93,55.90,-9.80,-0.91
2024/01/01 16:13:31.55,183.55,-31.88,-57.36,-59.92,55.98,-9.82,-0.90
2024/01/01 16:13:31.56,183.56,-31.87,-57.35,-59.90,56.07,-9.76,-0.90
2024/01/01 16:13:31.57,183.57,-31.86,-57.33,-59.89,56.08,-9.66,-0.93
2024/01/01 16:13:31.58,183.58,-31.86,-57.32,-59.88,56.02,-9.54,-0.94
2024/01/01 16:13:31.59,183.59,-31.86,-57.32,-59.87,55.93,-9.51,-0.91
2024/01/01 16:13:31.60,183.60,-31.86,-57.32,-59.86,55.89,-9.58,-0.85
2024/01/01 16:13:31.61,183.61,-31.86,-57.33,-59.86,55.91,-9.73,-0.83
2024/01/01 16:13:31.62,183.62,-31.88,-57.33,-59.85,55.96,-9.86,-0.83
2024/01/01 16:13:31.63,183.63,-31.91,-57.33,-59.85,56.00,-9.94,-0.84
2024/01/01 16:13:31.64,183.64,-31.94,-57.32,-59.85,56.02,-9.95,-0.85
2024/01/01 16:13:31.65,183.65,-31.97,-57.31,-59.85,56.03,-9.87,-0.86
2024/01/01 16:13:31.66,183.66,-31.99,-57.30,-59.85,56.04,-9.74,-0.85
2024/01/01 16:13:31.67,183.67,-31.99,-57.31,-59.85,56.07,-9.63,-0.82
2024/01/01 16:13:31.68,183.68,-31.98,-57.31,-59.85,56.08,-9.58,-0.76
2024/01/01 16:13:31.69,183.69,-31.97,-57.30,-59.84,56.05,-9.61,-0.71
2024/01/01 16:13:31.70,183.70,-31.97,-57.30,-59.84,56.01,-9.68,-0.70
2024/01/01 16:13:31.71,183.71,-31.96,-57.29,-59.84,55.99,-9.73,-0.74
2024/01/01 16:13:31.72,183.72,-31.95,-57.30,-59.84,55.98,-9.75,-0.78
2024/01/01 16:13:31.73,183.73,-31.93,-57.32,-59.85,55.96,-9.76,-0.82
2024/01/01 16:13:31.74,183.74,-31.92,-57.35,-59.87,55.91,-9.75,-0.89
2024/01/01 16:13:31.75,183.75,-31.92,-57.37,-59.89,55.85,-9.74,-0.98
2024/01/01 16:13:31.76,183.76,-31.91,-57.38,-59.90,55.80,-9.74,-1.01
2024/01/01 16:13:31.77,183.77,-31.92,-57.40,-59.91,55.78,-9.76,-0.96
2024/01/01 16:13:31.78,183.78,-31.94,-57.41,-59.91,55.78,-9.76,-0.92
2024/01/01 16:13:31.79,183.79,-31.97,-57.41,-59.90,55.79,-9.72,-0.92
2024/01/01 16:13:31.80,183.80,-31.99,-57.40,-59.90,55.83,-9.67,-0.90
2024/01/01 16:13:31.81,183.81,-32.00,-57.40,-59.91,55.91,-9.67,-0.87
2024/01/01 16:13:31.82,183.82,-32.00,-57.40,-59.92,56.02,-9.77,-0.84
2024/01/01 16:13:31.83,183.83,-31.99,-57.41,-59.92,56.12,-9.94,-0.81
2024/01/01 16:13:31.84,183.84,-31.98,-57.42,-59.92,56.15,-10.11,-0.82
2024/01/01 16:13:31.85,183.85,-31.96,-57.43,-59.93,56.12,-10.21,-0.88
2024/01/01 16:13:31.86,183.86,-31.93,-57.44,-59.93,56.07,-10.20,-0.94
2024/01/01 16:13:31.87,183.87,-31.92,-57.44,-59.92,56.02,-10.12,-0.96
2024/01/01 16:13:31.88,183.88,-31.91,-57.44,-59.91,55.98,-9.98,-0.98
2024/01/01 16:13:31.89,183.89,-31.91,-57.44,-59.90,55.96,-9.84,-1.01
2024/01/01 16:13:31.90,183.90,-31.90,-57.45,-59.89,55.93,-9.78,-0.97
2024/01/01 16:13:31.91,183.91,-31.91,-57.45,-59.87,55.86,-9.79,-0.89
2024/01/01 16:13:31.92,183.92,-31.92,-57.46,-59.84,55.77,-9.83,-0.82
2024/01/01 16:13:31.93,183.93,-31.93,-57.45,-59.82,55.71,-9.84,-0.79
2024/01/01 16:13:31.94,183.94,-31.93,-57.45,-59.81,55.73,-9.83,-0.77
2024/01/01 16:13:31.95,183.95,-31.92,-57.44,-59.81,55.83,-9.80,-0.75
2024/01/01 16:13:31.96,183.96,-31.92,-57.43,-59.81,55.99,-9.77,-0.74
2024/01/01 16:13:31.97,183.97,-31.91,-57.41,-59.81,56.15,-9.76,-0.79
2024/01/01 16:13:31.98,183.98,-31.90,-57.39,-59.81,56.28,-9.76,-0.86
2024/01/01 16:13:31.99,183.99,-31.88,-57.36,-59.82,56.36,-9.78,-0.90
2024/01/01 16:13:32.00,184.00,-31.86,-57.34,-59.84,56.35,-9.81,-0.89
2024/01/01 16:13:32.01,184.01,-31.84,-57.33,-59.85,56.25,-9.80,-0.82
2024/01/01 16:13:32.02,184.02,-31.83,-57.33,-59.85,56.10,-9.76,-0.75
2024/01/01 16:13:32.03,184.03,-31.81,-57.32,-59.86,55.99,-9.70,-0.75
2024/01/01 16:13:32.04,184.04,-31.80,-57.31,-59.86,55.94,-9.65,-0.80
2024/01/01 16:13:32.05,184.05,-31.80,-57.31,-59.86,55.98,-9.63,-0.83
2024/01/01 16:13:32.06,184.06,-31.81,-57.31,-59.85,56.05,-9.63,-0.87
2024/01/01 16:13:32.07,184.07,-31.82,-57.32,-59.85,56.11,-9.64,-0.93
2024/01/01 16:13:32.08,184.08,-31.84,-57.33,-59.85,56.13,-9.65,-0.94
2024/01/01 16:13:32.09,184.09,-31.86,-57.34,-59.84,56.13,-9.67,-0.88
2024/01/01 16:13:32.10,184.10,-31.87,-57.37,-59.84,56.11,-9.72,-0.82
2024/01/01 16:13:32.11,184.11,-31.88,-57.40,-59.83,56.09,-9.81,-0.77
2024/01/01 16:13:32.12,184.12,-31.88,-57.42,-59.82,56.08,-9.88,-0.73
2024/01/01 16:13:32.13,184.13,-31.88,-57.42,-59.81,56.08,-9.92,-0.73
2024/01/01 16:13:32.14,184.14,-31.86,-57.41,-59.81,56.06,-9.92,-0.75
2024/01/01 16:13:32.15,184.15,-31.83,-57.39,-59.81,56.05,-9.87,-0.78
2024/01/01 16:13:32.16,184.16,-31.81,-57.37,-59.80,56.02,-9.78,-0.83
2024/01/01 16:13:32.17,184.17,-31.78,-57.37,-59.79,56.00,-9.72,-0.88
2024/01/01 16:13:32.18,184.18,-31.76,-57.37,-59.78,56.00,-9.71,-0.93
2024/01/01 16:13:32.19,184.19,-31.74,-57.38,-59.78,56.00,-9.76,-0.93
2024/01/01 16:13:32.20,184.20,-31.74,-57.40,-59.79,56.01,-9.86,-0.87
2024/01/01 16:13:32.21,184.21,-31.74,-57.41,-59.78,56.03,-9.94,-0.77
2024/01/01 16:13:32.22,184.22,-31.76,-57.41,-59.78,56.06,-9.96,-0.72
2024/01/01 16:13:32.23,184.23,-31.78,-57.40,-59.78,56.11,-9.92,-0.73
2024/01/01 16:13:32.24,184.24,-31.81,-57.39,-59.78,56.18,-9.84,-0.76
2024/01/01 16:13:32.25,184.25,-31.84,-57.37,-59.79,56.25,-9.78,-0.78
2024/01/01 16:13:32.26,184.26,-31.85,-57.35,-59.79,56.32,-9.76,-0.80
2024/01/01 16:13:32.27,184.27,-31.84,-57.31,-59.79,56.39,-9.78,-0.83
2024/01/01 16:13:32.28,184.28,-31.82,-57.29,-59.79,56.46,-9.82,-0.86
2024/01/01 16:13:32.29,184.29,-31.77,-57.28,-59.79,56.49,-9.88,-0.85
2024/01/01 16:13:32.30,184.30,-31.72,-57.28,-59.78,56.47,-9.92,-0.79
2024/01/01 16:13:32.31,184.31,-31.66,-57.28,-59.76,56.40,-9.91,-0.73
2024/01/01 16:13:32.32,184.32,-31.61,-57.28,-59.75,56.29,-9.83,-0.74
2024/01/01 16:13:32.33,184.33,-31.57,-57.29,-59.75,56.13,-9.67,-0.79
2024/01/01 16:13:32.34,184.34,-31.56,-57.31,-59.74,55.97,-9.49,-0.82
2024/01/01 16:13:32.35,184.35,-31.56,-57.31,-59.73,55.86,-9.32,-0.84
2024/01/01 16:13:32.36,184.36,-31.59,-57.30,-59.72,55.83,-9.20,-0.84
2024/01/01 16:13:32.37,184.37,-31.63,-57.28,-59.72,55.88,-9.16,-0.83
2024/01/01 16:13:32.38,184.38,-31.69,-57.25,-59.72,55.99,-9.22,-0.76
2024/01/01 16:13:32.39,184.39,-31.76,-57.22,-59.72,56.16,-9.37,-0.67
2024/01/01 16:13:32.40,184.40,-31.82,-57.19,-59.73,56.35,-9.55,-0.64
2024/01/01 16:13:32.41,184.41,-31.86,-57.17,-59.73,56.57,-9.73,-0.64
2024/01/01 16:13:32.42,184.42,-31.89,-57.15,-59.73,56.78,-9.90,-0.62
2024/01/01 16:13:32.43,184.43,-31.92,-57.15,-59.75,56.91,-10.06,-0.58
2024/01/01 16:13:32.44,184.44,-31.94,-57.17,-59.76,56.91,-10.14,-0.58
2024/01/01 16:13:32.45,184.45,-31.97,-57.20,-59.77,56.79,-10.08,-0.60
2024/01/01 16:13:32.46,184.46,-31.97,-57.23,-59.77,56.55,-9.87,-0.62
2024/01/01 16:13:32.47,184.47,-31.96,-57.27,-59.78,56.23,-9.60,-0.66
2024/01/01 16:13:32.48,184.48,-31.92,-57.30,-59.78,55.87,-9.35,-0.76
2024/01/01 16:13:32.49,184.49,-31.87,-57.30,-59.77,55.51,-9.14,-0.83
2024/01/01 16:13:32.50,184.50,-31.80,-57.30,-59.75,55.21,-9.01,-0.83
2024/01/01 16:13:32.51,184.51,-31.73,-57.28,-59.71,55.04,-9.01,-0.82
2024/01/01 16:13:32.52,184.52,-31.66,-57.26,-59.65,55.01,-9.13,-0.87
2024/01/01 16:13:32.53,184.53,-31.60,-57.22,-59.60,55.10,-9.34,-0.95
2024/01/01 16:13:32.54,184.54,-31.56,-57.19,-59.56,55.26,-9.60,-0.98
2024/01/01 16:13:32.55,184.55,-31.53,-57.17,-59.55,55.41,-9.87,-0.95
2024/01/01 16:13:32.56,184.56,-31.51,-57.16,-59.55,55.55,-10.11,-0.87
2024/01/01 16:13:32.57,184.57,-31.51,-57.15,-59.57,55.70,-10.27,-0.77
2024/01/01 16:13:32.58,184.58,-31.55,-57.16,-59.58,55.93,-10.27,-0.68
2024/01/01 16:13:32.59,184.59,-31.60,-57.17,-59.60,56.32,-10.11,-0.62
2024/01/01 16:13:32.60,184.60,-31.66,-57.17,-59.61,56.84,-9.84,-0.56
2024/01/01 16:13:32.61,184.61,-31.71,-57.17,-59.60,57.39,-9.54,-0.48
2024/01/01 16:13:32.62,184.62,-31.75,-57.16,-59.59,57.84,-9.25,-0.41
2024/01/01 16:13:32.63,184.63,-31.75,-57.16,-59.59,58.10,-9.05,-0.34
2024/01/01 16:13:32.64,184.64,-31.72,-57.17,-59.58,58.14,-8.98,-0.28
2024/01/01 16:13:32.65,184.65,-31.65,-57.19,-59.58,58.02,-9.06,-0.27
2024/01/01 16:13:32.66,184.66,-31.55,-57.23,-59.59,57.77,-9.28,-0.32
2024/01/01 16:13:32.67,184.67,-31.44,-57.26,-59.60,57.42,-9.56,-0.45
2024/01/01 16:13:32.68,184.68,-31.36,-57.29,-59.60,56.96,-9.84,-0.58
2024/01/01 16:13:32.69,184.69,-31.30,-57.30,-59.60,56.42,-10.00,-0.70
2024/01/01 16:13:32.70,184.70,-31.28,-57.31,-59.60,55.85,-9.99,-0.80
2024/01/01 16:13:32.71,184.71,-31.30,-57.32,-59.62,55.35,-9.84,-0.86
2024/01/01 16:13:32.72,184.72,-31.35,-57.32,-59.65,54.98,-9.63,-0.82
2024/01/01 16:13:32.73,184.73,-31.43,-57.33,-59.66,54.80,-9.45,-0.69
2024/01/01 16:13:32.74,184.74,-31.52,-57.35,-59.68,54.82,-9.34,-0.62
2024/01/01 16:13:32.75,184.75,-31.61,-57.37,-59.70,55.07,-9.34,-0.65
2024/01/01 16:13:32.76,184.76,-31.70,-57.40,-59.73,55.51,-9.41,-0.70
2024/01/01 16:13:32.77,184.77,-31.77,-57.43,-59.77,56.04,-9.57,-0.69
2024/01/01 16:13:32.78,184.78,-31.80,-57.44,-59.80,56.52,-9.78,-0.70
2024/01/01 16:13:32.79,184.79,-31.78,-57.45,-59.82,56.85,-9.99,-0.75
2024/01/01 16:13:32.80,184.80,-31.74,-57.44,-59.82,57.00,-10.16,-0.79
2024/01/01 16:13:32.81,184.81,-31.69,-57.42,-59.80,57.00,-10.25,-0.80
2024/01/01 16:13:32.82,184.82,-31.64,-57.39,-59.77,56.93,-10.27,-0.83
2024/01/01 16:13:32.83,184.83,-31.60,-57.37,-59.75,56.81,-10.22,-0.87
2024/01/01 16:13:32.84,184.84,-31.56,-57.36,-59.72,56.62,-10.11,-0.90
2024/01/01 16:13:32.85,184.85,-31.52,-57.35,-59.69,56.35,-9.96,-0.93
2024/01/01 16:13:32.86,184.86,-31.48,-57.36,-59.66,56.09,-9.80,-0.90
2024/01/01 16:13:32.87,184.87,-31.46,-57.34,-59.63,55.94,-9.64,-0.80
2024/01/01 16:13:32.88,184.88,-31.45,-57.32,-59.59,56.03,-9.48,-0.67
2024/01/01 16:13:32.89,184.89,-31.45,-57.29,-59.56,56.37,-9.37,-0.56
2024/01/01 16:13:32.90,184.90,-31.48,-57.27,-59.52,56.79,-9.31,-0.53
2024/01/01 16:13:32.91,184.91,-31.52,-57.24,-59.49,57.06,-9.32,-0.57
2024/01/01 16:13:32.92,184.92,-31.56,-57.20,-59.47,57.07,-9.40,-0.59
2024/01/01 16:13:32.93,184.93,-31.59,-57.16,-59.46,56.85,-9.56,-0.55
2024/01/01 16:13:32.94,184.94,-31.59,-57.13,-59.44,56.61,-9.80,-0.49
2024/01/01 16:13:32.95,184.95,-31.57,-57.13,-59.43,56.49,-10.06,-0.45
2024/01/01 16:13:32.96,184.96,-31.53,-57.16,-59.43,56.54,-10.22,-0.43
2024/01/01 16:13:32.97,184.97,-31.49,-57.22,-59.46,56.70,-10.22,-0.40
2024/01/01 16:13:32.98,184.98,-31.46,-57.26,-59.51,56.82,-10.05,-0.36
2024/01/01 16:13:32.99,184.99,-31.45,-57.27,-59.55,56.81,-9.73,-0.33
2024/01/01 16:13:33.00,185.00,-31.47,-57.26,-59.58,56.63,-9.33,-0.36
2024/01/01 16:13:33.01,185.01,-31.51,-57.24,-59.60,56.34,-8.92,-0.46
2024/01/01 16:13:33.02,185.02,-31.55,-57.23,-59.61,56.05,-8.61,-0.54
2024/01/01 16:13:33.03,185.03,-31.58,-57.24,-59.62,55.81,-8.47,-0.60
2024/01/01 16:13:33.04,185.04,-31.60,-57.25,-59.64,55.67,-8.52,-0.67
2024/01/01 16:13:33.05,185.05,-31.64,-57.25,-59.67,55.65,-8.80,-0.77
2024/01/01 16:13:33.06,185.06,-31.66,-57.25,-59.70,55.73,-9.27,-0.85
2024/01/01 16:13:33.07,185.07,-31.67,-57.25,-59.74,55.86,-9.80,-0.87
2024/01/01 16:13:33.08,185.08,-31.67,-57.25,-59.77,55.97,-10.27,-0.83
2024/01/01 16:13:33.09,185.09,-31.66,-57.25,-59.81,56.04,-10.56,-0.77
2024/01/01 16:13:33.10,185.10,-31.64,-57.23,-59.84,56.06,-10.62,-0.76
2024/01/01 16:13:33.11,185.11,-31.62,-57.20,-59.85,56.10,-10.45,-0.83
2024/01/01 16:13:33.12,185.12,-31.60,-57.18,-59.85,56.18,-10.11,-0.94
2024/01/01 16:13:33.13,185.13,-31.59,-57.15,-59.83,56.30,-9.70,-1.01
2024/01/01 16:13:33.14,185.14,-31.59,-57.14,-59.82,56.44,-9.33,-1.02
2024/01/01 16:13:33.15,185.15,-31.59,-57.15,-59.80,56.56,-9.06,-0.98
2024/01/01 16:13:33.16,185.16,-31.60,-57.16,-59.78,56.66,-8.97,-0.91
2024/01/01 16:13:33.17,185.17,-31.59,-57.18,-59.75,56.78,-9.07,-0.86
2024/01/01 16:13:33.18,185.18,-31.57,-57.18,-59.73,56.93,-9.31,-0.77
2024/01/01 16:13:33.19,185.19,-31.55,-57.16,-59.71,57.08,-9.63,-0.64
2024/01/01 16:13:33.20,185.20,-31.53,-57.11,-59.70,57.16,-9.90,-0.59
2024/01/01 16:13:33.21,185.21,-31.49,-57.05,-59.68,57.13,-10.02,-0.64
2024/01/01 16:13:33.22,185.22,-31.46,-57.01,-59.67,56.99,-9.93,-0.71
2024/01/01 16:13:33.23,185.23,-31.43,-57.01,-59.66,56.75,-9.65,-0.70
2024/01/01 16:13:33.24,185.24,-31.42,-57.02,-59.65,56.44,-9.30,-0.66
2024/01/01 16:13:33.25,185.25,-31.42,-57.06,-59.65,56.08,-9.05,-0.61
2024/01/01 16:13:33.26,185.26,-31.44,-57.09,-59.67,55.72,-9.00,-0.62
2024/01/01 16:13:33.27,185.27,-31.47,-57.10,-59.69,55.44,-9.17,-0.67
2024/01/01 16:13:33.28,185.28,-31.50,-57.12,-59.71,55.32,-9.41,-0.74
2024/01/01 16:13:33.29,185.29,-31.52,-57.12,-59.74,55.41,-9.57,-0.78
2024/01/01 16:13:33.30,185.30,-31.54,-57.13,-59.76,55.71,-9.54,-0.78
2024/01/01 16:13:33.31,185.31,-31.56,-57.15,-59.77,56.13,-9.37,-0.72
2024/01/01 16:13:33.32,185.32,-31.57,-57.18,-59.78,56.55,-9.17,-0.66
2024/01/01 16:13:33.33,185.33,-31.58,-57.20,-59.77,56.85,-9.07,-0.66
2024/01/01 16:13:33.34,185.34,-31.57,-57.21,-59.77,56.96,-9.15,-0.74
2024/01/01 16:13:33.35,185.35,-31.55,-57.21,-59.77,56.90,-9.38,-0.84
2024/01/01 16:13:33.36,185.36,-31.52,-57.20,-59.79,56.76,-9.67,-0.90
2024/01/01 16:13:33.37,185.37,-31.49,-57.18,-59.82,56.60,-9.94,-0.88
2024/01/01 16:13:33.38,185.38,-31.48,-57.15,-59.84,56.48,-10.09,-0.82
2024/01/01 16:13:33.39,185.39,-31.48,-57.12,-59.85,56.45,-10.10,-0.80
2024/01/01 16:13:33.40,185.40,-31.51,-57.12,-59.85,56.49,-10.01,-0.83
2024/01/01 16:13:33.41,185.41,-31.55,-57.14,-59.85,56.52,-9.87,-0.89
2024/01/01 16:13:33.42,185.42,-31.58,-57.19,-59.84,56.47,-9.71,-0.93
2024/01/01 16:13:33.43,185.43,-31.59,-57.23,-59.84,56.36,-9.53,-0.95
2024/01/01 16:13:33.44,185.44,-31.58,-57.25,-59.83,56.24,-9.38,-0.95
2024/01/01 16:13:33.45,185.45,-31.55,-57.27,-59.82,56.19,-9.28,-0.88
2024/01/01 16:13:33.46,185.46,-31.52,-57.28,-59.81,56.25,-9.26,-0.77
2024/01/01 16:13:33.47,185.47,-31.48,-57.28,-59.81,56.41,-9.32,-0.72
2024/01/01 16:13:33.48,185.48,-31.46,-57.27,-59.81,56.53,-9.45,-0.75
2024/01/01 16:13:33.49,185.49,-31.45,-57.26,-59.81,56.52,-9.62,-0.84
2024/01/01 16:13:33.50,185.50,-31.46,-57.25,-59.79,56.41,-9.79,-0.95
2024/01/01 16:13:33.51,185.51,-31.47,-57.24,-59.79,56.25,-9.91,-1.04
2024/01/01 16:13:33.52,185.52,-31.48,-57.23,-59.78,56.15,-9.92,-1.07
2024/01/01 16:13:33.53,185.53,-31.47,-57.22,-59.79,56.20,-9.83,-1.03
2024/01/01 16:13:33.54,185.54,-31.46,-57.21,-59.80,56.37,-9.71,-0.91
2024/01/01 16:13:33.55,185.55,-31.44,-57.22,-59.80,56.58,-9.61,-0.77
2024/01/01 16:13:33.56,185.56,-31.44,-57.22,-59.81,56.73,-9.53,-0.68
2024/01/01 16:13:33.57,185.57,-31.45,-57.21,-59.82,56.78,-9.45,-0.66
2024/01/01 16:13:33.58,185.58,-31.48,-57.19,-59.82,56.72,-9.41,-0.68
2024/01/01 16:13:33.59,185.59,-31.51,-57.17,-59.81,56.59,-9.44,-0.75
2024/01/01 16:13:33.60,185.60,-31.53,-57.17,-59.81,56.43,-9.51,-0.88
2024/01/01 16:13:33.61,185.61,-31.55,-57.19,-59.82,56.33,-9.57,-1.01
2024/01/01 16:13:33.62,185.62,-31.57,-57.22,-59.82,56.29,-9.64,-1.01
2024/01/01 16:13:33.63,185.63,-31.57,-57.23,-59.82,56.33,-9.73,-0.91
2024/01/01 16:13:33.64,185.64,-31.57,-57.23,-59.81,56.46,-9.81,-0.81
2024/01/01 16:13:33.65,185.65,-31.57,-57.22,-59.80,56.63,-9.82,-0.75
2024/01/01 16:13:33.66,185.66,-31.57,-57.22,-59.79,56.75,-9.74,-0.69
2024/01/01 16:13:33.67,185.67,-31.58,-57.20,-59.79,56.74,-9.57,-0.63
2024/01/01 16:13:33.68,185.68,-31.57,-57.17,-59.80,56.55,-9.37,-0.65
2024/01/01 16:13:33.69,185.69,-31.57,-57.14,-59.80,56.27,-9.22,-0.72
2024/01/01 16:13:33.70,185.70,-31.55,-57.12,-59.81,56.02,-9.21,-0.81
2024/01/01 16:13:33.71,185.71,-31.52,-57.11,-59.82,55.92,-9.34,-0.88
2024/01/01 16:13:33.72,185.72,-31.46,-57.08,-59.82,56.00,-9.50,-0.93
2024/01/01 16:13:33.73,185.73,-31.41,-57.05,-59.82,56.16,-9.60,-0.95
2024/01/01 16:13:33.74,185.74,-31.37,-57.02,-59.82,56.26,-9.60,-0.96
2024/01/01 16:13:33.75,185.75,-31.35,-57.01,-59.82,56.25,-9.53,-0.96
2024/01/01 16:13:33.76,185.76,-31.34,-57.01,-59.84,56.16,-9.43,-0.96
2024/01/01 16:13:33.77,185.77,-31.33,-57.03,-59.86,56.07,-9.36,-0.94
2024/01/01 16:13:33.78,185.78,-31.34,-57.03,-59.87,56.03,-9.33,-0.89
2024/01/01 16:13:33.79,185.79,-31.37,-57.02,-59.88,56.07,-9.33,-0.85
2024/01/01 16:13:33.80,185.80,-31.41,-56.97,-59.87,56.20,-9.34,-0.90
2024/01/01 16:13:33.81,185.81,-31.46,-56.94,-59.85,56.45,-9.30,-0.99
2024/01/01 16:13:33.82,185.82,-31.49,-56.93,-59.82,56.77,-9.23,-1.01
2024/01/01 16:13:33.83,185.83,-31.50,-56.93,-59.79,57.05,-9.17,-0.93
2024/01/01 16:13:33.84,185.84,-31.50,-56.94,-59.77,57.18,-9.19,-0.84
2024/01/01 16:13:33.85,185.85,-31.49,-56.95,-59.75,57.17,-9.29,-0.75
2024/01/01 16:13:33.86,185.86,-31.48,-56.96,-59.73,57.06,-9.43,-0.66
2024/01/01 16:13:33.87,185.87,-31.47,-56.97,-59.72,56.93,-9.55,-0.56
2024/01/01 16:13:33.88,185.88,-31.44,-56.99,-59.72,56.84,-9.56,-0.50
2024/01/01 16:13:33.89,185.89,-31.40,-57.01,-59.72,56.75,-9.38,-0.57
2024/01/01 16:13:33.90,185.90,-31.36,-57.03,-59.73,56.58,-9.09,-0.74
2024/01/01 16:13:33.91,185.91,-31.32,-57.05,-59.76,56.35,-8.89,-0.93
2024/01/01 16:13:33.92,185.92,-31.29,-57.06,-59.80,56.13,-8.88,-1.02
2024/01/01 16:13:33.93,185.93,-31.27,-57.07,-59.84,55.99,-9.02,-1.00
2024/01/01 16:13:33.94,185.94,-31.28,-57.06,-59.89,55.96,-9.26,-0.95
2024/01/01 16:13:33.95,185.95,-31.31,-57.04,-59.93,56.04,-9.53,-0.95
2024/01/01 16:13:33.96,185.96,-31.34,-57.04,-59.96,56.16,-9.69,-0.98
2024/01/01 16:13:33.97,185.97,-31.38,-57.04,-59.98,56.27,-9.69,-1.00
2024/01/01 16:13:33.98,185.98,-31.41,-57.03,-59.99,56.40,-9.57,-1.01
2024/01/01 16:13:33.99,185.99,-31.43,-57.00,-60.01,56.59,-9.38,-1.02
2024/01/01 16:13:34.00,186.00,-31.45,-56.97,-60.02,56.80,-9.22,-1.01
2024/01/01 16:13:34.01,186.01,-31.48,-56.94,-60.04,56.93,-9.13,-0.98
2024/01/01 16:13:34.02,186.02,-31.50,-56.92,-60.05,56.92,-9.14,-0.97
2024/01/01 16:13:34.03,186.03,-31.52,-56.93,-60.05,56.80,-9.24,-1.03
2024/01/01 16:13:34.04,186.04,-31.53,-56.97,-60.05,56.61,-9.37,-1.09
2024/01/01 16:13:34.05,186.05,-31.53,-57.01,-60.04,56.43,-9.51,-1.10
2024/01/01 16:13:34.06,186.06,-31.51,-57.04,-60.02,56.35,-9.59,-1.08
2024/01/01 16:13:34.07,186.07,-31.49,-57.04,-59.99,56.38,-9.61,-1.06
2024/01/01 16:13:34.08,186.08,-31.47,-57.03,-59.96,56.45,-9.55,-1.03
2024/01/01 16:13:34.09,186.09,-31.46,-57.01,-59.93,56.45,-9.44,-0.99
2024/01/01 16:13:34.10,186.10,-31.44,-56.99,-59.89,56.35,-9.31,-0.95
2024/01/01 16:13:34.11,186.11,-31.43,-56.97,-59.86,56.18,-9.20,-0.92
2024/01/01 16:13:34.12,186.12,-31.43,-56.97,-59.84,55.99,-9.17,-0.92
2024/01/01 16:13:34.13,186.13,-31.42,-56.96,-59.82,55.90,-9.28,-0.90
2024/01/01 16:13:34.14,186.14,-31.42,-56.96,-59.81,55.98,-9.47,-0.84
2024/01/01 16:13:34.15,186.15,-31.42,-56.97,-59.81,56.22,-9.63,-0.81
2024/01/01 16:13:34.16,186.16,-31.40,-56.98,-59.81,56.50,-9.67,-0.83
2024/01/01 16:13:34.17,186.17,-31.37,-57.01,-59.80,56.71,-9.58,-0.84
2024/01/01 16:13:34.18,186.18,-31.36,-57.04,-59.79,56.78,-9.37,-0.80
2024/01/01 16:13:34.19,186.19,-31.37,-57.07,-59.79,56.77,-9.12,-0.78
2024/01/01 16:13:34.20,186.20,-31.40,-57.07,-59.78,56.72,-8.94,-0.82
2024/01/01 16:13:34.21,186.21,-31.43,-57.07,-59.79,56.68,-8.92,-0.84
2024/01/01 16:13:34.22,186.22,-31.46,-57.08,-59.79,56.62,-9.06,-0.84
2024/01/01 16:13:34.23,186.23,-31.46,-57.09,-59.80,56.56,-9.29,-0.86
2024/01/01 16:13:34.24,186.24,-31.45,-57.12,-59.81,56.49,-9.48,-0.90
2024/01/01 16:13:34.25,186.25,-31.43,-57.15,-59.82,56.45,-9.61,-0.93
2024/01/01 16:13:34.26,186.26,-31.42,-57.17,-59.83,56.51,-9.70,-0.94
2024/01/01 16:13:34.27,186.27,-31.41,-57.18,-59.84,56.64,-9.76,-0.89
2024/01/01 16:13:34.28,186.28,-31.41,-57.16,-59.85,56.73,-9.80,-0.83
2024/01/01 16:13:34.29,186.29,-31.41,-57.13,-59.86,56.70,-9.79,-0.83
2024/01/01 16:13:34.30,186.30,-31.43,-57.10,-59.88,56.56,-9.73,-0.86
2024/01/01 16:13:34.31,186.31,-31.45,-57.06,-59.89,56.35,-9.62,-0.88
2024/01/01 16:13:34.32,186.32,-31.49,-57.02,-59.90,56.18,-9.48,-0.87
2024/01/01 16:13:34.33,186.33,-31.52,-56.99,-59.91,56.15,-9.37,-0.86
2024/01/01 16:13:34.34,186.34,-31.54,-56.98,-59.91,56.29,-9.31,-0.87
2024/01/01 16:13:34.35,186.35,-31.54,-56.99,-59.90,56.47,-9.34,-0.84
2024/01/01 16:13:34.36,186.36,-31.53,-57.00,-59.88,56.59,-9.45,-0.79
2024/01/01 16:13:34.37,186.37,-31.54,-57.01,-59.86,56.63,-9.56,-0.78
2024/01/01 16:13:34.38,186.38,-31.56,-57.03,-59.85,56.58,-9.60,-0.85
2024/01/01 16:13:34.39,186.39,-31.58,-57.06,-59.83,56.47,-9.54,-0.91
2024/01/01 16:13:34.40,186.40,-31.60,-57.08,-59.82,56.32,-9.39,-0.92
2024/01/01 16:13:34.41,186.41,-31.62,-57.08,-59.80,56.11,-9.17,-0.93
2024/01/01 16:13:34.42,186.42,-31.63,-57.07,-59.79,55.87,-8.95,-0.92
2024/01/01 16:13:34.43,186.43,-31.65,-57.06,-59.78,55.68,-8.83,-0.88
2024/01/01 16:13:34.44,186.44,-31.66,-57.05,-59.76,55.64,-8.87,-0.79
2024/01/01 16:13:34.45,186.45,-31.67,-57.05,-59.74,55.78,-9.06,-0.71
2024/01/01 16:13:34.46,186.46,-31.66,-57.06,-59.74,56.02,-9.33,-0.70
2024/01/01 16:13:34.47,186.47,-31.64,-57.06,-59.74,56.23,-9.59,-0.76
2024/01/01 16:13:34.48,186.48,-31.61,-57.04,-59.75,56.34,-9.80,-0.80
2024/01/01 16:13:34.49,186.49,-31.59,-57.00,-59.76,56.35,-9.92,-0.81
2024/01/01 16:13:34.50,186.50,-31.57,-56.96,-59.77,56.34,-9.92,-0.80
2024/01/01 16:13:34.51,186.51,-31.55,-56.94,-59.78,56.38,-9.77,-0.76
2024/01/01 16:13:34.52,186.52,-31.53,-56.94,-59.78,56.47,-9.54,-0.71
2024/01/01 16:13:34.53,186.53,-31.51,-56.96,-59.79,56.56,-9.32,-0.71
2024/01/01 16:13:34.54,186.54,-31.49,-57.01,-59.81,56.58,-9.17,-0.79
2024/01/01 16:13:34.55,186.55,-31.48,-57.06,-59.83,56.54,-9.15,-0.87
2024/01/01 16:13:34.56,186.56,-31.48,-57.09,-59.86,56.49,-9.27,-0.87
2024/01/01 16:13:34.57,186.57,-31.49,-57.09,-59.88,56.50,-9.43,-0.83
2024/01/01 16:13:34.58,186.58,-31.52,-57.07,-59.90,56.57,-9.50,-0.82
2024/01/01 16:13:34.59,186.59,-31.54,-57.03,-59.92,56.66,-9.42,-0.87
2024/01/01 16:13:34.60,186.60,-31.54,-57.00,-59.93,56.69,-9.23,-0.94
2024/01/01 16:13:34.61,186.61,-31.53,-56.98,-59.95,56.64,-9.02,-1.01
2024/01/01 16:13:34.62,186.62,-31.51,-56.98,-59.96,56.52,-8.90,-1.06
2024/01/01 16:13:34.63,186.63,-31.48,-56.98,-59.97,56.36,-8.97,-1.09
2024/01/01 16:13:34.64,186.64,-31.45,-56.98,-59.98,56.21,-9.24,-1.05
2024/01/01 16:13:34.65,186.65,-31.44,-56.97,-59.98,56.11,-9.58,-0.98
2024/01/01 16:13:34.66,186.66,-31.44,-56.97,-59.98,56.05,-9.83,-0.97
2024/01/01 16:13:34.67,186.67,-31.46,-56.98,-59.99,56.02,-9.87,-1.01
2024/01/01 16:13:34.68,186.68,-31.49,-56.99,-60.00,56.00,-9.70,-1.05
2024/01/01 16:13:34.69,186.69,-31.52,-57.00,-59.99,55.98,-9.42,-1.04
2024/01/01 16:13:34.70,186.70,-31.55,-57.00,-59.97,56.01,-9.17,-1.01
2024/01/01 16:13:34.71,186.71,-31.56,-57.00,-59.94,56.10,-9.01,-0.97
2024/01/01 16:13:34.72,186.72,-31.56,-57.01,-59.92,56.27,-8.97,-0.92
2024/01/01 16:13:34.73,186.73,-31.56,-57.01,-59.91,56.49,-9.03,-0.88
2024/01/01 16:13:34.74,186.74,-31.57,-57.02,-59.92,56.68,-9.15,-0.87
2024/01/01 16:13:34.75,186.75,-31.59,-57.01,-59.93,56.79,-9.31,-0.89
2024/01/01 16:13:34.76,186.76,-31.60,-57.02,-59.95,56.81,-9.53,-0.92
2024/01/01 16:13:34.77,186.77,-31.59,-57.04,-59.97,56.75,-9.76,-0.94
2024/01/01 16:13:34.78,186.78,-31.57,-57.06,-59.98,56.64,-9.91,-0.93
2024/01/01 16:13:34.79,186.79,-31.57,-57.07,-59.99,56.51,-9.91,-0.93
2024/01/01 16:13:34.80,186.80,-31.57,-57.08,-59.99,56.38,-9.74,-1.00
2024/01/01 16:13:34.81,186.81,-31.57,-57.09,-60.01,56.27,-9.45,-1.09
2024/01/01 16:13:34.82,186.82,-31.56,-57.10,-60.01,56.17,-9.15,-1.13
2024/01/01 16:13:34.83,186.83,-31.56,-57.09,-60.01,56.08,-8.97,-1.11
2024/01/01 16:13:34.84,186.84,-31.55,-57.07,-60.01,55.97,-8.99,-1.07
2024/01/01 16:13:34.85,186.85,-31.55,-57.05,-60.01,55.89,-9.17,-1.05
2024/01/01 16:13:34.86,186.86,-31.55,-57.04,-60.01,55.88,-9.42,-1.03
2024/01/01 16:13:34.87,186.87,-31.56,-57.03,-60.01,56.00,-9.68,-1.01
2024/01/01 16:13:34.88,186.88,-31.58,-57.02,-60.02,56.19,-9.84,-1.04
2024/01/01 16:13:34.89,186.89,-31.59,-57.01,-60.03,56.38,-9.88,-1.10
2024/01/01 16:13:34.90,186.90,-31.59,-57.00,-60.04,56.48,-9.80,-1.14
2024/01/01 16:13:34.91,186.91,-31.61,-56.99,-60.05,56.49,-9.67,-1.09
2024/01/01 16:13:34.92,186.92,-31.62,-56.98,-60.05,56.43,-9.52,-1.00
2024/01/01 16:13:34.93,186.93,-31.62,-56.97,-60.05,56.36,-9.38,-0.91
2024/01/01 16:13:34.94,186.94,-31.60,-56.95,-60.03,56.32,-9.27,-0.86
2024/01/01 16:13:34.95,186.95,-31.57,-56.93,-60.02,56.33,-9.16,-0.88
2024/01/01 16:13:34.96,186.96,-31.55,-56.92,-60.03,56.37,-9.04,-0.97
2024/01/01 16:13:34.97,186.97,-31.54,-56.92,-60.03,56.34,-8.92,-1.11
2024/01/01 16:13:34.98,186.98,-31.53,-56.93,-60.04,56.27,-8.84,-1.20
2024/01/01 16:13:34.99,186.99,-31.51,-56.95,-60.06,56.18,-8.85,-1.21
2024/01/01 16:13:35.00,187.00,-31.52,-56.97,-60.06,56.09,-8.97,-1.16
2024/01/01 16:13:35.01,187.01,-31.54,-56.97,-60.06,56.02,-9.16,-1.10
2024/01/01 16:13:35.02,187.02,-31.58,-56.97,-60.06,56.04,-9.34,-1.06
2024/01/01 16:13:35.03,187.03,-31.62,-56.97,-60.06,56.16,-9.44,-1.05
2024/01/01 16:13:35.04,187.04,-31.64,-56.97,-60.07,56.29,-9.46,-1.06
2024/01/01 16:13:35.05,187.05,-31.65,-56.98,-60.07,56.37,-9.43,-1.07
2024/01/01 16:13:35.06,187.06,-31.65,-56.99,-60.06,56.37,-9.40,-1.04
2024/01/01 16:13:35.07,187.07,-31.65,-57.01,-60.04,56.36,-9.45,-0.98
2024/01/01 16:13:35.08,187.08,-31.65,-57.02,-60.03,56.40,-9.58,-0.95
2024/01/01 16:13:35.09,187.09,-31.64,-57.02,-60.02,56.50,-9.72,-0.95
2024/01/01 16:13:35.10,187.10,-31.63,-57.03,-60.03,56.57,-9.79,-0.98
2024/01/01 16:13:35.11,187.11,-31.61,-57.04,-60.04,56.53,-9.75,-1.05
2024/01/01 16:13:35.12,187.12,-31.59,-57.05,-60.06,56.36,-9.59,-1.14
2024/01/01 16:13:35.13,187.13,-31.57,-57.07,-60.08,56.16,-9.42,-1.18
2024/01/01 16:13:35.14,187.14,-31.55,-57.09,-60.08,56.01,-9.31,-1.15
2024/01/01 16:13:35.15,187.15,-31.55,-57.12,-60.09,55.95,-9.30,-1.11
2024/01/01 16:13:35.16,187.16,-31.56,-57.15,-60.09,55.96,-9.33,-1.11
2024/01/01 16:13:35.17,187.17,-31.57,-57.17,-60.09,55.99,-9.36,-1.14
2024/01/01 16:13:35.18,187.18,-31.58,-57.18,-60.09,55.99,-9.35,-1.16
2024/01/01 16:13:35.19,187.19,-31.59,-57.17,-60.09,55.99,-9.31,-1.17
2024/01/01 16:13:35.20,187.20,-31.59,-57.15,-60.08,56.07,-9.28,-1.17
2024/01/01 16:13:35.21,187.21,-31.59,-57.13,-60.07,56.24,-9.27,-1.14
2024/01/01 16:13:35.22,187.22,-31.58,-57.11,-60.07,56.46,-9.32,-1.09
2024/01/01 16:13:35.23,187.23,-31.56,-57.08,-60.06,56.65,-9.44,-1.05
2024/01/01 16:13:35.24,187.24,-31.55,-57.07,-60.06,56.75,-9.63,-1.05
2024/01/01 16:13:35.25,187.25,-31.53,-57.06,-60.04,56.73,-9.83,-1.07
2024/01/01 16:13:35.26,187.26,-31.52,-57.06,-60.03,56.62,-9.97,-1.08
2024/01/01 16:13:35.27,187.27,-31.51,-57.07,-60.03,56.50,-10.01,-1.05
2024/01/01 16:13:35.28,187.28,-31.50,-57.09,-60.02,56.41,-9.92,-1.02
2024/01/01 16:13:35.29,187.29,-31.51,-57.10,-60.02,56.36,-9.73,-0.97
2024/01/01 16:13:35.30,187.30,-31.52,-57.11,-60.02,56.34,-9.51,-0.95
2024/01/01 16:13:35.31,187.31,-31.54,-57.12,-60.02,56.35,-9.30,-0.96
2024/01/01 16:13:35.32,187.32,-31.55,-57.12,-60.01,56.37,-9.12,-1.01
2024/01/01 16:13:35.33,187.33,-31.57,-57.11,-60.00,56.37,-8.99,-1.07
2024/01/01 16:13:35.34,187.34,-31.58,-57.11,-59.99,56.37,-8.95,-1.13
2024/01/01 16:13:35.35,187.35,-31.57,-57.12,-59.99,56.37,-9.01,-1.14
2024/01/01 16:13:35.36,187.36,-31.57,-57.12,-59.98,56.35,-9.17,-1.10
2024/01/01 16:13:35.37,187.37,-31.57,-57.12,-59.98,56.29,-9.40,-1.03
2024/01/01 16:13:35.38,187.38,-31.57,-57.11,-59.99,56.21,-9.64,-0.95
2024/01/01 16:13:35.39,187.39,-31.60,-57.09,-60.01,56.14,-9.83,-0.89
2024/01/01 16:13:35.40,187.40,-31.63,-57.07,-60.01,56.10,-9.89,-0.89
2024/01/01 16:13:35.41,187.41,-31.65,-57.05,-60.02,56.11,-9.80,-0.95
2024/01/01 16:13:35.42,187.42,-31.65,-57.04,-60.02,56.14,-9.60,-1.03
2024/01/01 16:13:35.43,187.43,-31.65,-57.04,-60.02,56.20,-9.38,-1.08
2024/01/01 16:13:35.44,187.44,-31.64,-57.04,-60.03,56.25,-9.26,-1.09
2024/01/01 16:13:35.45,187.45,-31.63,-57.04,-60.03,56.27,-9.28,-1.08
2024/01/01 16:13:35.46,187.46,-31.62,-57.04,-60.03,56.30,-9.41,-1.06
2024/01/01 16:13:35.47,187.47,-31.62,-57.05,-60.02,56.32,-9.56,-1.06
2024/01/01 16:13:35.48,187.48,-31.62,-57.05,-60.02,56.32,-9.65,-1.07
2024/01/01 16:13:35.49,187.49,-31.62,-57.06,-60.02,56.26,-9.65,-1.06
2024/01/01 16:13:35.50,187.50,-31.63,-57.07,-60.01,56.17,-9.59,-1.06
2024/01/01 16:13:35.51,187.51,-31.65,-57.08,-60.01,56.12,-9.50,-1.07
2024/01/01 16:13:35.52,187.52,-31.66,-57.08,-60.01,56.11,-9.38,-1.06
2024/01/01 16:13:35.53,187.53,-31.65,-57.07,-60.01,56.15,-9.25,-1.01
2024/01/01 16:13:35.54,187.54,-31.65,-57.07,-60.00,56.25,-9.13,-0.97
2024/01/01 16:13:35.55,187.55,-31.64,-57.06,-60.01,56.36,-9.06,-1.00
2024/01/01 16:13:35.56,187.56,-31.63,-57.05,-60.02,56.45,-9.03,-1.05
2024/01/01 16:13:35.57,187.57,-31.61,-57.04,-60.03,56.48,-9.06,-1.05
2024/01/01 16:13:35.58,187.58,-31.61,-57.05,-60.04,56.44,-9.18,-1.03
2024/01/01 16:13:35.59,187.59,-31.60,-57.07,-60.05,56.36,-9.36,-1.05
2024/01/01 16:13:35.60,187.60,-31.58,-57.10,-60.05,56.26,-9.59,-1.09
2024/01/01 16:13:35.61,187.61,-31.56,-57.12,-60.05,56.19,-9.78,-1.12
2024/01/01 16:13:35.62,187.62,-31.53,-57.14,-60.05,56.15,-9.88,-1.12
2024/01/01 16:13:35.63,187.63,-31.51,-57.16,-60.04,56.13,-9.84,-1.12
2024/01/01 16:13:35.64,187.64,-31.51,-57.19,-60.04,56.11,-9.67,-1.09
2024/01/01 16:13:35.65,187.65,-31.52,-57.21,-60.03,56.14,-9.46,-1.05
2024/01/01 16:13:35.66,187.66,-31.53,-57.21,-60.02,56.22,-9.34,-1.04
2024/01/01 16:13:35.67,187.67,-31.55,-57.20,-60.00,56.31,-9.36,-1.04
2024/01/01 16:13:35.68,187.68,-31.56,-57.18,-59.98,56.37,-9.52,-1.00
2024/01/01 16:13:35.69,187.69,-31.58,-57.18,-59.97,56.41,-9.72,-0.95
2024/01/01 16:13:35.70,187.70,-31.59,-57.19,-59.95,56.46,-9.86,-0.94
2024/01/01 16:13:35.71,187.71,-31.60,-57.19,-59.94,56.52,-9.88,-0.93
2024/01/01 16:13:35.72,187.72,-31.60,-57.20,-59.93,56.58,-9.80,-0.92
2024/01/01 16:13:35.73,187.73,-31.60,-57.20,-59.93,56.63,-9.71,-0.91
2024/01/01 16:13:35.74,187.74,-31.60,-57.20,-59.92,56.63,-9.65,-0.91
2024/01/01 16:13:35.75,187.75,-31.59,-57.19,-59.91,56.54,-9.62,-0.87
2024/01/01 16:13:35.76,187.76,-31.58,-57.17,-59.90,56.44,-9.60,-0.86
2024/01/01 16:13:35.77,187.77,-31.58,-57.16,-59.90,56.38,-9.57,-0.91
2024/01/01 16:13:35.78,187.78,-31.58,-57.17,-59.89,56.36,-9.52,-0.95
2024/01/01 16:13:35.79,187.79,-31.58,-57.19,-59.88,56.32,-9.45,-0.96
2024/01/01 16:13:35.80,187.80,-31.58,-57.19,-59.88,56.26,-9.39,-0.94
2024/01/01 16:13:35.81,187.81,-31.57,-57.17,-59.88,56.17,-9.37,-0.93
2024/01/01 16:13:35.82,187.82,-31.57,-57.15,-59.87,56.10,-9.39,-0.91
2024/01/01 16:13:35.83,187.83,-31.57,-57.15,-59.88,56.06,-9.43,-0.90
2024/01/01 16:13:35.84,187.84,-31.57,-57.15,-59.88,56.08,-9.45,-0.88
2024/01/01 16:13:35.85,187.85,-31.57,-57.16,-59.89,56.12,-9.43,-0.88
2024/01/01 16:13:35.86,187.86,-31.57,-57.17,-59.90,56.17,-9.40,-0.90
2024/01/01 16:13:35.87,187.87,-31.58,-57.16,-59.91,56.20,-9.44,-0.94
2024/01/01 16:13:35.88,187.88,-31.59,-57.15,-59.92,56.23,-9.56,-0.98
2024/01/01 16:13:35.89,187.89,-31.61,-57.15,-59.93,56.27,-9.70,-0.98
2024/01/01 16:13:35.90,187.90,-31.63,-57.15,-59.94,56.32,-9.77,-0.97
2024/01/01 16:13:35.91,187.91,-31.64,-57.16,-59.95,56.37,-9.74,-0.96
2024/01/01 16:13:35.92,187.92,-31.65,-57.16,-59.96,56.42,-9.63,-0.95
2024/01/01 16:13:35.93,187.93,-31.64,-57.18,-59.97,56.48,-9.52,-0.97
2024/01/01 16:13:35.94,187.94,-31.61,-57.21,-59.97,56.53,-9.44,-0.98
2024/01/01 16:13:35.95,187.95,-31.60,-57.23,-59.96,56.58,-9.42,-0.97
2024/01/01 16:13:35.96,187.96,-31.59,-57.24,-59.95,56.60,-9.46,-0.96
2024/01/01 16:13:35.97,187.97,-31.59,-57.24,-59.94,56.54,-9.56,-0.95
2024/01/01 16:13:35.98,187.98,-31.60,-57.24,-59.93,56.42,-9.66,-0.94
2024/01/01 16:13:35.99,187.99,-31.60,-57.24,-59.92,56.26,-9.73,-0.93
2024/01/01 16:13:36.00,188.00,-31.60,-57.25,-59.91,56.12,-9.75,-0.91
2024/01/01 16:13:36.01,188.01,-31.60,-57.26,-59.91,56.03,-9.74,-0.92
2024/01/01 16:13:36.02,188.02,-31.60,-57.26,-59.93,56.02,-9.73,-0.93
2024/01/01 16:13:36.03,188.03,-31.60,-57.27,-59.94,56.11,-9.76,-0.92
2024/01/01 16:13:36.04,188.04,-31.60,-57.28,-59.95,56.26,-9.78,-0.89
2024/01/01 16:13:36.05,188.05,-31.60,-57.29,-59.95,56.38,-9.76,-0.88
2024/01/01 16:13:36.06,188.06,-31.61,-57.28,-59.95,56.40,-9.67,-0.92
2024/01/01 16:13:36.07,188.07,-31.61,-57.26,-59.95,56.33,-9.57,-0.98
2024/01/01 16:13:36.08,188.08,-31.62,-57.25,-59.96,56.19,-9.54,-1.02
2024/01/01 16:13:36.09,188.09,-31.63,-57.25,-59.97,56.06,-9.60,-1.03
2024/01/01 16:13:36.10,188.10,-31.64,-57.26,-59.98,56.00,-9.69,-1.02
2024/01/01 16:13:36.11,188.11,-31.65,-57.27,-59.99,56.05,-9.75,-1.02
2024/01/01 16:13:36.12,188.12,-31.67,-57.27,-60.00,56.19,-9.77,-1.02
2024/01/01 16:13:36.13,188.13,-31.68,-57.27,-60.00,56.37,-9.74,-1.00
2024/01/01 16:13:36.14,188.14,-31.68,-57.26,-59.99,56.49,-9.66,-0.97
2024/01/01 16:13:36.15,188.15,-31.69,-57.24,-59.98,56.53,-9.56,-0.97
2024/01/01 16:13:36.16,188.16,-31.69,-57.22,-59.97,56.49,-9.47,-0.97
2024/01/01 16:13:36.17,188.17,-31.69,-57.21,-59.97,56.39,-9.43,-0.99
2024/01/01 16:13:36.18,188.18,-31.69,-57.21,-59.97,56.27,-9.44,-1.01
2024/01/01 16:13:36.19,188.19,-31.69,-57.22,-59.97,56.18,-9.50,-1.02
2024/01/01 16:13:36.20,188.20,-31.68,-57.23,-59.96,56.11,-9.56,-1.02
2024/01/01 16:13:36.21,188.21,-31.67,-57.24,-59.95,56.05,-9.61,-1.01
2024/01/01 16:13:36.22,188.22,-31.68,-57.24,-59.94,56.00,-9.66,-1.00
2024/01/01 16:13:36.23,188.23,-31.69,-57.24,-59.94,56.00,-9.70,-0.98
2024/01/01 16:13:36.24,188.24,-31.71,-57.23,-59.94,56.07,-9.71,-0.95
2024/01/01 16:13:36.25,188.25,-31.71,-57.21,-59.94,56.18,-9.72,-0.91
2024/01/01 16:13:36.26,188.26,-31.70,-57.21,-59.95,56.27,-9.72,-0.91
2024/01/01 16:13:36.27,188.27,-31.68,-57.21,-59.95,56.30,-9.69,-0.94
2024/01/01 16:13:36.28,188.28,-31.68,-57.23,-59.96,56.27,-9.61,-0.97
2024/01/01 16:13:36.29,188.29,-31.67,-57.25,-59.96,56.22,-9.53,-0.99
2024/01/01 16:13:36.30,188.30,-31.67,-57.28,-59.96,56.22,-9.50,-1.00
2024/01/01 16:13:36.31,188.31,-31.68,-57.30,-59.97,56.29,-9.51,-0.98
2024/01/01 16:13:36.32,188.32,-31.68,-57.32,-59.98,56.35,-9.57,-0.95
2024/01/01 16:13:36.33,188.33,-31.69,-57.33,-60.00,56.34,-9.66,-0.93
2024/01/01 16:13:36.34,188.34,-31.69,-57.34,-60.01,56.27,-9.73,-0.93
2024/01/01 16:13:36.35,188.35,-31.69,-57.34,-60.03,56.16,-9.73,-0.96
2024/01/01 16:13:36.36,188.36,-31.69,-57.33,-60.05,56.08,-9.70,-1.00
2024/01/01 16:13:36.37,188.37,-31.68,-57.32,-60.07,56.05,-9.67,-1.04
2024/01/01 16:13:36.38,188.38,-31.68,-57.31,-60.08,56.09,-9.68,-1.07
2024/01/01 16:13:36.39,188.39,-31.67,-57.31,-60.08,56.16,-9.72,-1.11
2024/01/01 16:13:36.40,188.40,-31.67,-57.31,-60.08,56.22,-9.78,-1.15
2024/01/01 16:13:36.41,188.41,-31.67,-57.32,-60.09,56.25,-9.86,-1.17
2024/01/01 16:13:36.42,188.42,-31.68,-57.32,-60.09,56.25,-9.94,-1.14
2024/01/01 16:13:36.43,188.43,-31.68,-57.32,-60.10,56.21,-9.99,-1.10
2024/01/01 16:13:36.44,188.44,-31.69,-57.34,-60.10,56.16,-10.00,-1.08
2024/01/01 16:13:36.45,188.45,-31.69,-57.36,-60.08,56.13,-9.94,-1.05
2024/01/01 16:13:36.46,188.46,-31.69,-57.38,-60.06,56.13,-9.82,-1.04
2024/01/01 16:13:36.47,188.47,-31.69,-57.38,-60.05,56.18,-9.67,-1.06
2024/01/01 16:13:36.48,188.48,-31.69,-57.39,-60.04,56.25,-9.54,-1.14
2024/01/01 16:13:36.49,188.49,-31.68,-57.40,-60.04,56.28,-9.45,-1.17
2024/01/01 16:13:36.50,188.50,-31.67,-57.40,-60.03,56.28,-9.45,-1.14
2024/01/01 16:13:36.51,188.51,-31.67,-57.40,-60.02,56.27,-9.54,-1.07
2024/01/01 16:13:36.52,188.52,-31.66,-57.39,-60.01,56.25,-9.69,-1.02
2024/01/01 16:13:36.53,188.53,-31.65,-57.37,-60.00,56.27,-9.86,-0.99
2024/01/01 16:13:36.54,188.54,-31.65,-57.36,-59.99,56.33,-9.99,-0.98
2024/01/01 16:13:36.55,188.55,-31.64,-57.36,-59.98,56.37,-10.05,-0.99
2024/01/01 16:13:36.56,188.56,-31.64,-57.36,-59.99,56.31,-10.01,-1.01
2024/01/01 16:13:36.57,188.57,-31.65,-57.37,-59.99,56.21,-9.90,-1.02
2024/01/01 16:13:36.58,188.58,-31.65,-57.38,-59.99,56.16,-9.79,-1.01
2024/01/01 16:13:36.59,188.59,-31.64,-57.38,-59.99,56.18,-9.72,-0.99
2024/01/01 16:13:36.60,188.60,-31.64,-57.38,-59.99,56.26,-9.69,-0.98
2024/01/01 16:13:36.61,188.61,-31.64,-57.38,-60.00,56.36,-9.68,-0.99
2024/01/01 16:13:36.62,188.62,-31.66,-57.38,-60.01,56.42,-9.67,-1.01
2024/01/01 16:13:36.63,188.63,-31.68,-57.37,-60.02,56.43,-9.66,-1.00
2024/01/01 16:13:36.64,188.64,-31.70,-57.37,-60.02,56.39,-9.67,-1.00
2024/01/01 16:13:36.65,188.65,-31.71,-57.37,-60.01,56.36,-9.70,-1.01
2024/01/01 16:13:36.66,188.66,-31.72,-57.39,-60.01,56.34,-9.73,-1.03
2024/01/01 16:13:36.67,188.67,-31.72,-57.42,-60.01,56.27,-9.78,-1.00
2024/01/01 16:13:36.68,188.68,-31.72,-57.44,-60.02,56.16,-9.83,-0.94
2024/01/01 16:13:36.69,188.69,-31.72,-57.46,-60.02,56.04,-9.87,-0.93
2024/01/01 16:13:36.70,188.70,-31.72,-57.45,-60.02,55.98,-9.87,-0.96
2024/01/01 16:13:36.71,188.71,-31.72,-57.42,-60.01,55.99,-9.84,-0.99
2024/01/01 16:13:36.72,188.72,-31.73,-57.39,-60.01,56.06,-9.80,-1.02
2024/01/01 16:13:36.73,188.73,-31.73,-57.36,-60.01,56.14,-9.74,-1.08
2024/01/01 16:13:36.74,188.74,-31.72,-57.33,-60.00,56.18,-9.70,-1.12
2024/01/01 16:13:36.75,188.75,-31.72,-57.32,-60.00,56.14,-9.71,-1.12
2024/01/01 16:13:36.76,188.76,-31.72,-57.32,-60.00,56.06,-9.77,-1.06
2024/01/01 16:13:36.77,188.77,-31.73,-57.33,-60.00,56.02,-9.84,-1.01
2024/01/01 16:13:36.78,188.78,-31.74,-57.34,-59.99,56.02,-9.89,-1.00
2024/01/01 16:13:36.79,188.79,-31.75,-57.36,-59.99,56.08,-9.88,-1.01
2024/01/01 16:13:36.80,188.80,-31.75,-57.38,-59.98,56.17,-9.83,-0.99
2024/01/01 16:13:36.81,188.81,-31.76,-57.39,-59.97,56.25,-9.75,-0.94
2024/01/01 16:13:36.82,188.82,-31.77,-57.40,-59.96,56.28,-9.67,-0.91
2024/01/01 16:13:36.83,188.83,-31.76,-57.39,-59.95,56.27,-9.61,-0.92
2024/01/01 16:13:36.84,188.84,-31.75,-57.39,-59.95,56.27,-9.60,-0.94
2024/01/01 16:13:36.85,188.85,-31.74,-57.38,-59.94,56.27,-9.65,-0.94
2024/01/01 16:13:36.86,188.86,-31.74,-57.39,-59.95,56.27,-9.74,-0.93
2024/01/01 16:13:36.87,188.87,-31.75,-57.39,-59.95,56.28,-9.84,-0.96
2024/01/01 16:13:36.88,188.88,-31.75,-57.41,-59.96,56.29,-9.91,-1.00
2024/01/01 16:13:36.89,188.89,-31.76,-57.43,-59.97,56.28,-9.98,-1.01
2024/01/01 16:13:36.90,188.90,-31.76,-57.45,-59.98,56.23,-10.05,-0.97
2024/01/01 16:13:36.91,188.91,-31.76,-57.46,-59.99,56.17,-10.06,-0.95
2024/01/01 16:13:36.92,188.92,-31.75,-57.48,-60.00,56.14,-10.00,-0.97
2024/01/01 16:13:36.93,188.93,-31.75,-57.50,-60.01,56.15,-9.88,-0.98
2024/01/01 16:13:36.94,188.94,-31.75,-57.52,-60.01,56.18,-9.78,-0.99
2024/01/01 16:13:36.95,188.95,-31.75,-57.53,-60.02,56.20,-9.73,-1.02
2024/01/01 16:13:36.96,188.96,-31.76,-57.54,-60.02,56.17,-9.77,-1.07
2024/01/01 16:13:36.97,188.97,-31.76,-57.54,-60.02,56.10,-9.88,-1.10
2024/01/01 16:13:36.98,188.98,-31.76,-57.54,-60.01,56.00,-10.05,-1.08
2024/01/01 16:13:36.99,188.99,-31.75,-57.53,-60.02,55.94,-10.16,-1.04
2024/01/01 16:13:37.00,189.00,-31.74,-57.53,-60.02,55.98,-10.17,-1.02
2024/01/01 16:13:37.01,189.01,-31.73,-57.52,-60.02,56.11,-10.12,-1.01
2024/01/01 16:13:37.02,189.02,-31.73,-57.52,-60.02,56.25,-10.05,-1.03
2024/01/01 16:13:37.03,189.03,-31.73,-57.52,-60.01,56.32,-10.00,-1.04
2024/01/01 16:13:37.04,189.04,-31.74,-57.52,-60.00,56.26,-9.98,-1.04
2024/01/01 16:13:37.05,189.05,-31.73,-57.51,-59.99,56.09,-9.97,-1.01
2024/01/01 16:13:37.06,189.06,-31.72,-57.51,-59.98,55.96,-9.92,-0.98
2024/01/01 16:13:37.07,189.07,-31.71,-57.50,-59.97,55.95,-9.84,-0.95
2024/01/01 16:13:37.08,189.08,-31.70,-57.50,-59.97,56.09,-9.73,-0.93
2024/01/01 16:13:37.09,189.09,-31.70,-57.50,-59.96,56.31,-9.65,-0.95
2024/01/01 16:13:37.10,189.10,-31.69,-57.51,-59.95,56.48,-9.64,-0.97
2024/01/01 16:13:37.11,189.11,-31.68,-57.50,-59.95,56.53,-9.72,-0.98
2024/01/01 16:13:37.12,189.12,-31.67,-57.49,-59.95,56.46,-9.85,-0.97
2024/01/01 16:13:37.13,189.13,-31.67,-57.48,-59.94,56.34,-9.98,-0.93
2024/01/01 16:13:37.14,189.14,-31.67,-57.46,-59.93,56.27,-10.07,-0.88
2024/01/01 16:13:37.15,189.15,-31.67,-57.45,-59.92,56.28,-10.08,-0.88
2024/01/01 16:13:37.16,189.16,-31.67,-57.44,-59.91,56.36,-10.03,-0.92
2024/01/01 16:13:37.17,189.17,-31.67,-57.44,-59.90,56.42,-9.93,-0.94
2024/01/01 16:13:37.18,189.18,-31.66,-57.44,-59.90,56.42,-9.83,-0.93
2024/01/01 16:13:37.19,189.19,-31.65,-57.44,-59.90,56.35,-9.75,-0.91
2024/01/01 16:13:37.20,189.20,-31.65,-57.45,-59.89,56.25,-9.69,-0.88
2024/01/01 16:13:37.21,189.21,-31.66,-57.45,-59.89,56.16,-9.69,-0.85
2024/01/01 16:13:37.22,189.22,-31.67,-57.47,-59.88,56.13,-9.73,-0.84
2024/01/01 16:13:37.23,189.23,-31.67,-57.49,-59.88,56.16,-9.78,-0.87
2024/01/01 16:13:37.24,189.24,-31.68,-57.51,-59.88,56.20,-9.80,-0.94
2024/01/01 16:13:37.25,189.25,-31.69,-57.52,-59.89,56.20,-9.80,-1.00
2024/01/01 16:13:37.26,189.26,-31.68,-57.53,-59.90,56.18,-9.82,-0.99
2024/01/01 16:13:37.27,189.27,-31.67,-57.53,-59.91,56.18,-9.84,-0.92
2024/01/01 16:13:37.28,189.28,-31.67,-57.52,-59.91,56.21,-9.89,-0.86
2024/01/01 16:13:37.29,189.29,-31.67,-57.51,-59.91,56.26,-9.98,-0.83
2024/01/01 16:13:37.30,189.30,-31.67,-57.51,-59.92,56.31,-10.06,-0.87
2024/01/01 16:13:37.31,189.31,-31.67,-57.50,-59.92,56.34,-10.11,-0.94
2024/01/01 16:13:37.32,189.32,-31.67,-57.51,-59.93,56.33,-10.12,-1.00
2024/01/01 16:13:37.33,189.33,-31.68,-57.51,-59.93,56.30,-10.11,-1.02
2024/01/01 16:13:37.34,189.34,-31.69,-57.51,-59.93,56.27,-10.07,-1.01
2024/01/01 16:13:37.35,189.35,-31.70,-57.50,-59.95,56.29,-9.99,-0.99
2024/01/01 16:13:37.36,189.36,-31.70,-57.50,-59.96,56.33,-9.90,-0.93
2024/01/01 16:13:37.37,189.37,-31.70,-57.51,-59.96,56.33,-9.82,-0.89
2024/01/01 16:13:37.38,189.38,-31.70,-57.52,-59.95,56.29,-9.78,-0.90
2024/01/01 16:13:37.39,189.39,-31.71,-57.53,-59.96,56.22,-9.77,-0.95
2024/01/01 16:13:37.40,189.40,-31.73,-57.52,-59.97,56.16,-9.79,-0.99
2024/01/01 16:13:37.41,189.41,-31.74,-57.50,-59.98,56.14,-9.84,-0.98
2024/01/01 16:13:37.42,189.42,-31.74,-57.47,-59.98,56.16,-9.89,-0.95
2024/01/01 16:13:37.43,189.43,-31.73,-57.44,-59.98,56.20,-9.91,-0.97
2024/01/01 16:13:37.44,189.44,-31.72,-57.42,-59.98,56.21,-9.89,-1.01
2024/01/01 16:13:37.45,189.45,-31.71,-57.40,-59.99,56.19,-9.87,-1.03
2024/01/01 16:13:37.46,189.46,-31.70,-57.40,-60.00,56.14,-9.88,-1.03
2024/01/01 16:13:37.47,189.47,-31.70,-57.39,-60.00,56.09,-9.90,-1.02
2024/01/01 16:13:37.48,189.48,-31.70,-57.39,-60.00,56.06,-9.92,-1.01
2024/01/01 16:13:37.49,189.49,-31.70,-57.38,-60.00,56.06,-9.91,-1.02
2024/01/01 16:13:37.50,189.50,-31.70,-57.38,-60.01,56.08,-9.86,-1.04
2024/01/01 16:13:37.51,189.51,-31.70,-57.38,-60.01,56.10,-9.77,-1.05
2024/01/01 16:13:37.52,189.52,-31.69,-57.37,-60.02,56.13,-9.64,-1.05
2024/01/01 16:13:37.53,189.53,-31.67,-57.37,-60.03,56.16,-9.56,-1.02
2024/01/01 16:13:37.54,189.54,-31.65,-57.37,-60.04,56.21,-9.54,-1.00
2024/01/01 16:13:37.55,189.55,-31.64,-57.36,-60.04,56.25,-9.57,-1.02
2024/01/01 16:13:37.56,189.56,-31.64,-57.35,-60.05,56.30,-9.61,-1.05
2024/01/01 16:13:37.57,189.57,-31.63,-57.33,-60.05,56.36,-9.66,-1.06
2024/01/01 16:13:37.58,189.58,-31.62,-57.33,-60.05,56.39,-9.75,-1.03
2024/01/01 16:13:37.59,189.59,-31.60,-57.33,-60.06,56.39,-9.83,-1.01
2024/01/01 16:13:37.60,189.60,-31.58,-57.33,-60.06,56.34,-9.88,-1.02
2024/01/01 16:13:37.61,189.61,-31.55,-57.34,-60.07,56.30,-9.88,-1.02
2024/01/01 16:13:37.62,189.62,-31.53,-57.36,-60.07,56.32,-9.83,-1.01
2024/01/01 16:13:37.63,189.63,-31.52,-57.36,-60.07,56.40,-9.77,-1.04
2024/01/01 16:13:37.64,189.64,-31.51,-57.35,-60.07,56.46,-9.72,-1.11
2024/01/01 16:13:37.65,189.65,-31.50,-57.33,-60.06,56.46,-9.67,-1.16
2024/01/01 16:13:37.66,189.66,-31.51,-57.32,-60.05,56.38,-9.62,-1.16
2024/01/01 16:13:37.67,189.67,-31.52,-57.30,-60.04,56.28,-9.60,-1.14
2024/01/01 16:13:37.68,189.68,-31.53,-57.28,-60.03,56.24,-9.62,-1.10
2024/01/01 16:13:37.69,189.69,-31.54,-57.27,-60.02,56.31,-9.66,-1.05
2024/01/01 16:13:37.70,189.70,-31.54,-57.26,-60.01,56.45,-9.71,-1.00
2024/01/01 16:13:37.71,189.71,-31.54,-57.27,-59.99,56.57,-9.77,-0.95
2024/01/01 16:13:37.72,189.72,-31.55,-57.29,-59.99,56.61,-9.80,-0.94
2024/01/01 16:13:37.73,189.73,-31.57,-57.30,-59.98,56.57,-9.80,-0.97
2024/01/01 16:13:37.74,189.74,-31.57,-57.32,-59.99,56.51,-9.78,-1.01
2024/01/01 16:13:37.75,189.75,-31.58,-57.33,-59.99,56.44,-9.75,-1.02
2024/01/01 16:13:37.76,189.76,-31.58,-57.34,-60.00,56.39,-9.69,-1.01
2024/01/01 16:13:37.77,189.77,-31.58,-57.34,-60.00,56.33,-9.61,-1.01
2024/01/01 16:13:37.78,189.78,-31.58,-57.35,-60.00,56.28,-9.53,-1.01
2024/01/01 16:13:37.79,189.79,-31.58,-57.35,-60.01,56.24,-9.48,-1.02
2024/01/01 16:13:37.80,189.80,-31.58,-57.34,-60.01,56.24,-9.49,-1.05
2024/01/01 16:13:37.81,189.81,-31.58,-57.34,-60.02,56.25,-9.53,-1.06
2024/01/01 16:13:37.82,189.82,-31.58,-57.33,-60.03,56.24,-9.60,-1.08
2024/01/01 16:13:37.83,189.83,-31.59,-57.34,-60.05,56.22,-9.70,-1.11
2024/01/01 16:13:37.84,189.84,-31.59,-57.34,-60.06,56.19,-9.80,-1.11
2024/01/01 16:13:37.85,189.85,-31.59,-57.32,-60.06,56.16,-9.87,-1.06
2024/01/01 16:13:37.86,189.86,-31.60,-57.30,-60.07,56.14,-9.92,-1.05
2024/01/01 16:13:37.87,189.87,-31.61,-57.28,-60.07,56.17,-9.93,-1.08
2024/01/01 16:13:37.88,189.88,-31.61,-57.28,-60.07,56.24,-9.89,-1.09
2024/01/01 16:13:37.89,189.89,-31.61,-57.29,-60.06,56.34,-9.82,-1.07
2024/01/01 16:13:37.90,189.90,-31.61,-57.29,-60.06,56.43,-9.73,-1.06
2024/01/01 16:13:37.91,189.91,-31.60,-57.29,-60.05,56.49,-9.64,-1.08
2024/01/01 16:13:37.92,189.92,-31.60,-57.29,-60.05,56.49,-9.59,-1.08
2024/01/01 16:13:37.93,189.93,-31.60,-57.30,-60.06,56.43,-9.58,-1.06
2024/01/01 16:13:37.94,189.94,-31.60,-57.30,-60.06,56.34,-9.59,-1.05
2024/01/01 16:13:37.95,189.95,-31.61,-57.29,-60.06,56.26,-9.56,-1.02
2024/01/01 16:13:37.96,189.96,-31.63,-57.30,-60.05,56.22,-9.53,-1.04
2024/01/01 16:13:37.97,189.97,-31.63,-57.30,-60.05,56.22,-9.52,-1.09
2024/01/01 16:13:37.98,189.98,-31.62,-57.29,-60.05,56.24,-9.54,-1.11
2024/01/01 16:13:37.99,189.99,-31.61,-57.28,-60.06,56.26,-9.59,-1.08
2024/01/01 16:13:38.00,190.00,-31.62,-57.26,-60.06,56.27,-9.66,-1.04
2024/01/01 16:13:38.01,190.01,-31.62,-57.24,-60.06,56.27,-9.72,-1.02
2024/01/01 16:13:38.02,190.02,-31.63,-57.23,-60.07,56.29,-9.74,-1.02
2024/01/01 16:13:38.03,190.03,-31.64,-57.22,-60.07,56.31,-9.72,-1.02
2024/01/01 16:13:38.04,190.04,-31.65,-57.22,-60.07,56.32,-9.67,-1.04
2024/01/01 16:13:38.05,190.05,-31.66,-57.23,-60.07,56.29,-9.62,-1.09
2024/01/01 16:13:38.06,190.06,-31.66,-57.23,-60.07,56.26,-9.61,-1.14
2024/01/01 16:13:38.07,190.07,-31.66,-57.23,-60.08,56.24,-9.62,-1.17
2024/01/01 16:13:38.08,190.08,-31.67,-57.24,-60.08,56.25,-9.65,-1.15
2024/01/01 16:13:38.09,190.09,-31.68,-57.24,-60.08,56.26,-9.66,-1.09
2024/01/01 16:13:38.10,190.10,-31.70,-57.25,-60.07,56.25,-9.65,-1.05
2024/01/01 16:13:38.11,190.11,-31.71,-57.26,-60.05,56.19,-9.64,-1.05
2024/01/01 16:13:38.12,190.12,-31.73,-57.27,-60.04,56.12,-9.63,-1.05
2024/01/01 16:13:38.13,190.13,-31.73,-57.28,-60.03,56.06,-9.65,-1.04
2024/01/01 16:13:38.14,190.14,-31.74,-57.29,-60.02,56.04,-9.68,-1.02
2024/01/01 16:13:38.15,190.15,-31.74,-57.30,-60.02,56.05,-9.70,-1.03
2024/01/01 16:13:38.16,190.16,-31.75,-57.30,-60.02,56.08,-9.69,-1.05
2024/01/01 16:13:38.17,190.17,-31.74,-57.30,-60.02,56.08,-9.66,-1.08
2024/01/01 16:13:38.18,190.18,-31.74,-57.30,-60.03,56.07,-9.65,-1.09
2024/01/01 16:13:38.19,190.19,-31.74,-57.29,-60.04,56.06,-9.65,-1.09
2024/01/01 16:13:38.20,190.20,-31.73,-57.29,-60.05,56.06,-9.68,-1.05
2024/01/01 16:13:38.21,190.21,-31.73,-57.29,-60.05,56.09,-9.71,-1.01
2024/01/01 16:13:38.22,190.22,-31.74,-57.30,-60.06,56.15,-9.74,-1.01
2024/01/01 16:13:38.23,190.23,-31.75,-57.30,-60.07,56.21,-9.75,-1.05
2024/01/01 16:13:38.24,190.24,-31.76,-57.31,-60.08,56.25,-9.72,-1.09
2024/01/01 16:13:38.25,190.25,-31.77,-57.32,-60.08,56.27,-9.67,-1.08
2024/01/01 16:13:38.26,190.26,-31.78,-57.32,-60.08,56.26,-9.63,-1.06
2024/01/01 16:13:38.27,190.27,-31.77,-57.32,-60.08,56.22,-9.59,-1.06
2024/01/01 16:13:38.28,190.28,-31.77,-57.30,-60.08,56.18,-9.59,-1.05
2024/01/01 16:13:38.29,190.29,-31.77,-57.28,-60.07,56.15,-9.63,-1.01
2024/01/01 16:13:38.30,190.30,-31.76,-57.27,-60.06,56.14,-9.71,-1.01
2024/01/01 16:13:38.31,190.31,-31.76,-57.27,-60.05,56.13,-9.78,-1.05
2024/01/01 16:13:38.32,190.32,-31.76,-57.28,-60.04,56.10,-9.81,-1.09
2024/01/01 16:13:38.33,190.33,-31.75,-57.27,-60.03,56.05,-9.82,-1.09
2024/01/01 16:13:38.34,190.34,-31.75,-57.27,-60.02,55.99,-9.84,-1.08
2024/01/01 16:13:38.35,190.35,-31.75,-57.29,-60.01,55.94,-9.84,-1.08
2024/01/01 16:13:38.36,190.36,-31.75,-57.30,-60.02,55.94,-9.81,-1.06
2024/01/01 16:13:38.37,190.37,-31.75,-57.31,-60.02,56.00,-9.73,-1.01
2024/01/01 16:13:38.38,190.38,-31.74,-57.31,-60.03,56.08,-9.61,-0.99
2024/01/01 16:13:38.39,190.39,-31.75,-57.31,-60.02,56.14,-9.50,-1.02
2024/01/01 16:13:38.40,190.40,-31.75,-57.31,-60.02,56.19,-9.44,-1.09
2024/01/01 16:13:38.41,190.41,-31.75,-57.30,-60.03,56.23,-9.44,-1.13
2024/01/01 16:13:38.42,190.42,-31.75,-57.29,-60.03,56.29,-9.52,-1.11
2024/01/01 16:13:38.43,190.43,-31.75,-57.28,-60.03,56.33,-9.66,-1.04
2024/01/01 16:13:38.44,190.44,-31.75,-57.28,-60.04,56.33,-9.82,-1.01
2024/01/01 16:13:38.45,190.45,-31.74,-57.28,-60.04,56.30,-9.95,-1.02
2024/01/01 16:13:38.46,190.46,-31.73,-57.28,-60.03,56.28,-9.99,-1.02
2024/01/01 16:13:38.47,190.47,-31.72,-57.28,-60.03,56.26,-9.95,-1.02
2024/01/01 16:13:38.48,190.48,-31.71,-57.28,-60.04,56.27,-9.86,-1.03
2024/01/01 16:13:38.49,190.49,-31.72,-57.28,-60.04,56.28,-9.76,-1.03
2024/01/01 16:13:38.50,190.50,-31.73,-57.28,-60.03,56.26,-9.66,-1.02
2024/01/01 16:13:38.51,190.51,-31.73,-57.28,-60.03,56.20,-9.57,-1.03
2024/01/01 16:13:38.52,190.52,-31.73,-57.28,-60.02,56.10,-9.50,-1.03
2024/01/01 16:13:38.53,190.53,-31.73,-57.28,-60.02,56.00,-9.48,-1.04
2024/01/01 16:13:38.54,190.54,-31.72,-57.28,-60.02,55.94,-9.50,-1.06
2024/01/01 16:13:38.55,190.55,-31.72,-57.28,-60.01,55.95,-9.55,-1.06
2024/01/01 16:13:38.56,190.56,-31.72,-57.28,-60.01,56.02,-9.60,-1.03
2024/01/01 16:13:38.57,190.57,-31.73,-57.27,-60.01,56.11,-9.65,-1.01
2024/01/01 16:13:38.58,190.58,-31.75,-57.26,-60.00,56.16,-9.69,-0.98
2024/01/01 16:13:38.59,190.59,-31.77,-57.25,-60.00,56.17,-9.74,-0.95
2024/01/01 16:13:38.60,190.60,-31.78,-57.24,-60.00,56.14,-9.77,-0.95
2024/01/01 16:13:38.61,190.61,-31.79,-57.23,-60.00,56.11,-9.75,-0.97
2024/01/01 16:13:38.62,190.62,-31.79,-57.21,-59.99,56.10,-9.70,-0.97
2024/01/01 16:13:38.63,190.63,-31.80,-57.20,-59.98,56.14,-9.64,-0.96
2024/01/01 16:13:38.64,190.64,-31.81,-57.20,-59.98,56.18,-9.59,-0.98
2024/01/01 16:13:38.65,190.65,-31.83,-57.19,-59.98,56.20,-9.54,-1.01
2024/01/01 16:13:38.66,190.66,-31.83,-57.19,-59.98,56.17,-9.53,-1.01
2024/01/01 16:13:38.67,190.67,-31.83,-57.20,-59.97,56.11,-9.56,-1.00
2024/01/01 16:13:38.68,190.68,-31.82,-57.21,-59.96,56.07,-9.63,-0.98
2024/01/01 16:13:38.69,190.69,-31.81,-57.22,-59.96,56.04,-9.69,-0.96
2024/01/01 16:13:38.70,190.70,-31.80,-57.24,-59.96,56.04,-9.71,-0.96
2024/01/01 16:13:38.71,190.71,-31.80,-57.26,-59.97,56.05,-9.69,-0.97
2024/01/01 16:13:38.72,190.72,-31.79,-57.27,-59.97,56.05,-9.65,-0.98
2024/01/01 16:13:38.73,190.73,-31.78,-57.27,-59.97,56.02,-9.61,-1.00
2024/01/01 16:13:38.74,190.74,-31.76,-57.27,-59.97,55.99,-9.56,-1.00
2024/01/01 16:13:38.75,190.75,-31.75,-57.27,-59.98,56.00,-9.53,-0.99
2024/01/01 16:13:38.76,190.76,-31.75,-57.27,-59.99,56.05,-9.54,-0.98
2024/01/01 16:13:38.77,190.77,-31.75,-57.28,-59.99,56.13,-9.58,-0.97
2024/01/01 16:13:38.78,190.78,-31.74,-57.28,-59.99,56.20,-9.64,-0.96
2024/01/01 16:13:38.79,190.79,-31.74,-57.28,-59.99,56.23,-9.70,-0.97
2024/01/01 16:13:38.80,190.80,-31.74,-57.28,-59.98,56.23,-9.75,-0.99
2024/01/01 16:13:38.81,190.81,-31.75,-57.29,-59.98,56.22,-9.78,-1.00
2024/01/01 16:13:38.82,190.82,-31.75,-57.30,-59.97,56.21,-9.78,-0.98
2024/01/01 16:13:38.83,190.83,-31.76,-57.31,-59.97,56.20,-9.75,-0.94
2024/01/01 16:13:38.84,190.84,-31.78,-57.32,-59.97,56.19,-9.71,-0.91
2024/01/01 16:13:38.85,190.85,-31.79,-57.33,-59.96,56.17,-9.69,-0.92
2024/01/01 16:13:38.86,190.86,-31.79,-57.34,-59.94,56.13,-9.70,-0.96
2024/01/01 16:13:38.87,190.87,-31.79,-57.34,-59.92,56.12,-9.74,-0.98
2024/01/01 16:13:38.88,190.88,-31.79,-57.33,-59.91,56.13,-9.78,-0.94
2024/01/01 16:13:38.89,190.89,-31.80,-57.33,-59.89,56.15,-9.82,-0.89
2024/01/01 16:13:38.90,190.90,-31.80,-57.33,-59.89,56.15,-9.85,-0.85
2024/01/01 16:13:38.91,190.91,-31.80,-57.34,-59.89,56.15,-9.84,-0.82
2024/01/01 16:13:38.92,190.92,-31.81,-57.34,-59.88,56.11,-9.81,-0.80
2024/01/01 16:13:38.93,190.93,-31.81,-57.32,-59.87,56.04,-9.77,-0.82
2024/01/01 16:13:38.94,190.94,-31.82,-57.31,-59.87,55.96,-9.73,-0.87
2024/01/01 16:13:38.95,190.95,-31.81,-57.30,-59.88,55.92,-9.71,-0.90
2024/01/01 16:13:38.96,190.96,-31.81,-57.31,-59.88,55.94,-9.70,-0.89
2024/01/01 16:13:38.97,190.97,-31.81,-57.32,-59.89,56.02,-9.69,-0.87
2024/01/01 16:13:38.98,190.98,-31.81,-57.34,-59.90,56.11,-9.66,-0.90
2024/01/01 16:13:38.99,190.99,-31.81,-57.35,-59.91,56.19,-9.63,-0.94
2024/01/01 16:13:39.00,191.00,-31.81,-57.35,-59.93,56.23,-9.63,-0.96
2024/01/01 16:13:39.01,191.01,-31.80,-57.35,-59.94,56.21,-9.67,-0.96
2024/01/01 16:13:39.02,191.02,-31.79,-57.34,-59.94,56.15,-9.71,-0.94
2024/01/01 16:13:39.03,191.03,-31.78,-57.33,-59.94,56.11,-9.71,-0.92
2024/01/01 16:13:39.04,191.04,-31.78,-57.32,-59.94,56.11,-9.69,-0.91
2024/01/01 16:13:39.05,191.05,-31.78,-57.30,-59.93,56.14,-9.69,-0.91
2024/01/01 16:13:39.06,191.06,-31.79,-57.30,-59.93,56.17,-9.71,-0.95
2024/01/01 16:13:39.07,191.07,-31.79,-57.30,-59.93,56.17,-9.75,-0.97
2024/01/01 16:13:39.08,191.08,-31.79,-57.31,-59.93,56.13,-9.81,-0.98
2024/01/01 16:13:39.09,191.09,-31.79,-57.32,-59.92,56.07,-9.86,-0.95
2024/01/01 16:13:39.10,191.10,-31.78,-57.34,-59.91,56.05,-9.88,-0.89
2024/01/01 16:13:39.11,191.11,-31.78,-57.35,-59.90,56.09,-9.85,-0.84
2024/01/01 16:13:39.12,191.12,-31.78,-57.36,-59.90,56.17,-9.77,-0.85
2024/01/01 16:13:39.13,191.13,-31.79,-57.36,-59.88,56.22,-9.68,-0.88
2024/01/01 16:13:39.14,191.14,-31.80,-57.37,-59.87,56.18,-9.59,-0.89
2024/01/01 16:13:39.15,191.15,-31.81,-57.37,-59.85,56.06,-9.56,-0.89
2024/01/01 16:13:39.16,191.16,-31.82,-57.37,-59.85,55.94,-9.60,-0.91
2024/01/01 16:13:39.17,191.17,-31.84,-57.37,-59.84,55.93,-9.71,-0.88
2024/01/01 16:13:39.18,191.18,-31.84,-57.37,-59.84,56.01,-9.86,-0.82
2024/01/01 16:13:39.19,191.19,-31.85,-57.36,-59.83,56.14,-9.99,-0.75
2024/01/01 16:13:39.20,191.20,-31.85,-57.34,-59.82,56.25,-10.05,-0.74
2024/01/01 16:13:39.21,191.21,-31.87,-57.33,-59.82,56.29,-10.04,-0.78
2024/01/01 16:13:39.22,191.22,-31.87,-57.32,-59.82,56.27,-9.98,-0.83
2024/01/01 16:13:39.23,191.23,-31.87,-57.32,-59.82,56.20,-9.89,-0.84
2024/01/01 16:13:39.24,191.24,-31.86,-57.31,-59.82,56.12,-9.77,-0.84
2024/01/01 16:13:39.25,191.25,-31.84,-57.30,-59.82,56.03,-9.65,-0.83
2024/01/01 16:13:39.26,191.26,-31.84,-57.29,-59.81,55.93,-9.57,-0.81
2024/01/01 16:13:39.27,191.27,-31.83,-57.29,-59.81,55.85,-9.55,-0.78
2024/01/01 16:13:39.28,191.28,-31.82,-57.28,-59.81,55.82,-9.55,-0.79
2024/01/01 16:13:39.29,191.29,-31.81,-57.28,-59.80,55.86,-9.57,-0.83
2024/01/01 16:13:39.30,191.30,-31.80,-57.29,-59.79,55.92,-9.62,-0.86
2024/01/01 16:13:39.31,191.31,-31.80,-57.30,-59.79,55.98,-9.68,-0.87
2024/01/01 16:13:39.32,191.32,-31.79,-57.31,-59.79,56.02,-9.73,-0.84
2024/01/01 16:13:39.33,191.33,-31.79,-57.31,-59.79,56.07,-9.75,-0.78
2024/01/01 16:13:39.34,191.34,-31.79,-57.31,-59.79,56.14,-9.72,-0.72
2024/01/01 16:13:39.35,191.35,-31.79,-57.32,-59.78,56.24,-9.67,-0.72
2024/01/01 16:13:39.36,191.36,-31.78,-57.31,-59.77,56.32,-9.63,-0.75
2024/01/01 16:13:39.37,191.37,-31.78,-57.30,-59.77,56.36,-9.59,-0.77
2024/01/01 16:13:39.38,191.38,-31.78,-57.29,-59.76,56.33,-9.58,-0.80
2024/01/01 16:13:39.39,191.39,-31.78,-57.29,-59.76,56.25,-9.61,-0.81
2024/01/01 16:13:39.40,191.40,-31.78,-57.28,-59.76,56.18,-9.69,-0.77
2024/01/01 16:13:39.41,191.41,-31.78,-57.28,-59.76,56.15,-9.79,-0.70
2024/01/01 16:13:39.42,191.42,-31.79,-57.27,-59.75,56.17,-9.87,-0.68
2024/01/01 16:13:39.43,191.43,-31.80,-57.27,-59.76,56.18,-9.92,-0.73
2024/01/01 16:13:39.44,191.44,-31.80,-57.28,-59.76,56.18,-9.91,-0.78
2024/01/01 16:13:39.45,191.45,-31.80,-57.29,-59.76,56.14,-9.86,-0.78
2024/01/01 16:13:39.46,191.46,-31.80,-57.31,-59.75,56.10,-9.78,-0.76
2024/01/01 16:13:39.47,191.47,-31.80,-57.32,-59.74,56.08,-9.69,-0.79
2024/01/01 16:13:39.48,191.48,-31.79,-57.32,-59.73,56.07,-9.64,-0.81
2024/01/01 16:13:39.49,191.49,-31.79,-57.31,-59.71,56.07,-9.63,-0.77
2024/01/01 16:13:39.50,191.50,-31.80,-57.30,-59.71,56.07,-9.65,-0.71
2024/01/01 16:13:39.51,191.51,-31.80,-57.31,-59.71,56.07,-9.67,-0.70
2024/01/01 16:13:39.52,191.52,-31.80,-57.33,-59.71,56.07,-9.67,-0.72
2024/01/01 16:13:39.53,191.53,-31.80,-57.34,-59.72,56.08,-9.65,-0.71
2024/01/01 16:13:39.54,191.54,-31.80,-57.33,-59.73,56.10,-9.65,-0.69
2024/01/01 16:13:39.55,191.55,-31.81,-57.32,-59.73,56.13,-9.65,-0.72
2024/01/01 16:13:39.56,191.56,-31.81,-57.30,-59.74,56.15,-9.66,-0.75
2024/01/01 16:13:39.57,191.57,-31.81,-57.28,-59.75,56.16,-9.66,-0.76
2024/01/01 16:13:39.58,191.58,-31.81,-57.27,-59.76,56.16,-9.66,-0.75
2024/01/01 16:13:39.59,191.59,-31.81,-57.26,-59.76,56.15,-9.66,-0.72
2024/01/01 16:13:39.60,191.60,-31.81,-57.25,-59.74,56.11,-9.69,-0.70
2024/01/01 16:13:39.61,191.61,-31.81,-57.25,-59.73,56.08,-9.78,-0.71
2024/01/01 16:13:39.62,191.62,-31.81,-57.26,-59.73,56.09,-9.87,-0.72
2024/01/01 16:13:39.63,191.63,-31.80,-57.27,-59.71,56.12,-9.91,-0.72
2024/01/01 16:13:39.64,191.64,-31.79,-57.27,-59.70,56.12,-9.87,-0.72
2024/01/01 16:13:39.65,191.65,-31.78,-57.27,-59.69,56.10,-9.78,-0.73
2024/01/01 16:13:39.66,191.66,-31.78,-57.27,-59.68,56.08,-9.65,-0.74
2024/01/01 16:13:39.67,191.67,-31.79,-57.26,-59.68,56.08,-9.55,-0.71
2024/01/01 16:13:39.68,191.68,-31.79,-57.25,-59.67,56.09,-9.51,-0.67
2024/01/01 16:13:39.69,191.69,-31.79,-57.23,-59.66,56.10,-9.51,-0.65
2024/01/01 16:13:39.70,191.70,-31.80,-57.22,-59.65,56.11,-9.52,-0.65
2024/01/01 16:13:39.71,191.71,-31.80,-57.20,-59.65,56.11,-9.55,-0.64
2024/01/01 16:13:39.72,191.72,-31.80,-57.20,-59.65,56.11,-9.59,-0.63
2024/01/01 16:13:39.73,191.73,-31.80,-57.21,-59.66,56.14,-9.64,-0.63
2024/01/01 16:13:39.74,191.74,-31.80,-57.21,-59.66,56.19,-9.66,-0.62
2024/01/01 16:13:39.75,191.75,-31.79,-57.21,-59.66,56.24,-9.67,-0.60
2024/01/01 16:13:39.76,191.76,-31.78,-57.20,-59.66,56.27,-9.66,-0.62
2024/01/01 16:13:39.77,191.77,-31.77,-57.18,-59.66,56.26,-9.63,-0.68
2024/01/01 16:13:39.78,191.78,-31.76,-57.17,-59.66,56.20,-9.58,-0.73
2024/01/01 16:13:39.79,191.79,-31.75,-57.16,-59.66,56.11,-9.52,-0.74
2024/01/01 16:13:39.80,191.80,-31.74,-57.16,-59.66,56.02,-9.47,-0.73
2024/01/01 16:13:39.81,191.81,-31.74,-57.15,-59.67,55.98,-9.45,-0.72
2024/01/01 16:13:39.82,191.82,-31.74,-57.15,-59.67,56.00,-9.46,-0.70
2024/01/01 16:13:39.83,191.83,-31.74,-57.16,-59.67,56.06,-9.52,-0.66
2024/01/01 16:13:39.84,191.84,-31.75,-57.17,-59.67,56.14,-9.60,-0.65
2024/01/01 16:13:39.85,191.85,-31.76,-57.19,-59.67,56.20,-9.65,-0.65
2024/01/01 16:13:39.86,191.86,-31.77,-57.20,-59.67,56.22,-9.66,-0.66
2024/01/01 16:13:39.87,191.87,-31.77,-57.20,-59.68,56.21,-9.61,-0.65
2024/01/01 16:13:39.88,191.88,-31.77,-57.19,-59.68,56.21,-9.53,-0.67
2024/01/01 16:13:39.89,191.89,-31.77,-57.19,-59.68,56.23,-9.44,-0.69
2024/01/01 16:13:39.90,191.90,-31.77,-57.20,-59.68,56.25,-9.38,-0.69
2024/01/01 16:13:39.91,191.91,-31.77,-57.20,-59.68,56.25,-9.37,-0.69
2024/01/01 16:13:39.92,191.92,-31.77,-57.21,-59.67,56.24,-9.44,-0.71
2024/01/01 16:13:39.93,191.93,-31.77,-57.21,-59.68,56.22,-9.54,-0.72
2024/01/01 16:13:39.94,191.94,-31.76,-57.20,-59.69,56.19,-9.66,-0.71
2024/01/01 16:13:39.95,191.95,-31.76,-57.19,-59.70,56.16,-9.75,-0.67
2024/01/01 16:13:39.96,191.96,-31.75,-57.18,-59.69,56.15,-9.79,-0.63
2024/01/01 16:13:39.97,191.97,-31.75,-57.18,-59.69,56.14,-9.79,-0.64
2024/01/01 16:13:39.98,191.98,-31.74,-57.18,-59.70,56.12,-9.77,-0.69
2024/01/01 16:13:39.99,191.99,-31.74,-57.19,-59.70,56.10,-9.75,-0.72
2024/01/01 16:13:40.00,192.00,-31.74,-57.20,-59.70,56.06,-9.72,-0.74
2024/01/01 16:13:40.01,192.01,-31.74,-57.20,-59.71,56.02,-9.68,-0.76
2024/01/01 16:13:40.02,192.02,-31.74,-57.20,-59.71,55.99,-9.64,-0.78
2024/01/01 16:13:40.03,192.03,-31.75,-57.20,-59.71,55.98,-9.60,-0.76
2024/01/01 16:13:40.04,192.04,-31.75,-57.19,-59.71,56.02,-9.56,-0.70
2024/01/01 16:13:40.05,192.05,-31.75,-57.18,-59.70,56.11,-9.51,-0.66
2024/01/01 16:13:40.06,192.06,-31.74,-57.16,-59.70,56.18,-9.46,-0.65
2024/01/01 16:13:40.07,192.07,-31.73,-57.15,-59.69,56.23,-9.43,-0.66
2024/01/01 16:13:40.08,192.08,-31.73,-57.14,-59.68,56.25,-9.42,-0.68
2024/01/01 16:13:40.09,192.09,-31.73,-57.13,-59.68,56.26,-9.43,-0.69
2024/01/01 16:13:40.10,192.10,-31.73,-57.13,-59.67,56.26,-9.45,-0.69
2024/01/01 16:13:40.11,192.11,-31.72,-57.14,-59.66,56.27,-9.48,-0.70
2024/01/01 16:13:40.12,192.12,-31.71,-57.13,-59.66,56.28,-9.53,-0.71
2024/01/01 16:13:40.13,192.13,-31.70,-57.13,-59.65,56.28,-9.57,-0.68
2024/01/01 16:13:40.14,192.14,-31.69,-57.12,-59.65,56.28,-9.58,-0.63
2024/01/01 16:13:40.15,192.15,-31.67,-57.12,-59.64,56.29,-9.55,-0.60
2024/01/01 16:13:40.16,192.16,-31.66,-57.12,-59.63,56.32,-9.48,-0.62
2024/01/01 16:13:40.17,192.17,-31.65,-57.13,-59.62,56.32,-9.39,-0.64
2024/01/01 16:13:40.18,192.18,-31.65,-57.13,-59.61,56.28,-9.34,-0.67
2024/01/01 16:13:40.19,192.19,-31.66,-57.15,-59.61,56.18,-9.35,-0.70
2024/01/01 16:13:40.20,192.20,-31.67,-57.16,-59.61,56.09,-9.44,-0.70
2024/01/01 16:13:40.21,192.21,-31.68,-57.16,-59.61,56.05,-9.56,-0.65
2024/01/01 16:13:40.22,192.22,-31.68,-57.16,-59.62,56.07,-9.66,-0.61
2024/01/01 16:13:40.23,192.23,-31.67,-57.16,-59.61,56.17,-9.74,-0.58
2024/01/01 16:13:40.24,192.24,-31.66,-57.17,-59.61,56.30,-9.75,-0.58
2024/01/01 16:13:40.25,192.25,-31.65,-57.18,-59.61,56.41,-9.71,-0.60
2024/01/01 16:13:40.26,192.26,-31.64,-57.19,-59.61,56.48,-9.64,-0.62
2024/01/01 16:13:40.27,192.27,-31.63,-57.21,-59.62,56.50,-9.55,-0.63
2024/01/01 16:13:40.28,192.28,-31.62,-57.23,-59.62,56.48,-9.51,-0.66
2024/01/01 16:13:40.29,192.29,-31.62,-57.25,-59.62,56.41,-9.52,-0.69
2024/01/01 16:13:40.30,192.30,-31.62,-57.25,-59.62,56.30,-9.57,-0.71
2024/01/01 16:13:40.31,192.31,-31.62,-57.25,-59.62,56.19,-9.62,-0.70
2024/01/01 16:13:40.32,192.32,-31.63,-57.24,-59.62,56.13,-9.65,-0.68
2024/01/01 16:13:40.33,192.33,-31.64,-57.24,-59.62,56.12,-9.65,-0.63
2024/01/01 16:13:40.34,192.34,-31.65,-57.23,-59.62,56.17,-9.63,-0.60
2024/01/01 16:13:40.35,192.35,-31.64,-57.21,-59.62,56.27,-9.59,-0.60
2024/01/01 16:13:40.36,192.36,-31.63,-57.20,-59.61,56.37,-9.55,-0.60
2024/01/01 16:13:40.37,192.37,-31.60,-57.20,-59.60,56.42,-9.56,-0.59
2024/01/01 16:13:40.38,192.38,-31.58,-57.19,-59.59,56.42,-9.63,-0.59
2024/01/01 16:13:40.39,192.39,-31.57,-57.18,-59.58,56.40,-9.71,-0.60
2024/01/01 16:13:40.40,192.40,-31.56,-57.18,-59.56,56.37,-9.76,-0.62
2024/01/01 16:13:40.41,192.41,-31.55,-57.18,-59.56,56.34,-9.77,-0.62
2024/01/01 16:13:40.42,192.42,-31.55,-57.19,-59.55,56.32,-9.74,-0.59
2024/01/01 16:13:40.43,192.43,-31.56,-57.19,-59.54,56.31,-9.67,-0.55
2024/01/01 16:13:40.44,192.44,-31.58,-57.19,-59.54,56.29,-9.57,-0.52
2024/01/01 16:13:40.45,192.45,-31.60,-57.19,-59.54,56.30,-9.45,-0.51
2024/01/01 16:13:40.46,192.46,-31.61,-57.19,-59.55,56.35,-9.36,-0.52
2024/01/01 16:13:40.47,192.47,-31.63,-57.20,-59.55,56.42,-9.30,-0.54
2024/01/01 16:13:40.48,192.48,-31.63,-57.20,-59.55,56.50,-9.31,-0.56
2024/01/01 16:13:40.49,192.49,-31.62,-57.19,-59.55,56.56,-9.38,-0.59
2024/01/01 16:13:40.50,192.50,-31.60,-57.19,-59.55,56.58,-9.49,-0.60
2024/01/01 16:13:40.51,192.51,-31.59,-57.18,-59.56,56.57,-9.59,-0.59
2024/01/01 16:13:40.52,192.52,-31.58,-57.18,-59.56,56.51,-9.67,-0.57
2024/01/01 16:13:40.53,192.53,-31.58,-57.19,-59.56,56.41,-9.70,-0.57
2024/01/01 16:13:40.54,192.54,-31.58,-57.19,-59.56,56.28,-9.66,-0.57
2024/01/01 16:13:40.55,192.55,-31.58,-57.20,-59.56,56.15,-9.59,-0.58
2024/01/01 16:13:40.56,192.56,-31.59,-57.20,-59.55,56.07,-9.53,-0.59
2024/01/01 16:13:40.57,192.57,-31.59,-57.21,-59.55,56.05,-9.49,-0.58
2024/01/01 16:13:40.58,192.58,-31.60,-57.22,-59.55,56.12,-9.44,-0.57
2024/01/01 16:13:40.59,192.59,-31.61,-57.24,-59.54,56.24,-9.41,-0.56
2024/01/01 16:13:40.60,192.60,-31.62,-57.26,-59.54,56.36,-9.43,-0.56
2024/01/01 16:13:40.61,192.61,-31.63,-57.27,-59.53,56.41,-9.51,-0.56
2024/01/01 16:13:40.62,192.62,-31.64,-57.28,-59.52,56.41,-9.63,-0.56
2024/01/01 16:13:40.63,192.63,-31.66,-57.29,-59.51,56.38,-9.76,-0.55
2024/01/01 16:13:40.64,192.64,-31.67,-57.30,-59.50,56.37,-9.86,-0.52
2024/01/01 16:13:40.65,192.65,-31.68,-57.30,-59.49,56.37,-9.93,-0.50
2024/01/01 16:13:40.66,192.66,-31.68,-57.30,-59.49,56.36,-9.94,-0.49
2024/01/01 16:13:40.67,192.67,-31.68,-57.30,-59.50,56.32,-9.90,-0.51
2024/01/01 16:13:40.68,192.68,-31.68,-57.30,-59.51,56.27,-9.82,-0.52
2024/01/01 16:13:40.69,192.69,-31.69,-57.31,-59.52,56.24,-9.73,-0.51
2024/01/01 16:13:40.70,192.70,-31.69,-57.32,-59.52,56.23,-9.66,-0.50
2024/01/01 16:13:40.71,192.71,-31.69,-57.34,-59.53,56.23,-9.63,-0.51
2024/01/01 16:13:40.72,192.72,-31.69,-57.35,-59.52,56.24,-9.62,-0.55
2024/01/01 16:13:40.73,192.73,-31.68,-57.35,-59.53,56.26,-9.64,-0.59
2024/01/01 16:13:40.74,192.74,-31.67,-57.35,-59.53,56.28,-9.67,-0.59
2024/01/01 16:13:40.75,192.75,-31.65,-57.35,-59.54,56.30,-9.69,-0.58
2024/01/01 16:13:40.76,192.76,-31.64,-57.35,-59.55,56.31,-9.69,-0.58
2024/01/01 16:13:40.77,192.77,-31.62,-57.34,-59.55,56.27,-9.67,-0.57
2024/01/01 16:13:40.78,192.78,-31.60,-57.33,-59.55,56.21,-9.69,-0.59
2024/01/01 16:13:40.79,192.79,-31.58,-57.32,-59.55,56.16,-9.74,-0.62
2024/01/01 16:13:40.80,192.80,-31.58,-57.32,-59.56,56.15,-9.83,-0.63
2024/01/01 16:13:40.81,192.81,-31.57,-57.33,-59.57,56.20,-9.89,-0.61
2024/01/01 16:13:40.82,192.82,-31.58,-57.33,-59.57,56.28,-9.89,-0.58
2024/01/01 16:13:40.83,192.83,-31.58,-57.34,-59.57,56.36,-9.82,-0.56
2024/01/01 16:13:40.84,192.84,-31.58,-57.35,-59.56,56.43,-9.69,-0.55
2024/01/01 16:13:40.85,192.85,-31.58,-57.35,-59.55,56.48,-9.56,-0.55
2024/01/01 16:13:40.86,192.86,-31.57,-57.34,-59.54,56.54,-9.48,-0.55
2024/01/01 16:13:40.87,192.87,-31.57,-57.33,-59.54,56.60,-9.48,-0.55
2024/01/01 16:13:40.88,192.88,-31.55,-57.32,-59.54,56.61,-9.54,-0.56
2024/01/01 16:13:40.89,192.89,-31.53,-57.32,-59.54,56.56,-9.63,-0.58
2024/01/01 16:13:40.90,192.90,-31.50,-57.31,-59.54,56.49,-9.71,-0.58
2024/01/01 16:13:40.91,192.91,-31.48,-57.31,-59.54,56.43,-9.80,-0.57
2024/01/01 16:13:40.92,192.92,-31.45,-57.31,-59.55,56.41,-9.88,-0.57
2024/01/01 16:13:40.93,192.93,-31.44,-57.32,-59.55,56.43,-9.91,-0.57
2024/01/01 16:13:40.94,192.94,-31.43,-57.32,-59.54,56.47,-9.87,-0.57
2024/01/01 16:13:40.95,192.95,-31.42,-57.31,-59.54,56.48,-9.77,-0.58
2024/01/01 16:13:40.96,192.96,-31.42,-57.30,-59.55,56.47,-9.63,-0.60
2024/01/01 16:13:40.97,192.97,-31.42,-57.29,-59.57,56.45,-9.52,-0.61
2024/01/01 16:13:40.98,192.98,-31.43,-57.27,-59.58,56.46,-9.44,-0.62
2024/01/01 16:13:40.99,192.99,-31.43,-57.27,-59.59,56.51,-9.43,-0.62
2024/01/01 16:13:41.00,193.00,-31.41,-57.27,-59.60,56.60,-9.49,-0.63
2024/01/01 16:13:41.01,193.01,-31.39,-57.28,-59.61,56.68,-9.59,-0.64
2024/01/01 16:13:41.02,193.02,-31.37,-57.30,-59.63,56.75,-9.69,-0.64
2024/01/01 16:13:41.03,193.03,-31.35,-57.31,-59.65,56.78,-9.78,-0.62
2024/01/01 16:13:41.04,193.04,-31.34,-57.31,-59.66,56.78,-9.80,-0.63
2024/01/01 16:13:41.05,193.05,-31.34,-57.31,-59.68,56.75,-9.77,-0.68
2024/01/01 16:13:41.06,193.06,-31.35,-57.31,-59.70,56.69,-9.69,-0.75
2024/01/01 16:13:41.07,193.07,-31.36,-57.31,-59.70,56.60,-9.60,-0.78
2024/01/01 16:13:41.08,193.08,-31.37,-57.32,-59.70,56.49,-9.54,-0.77
2024/01/01 16:13:41.09,193.09,-31.37,-57.32,-59.69,56.41,-9.53,-0.76
2024/01/01 16:13:41.10,193.10,-31.38,-57.31,-59.69,56.40,-9.56,-0.78
2024/01/01 16:13:41.11,193.11,-31.38,-57.30,-59.69,56.47,-9.63,-0.76
2024/01/01 16:13:41.12,193.12,-31.38,-57.29,-59.69,56.56,-9.70,-0.71
2024/01/01 16:13:41.13,193.13,-31.40,-57.29,-59.69,56.64,-9.74,-0.66
2024/01/01 16:13:41.14,193.14,-31.41,-57.29,-59.69,56.66,-9.75,-0.66
2024/01/01 16:13:41.15,193.15,-31.42,-57.29,-59.70,56.65,-9.75,-0.70
2024/01/01 16:13:41.16,193.16,-31.43,-57.29,-59.71,56.62,-9.75,-0.74
2024/01/01 16:13:41.17,193.17,-31.43,-57.30,-59.72,56.58,-9.75,-0.74
2024/01/01 16:13:41.18,193.18,-31.44,-57.30,-59.73,56.53,-9.73,-0.75
2024/01/01 16:13:41.19,193.19,-31.44,-57.31,-59.74,56.48,-9.69,-0.77
2024/01/01 16:13:41.20,193.20,-31.45,-57.31,-59.75,56.45,-9.65,-0.78
2024/01/01 16:13:41.21,193.21,-31.45,-57.30,-59.76,56.44,-9.61,-0.79
2024/01/01 16:13:41.22,193.22,-31.45,-57.30,-59.77,56.43,-9.60,-0.80
2024/01/01 16:13:41.23,193.23,-31.45,-57.30,-59.78,56.42,-9.62,-0.81
2024/01/01 16:13:41.24,193.24,-31.44,-57.30,-59.78,56.40,-9.64,-0.81
2024/01/01 16:13:41.25,193.25,-31.44,-57.30,-59.79,56.39,-9.66,-0.81
2024/01/01 16:13:41.26,193.26,-31.44,-57.29,-59.79,56.39,-9.65,-0.82
2024/01/01 16:13:41.27,193.27,-31.44,-57.29,-59.80,56.42,-9.61,-0.84
2024/01/01 16:13:41.28,193.28,-31.44,-57.28,-59.80,56.46,-9.57,-0.85
2024/01/01 16:13:41.29,193.29,-31.44,-57.28,-59.81,56.47,-9.53,-0.84
2024/01/01 16:13:41.30,193.30,-31.45,-57.28,-59.81,56.46,-9.54,-0.83
2024/01/01 16:13:41.31,193.31,-31.45,-57.27,-59.82,56.44,-9.59,-0.82
2024/01/01 16:13:41.32,193.32,-31.45,-57.27,-59.83,56.44,-9.67,-0.81
2024/01/01 16:13:41.33,193.33,-31.45,-57.26,-59.83,56.47,-9.76,-0.80
2024/01/01 16:13:41.34,193.34,-31.45,-57.26,-59.84,56.53,-9.80,-0.80
2024/01/01 16:13:41.35,193.35,-31.44,-57.27,-59.85,56.58,-9.77,-0.83
2024/01/01 16:13:41.36,193.36,-31.43,-57.27,-59.85,56.61,-9.70,-0.87
2024/01/01 16:13:41.37,193.37,-31.42,-57.26,-59.86,56.62,-9.61,-0.90
2024/01/01 16:13:41.38,193.38,-31.42,-57.24,-59.86,56.62,-9.56,-0.93
2024/01/01 16:13:41.39,193.39,-31.43,-57.23,-59.87,56.60,-9.54,-0.93
2024/01/01 16:13:41.40,193.40,-31.43,-57.22,-59.88,56.52,-9.54,-0.91
2024/01/01 16:13:41.41,193.41,-31.43,-57.22,-59.88,56.42,-9.55,-0.90
2024/01/01 16:13:41.42,193.42,-31.43,-57.22,-59.89,56.34,-9.56,-0.90
2024/01/01 16:13:41.43,193.43,-31.43,-57.21,-59.89,56.32,-9.56,-0.91
2024/01/01 16:13:41.44,193.44,-31.44,-57.21,-59.89,56.38,-9.55,-0.91
2024/01/01 16:13:41.45,193.45,-31.45,-57.20,-59.89,56.49,-9.56,-0.92
2024/01/01 16:13:41.46,193.46,-31.45,-57.19,-59.89,56.58,-9.57,-0.92
2024/01/01 16:13:41.47,193.47,-31.46,-57.18,-59.89,56.59,-9.55,-0.92
2024/01/01 16:13:41.48,193.48,-31.46,-57.18,-59.88,56.50,-9.54,-0.89
2024/01/01 16:13:41.49,193.49,-31.46,-57.18,-59.88,56.40,-9.51,-0.87
2024/01/01 16:13:41.50,193.50,-31.45,-57.18,-59.87,56.34,-9.49,-0.87
2024/01/01 16:13:41.51,193.51,-31.46,-57.18,-59.87,56.34,-9.49,-0.89
2024/01/01 16:13:41.52,193.52,-31.46,-57.18,-59.87,56.38,-9.49,-0.92
2024/01/01 16:13:41.53,193.53,-31.45,-57.18,-59.88,56.38,-9.50,-0.94
2024/01/01 16:13:41.54,193.54,-31.45,-57.18,-59.88,56.34,-9.50,-0.94
2024/01/01 16:13:41.55,193.55,-31.45,-57.18,-59.87,56.28,-9.50,-0.93
2024/01/01 16:13:41.56,193.56,-31.45,-57.17,-59.87,56.27,-9.52,-0.93
2024/01/01 16:13:41.57,193.57,-31.45,-57.17,-59.86,56.35,-9.55,-0.92
2024/01/01 16:13:41.58,193.58,-31.48,-57.16,-59.86,56.46,-9.58,-0.89
2024/01/01 16:13:41.59,193.59,-31.50,-57.16,-59.85,56.57,-9.61,-0.88
2024/01/01 16:13:41.60,193.60,-31.52,-57.16,-59.85,56.63,-9.61,-0.89
2024/01/01 16:13:41.61,193.61,-31.54,-57.17,-59.84,56.62,-9.60,-0.90
2024/01/01 16:13:41.62,193.62,-31.55,-57.17,-59.84,56.59,-9.58,-0.88
2024/01/01 16:13:41.63,193.63,-31.55,-57.16,-59.84,56.55,-9.55,-0.84
2024/01/01 16:13:41.64,193.64,-31.54,-57.14,-59.84,56.51,-9.55,-0.80
2024/01/01 16:13:41.65,193.65,-31.54,-57.12,-59.83,56.49,-9.54,-0.80
2024/01/01 16:13:41.66,193.66,-31.53,-57.11,-59.83,56.45,-9.54,-0.82
2024/01/01 16:13:41.67,193.67,-31.53,-57.10,-59.83,56.40,-9.53,-0.84
2024/01/01 16:13:41.68,193.68,-31.53,-57.10,-59.84,56.35,-9.51,-0.85
2024/01/01 16:13:41.69,193.69,-31.52,-57.10,-59.85,56.30,-9.49,-0.87
2024/01/01 16:13:41.70,193.70,-31.51,-57.11,-59.85,56.27,-9.49,-0.88
2024/01/01 16:13:41.71,193.71,-31.51,-57.12,-59.86,56.26,-9.47,-0.87
2024/01/01 16:13:41.72,193.72,-31.52,-57.12,-59.87,56.28,-9.43,-0.88
2024/01/01 16:13:41.73,193.73,-31.52,-57.13,-59.89,56.29,-9.37,-0.91
2024/01/01 16:13:41.74,193.74,-31.52,-57.14,-59.90,56.29,-9.30,-0.95
2024/01/01 16:13:41.75,193.75,-31.52,-57.14,-59.92,56.26,-9.25,-0.98
2024/01/01 16:13:41.76,193.76,-31.51,-57.13,-59.93,56.23,-9.27,-1.01
2024/01/01 16:13:41.77,193.77,-31.51,-57.13,-59.93,56.21,-9.34,-1.01
2024/01/01 16:13:41.78,193.78,-31.51,-57.12,-59.94,56.24,-9.42,-0.99
2024/01/01 16:13:41.79,193.79,-31.51,-57.11,-59.94,56.33,-9.53,-0.98
2024/01/01 16:13:41.80,193.80,-31.51,-57.10,-59.94,56.44,-9.62,-0.96
2024/01/01 16:13:41.81,193.81,-31.51,-57.10,-59.93,56.53,-9.69,-0.93
2024/01/01 16:13:41.82,193.82,-31.53,-57.09,-59.93,56.56,-9.71,-0.92
2024/01/01 16:13:41.83,193.83,-31.54,-57.09,-59.93,56.55,-9.69,-0.92
2024/01/01 16:13:41.84,193.84,-31.55,-57.09,-59.92,56.54,-9.64,-0.91
2024/01/01 16:13:41.85,193.85,-31.57,-57.09,-59.90,56.56,-9.58,-0.89
2024/01/01 16:13:41.86,193.86,-31.59,-57.10,-59.90,56.58,-9.51,-0.91
2024/01/01 16:13:41.87,193.87,-31.61,-57.10,-59.89,56.56,-9.46,-0.93
2024/01/01 16:13:41.88,193.88,-31.62,-57.10,-59.89,56.50,-9.42,-0.92
2024/01/01 16:13:41.89,193.89,-31.62,-57.10,-59.88,56.39,-9.42,-0.88
2024/01/01 16:13:41.90,193.90,-31.62,-57.10,-59.87,56.29,-9.43,-0.86
2024/01/01 16:13:41.91,193.91,-31.61,-57.10,-59.86,56.23,-9.45,-0.87
2024/01/01 16:13:41.92,193.92,-31.60,-57.10,-59.87,56.21,-9.45,-0.90
2024/01/01 16:13:41.93,193.93,-31.59,-57.10,-59.87,56.18,-9.46,-0.91
2024/01/01 16:13:41.94,193.94,-31.59,-57.09,-59.88,56.11,-9.45,-0.91
2024/01/01 16:13:41.95,193.95,-31.60,-57.09,-59.89,56.00,-9.45,-0.92
2024/01/01 16:13:41.96,193.96,-31.60,-57.08,-59.90,55.91,-9.43,-0.95
2024/01/01 16:13:41.97,193.97,-31.61,-57.08,-59.92,55.90,-9.41,-0.96
2024/01/01 16:13:41.98,193.98,-31.62,-57.07,-59.93,55.96,-9.37,-0.93
2024/01/01 16:13:41.99,193.99,-31.63,-57.06,-59.94,56.06,-9.33,-0.91
2024/01/01 16:13:42.00,194.00,-31.64,-57.05,-59.95,56.19,-9.33,-0.95
2024/01/01 16:13:42.01,194.01,-31.65,-57.05,-59.95,56.30,-9.35,-1.01
2024/01/01 16:13:42.02,194.02,-31.66,-57.04,-59.95,56.38,-9.39,-1.02
2024/01/01 16:13:42.03,194.03,-31.66,-57.04,-59.94,56.42,-9.45,-0.99
2024/01/01 16:13:42.04,194.04,-31.66,-57.03,-59.94,56.42,-9.51,-0.96
2024/01/01 16:13:42.05,194.05,-31.66,-57.03,-59.93,56.40,-9.55,-0.93
2024/01/01 16:13:42.06,194.06,-31.66,-57.03,-59.93,56.37,-9.57,-0.88
2024/01/01 16:13:42.07,194.07,-31.65,-57.04,-59.92,56.35,-9.56,-0.85
2024/01/01 16:13:42.08,194.08,-31.63,-57.04,-59.91,56.34,-9.52,-0.86
2024/01/01 16:13:42.09,194.09,-31.61,-57.06,-59.91,56.33,-9.47,-0.92
2024/01/01 16:13:42.10,194.10,-31.59,-57.07,-59.90,56.31,-9.42,-0.98
2024/01/01 16:13:42.11,194.11,-31.57,-57.08,-59.90,56.29,-9.38,-1.00
2024/01/01 16:13:42.12,194.12,-31.55,-57.08,-59.90,56.27,-9.36,-0.99
2024/01/01 16:13:42.13,194.13,-31.55,-57.08,-59.90,56.24,-9.35,-0.98
2024/01/01 16:13:42.14,194.14,-31.55,-57.08,-59.89,56.20,-9.37,-0.95
2024/01/01 16:13:42.15,194.15,-31.55,-57.07,-59.89,56.17,-9.41,-0.94
2024/01/01 16:13:42.16,194.16,-31.57,-57.07,-59.89,56.15,-9.44,-0.95
2024/01/01 16:13:42.17,194.17,-31.58,-57.07,-59.89,56.17,-9.46,-0.95
2024/01/01 16:13:42.18,194.18,-31.59,-57.07,-59.91,56.23,-9.46,-0.93
2024/01/01 16:13:42.19,194.19,-31.60,-57.07,-59.92,56.33,-9.45,-0.91
2024/01/01 16:13:42.20,194.20,-31.60,-57.07,-59.93,56.42,-9.44,-0.89
2024/01/01 16:13:42.21,194.21,-31.60,-57.06,-59.93,56.48,-9.45,-0.88
2024/01/01 16:13:42.22,194.22,-31.61,-57.04,-59.93,56.49,-9.48,-0.90
2024/01/01 16:13:42.23,194.23,-31.60,-57.02,-59.93,56.48,-9.51,-0.92
2024/01/01 16:13:42.24,194.24,-31.60,-57.01,-59.93,56.45,-9.51,-0.94
2024/01/01 16:13:42.25,194.25,-31.59,-57.00,-59.93,56.43,-9.48,-0.95
2024/01/01 16:13:42.26,194.26,-31.59,-57.01,-59.94,56.40,-9.43,-0.96
2024/01/01 16:13:42.27,194.27,-31.58,-57.01,-59.94,56.35,-9.36,-0.99
2024/01/01 16:13:42.28,194.28,-31.57,-57.01,-59.94,56.27,-9.29,-1.01
2024/01/01 16:13:42.29,194.29,-31.57,-57.01,-59.94,56.20,-9.25,-0.98
2024/01/01 16:13:42.30,194.30,-31.57,-57.01,-59.95,56.14,-9.24,-0.95
2024/01/01 16:13:42.31,194.31,-31.58,-57.01,-59.95,56.12,-9.23,-0.94
2024/01/01 16:13:42.32,194.32,-31.58,-57.01,-59.96,56.12,-9.21,-0.96
2024/01/01 16:13:42.33,194.33,-31.58,-57.00,-59.97,56.13,-9.20,-0.99
2024/01/01 16:13:42.34,194.34,-31.58,-56.99,-59.97,56.15,-9.24,-1.02
2024/01/01 16:13:42.35,194.35,-31.59,-56.97,-59.98,56.18,-9.34,-1.03
2024/01/01 16:13:42.36,194.36,-31.59,-56.96,-59.98,56.24,-9.45,-1.04
2024/01/01 16:13:42.37,194.37,-31.61,-56.96,-59.99,56.31,-9.55,-1.03
2024/01/01 16:13:42.38,194.38,-31.62,-56.95,-60.00,56.37,-9.61,-1.01
2024/01/01 16:13:42.39,194.39,-31.63,-56.95,-60.02,56.40,-9.60,-0.99
2024/01/01 16:13:42.40,194.40,-31.64,-56.94,-60.03,56.40,-9.53,-0.98
2024/01/01 16:13:42.41,194.41,-31.64,-56.95,-60.03,56.39,-9.44,-0.97
2024/01/01 16:13:42.42,194.42,-31.64,-56.95,-60.03,56.39,-9.34,-0.98
2024/01/01 16:13:42.43,194.43,-31.63,-56.95,-60.03,56.42,-9.25,-1.02
2024/01/01 16:13:42.44,194.44,-31.63,-56.95,-60.02,56.43,-9.17,-1.04
2024/01/01 16:13:42.45,194.45,-31.62,-56.95,-60.02,56.39,-9.12,-1.05
2024/01/01 16:13:42.46,194.46,-31.62,-56.95,-60.01,56.28,-9.13,-1.05
2024/01/01 16:13:42.47,194.47,-31.62,-56.95,-60.00,56.14,-9.17,-1.03
2024/01/01 16:13:42.48,194.48,-31.62,-56.96,-59.99,56.01,-9.23,-1.02
2024/01/01 16:13:42.49,194.49,-31.62,-56.97,-59.99,55.94,-9.28,-1.01
2024/01/01 16:13:42.50,194.50,-31.62,-56.97,-59.98,55.94,-9.33,-0.98
2024/01/01 16:13:42.51,194.51,-31.62,-56.98,-59.98,55.98,-9.38,-0.98
2024/01/01 16:13:42.52,194.52,-31.62,-56.98,-59.98,56.03,-9.41,-1.01
2024/01/01 16:13:42.53,194.53,-31.62,-56.98,-59.98,56.10,-9.43,-1.04
2024/01/01 16:13:42.54,194.54,-31.62,-56.98,-59.98,56.16,-9.42,-1.02
2024/01/01 16:13:42.55,194.55,-31.61,-56.99,-59.98,56.23,-9.42,-1.00
2024/01/01 16:13:42.56,194.56,-31.61,-57.00,-59.99,56.28,-9.42,-0.99
2024/01/01 16:13:42.57,194.57,-31.62,-57.00,-59.99,56.33,-9.41,-0.99
2024/01/01 16:13:42.58,194.58,-31.63,-57.01,-60.00,56.37,-9.42,-0.98
2024/01/01 16:13:42.59,194.59,-31.63,-57.02,-60.01,56.40,-9.43,-0.97
2024/01/01 16:13:42.60,194.60,-31.64,-57.03,-60.02,56.42,-9.43,-0.98
2024/01/01 16:13:42.61,194.61,-31.64,-57.03,-60.03,56.41,-9.41,-1.00
2024/01/01 16:13:42.62,194.62,-31.65,-57.04,-60.04,56.39,-9.38,-1.02
2024/01/01 16:13:42.63,194.63,-31.65,-57.03,-60.05,56.36,-9.36,-1.04
2024/01/01 16:13:42.64,194.64,-31.65,-57.03,-60.06,56.35,-9.37,-1.05
2024/01/01 16:13:42.65,194.65,-31.65,-57.02,-60.06,56.33,-9.40,-1.06
2024/01/01 16:13:42.66,194.66,-31.65,-57.02,-60.07,56.30,-9.42,-1.06
2024/01/01 16:13:42.67,194.67,-31.64,-57.02,-60.09,56.23,-9.43,-1.06
2024/01/01 16:13:42.68,194.68,-31.63,-57.02,-60.10,56.13,-9.42,-1.09
2024/01/01 16:13:42.69,194.69,-31.62,-57.03,-60.11,56.05,-9.40,-1.12
2024/01/01 16:13:42.70,194.70,-31.61,-57.03,-60.11,56.01,-9.38,-1.13
2024/01/01 16:13:42.71,194.71,-31.61,-57.02,-60.11,56.02,-9.36,-1.14
2024/01/01 16:13:42.72,194.72,-31.60,-57.02,-60.11,56.05,-9.38,-1.15
2024/01/01 16:13:42.73,194.73,-31.60,-57.03,-60.11,56.07,-9.40,-1.18
2024/01/01 16:13:42.74,194.74,-31.60,-57.03,-60.11,56.07,-9.42,-1.21
2024/01/01 16:13:42.75,194.75,-31.60,-57.05,-60.11,56.08,-9.45,-1.22
2024/01/01 16:13:42.76,194.76,-31.59,-57.06,-60.11,56.14,-9.50,-1.19
2024/01/01 16:13:42.77,194.77,-31.59,-57.07,-60.11,56.23,-9.55,-1.14
2024/01/01 16:13:42.78,194.78,-31.60,-57.07,-60.11,56.33,-9.58,-1.09
2024/01/01 16:13:42.79,194.79,-31.61,-57.07,-60.10,56.41,-9.59,-1.08
2024/01/01 16:13:42.80,194.80,-31.61,-57.07,-60.09,56.46,-9.55,-1.11
2024/01/01 16:13:42.81,194.81,-31.62,-57.07,-60.09,56.46,-9.49,-1.13
2024/01/01 16:13:42.82,194.82,-31.62,-57.06,-60.08,56.45,-9.43,-1.12
2024/01/01 16:13:42.83,194.83,-31.62,-57.06,-60.08,56.42,-9.39,-1.07
2024/01/01 16:13:42.84,194.84,-31.63,-57.06,-60.07,56.38,-9.37,-1.02
2024/01/01 16:13:42.85,194.85,-31.63,-57.05,-60.07,56.35,-9.36,-0.99
2024/01/01 16:13:42.86,194.86,-31.62,-57.04,-60.06,56.33,-9.36,-1.01
2024/01/01 16:13:42.87,194.87,-31.62,-57.04,-60.06,56.30,-9.37,-1.04
2024/01/01 16:13:42.88,194.88,-31.61,-57.04,-60.06,56.27,-9.40,-1.06
2024/01/01 16:13:42.89,194.89,-31.61,-57.04,-60.05,56.22,-9.42,-1.09
2024/01/01 16:13:42.90,194.90,-31.60,-57.05,-60.05,56.17,-9.42,-1.11
2024/01/01 16:13:42.91,194.91,-31.59,-57.05,-60.03,56.13,-9.41,-1.10
2024/01/01 16:13:42.92,194.92,-31.58,-57.04,-60.02,56.11,-9.41,-1.08
2024/01/01 16:13:42.93,194.93,-31.57,-57.03,-60.00,56.11,-9.41,-1.05
2024/01/01 16:13:42.94,194.94,-31.56,-57.01,-59.99,56.10,-9.42,-1.02
2024/01/01 16:13:42.95,194.95,-31.56,-56.99,-59.98,56.10,-9.41,-1.01
2024/01/01 16:13:42.96,194.96,-31.55,-56.97,-59.97,56.11,-9.41,-1.00
2024/01/01 16:13:42.97,194.97,-31.56,-56.96,-59.95,56.15,-9.41,-1.01
2024/01/01 16:13:42.98,194.98,-31.56,-56.96,-59.95,56.22,-9.40,-1.02
2024/01/01 16:13:42.99,194.99,-31.56,-56.96,-59.95,56.32,-9.41,-0.99
2024/01/01 16:13:43.00,195.00,-31.56,-56.96,-59.96,56.42,-9.40,-0.94
2024/01/01 16:13:43.01,195.01,-31.57,-56.97,-59.96,56.50,-9.38,-0.91
2024/01/01 16:13:43.02,195.02,-31.57,-56.98,-59.96,56.55,-9.32,-0.91
2024/01/01 16:13:43.03,195.03,-31.57,-56.99,-59.96,56.58,-9.25,-0.91
2024/01/01 16:13:43.04,195.04,-31.57,-56.99,-59.96,56.59,-9.17,-0.93
2024/01/01 16:13:43.05,195.05,-31.57,-56.99,-59.97,56.57,-9.11,-0.96
2024/01/01 16:13:43.06,195.06,-31.57,-57.00,-59.98,56.51,-9.11,-0.98
2024/01/01 16:13:43.07,195.07,-31.56,-57.01,-59.99,56.41,-9.17,-0.99
2024/01/01 16:13:43.08,195.08,-31.56,-57.02,-60.00,56.30,-9.26,-0.98
2024/01/01 16:13:43.09,195.09,-31.56,-57.03,-60.00,56.23,-9.36,-0.98
2024/01/01 16:13:43.10,195.10,-31.56,-57.04,-60.00,56.23,-9.43,-1.00
2024/01/01 16:13:43.11,195.11,-31.55,-57.06,-60.00,56.25,-9.48,-1.05
2024/01/01 16:13:43.12,195.12,-31.55,-57.06,-60.00,56.27,-9.51,-1.09
2024/01/01 16:13:43.13,195.13,-31.54,-57.07,-60.01,56.28,-9.52,-1.09
2024/01/01 16:13:43.14,195.14,-31.55,-57.07,-60.01,56.26,-9.54,-1.06
2024/01/01 16:13:43.15,195.15,-31.55,-57.07,-60.01,56.23,-9.57,-1.03
2024/01/01 16:13:43.16,195.16,-31.56,-57.07,-60.02,56.20,-9.60,-1.01
2024/01/01 16:13:43.17,195.17,-31.57,-57.07,-60.02,56.19,-9.63,-1.02
2024/01/01 16:13:43.18,195.18,-31.57,-57.08,-60.03,56.19,-9.63,-1.04
2024/01/01 16:13:43.19,195.19,-31.58,-57.10,-60.03,56.19,-9.62,-1.05
2024/01/01 16:13:43.20,195.20,-31.60,-57.11,-60.04,56.20,-9.60,-1.08
2024/01/01 16:13:43.21,195.21,-31.61,-57.12,-60.04,56.25,-9.57,-1.11
2024/01/01 16:13:43.22,195.22,-31.62,-57.12,-60.05,56.33,-9.53,-1.11
2024/01/01 16:13:43.23,195.23,-31.63,-57.11,-60.05,56.40,-9.49,-1.08
2024/01/01 16:13:43.24,195.24,-31.64,-57.10,-60.05,56.43,-9.44,-1.05
2024/01/01 16:13:43.25,195.25,-31.65,-57.09,-60.04,56.41,-9.39,-1.02
2024/01/01 16:13:43.26,195.26,-31.64,-57.08,-60.04,56.36,-9.33,-1.01
2024/01/01 16:13:43.27,195.27,-31.63,-57.06,-60.03,56.32,-9.30,-1.02
2024/01/01 16:13:43.28,195.28,-31.63,-57.05,-60.02,56.30,-9.32,-1.05
2024/01/01 16:13:43.29,195.29,-31.62,-57.04,-60.02,56.29,-9.36,-1.06
2024/01/01 16:13:43.30,195.30,-31.62,-57.04,-60.01,56.26,-9.41,-1.05
2024/01/01 16:13:43.31,195.31,-31.62,-57.04,-60.01,56.22,-9.44,-1.03
2024/01/01 16:13:43.32,195.32,-31.62,-57.04,-60.00,56.19,-9.45,-0.99
2024/01/01 16:13:43.33,195.33,-31.62,-57.04,-60.00,56.17,-9.42,-0.95
2024/01/01 16:13:43.34,195.34,-31.62,-57.05,-60.00,56.17,-9.39,-0.94
2024/01/01 16:13:43.35,195.35,-31.62,-57.06,-60.00,56.20,-9.36,-0.97
2024/01/01 16:13:43.36,195.36,-31.62,-57.07,-60.01,56.22,-9.35,-1.02
2024/01/01 16:13:43.37,195.37,-31.61,-57.08,-60.02,56.22,-9.35,-1.05
2024/01/01 16:13:43.38,195.38,-31.61,-57.09,-60.04,56.19,-9.38,-1.07
2024/01/01 16:13:43.39,195.39,-31.60,-57.10,-60.04,56.15,-9.42,-1.07
2024/01/01 16:13:43.40,195.40,-31.60,-57.10,-60.05,56.15,-9.49,-1.06
2024/01/01 16:13:43.41,195.41,-31.59,-57.11,-60.05,56.18,-9.56,-1.05
2024/01/01 16:13:43.42,195.42,-31.59,-57.11,-60.06,56.24,-9.62,-1.06
2024/01/01 16:13:43.43,195.43,-31.59,-57.11,-60.06,56.30,-9.65,-1.08
2024/01/01 16:13:43.44,195.44,-31.58,-57.12,-60.06,56.33,-9.64,-1.08
2024/01/01 16:13:43.45,195.45,-31.57,-57.12,-60.06,56.32,-9.60,-1.08
2024/01/01 16:13:43.46,195.46,-31.56,-57.12,-60.05,56.32,-9.52,-1.08
2024/01/01 16:13:43.47,195.47,-31.55,-57.12,-60.05,56.33,-9.45,-1.08
2024/01/01 16:13:43.48,195.48,-31.54,-57.12,-60.05,56.36,-9.41,-1.07
2024/01/01 16:13:43.49,195.49,-31.53,-57.11,-60.05,56.37,-9.42,-1.06
2024/01/01 16:13:43.50,195.50,-31.51,-57.11,-60.05,56.37,-9.46,-1.07
2024/01/01 16:13:43.51,195.51,-31.51,-57.12,-60.04,56.36,-9.53,-1.08
2024/01/01 16:13:43.52,195.52,-31.50,-57.13,-60.04,56.35,-9.60,-1.07
2024/01/01 16:13:43.53,195.53,-31.50,-57.14,-60.05,56.39,-9.65,-1.06
2024/01/01 16:13:43.54,195.54,-31.49,-57.14,-60.06,56.47,-9.63,-1.06
2024/01/01 16:13:43.55,195.55,-31.48,-57.14,-60.06,56.56,-9.57,-1.05
2024/01/01 16:13:43.56,195.56,-31.48,-57.15,-60.06,56.61,-9.49,-1.05
2024/01/01 16:13:43.57,195.57,-31.48,-57.14,-60.06,56.61,-9.42,-1.08
2024/01/01 16:13:43.58,195.58,-31.49,-57.14,-60.06,56.55,-9.36,-1.11
2024/01/01 16:13:43.59,195.59,-31.50,-57.13,-60.06,56.47,-9.33,-1.11
2024/01/01 16:13:43.60,195.60,-31.51,-57.13,-60.06,56.39,-9.34,-1.11
2024/01/01 16:13:43.61,195.61,-31.52,-57.13,-60.06,56.33,-9.39,-1.12
2024/01/01 16:13:43.62,195.62,-31.53,-57.13,-60.06,56.31,-9.46,-1.12
2024/01/01 16:13:43.63,195.63,-31.54,-57.13,-60.06,56.32,-9.53,-1.09
2024/01/01 16:13:43.64,195.64,-31.54,-57.13,-60.05,56.35,-9.59,-1.05
2024/01/01 16:13:43.65,195.65,-31.54,-57.13,-60.04,56.39,-9.66,-1.02
2024/01/01 16:13:43.66,195.66,-31.54,-57.13,-60.04,56.41,-9.69,-1.01
2024/01/01 16:13:43.67,195.67,-31.55,-57.14,-60.03,56.38,-9.66,-1.02
2024/01/01 16:13:43.68,195.68,-31.56,-57.14,-60.02,56.30,-9.58,-1.03
2024/01/01 16:13:43.69,195.69,-31.57,-57.14,-60.01,56.19,-9.49,-1.06
2024/01/01 16:13:43.70,195.70,-31.57,-57.15,-60.00,56.10,-9.44,-1.08
2024/01/01 16:13:43.71,195.71,-31.57,-57.16,-59.99,56.04,-9.44,-1.08
2024/01/01 16:13:43.72,195.72,-31.56,-57.17,-59.99,56.05,-9.48,-1.05
2024/01/01 16:13:43.73,195.73,-31.55,-57.17,-59.99,56.14,-9.49,-1.01
2024/01/01 16:13:43.74,195.74,-31.55,-57.18,-59.99,56.26,-9.48,-0.99
2024/01/01 16:13:43.75,195.75,-31.54,-57.18,-59.99,56.40,-9.46,-0.99
2024/01/01 16:13:43.76,195.76,-31.54,-57.18,-59.98,56.50,-9.48,-1.00
2024/01/01 16:13:43.77,195.77,-31.54,-57.18,-59.99,56.54,-9.51,-1.01
2024/01/01 16:13:43.78,195.78,-31.54,-57.18,-59.99,56.51,-9.55,-1.01
2024/01/01 16:13:43.79,195.79,-31.54,-57.18,-60.00,56.44,-9.60,-0.99
2024/01/01 16:13:43.80,195.80,-31.54,-57.18,-60.00,56.36,-9.64,-0.98
2024/01/01 16:13:43.81,195.81,-31.53,-57.18,-60.01,56.34,-9.65,-1.01
2024/01/01 16:13:43.82,195.82,-31.53,-57.18,-60.01,56.36,-9.63,-1.06
2024/01/01 16:13:43.83,195.83,-31.52,-57.17,-60.02,56.39,-9.59,-1.11
2024/01/01 16:13:43.84,195.84,-31.52,-57.16,-60.03,56.40,-9.56,-1.11
2024/01/01 16:13:43.85,195.85,-31.53,-57.15,-60.03,56.39,-9.54,-1.07
2024/01/01 16:13:43.86,195.86,-31.52,-57.14,-60.02,56.37,-9.53,-1.04
2024/01/01 16:13:43.87,195.87,-31.52,-57.13,-60.02,56.35,-9.52,-1.02
2024/01/01 16:13:43.88,195.88,-31.53,-57.13,-60.02,56.35,-9.51,-1.02
2024/01/01 16:13:43.89,195.89,-31.54,-57.13,-60.02,56.35,-9.48,-1.02
2024/01/01 16:13:43.90,195.90,-31.55,-57.13,-60.02,56.36,-9.47,-1.04
2024/01/01 16:13:43.91,195.91,-31.55,-57.13,-60.02,56.37,-9.46,-1.06
2024/01/01 16:13:43.92,195.92,-31.54,-57.13,-60.03,56.38,-9.45,-1.06
2024/01/01 16:13:43.93,195.93,-31.53,-57.12,-60.03,56.39,-9.46,-1.05
2024/01/01 16:13:43.94,195.94,-31.54,-57.11,-60.04,56.39,-9.48,-1.03
2024/01/01 16:13:43.95,195.95,-31.54,-57.10,-60.04,56.37,-9.48,-1.04
2024/01/01 16:13:43.96,195.96,-31.55,-57.10,-60.05,56.35,-9.48,-1.06
2024/01/01 16:13:43.97,195.97,-31.57,-57.11,-60.06,56.33,-9.47,-1.09
2024/01/01 16:13:43.98,195.98,-31.58,-57.12,-60.07,56.30,-9.47,-1.10
2024/01/01 16:13:43.99,195.99,-31.58,-57.12,-60.07,56.28,-9.49,-1.11
2024/01/01 16:13:44.00,196.00,-31.58,-57.12,-60.08,56.27,-9.52,-1.11
2024/01/01 16:13:44.01,196.01,-31.58,-57.11,-60.09,56.26,-9.55,-1.13
2024/01/01 16:13:44.02,196.02,-31.58,-57.11,-60.09,56.27,-9.55,-1.12
2024/01/01 16:13:44.03,196.03,-31.59,-57.12,-60.10,56.27,-9.51,-1.09
2024/01/01 16:13:44.04,196.04,-31.61,-57.12,-60.10,56.26,-9.46,-1.11
2024/01/01 16:13:44.05,196.05,-31.61,-57.11,-60.11,56.25,-9.42,-1.14
2024/01/01 16:13:44.06,196.06,-31.61,-57.11,-60.11,56.25,-9.42,-1.14
2024/01/01 16:13:44.07,196.07,-31.61,-57.11,-60.11,56.25,-9.47,-1.12
2024/01/01 16:13:44.08,196.08,-31.61,-57.11,-60.11,56.26,-9.54,-1.11
2024/01/01 16:13:44.09,196.09,-31.61,-57.10,-60.12,56.28,-9.57,-1.11
2024/01/01 16:13:44.10,196.10,-31.62,-57.10,-60.11,56.29,-9.54,-1.11
2024/01/01 16:13:44.11,196.11,-31.63,-57.10,-60.11,56.31,-9.49,-1.11
2024/01/01 16:13:44.12,196.12,-31.63,-57.10,-60.10,56.31,-9.45,-1.12
2024/01/01 16:13:44.13,196.13,-31.62,-57.11,-60.10,56.28,-9.42,-1.15
2024/01/01 16:13:44.14,196.14,-31.62,-57.12,-60.10,56.25,-9.43,-1.14
2024/01/01 16:13:44.15,196.15,-31.61,-57.11,-60.10,56.22,-9.46,-1.11
2024/01/01 16:13:44.16,196.16,-31.62,-57.11,-60.10,56.22,-9.50,-1.07
2024/01/01 16:13:44.17,196.17,-31.62,-57.11,-60.10,56.25,-9.52,-1.06
2024/01/01 16:13:44.18,196.18,-31.63,-57.12,-60.11,56.29,-9.52,-1.10
2024/01/01 16:13:44.19,196.19,-31.63,-57.13,-60.10,56.29,-9.52,-1.14
2024/01/01 16:13:44.20,196.20,-31.63,-57.13,-60.10,56.26,-9.53,-1.15
2024/01/01 16:13:44.21,196.21,-31.64,-57.13,-60.10,56.21,-9.54,-1.15
2024/01/01 16:13:44.22,196.22,-31.64,-57.13,-60.11,56.18,-9.55,-1.15
2024/01/01 16:13:44.23,196.23,-31.65,-57.13,-60.11,56.20,-9.53,-1.11
2024/01/01 16:13:44.24,196.24,-31.65,-57.14,-60.10,56.25,-9.49,-1.06
2024/01/01 16:13:44.25,196.25,-31.66,-57.15,-60.10,56.29,-9.44,-1.04
2024/01/01 16:13:44.26,196.26,-31.67,-57.16,-60.09,56.28,-9.43,-1.07
2024/01/01 16:13:44.27,196.27,-31.68,-57.17,-60.09,56.21,-9.46,-1.10
2024/01/01 16:13:44.28,196.28,-31.68,-57.17,-60.09,56.14,-9.54,-1.11
2024/01/01 16:13:44.29,196.29,-31.68,-57.17,-60.09,56.09,-9.61,-1.11
2024/01/01 16:13:44.30,196.30,-31.68,-57.17,-60.09,56.09,-9.66,-1.10
2024/01/01 16:13:44.31,196.31,-31.69,-57.18,-60.10,56.11,-9.66,-1.11
2024/01/01 16:13:44.32,196.32,-31.70,-57.18,-60.11,56.15,-9.64,-1.10
2024/01/01 16:13:44.33,196.33,-31.70,-57.18,-60.10,56.19,-9.62,-1.09
2024/01/01 16:13:44.34,196.34,-31.71,-57.17,-60.10,56.20,-9.60,-1.08
2024/01/01 16:13:44.35,196.35,-31.71,-57.16,-60.09,56.19,-9.57,-1.08
2024/01/01 16:13:44.36,196.36,-31.71,-57.15,-60.09,56.18,-9.53,-1.08
2024/01/01 16:13:44.37,196.37,-31.71,-57.15,-60.10,56.17,-9.51,-1.07
2024/01/01 16:13:44.38,196.38,-31.71,-57.15,-60.11,56.18,-9.49,-1.08
2024/01/01 16:13:44.39,196.39,-31.71,-57.15,-60.12,56.19,-9.48,-1.12
2024/01/01 16:13:44.40,196.40,-31.71,-57.15,-60.13,56.21,-9.49,-1.15
2024/01/01 16:13:44.41,196.41,-31.70,-57.16,-60.13,56.20,-9.52,-1.16
2024/01/01 16:13:44.42,196.42,-31.69,-57.16,-60.14,56.17,-9.57,-1.15
2024/01/01 16:13:44.43,196.43,-31.68,-57.16,-60.14,56.15,-9.60,-1.15
2024/01/01 16:13:44.44,196.44,-31.67,-57.16,-60.14,56.17,-9.59,-1.16
2024/01/01 16:13:44.45,196.45,-31.66,-57.17,-60.14,56.21,-9.56,-1.15
2024/01/01 16:13:44.46,196.46,-31.65,-57.17,-60.14,56.24,-9.53,-1.15
2024/01/01 16:13:44.47,196.47,-31.65,-57.18,-60.14,56.20,-9.53,-1.16
2024/01/01 16:13:44.48,196.48,-31.66,-57.18,-60.14,56.12,-9.54,-1.18
2024/01/01 16:13:44.49,196.49,-31.67,-57.18,-60.14,56.05,-9.56,-1.18
2024/01/01 16:13:44.50,196.50,-31.69,-57.19,-60.14,56.06,-9.59,-1.15
2024/01/01 16:13:44.51,196.51,-31.70,-57.20,-60.14,56.14,-9.62,-1.12
2024/01/01 16:13:44.52,196.52,-31.71,-57.21,-60.13,56.24,-9.64,-1.10
2024/01/01 16:13:44.53,196.53,-31.71,-57.21,-60.13,56.31,-9.63,-1.09
2024/01/01 16:13:44.54,196.54,-31.71,-57.23,-60.13,56.35,-9.63,-1.09
2024/01/01 16:13:44.55,196.55,-31.71,-57.24,-60.12,56.37,-9.64,-1.11
2024/01/01 16:13:44.56,196.56,-31.72,-57.25,-60.12,56.37,-9.67,-1.11
2024/01/01 16:13:44.57,196.57,-31.72,-57.26,-60.11,56.35,-9.69,-1.11
2024/01/01 16:13:44.58,196.58,-31.72,-57.26,-60.11,56.28,-9.70,-1.12
2024/01/01 16:13:44.59,196.59,-31.72,-57.26,-60.11,56.17,-9.69,-1.12
2024/01/01 16:13:44.60,196.60,-31.73,-57.26,-60.11,56.04,-9.69,-1.14
2024/01/01 16:13:44.61,196.61,-31.73,-57.27,-60.11,55.93,-9.68,-1.15
2024/01/01 16:13:44.62,196.62,-31.73,-57.27,-60.11,55.92,-9.68,-1.16
2024/01/01 16:13:44.63,196.63,-31.72,-57.27,-60.11,55.99,-9.68,-1.14
2024/01/01 16:13:44.64,196.64,-31.72,-57.27,-60.10,56.07,-9.69,-1.11
2024/01/01 16:13:44.65,196.65,-31.72,-57.27,-60.09,56.12,-9.70,-1.10
2024/01/01 16:13:44.66,196.66,-31.71,-57.28,-60.09,56.15,-9.70,-1.10
2024/01/01 16:13:44.67,196.67,-31.70,-57.28,-60.08,56.14,-9.69,-1.09
2024/01/01 16:13:44.68,196.68,-31.69,-57.28,-60.08,56.13,-9.66,-1.09
2024/01/01 16:13:44.69,196.69,-31.68,-57.28,-60.08,56.12,-9.64,-1.11
2024/01/01 16:13:44.70,196.70,-31.68,-57.28,-60.08,56.14,-9.64,-1.12
2024/01/01 16:13:44.71,196.71,-31.67,-57.27,-60.09,56.18,-9.64,-1.10
2024/01/01 16:13:44.72,196.72,-31.66,-57.27,-60.08,56.24,-9.64,-1.09
2024/01/01 16:13:44.73,196.73,-31.66,-57.26,-60.08,56.30,-9.65,-1.09
2024/01/01 16:13:44.74,196.74,-31.65,-57.26,-60.08,56.37,-9.67,-1.09
2024/01/01 16:13:44.75,196.75,-31.64,-57.27,-60.07,56.43,-9.71,-1.09
2024/01/01 16:13:44.76,196.76,-31.63,-57.27,-60.07,56.46,-9.75,-1.09
2024/01/01 16:13:44.77,196.77,-31.62,-57.28,-60.08,56.44,-9.77,-1.09
2024/01/01 16:13:44.78,196.78,-31.62,-57.28,-60.08,56.38,-9.76,-1.09
2024/01/01 16:13:44.79,196.79,-31.63,-57.28,-60.09,56.29,-9.70,-1.08
2024/01/01 16:13:44.80,196.80,-31.63,-57.28,-60.09,56.20,-9.62,-1.06
2024/01/01 16:13:44.81,196.81,-31.63,-57.28,-60.09,56.15,-9.54,-1.07
2024/01/01 16:13:44.82,196.82,-31.63,-57.28,-60.09,56.15,-9.49,-1.09
2024/01/01 16:13:44.83,196.83,-31.64,-57.28,-60.09,56.18,-9.50,-1.10
2024/01/01 16:13:44.84,196.84,-31.64,-57.28,-60.09,56.22,-9.56,-1.10
2024/01/01 16:13:44.85,196.85,-31.64,-57.28,-60.09,56.25,-9.65,-1.10
2024/01/01 16:13:44.86,196.86,-31.64,-57.28,-60.08,56.28,-9.71,-1.11
2024/01/01 16:13:44.87,196.87,-31.64,-57.28,-60.07,56.28,-9.74,-1.11
2024/01/01 16:13:44.88,196.88,-31.63,-57.27,-60.06,56.28,-9.75,-1.10
2024/01/01 16:13:44.89,196.89,-31.64,-57.27,-60.05,56.26,-9.75,-1.08
2024/01/01 16:13:44.90,196.90,-31.65,-57.28,-60.05,56.25,-9.74,-1.04
2024/01/01 16:13:44.91,196.91,-31.67,-57.29,-60.04,56.24,-9.75,-1.02
2024/01/01 16:13:44.92,196.92,-31.69,-57.30,-60.04,56.25,-9.75,-1.01
2024/01/01 16:13:44.93,196.93,-31.70,-57.31,-60.03,56.27,-9.76,-1.01
2024/01/01 16:13:44.94,196.94,-31.70,-57.31,-60.03,56.28,-9.76,-1.03
2024/01/01 16:13:44.95,196.95,-31.70,-57.31,-60.02,56.27,-9.74,-1.04
2024/01/01 16:13:44.96,196.96,-31.71,-57.31,-60.02,56.26,-9.72,-1.04
2024/01/01 16:13:44.97,196.97,-31.71,-57.31,-60.02,56.26,-9.69,-1.03
2024/01/01 16:13:44.98,196.98,-31.70,-57.31,-60.02,56.26,-9.67,-1.03
2024/01/01 16:13:44.99,196.99,-31.70,-57.31,-60.03,56.22,-9.67,-1.03
2024/01/01 16:13:45.00,197.00,-31.70,-57.31,-60.03,56.15,-9.68,-1.02
2024/01/01 16:13:45.01,197.01,-31.70,-57.30,-60.04,56.05,-9.69,-1.04
2024/01/01 16:13:45.02,197.02,-31.71,-57.30,-60.05,55.98,-9.69,-1.05
2024/01/01 16:13:45.03,197.03,-31.71,-57.30,-60.06,55.96,-9.69,-1.05
2024/01/01 16:13:45.04,197.04,-31.72,-57.30,-60.07,56.02,-9.68,-1.07
2024/01/01 16:13:45.05,197.05,-31.72,-57.29,-60.07,56.11,-9.67,-1.08
2024/01/01 16:13:45.06,197.06,-31.72,-57.29,-60.08,56.21,-9.66,-1.07
2024/01/01 16:13:45.07,197.07,-31.72,-57.29,-60.09,56.27,-9.65,-1.08
2024/01/01 16:13:45.08,197.08,-31.73,-57.29,-60.09,56.29,-9.66,-1.10
2024/01/01 16:13:45.09,197.09,-31.73,-57.29,-60.08,56.27,-9.67,-1.10
2024/01/01 16:13:45.10,197.10,-31.74,-57.28,-60.08,56.23,-9.67,-1.09
2024/01/01 16:13:45.11,197.11,-31.74,-57.27,-60.08,56.18,-9.68,-1.09
2024/01/01 16:13:45.12,197.12,-31.75,-57.26,-60.07,56.13,-9.71,-1.09
2024/01/01 16:13:45.13,197.13,-31.76,-57.25,-60.07,56.08,-9.75,-1.07
2024/01/01 16:13:45.14,197.14,-31.76,-57.25,-60.06,56.06,-9.78,-1.06
2024/01/01 16:13:45.15,197.15,-31.76,-57.25,-60.06,56.07,-9.78,-1.05
2024/01/01 16:13:45.16,197.16,-31.76,-57.26,-60.06,56.09,-9.75,-1.03
2024/01/01 16:13:45.17,197.17,-31.76,-57.27,-60.05,56.13,-9.71,-1.01
2024/01/01 16:13:45.18,197.18,-31.76,-57.28,-60.05,56.18,-9.67,-1.02
2024/01/01 16:13:45.19,197.19,-31.77,-57.28,-60.05,56.20,-9.61,-1.04
2024/01/01 16:13:45.20,197.20,-31.77,-57.27,-60.05,56.17,-9.57,-1.06
2024/01/01 16:13:45.21,197.21,-31.78,-57.26,-60.05,56.13,-9.55,-1.06
2024/01/01 16:13:45.22,197.22,-31.78,-57.26,-60.05,56.09,-9.55,-1.07
2024/01/01 16:13:45.23,197.23,-31.79,-57.27,-60.05,56.06,-9.56,-1.07
2024/01/01 16:13:45.24,197.24,-31.79,-57.28,-60.05,56.05,-9.59,-1.05
2024/01/01 16:13:45.25,197.25,-31.80,-57.28,-60.06,56.07,-9.63,-1.02
2024/01/01 16:13:45.26,197.26,-31.80,-57.29,-60.06,56.10,-9.69,-1.02
2024/01/01 16:13:45.27,197.27,-31.81,-57.29,-60.05,56.13,-9.75,-1.06
2024/01/01 16:13:45.28,197.28,-31.82,-57.29,-60.05,56.14,-9.81,-1.08
2024/01/01 16:13:45.29,197.29,-31.82,-57.29,-60.05,56.12,-9.82,-1.08
2024/01/01 16:13:45.30,197.30,-31.83,-57.28,-60.04,56.09,-9.79,-1.07
2024/01/01 16:13:45.31,197.31,-31.83,-57.27,-60.03,56.04,-9.74,-1.05
2024/01/01 16:13:45.32,197.32,-31.83,-57.27,-60.03,56.01,-9.68,-1.04
2024/01/01 16:13:45.33,197.33,-31.83,-57.26,-60.01,56.00,-9.65,-1.01
2024/01/01 16:13:45.34,197.34,-31.83,-57.26,-60.00,55.99,-9.63,-0.99
2024/01/01 16:13:45.35,197.35,-31.83,-57.28,-60.00,55.97,-9.63,-0.98
2024/01/01 16:13:45.36,197.36,-31.84,-57.29,-59.99,55.94,-9.65,-0.98
2024/01/01 16:13:45.37,197.37,-31.85,-57.30,-59.98,55.94,-9.68,-0.98
2024/01/01 16:13:45.38,197.38,-31.85,-57.30,-59.97,55.96,-9.72,-0.98
2024/01/01 16:13:45.39,197.39,-31.85,-57.30,-59.96,56.01,-9.73,-0.98
2024/01/01 16:13:45.40,197.40,-31.85,-57.29,-59.95,56.08,-9.71,-0.98
2024/01/01 16:13:45.41,197.41,-31.84,-57.29,-59.94,56.14,-9.68,-0.96
2024/01/01 16:13:45.42,197.42,-31.84,-57.28,-59.94,56.14,-9.66,-0.94
2024/01/01 16:13:45.43,197.43,-31.83,-57.27,-59.94,56.12,-9.64,-0.91
2024/01/01 16:13:45.44,197.44,-31.83,-57.27,-59.93,56.10,-9.62,-0.89
2024/01/01 16:13:45.45,197.45,-31.83,-57.27,-59.94,56.12,-9.64,-0.89
2024/01/01 16:13:45.46,197.46,-31.83,-57.26,-59.94,56.15,-9.68,-0.90
2024/01/01 16:13:45.47,197.47,-31.83,-57.27,-59.95,56.18,-9.73,-0.91
2024/01/01 16:13:45.48,197.48,-31.82,-57.27,-59.95,56.16,-9.77,-0.93
2024/01/01 16:13:45.49,197.49,-31.82,-57.26,-59.96,56.12,-9.76,-0.94
2024/01/01 16:13:45.50,197.50,-31.82,-57.26,-59.96,56.07,-9.73,-0.95
2024/01/01 16:13:45.51,197.51,-31.83,-57.26,-59.96,56.05,-9.69,-0.96
2024/01/01 16:13:45.52,197.52,-31.83,-57.26,-59.97,56.06,-9.64,-0.98
2024/01/01 16:13:45.53,197.53,-31.82,-57.26,-59.97,56.08,-9.62,-0.99
2024/01/01 16:13:45.54,197.54,-31.81,-57.28,-59.98,56.07,-9.62,-0.99
2024/01/01 16:13:45.55,197.55,-31.80,-57.29,-59.98,56.01,-9.66,-0.96
2024/01/01 16:13:45.56,197.56,-31.80,-57.30,-59.99,55.96,-9.71,-0.96
2024/01/01 16:13:45.57,197.57,-31.80,-57.31,-60.00,55.96,-9.75,-0.99
2024/01/01 16:13:45.58,197.58,-31.80,-57.31,-60.00,56.02,-9.74,-1.02
2024/01/01 16:13:45.59,197.59,-31.80,-57.31,-60.00,56.11,-9.72,-1.04
2024/01/01 16:13:45.60,197.60,-31.81,-57.31,-60.00,56.15,-9.68,-1.04
2024/01/01 16:13:45.61,197.61,-31.81,-57.31,-59.98,56.13,-9.64,-1.04
2024/01/01 16:13:45.62,197.62,-31.81,-57.32,-59.98,56.07,-9.63,-1.03
2024/01/01 16:13:45.63,197.63,-31.81,-57.33,-59.97,56.04,-9.65,-0.97
2024/01/01 16:13:45.64,197.64,-31.82,-57.34,-59.95,56.05,-9.71,-0.89
2024/01/01 16:13:45.65,197.65,-31.82,-57.34,-59.94,56.09,-9.77,-0.86
2024/01/01 16:13:45.66,197.66,-31.82,-57.34,-59.93,56.15,-9.80,-0.89
2024/01/01 16:13:45.67,197.67,-31.83,-57.33,-59.93,56.20,-9.80,-0.93
2024/01/01 16:13:45.68,197.68,-31.83,-57.32,-59.92,56.20,-9.78,-0.93
2024/01/01 16:13:45.69,197.69,-31.83,-57.32,-59.91,56.18,-9.77,-0.91
2024/01/01 16:13:45.70,197.70,-31.83,-57.31,-59.90,56.16,-9.76,-0.90
2024/01/01 16:13:45.71,197.71,-31.82,-57.31,-59.89,56.15,-9.78,-0.91
2024/01/01 16:13:45.72,197.72,-31.82,-57.31,-59.87,56.13,-9.81,-0.89
2024/01/01 16:13:45.73,197.73,-31.81,-57.31,-59.87,56.11,-9.84,-0.86
2024/01/01 16:13:45.74,197.74,-31.81,-57.31,-59.86,56.09,-9.83,-0.85
2024/01/01 16:13:45.75,197.75,-31.81,-57.31,-59.86,56.06,-9.78,-0.86
2024/01/01 16:13:45.76,197.76,-31.81,-57.30,-59.85,56.03,-9.70,-0.86
2024/01/01 16:13:45.77,197.77,-31.81,-57.31,-59.84,56.00,-9.62,-0.86
2024/01/01 16:13:45.78,197.78,-31.81,-57.31,-59.84,55.98,-9.56,-0.86
2024/01/01 16:13:45.79,197.79,-31.81,-57.31,-59.84,55.98,-9.53,-0.86
2024/01/01 16:13:45.80,197.80,-31.82,-57.31,-59.84,56.00,-9.54,-0.84
2024/01/01 16:13:45.81,197.81,-31.82,-57.31,-59.84,56.04,-9.57,-0.80
2024/01/01 16:13:45.82,197.82,-31.83,-57.29,-59.83,56.07,-9.61,-0.80
2024/01/01 16:13:45.83,197.83,-31.82,-57.28,-59.83,56.08,-9.65,-0.80
2024/01/01 16:13:45.84,197.84,-31.82,-57.27,-59.83,56.10,-9.70,-0.80
2024/01/01 16:13:45.85,197.85,-31.82,-57.26,-59.82,56.13,-9.74,-0.79
2024/01/01 16:13:45.86,197.86,-31.82,-57.26,-59.82,56.17,-9.78,-0.78
2024/01/01 16:13:45.87,197.87,-31.82,-57.26,-59.81,56.19,-9.81,-0.80
2024/01/01 16:13:45.88,197.88,-31.83,-57.26,-59.81,56.19,-9.81,-0.83
2024/01/01 16:13:45.89,197.89,-31.82,-57.27,-59.80,56.16,-9.79,-0.83
2024/01/01 16:13:45.90,197.90,-31.82,-57.27,-59.80,56.12,-9.76,-0.79
2024/01/01 16:13:45.91,197.91,-31.82,-57.29,-59.79,56.09,-9.71,-0.78
2024/01/01 16:13:45.92,197.92,-31.81,-57.30,-59.79,56.09,-9.65,-0.78
2024/01/01 16:13:45.93,197.93,-31.80,-57.31,-59.79,56.11,-9.60,-0.77
2024/01/01 16:13:45.94,197.94,-31.80,-57.32,-59.79,56.12,-9.58,-0.77
2024/01/01 16:13:45.95,197.95,-31.79,-57.33,-59.79,56.11,-9.60,-0.80
2024/01/01 16:13:45.96,197.96,-31.79,-57.34,-59.79,56.06,-9.64,-0.84
2024/01/01 16:13:45.97,197.97,-31.79,-57.35,-59.80,56.01,-9.68,-0.85
2024/01/01 16:13:45.98,197.98,-31.78,-57.36,-59.81,55.99,-9.72,-0.84
2024/01/01 16:13:45.99,197.99,-31.78,-57.36,-59.82,56.01,-9.76,-0.81
2024/01/01 16:13:46.00,198.00,-31.78,-57.36,-59.82,56.07,-9.80,-0.81
2024/01/01 16:13:46.01,198.01,-31.79,-57.35,-59.83,56.14,-9.82,-0.82
2024/01/01 16:13:46.02,198.02,-31.79,-57.35,-59.83,56.18,-9.84,-0.85
2024/01/01 16:13:46.03,198.03,-31.79,-57.35,-59.84,56.22,-9.85,-0.86
2024/01/01 16:13:46.04,198.04,-31.78,-57.35,-59.84,56.24,-9.85,-0.84
2024/01/01 16:13:46.05,198.05,-31.77,-57.35,-59.83,56.25,-9.84,-0.84
2024/01/01 16:13:46.06,198.06,-31.76,-57.35,-59.83,56.24,-9.81,-0.83
2024/01/01 16:13:46.07,198.07,-31.75,-57.35,-59.82,56.21,-9.78,-0.80
2024/01/01 16:13:46.08,198.08,-31.75,-57.35,-59.81,56.17,-9.77,-0.79
2024/01/01 16:13:46.09,198.09,-31.75,-57.36,-59.80,56.13,-9.78,-0.80
2024/01/01 16:13:46.10,198.10,-31.75,-57.36,-59.80,56.08,-9.81,-0.81
2024/01/01 16:13:46.11,198.11,-31.74,-57.36,-59.79,56.04,-9.80,-0.81
2024/01/01 16:13:46.12,198.12,-31.73,-57.36,-59.78,56.03,-9.77,-0.80
2024/01/01 16:13:46.13,198.13,-31.72,-57.36,-59.77,56.07,-9.73,-0.79
2024/01/01 16:13:46.14,198.14,-31.71,-57.35,-59.77,56.15,-9.71,-0.78
2024/01/01 16:13:46.15,198.15,-31.71,-57.35,-59.76,56.24,-9.70,-0.79
2024/01/01 16:13:46.16,198.16,-31.70,-57.34,-59.76,56.30,-9.71,-0.78
2024/01/01 16:13:46.17,198.17,-31.69,-57.34,-59.76,56.29,-9.72,-0.76
2024/01/01 16:13:46.18,198.18,-31.68,-57.34,-59.76,56.24,-9.74,-0.74
2024/01/01 16:13:46.19,198.19,-31.67,-57.34,-59.77,56.20,-9.75,-0.74
2024/01/01 16:13:46.20,198.20,-31.66,-57.34,-59.77,56.21,-9.75,-0.75
2024/01/01 16:13:46.21,198.21,-31.64,-57.33,-59.78,56.28,-9.73,-0.77
2024/01/01 16:13:46.22,198.22,-31.63,-57.33,-59.79,56.36,-9.71,-0.81
2024/01/01 16:13:46.23,198.23,-31.62,-57.33,-59.79,56.40,-9.68,-0.85
2024/01/01 16:13:46.24,198.24,-31.61,-57.32,-59.80,56.40,-9.65,-0.85
2024/01/01 16:13:46.25,198.25,-31.61,-57.32,-59.80,56.37,-9.64,-0.83
2024/01/01 16:13:46.26,198.26,-31.60,-57.32,-59.80,56.34,-9.64,-0.80
2024/01/01 16:13:46.27,198.27,-31.59,-57.33,-59.80,56.35,-9.66,-0.79
2024/01/01 16:13:46.28,198.28,-31.59,-57.34,-59.81,56.37,-9.68,-0.80
2024/01/01 16:13:46.29,198.29,-31.58,-57.35,-59.81,56.40,-9.70,-0.82
2024/01/01 16:13:46.30,198.30,-31.57,-57.36,-59.81,56.40,-9.71,-0.84
2024/01/01 16:13:46.31,198.31,-31.56,-57.36,-59.81,56.37,-9.73,-0.85
2024/01/01 16:13:46.32,198.32,-31.56,-57.36,-59.81,56.35,-9.74,-0.85
2024/01/01 16:13:46.33,198.33,-31.57,-57.36,-59.81,56.33,-9.76,-0.84
2024/01/01 16:13:46.34,198.34,-31.57,-57.36,-59.81,56.32,-9.77,-0.83
2024/01/01 16:13:46.35,198.35,-31.58,-57.37,-59.80,56.33,-9.78,-0.82
2024/01/01 16:13:46.36,198.36,-31.59,-57.38,-59.80,56.35,-9.80,-0.82
2024/01/01 16:13:46.37,198.37,-31.59,-57.39,-59.80,56.37,-9.83,-0.82
2024/01/01 16:13:46.38,198.38,-31.59,-57.39,-59.80,56.40,-9.87,-0.81
2024/01/01 16:13:46.39,198.39,-31.59,-57.40,-59.81,56.43,-9.88,-0.82
2024/01/01 16:13:46.40,198.40,-31.59,-57.41,-59.81,56.44,-9.85,-0.82
2024/01/01 16:13:46.41,198.41,-31.58,-57.42,-59.81,56.43,-9.80,-0.82
2024/01/01 16:13:46.42,198.42,-31.58,-57.43,-59.81,56.39,-9.74,-0.84
2024/01/01 16:13:46.43,198.43,-31.58,-57.44,-59.80,56.34,-9.70,-0.85
2024/01/01 16:13:46.44,198.44,-31.58,-57.44,-59.80,56.29,-9.70,-0.85
2024/01/01 16:13:46.45,198.45,-31.58,-57.43,-59.80,56.25,-9.74,-0.83
2024/01/01 16:13:46.46,198.46,-31.58,-57.43,-59.80,56.24,-9.78,-0.81
2024/01/01 16:13:46.47,198.47,-31.59,-57.43,-59.80,56.27,-9.81,-0.80
2024/01/01 16:13:46.48,198.48,-31.59,-57.42,-59.80,56.32,-9.82,-0.80
2024/01/01 16:13:46.49,198.49,-31.60,-57.42,-59.80,56.36,-9.83,-0.80
2024/01/01 16:13:46.50,198.50,-31.60,-57.42,-59.80,56.38,-9.83,-0.78
2024/01/01 16:13:46.51,198.51,-31.60,-57.42,-59.79,56.39,-9.85,-0.78
2024/01/01 16:13:46.52,198.52,-31.60,-57.41,-59.79,56.40,-9.87,-0.79
2024/01/01 16:13:46.53,198.53,-31.59,-57.41,-59.79,56.41,-9.89,-0.82
2024/01/01 16:13:46.54,198.54,-31.60,-57.41,-59.79,56.42,-9.90,-0.85
2024/01/01 16:13:46.55,198.55,-31.61,-57.41,-59.79,56.40,-9.88,-0.85
2024/01/01 16:13:46.56,198.56,-31.62,-57.41,-59.79,56.37,-9.85,-0.82
2024/01/01 16:13:46.57,198.57,-31.63,-57.41,-59.79,56.31,-9.82,-0.79
2024/01/01 16:13:46.58,198.58,-31.62,-57.41,-59.79,56.26,-9.80,-0.78
2024/01/01 16:13:46.59,198.59,-31.62,-57.42,-59.79,56.22,-9.78,-0.78
2024/01/01 16:13:46.60,198.60,-31.62,-57.42,-59.79,56.22,-9.75,-0.79
2024/01/01 16:13:46.61,198.61,-31.62,-57.42,-59.79,56.25,-9.71,-0.80
2024/01/01 16:13:46.62,198.62,-31.63,-57.42,-59.79,56.29,-9.68,-0.82
2024/01/01 16:13:46.63,198.63,-31.63,-57.41,-59.78,56.34,-9.66,-0.84
2024/01/01 16:13:46.64,198.64,-31.64,-57.40,-59.79,56.35,-9.67,-0.84
2024/01/01 16:13:46.65,198.65,-31.65,-57.39,-59.79,56.32,-9.73,-0.82
2024/01/01 16:13:46.66,198.66,-31.65,-57.38,-59.79,56.26,-9.79,-0.80
2024/01/01 16:13:46.67,198.67,-31.66,-57.37,-59.79,56.21,-9.84,-0.79
2024/01/01 16:13:46.68,198.68,-31.67,-57.37,-59.80,56.19,-9.88,-0.81
2024/01/01 16:13:46.69,198.69,-31.67,-57.36,-59.80,56.21,-9.89,-0.83
2024/01/01 16:13:46.70,198.70,-31.67,-57.37,-59.81,56.27,-9.84,-0.84
2024/01/01 16:13:46.71,198.71,-31.67,-57.37,-59.81,56.32,-9.78,-0.84
2024/01/01 16:13:46.72,198.72,-31.67,-57.38,-59.81,56.34,-9.73,-0.83
2024/01/01 16:13:46.73,198.73,-31.67,-57.38,-59.81,56.34,-9.71,-0.81
2024/01/01 16:13:46.74,198.74,-31.68,-57.38,-59.81,56.31,-9.72,-0.80
2024/01/01 16:13:46.75,198.75,-31.68,-57.38,-59.81,56.29,-9.73,-0.81
2024/01/01 16:13:46.76,198.76,-31.68,-57.38,-59.81,56.26,-9.74,-0.82
2024/01/01 16:13:46.77,198.77,-31.68,-57.38,-59.81,56.22,-9.73,-0.83
2024/01/01 16:13:46.78,198.78,-31.69,-57.38,-59.81,56.21,-9.73,-0.85
2024/01/01 16:13:46.79,198.79,-31.69,-57.38,-59.81,56.21,-9.72,-0.86
2024/01/01 16:13:46.80,198.80,-31.68,-57.38,-59.81,56.23,-9.72,-0.84
2024/01/01 16:13:46.81,198.81,-31.68,-57.38,-59.80,56.27,-9.73,-0.79
2024/01/01 16:13:46.82,198.82,-31.68,-57.38,-59.80,56.27,-9.77,-0.75
2024/01/01 16:13:46.83,198.83,-31.68,-57.38,-59.80,56.24,-9.80,-0.76
2024/01/01 16:13:46.84,198.84,-31.68,-57.38,-59.79,56.19,-9.81,-0.79
2024/01/01 16:13:46.85,198.85,-31.68,-57.37,-59.79,56.15,-9.81,-0.84
2024/01/01 16:13:46.86,198.86,-31.68,-57.37,-59.79,56.16,-9.82,-0.87
2024/01/01 16:13:46.87,198.87,-31.68,-57.38,-59.79,56.20,-9.83,-0.86
2024/01/01 16:13:46.88,198.88,-31.68,-57.38,-59.78,56.24,-9.82,-0.83
2024/01/01 16:13:46.89,198.89,-31.67,-57.38,-59.78,56.28,-9.80,-0.80
2024/01/01 16:13:46.90,198.90,-31.67,-57.38,-59.77,56.30,-9.80,-0.78
2024/01/01 16:13:46.91,198.91,-31.67,-57.38,-59.76,56.31,-9.80,-0.77
2024/01/01 16:13:46.92,198.92,-31.66,-57.39,-59.75,56.31,-9.80,-0.77
2024/01/01 16:13:46.93,198.93,-31.65,-57.39,-59.75,56.31,-9.80,-0.76
2024/01/01 16:13:46.94,198.94,-31.64,-57.39,-59.75,56.30,-9.78,-0.76
2024/01/01 16:13:46.95,198.95,-31.63,-57.39,-59.75,56.29,-9.74,-0.77
2024/01/01 16:13:46.96,198.96,-31.63,-57.39,-59.74,56.29,-9.72,-0.77
2024/01/01 16:13:46.97,198.97,-31.63,-57.39,-59.74,56.31,-9.71,-0.76
2024/01/01 16:13:46.98,198.98,-31.63,-57.40,-59.74,56.33,-9.70,-0.77
2024/01/01 16:13:46.99,198.99,-31.62,-57.41,-59.75,56.33,-9.72,-0.77
2024/01/01 16:13:47.00,199.00,-31.62,-57.41,-59.75,56.31,-9.75,-0.77
2024/01/01 16:13:47.01,199.01,-31.61,-57.42,-59.75,56.28,-9.79,-0.76
2024/01/01 16:13:47.02,199.02,-31.61,-57.41,-59.75,56.28,-9.83,-0.75
2024/01/01 16:13:47.03,199.03,-31.60,-57.41,-59.75,56.31,-9.84,-0.75
2024/01/01 16:13:47.04,199.04,-31.60,-57.40,-59.75,56.37,-9.84,-0.76
2024/01/01 16:13:47.05,199.05,-31.60,-57.40,-59.74,56.41,-9.82,-0.76
2024/01/01 16:13:47.06,199.06,-31.60,-57.40,-59.73,56.42,-9.81,-0.76
2024/01/01 16:13:47.07,199.07,-31.60,-57.40,-59.73,56.38,-9.81,-0.79
2024/01/01 16:13:47.08,199.08,-31.59,-57.41,-59.72,56.35,-9.83,-0.80
2024/01/01 16:13:47.09,199.09,-31.59,-57.41,-59.72,56.34,-9.86,-0.77
2024/01/01 16:13:47.10,199.10,-31.58,-57.41,-59.72,56.36,-9.89,-0.71
2024/01/01 16:13:47.11,199.11,-31.58,-57.41,-59.72,56.39,-9.90,-0.67
2024/01/01 16:13:47.12,199.12,-31.57,-57.42,-59.71,56.41,-9.87,-0.69
2024/01/01 16:13:47.13,199.13,-31.57,-57.42,-59.70,56.40,-9.81,-0.72
2024/01/01 16:13:47.14,199.14,-31.57,-57.42,-59.69,56.36,-9.74,-0.73
2024/01/01 16:13:47.15,199.15,-31.57,-57.42,-59.69,56.30,-9.69,-0.73
2024/01/01 16:13:47.16,199.16,-31.58,-57.43,-59.69,56.25,-9.68,-0.73
2024/01/01 16:13:47.17,199.17,-31.58,-57.42,-59.69,56.24,-9.71,-0.72
2024/01/01 16:13:47.18,199.18,-31.59,-57.42,-59.69,56.26,-9.76,-0.71
2024/01/01 16:13:47.19,199.19,-31.59,-57.40,-59.69,56.31,-9.80,-0.70
2024/01/01 16:13:47.20,199.20,-31.60,-57.39,-59.69,56.39,-9.83,-0.69
2024/01/01 16:13:47.21,199.21,-31.60,-57.38,-59.69,56.45,-9.86,-0.69
2024/01/01 16:13:47.22,199.22,-31.61,-57.38,-59.69,56.50,-9.88,-0.70
2024/01/01 16:13:47.23,199.23,-31.61,-57.38,-59.69,56.50,-9.86,-0.71
2024/01/01 16:13:47.24,199.24,-31.61,-57.38,-59.69,56.48,-9.83,-0.71
2024/01/01 16:13:47.25,199.25,-31.60,-57.38,-59.69,56.43,-9.80,-0.68
2024/01/01 16:13:47.26,199.26,-31.60,-57.38,-59.69,56.37,-9.79,-0.66
2024/01/01 16:13:47.27,199.27,-31.60,-57.39,-59.69,56.33,-9.78,-0.68
2024/01/01 16:13:47.28,199.28,-31.61,-57.39,-59.69,56.31,-9.76,-0.71
2024/01/01 16:13:47.29,199.29,-31.62,-57.38,-59.69,56.29,-9.73,-0.73
2024/01/01 16:13:47.30,199.30,-31.63,-57.38,-59.69,56.27,-9.70,-0.75
2024/01/01 16:13:47.31,199.31,-31.63,-57.38,-59.70,56.25,-9.68,-0.78
2024/01/01 16:13:47.32,199.32,-31.64,-57.37,-59.70,56.24,-9.67,-0.78
2024/01/01 16:13:47.33,199.33,-31.64,-57.37,-59.70,56.24,-9.66,-0.73
2024/01/01 16:13:47.34,199.34,-31.64,-57.36,-59.69,56.23,-9.66,-0.67
2024/01/01 16:13:47.35,199.35,-31.63,-57.35,-59.69,56.24,-9.68,-0.64
2024/01/01 16:13:47.36,199.36,-31.62,-57.35,-59.69,56.25,-9.70,-0.65
2024/01/01 16:13:47.37,199.37,-31.62,-57.36,-59.69,56.26,-9.73,-0.67
2024/01/01 16:13:47.38,199.38,-31.62,-57.37,-59.69,56.27,-9.77,-0.70
2024/01/01 16:13:47.39,199.39,-31.63,-57.37,-59.70,56.29,-9.81,-0.74
2024/01/01 16:13:47.40,199.40,-31.63,-57.38,-59.70,56.29,-9.85,-0.77
2024/01/01 16:13:47.41,199.41,-31.64,-57.38,-59.71,56.31,-9.86,-0.76
2024/01/01 16:13:47.42,199.42,-31.65,-57.37,-59.71,56.35,-9.82,-0.71
2024/01/01 16:13:47.43,199.43,-31.64,-57.36,-59.71,56.39,-9.75,-0.67
2024/01/01 16:13:47.44,199.44,-31.64,-57.36,-59.71,56.42,-9.67,-0.67
2024/01/01 16:13:47.45,199.45,-31.63,-57.35,-59.70,56.44,-9.62,-0.69
2024/01/01 16:13:47.46,199.46,-31.62,-57.35,-59.70,56.43,-9.63,-0.72
2024/01/01 16:13:47.47,199.47,-31.61,-57.35,-59.70,56.39,-9.69,-0.74
2024/01/01 16:13:47.48,199.48,-31.61,-57.35,-59.70,56.32,-9.78,-0.75
2024/01/01 16:13:47.49,199.49,-31.62,-57.34,-59.70,56.25,-9.85,-0.75
2024/01/01 16:13:47.50,199.50,-31.62,-57.34,-59.70,56.20,-9.89,-0.74
2024/01/01 16:13:47.51,199.51,-31.62,-57.35,-59.70,56.19,-9.86,-0.71
2024/01/01 16:13:47.52,199.52,-31.61,-57.36,-59.70,56.23,-9.79,-0.68
2024/01/01 16:13:47.53,199.53,-31.61,-57.37,-59.70,56.27,-9.71,-0.67
2024/01/01 16:13:47.54,199.54,-31.60,-57.38,-59.70,56.31,-9.64,-0.69
2024/01/01 16:13:47.55,199.55,-31.60,-57.37,-59.69,56.34,-9.60,-0.72
2024/01/01 16:13:47.56,199.56,-31.61,-57.36,-59.69,56.34,-9.59,-0.75
2024/01/01 16:13:47.57,199.57,-31.61,-57.34,-59.70,56.33,-9.61,-0.76
2024/01/01 16:13:47.58,199.58,-31.62,-57.33,-59.71,56.30,-9.64,-0.74
2024/01/01 16:13:47.59,199.59,-31.62,-57.31,-59.72,56.29,-9.68,-0.72
2024/01/01 16:13:47.60,199.60,-31.62,-57.31,-59.73,56.30,-9.74,-0.71
2024/01/01 16:13:47.61,199.61,-31.61,-57.32,-59.74,56.34,-9.81,-0.72
2024/01/01 16:13:47.62,199.62,-31.60,-57.33,-59.74,56.40,-9.88,-0.74
2024/01/01 16:13:47.63,199.63,-31.60,-57.33,-59.75,56.45,-9.93,-0.76
2024/01/01 16:13:47.64,199.64,-31.61,-57.33,-59.77,56.46,-9.91,-0.77
2024/01/01 16:13:47.65,199.65,-31.61,-57.33,-59.77,56.44,-9.84,-0.78
2024/01/01 16:13:47.66,199.66,-31.62,-57.32,-59.78,56.39,-9.73,-0.79
2024/01/01 16:13:47.67,199.67,-31.62,-57.32,-59.78,56.33,-9.62,-0.81
2024/01/01 16:13:47.68,199.68,-31.62,-57.33,-59.77,56.27,-9.53,-0.82
2024/01/01 16:13:47.69,199.69,-31.62,-57.34,-59.77,56.23,-9.50,-0.81
2024/01/01 16:13:47.70,199.70,-31.61,-57.34,-59.77,56.22,-9.53,-0.80
2024/01/01 16:13:47.71,199.71,-31.61,-57.35,-59.77,56.26,-9.61,-0.79
2024/01/01 16:13:47.72,199.72,-31.61,-57.35,-59.76,56.29,-9.69,-0.78
2024/01/01 16:13:47.73,199.73,-31.62,-57.36,-59.77,56.31,-9.75,-0.77
2024/01/01 16:13:47.74,199.74,-31.63,-57.36,-59.77,56.30,-9.79,-0.77
2024/01/01 16:13:47.75,199.75,-31.64,-57.37,-59.78,56.27,-9.81,-0.78
2024/01/01 16:13:47.76,199.76,-31.64,-57.38,-59.78,56.24,-9.81,-0.78
2024/01/01 16:13:47.77,199.77,-31.64,-57.39,-59.79,56.23,-9.81,-0.79
2024/01/01 16:13:47.78,199.78,-31.65,-57.40,-59.79,56.25,-9.79,-0.80
2024/01/01 16:13:47.79,199.79,-31.66,-57.41,-59.80,56.30,-9.75,-0.80
2024/01/01 16:13:47.80,199.80,-31.66,-57.41,-59.80,56.33,-9.71,-0.81
2024/01/01 16:13:47.81,199.81,-31.67,-57.41,-59.80,56.33,-9.70,-0.81
2024/01/01 16:13:47.82,199.82,-31.67,-57.41,-59.80,56.30,-9.74,-0.80
2024/01/01 16:13:47.83,199.83,-31.67,-57.41,-59.80,56.25,-9.82,-0.80
2024/01/01 16:13:47.84,199.84,-31.67,-57.41,-59.81,56.23,-9.92,-0.80
2024/01/01 16:13:47.85,199.85,-31.67,-57.41,-59.81,56.26,-10.02,-0.80
2024/01/01 16:13:47.86,199.86,-31.67,-57.40,-59.82,56.30,-10.08,-0.81
2024/01/01 16:13:47.87,199.87,-31.67,-57.39,-59.82,56.33,-10.06,-0.83
2024/01/01 16:13:47.88,199.88,-31.68,-57.38,-59.81,56.31,-9.95,-0.85
2024/01/01 16:13:47.89,199.89,-31.67,-57.37,-59.81,56.24,-9.82,-0.84
2024/01/01 16:13:47.90,199.90,-31.68,-57.37,-59.81,56.17,-9.71,-0.83
2024/01/01 16:13:47.91,199.91,-31.68,-57.38,-59.81,56.13,-9.67,-0.81
2024/01/01 16:13:47.92,199.92,-31.68,-57.38,-59.82,56.15,-9.68,-0.80
2024/01/01 16:13:47.93,199.93,-31.68,-57.37,-59.82,56.21,-9.72,-0.81
2024/01/01 16:13:47.94,199.94,-31.69,-57.37,-59.83,56.26,-9.74,-0.83
2024/01/01 16:13:47.95,199.95,-31.69,-57.37,-59.84,56.27,-9.71,-0.85
2024/01/01 16:13:47.96,199.96,-31.70,-57.36,-59.84,56.25,-9.65,-0.87
2024/01/01 16:13:47.97,199.97,-31.70,-57.34,-59.84,56.22,-9.60,-0.88
2024/01/01 16:13:47.98,199.98,-31.70,-57.32,-59.84,56.21,-9.60,-0.86
2024/01/01 16:13:47.99,199.99,-31.70,-57.31,-59.84,56.22,-9.65,-0.84
2024/01/01 16:13:48.00,200.00,-31.70,-57.31,-59.84,56.22,-9.74,-0.83
2024/01/01 16:13:48.01,200.01,-31.70,-57.30,-59.84,56.22,-9.82,-0.82
2024/01/01 16:13:48.02,200.02,-31.71,-57.30,-59.84,56.22,-9.82,-0.83
2024/01/01 16:13:48.03,200.03,-31.71,-57.29,-59.85,56.21,-9.77,-0.84
2024/01/01 16:13:48.04,200.04,-31.71,-57.29,-59.85,56.20,-9.69,-0.85
2024/01/01 16:13:48.05,200.05,-31.71,-57.29,-59.85,56.19,-9.62,-0.86
2024/01/01 16:13:48.06,200.06,-31.69,-57.29,-59.85,56.19,-9.58,-0.86
2024/01/01 16:13:48.07,200.07,-31.67,-57.29,-59.85,56.19,-9.57,-0.86
2024/01/01 16:13:48.08,200.08,-31.66,-57.29,-59.84,56.19,-9.58,-0.87
2024/01/01 16:13:48.09,200.09,-31.66,-57.29,-59.84,56.18,-9.62,-0.87
2024/01/01 16:13:48.10,200.10,-31.66,-57.28,-59.83,56.17,-9.64,-0.88
2024/01/01 16:13:48.11,200.11,-31.67,-57.28,-59.84,56.17,-9.66,-0.88
2024/01/01 16:13:48.12,200.12,-31.68,-57.28,-59.84,56.17,-9.68,-0.86
2024/01/01 16:13:48.13,200.13,-31.69,-57.28,-59.84,56.17,-9.73,-0.83
2024/01/01 16:13:48.14,200.14,-31.69,-57.29,-59.85,56.18,-9.79,-0.81
2024/01/01 16:13:48.15,200.15,-31.69,-57.29,-59.85,56.21,-9.83,-0.82
2024/01/01 16:13:48.16,200.16,-31.69,-57.29,-59.85,56.27,-9.81,-0.82
2024/01/01 16:13:48.17,200.17,-31.70,-57.29,-59.84,56.34,-9.74,-0.83
2024/01/01 16:13:48.18,200.18,-31.70,-57.28,-59.84,56.41,-9.62,-0.84
2024/01/01 16:13:48.19,200.19,-31.71,-57.27,-59.83,56.44,-9.53,-0.86
2024/01/01 16:13:48.20,200.20,-31.71,-57.26,-59.83,56.41,-9.48,-0.88
2024/01/01 16:13:48.21,200.21,-31.71,-57.25,-59.83,56.32,-9.49,-0.86
2024/01/01 16:13:48.22,200.22,-31.71,-57.24,-59.84,56.20,-9.56,-0.82
2024/01/01 16:13:48.23,200.23,-31.70,-57.24,-59.84,56.08,-9.67,-0.79
2024/01/01 16:13:48.24,200.24,-31.70,-57.25,-59.84,56.03,-9.75,-0.80
2024/01/01 16:13:48.25,200.25,-31.69,-57.26,-59.84,56.06,-9.77,-0.85
2024/01/01 16:13:48.26,200.26,-31.70,-57.25,-59.85,56.14,-9.74,-0.91
2024/01/01 16:13:48.27,200.27,-31.70,-57.25,-59.85,56.21,-9.69,-0.92
2024/01/01 16:13:48.28,200.28,-31.70,-57.25,-59.85,56.23,-9.65,-0.90
2024/01/01 16:13:48.29,200.29,-31.69,-57.25,-59.86,56.18,-9.63,-0.88
2024/01/01 16:13:48.30,200.30,-31.69,-57.25,-59.86,56.11,-9.61,-0.85
2024/01/01 16:13:48.31,200.31,-31.68,-57.25,-59.87,56.06,-9.59,-0.84
2024/01/01 16:13:48.32,200.32,-31.68,-57.25,-59.88,56.07,-9.55,-0.87
2024/01/01 16:13:48.33,200.33,-31.69,-57.24,-59.89,56.12,-9.53,-0.92
2024/01/01 16:13:48.34,200.34,-31.69,-57.23,-59.89,56.19,-9.53,-0.95
2024/01/01 16:13:48.35,200.35,-31.69,-57.23,-59.89,56.24,-9.55,-0.95
2024/01/01 16:13:48.36,200.36,-31.68,-57.23,-59.89,56.27,-9.60,-0.95
2024/01/01 16:13:48.37,200.37,-31.68,-57.24,-59.89,56.29,-9.66,-0.93
2024/01/01 16:13:48.38,200.38,-31.68,-57.24,-59.89,56.32,-9.72,-0.88
2024/01/01 16:13:48.39,200.39,-31.68,-57.25,-59.89,56.34,-9.76,-0.83
2024/01/01 16:13:48.40,200.40,-31.68,-57.25,-59.88,56.35,-9.76,-0.83
2024/01/01 16:13:48.41,200.41,-31.67,-57.25,-59.87,56.35,-9.71,-0.87
2024/01/01 16:13:48.42,200.42,-31.67,-57.24,-59.86,56.32,-9.62,-0.89
2024/01/01 16:13:48.43,200.43,-31.67,-57.25,-59.85,56.28,-9.54,-0.91
2024/01/01 16:13:48.44,200.44,-31.67,-57.25,-59.84,56.24,-9.49,-0.91
2024/01/01 16:13:48.45,200.45,-31.67,-57.26,-59.84,56.21,-9.49,-0.88
2024/01/01 16:13:48.46,200.46,-31.67,-57.25,-59.83,56.18,-9.55,-0.84
2024/01/01 16:13:48.47,200.47,-31.67,-57.24,-59.83,56.17,-9.62,-0.81
2024/01/01 16:13:48.48,200.48,-31.67,-57.23,-59.82,56.19,-9.70,-0.80
2024/01/01 16:13:48.49,200.49,-31.67,-57.23,-59.83,56.21,-9.74,-0.82
2024/01/01 16:13:48.50,200.50,-31.66,-57.23,-59.83,56.24,-9.76,-0.84
2024/01/01 16:13:48.51,200.51,-31.66,-57.23,-59.84,56.26,-9.73,-0.87
2024/01/01 16:13:48.52,200.52,-31.65,-57.23,-59.84,56.26,-9.69,-0.87
2024/01/01 16:13:48.53,200.53,-31.65,-57.24,-59.85,56.26,-9.64,-0.87
2024/01/01 16:13:48.54,200.54,-31.66,-57.24,-59.86,56.26,-9.62,-0.87
2024/01/01 16:13:48.55,200.55,-31.67,-57.24,-59.87,56.27,-9.61,-0.88
2024/01/01 16:13:48.56,200.56,-31.67,-57.23,-59.87,56.27,-9.62,-0.89
2024/01/01 16:13:48.57,200.57,-31.67,-57.23,-59.88,56.24,-9.62,-0.91
2024/01/01 16:13:48.58,200.58,-31.67,-57.23,-59.89,56.21,-9.61,-0.91
2024/01/01 16:13:48.59,200.59,-31.67,-57.23,-59.90,56.18,-9.58,-0.90
2024/01/01 16:13:48.60,200.60,-31.67,-57.23,-59.91,56.19,-9.54,-0.88
2024/01/01 16:13:48.61,200.61,-31.67,-57.23,-59.91,56.23,-9.51,-0.88
2024/01/01 16:13:48.62,200.62,-31.67,-57.22,-59.92,56.27,-9.50,-0.90
2024/01/01 16:13:48.63,200.63,-31.67,-57.21,-59.92,56.27,-9.53,-0.91
2024/01/01 16:13:48.64,200.64,-31.66,-57.20,-59.91,56.25,-9.57,-0.92
2024/01/01 16:13:48.65,200.65,-31.64,-57.20,-59.91,56.23,-9.62,-0.94
2024/01/01 16:13:48.66,200.66,-31.63,-57.21,-59.90,56.23,-9.64,-0.95
2024/01/01 16:13:48.67,200.67,-31.62,-57.21,-59.90,56.25,-9.67,-0.96
2024/01/01 16:13:48.68,200.68,-31.61,-57.22,-59.90,56.27,-9.70,-0.96
2024/01/01 16:13:48.69,200.69,-31.61,-57.22,-59.90,56.27,-9.72,-0.95
2024/01/01 16:13:48.70,200.70,-31.60,-57.22,-59.88,56.24,-9.70,-0.93
2024/01/01 16:13:48.71,200.71,-31.59,-57.21,-59.87,56.20,-9.64,-0.90
2024/01/01 16:13:48.72,200.72,-31.58,-57.21,-59.86,56.19,-9.54,-0.88
2024/01/01 16:13:48.73,200.73,-31.58,-57.21,-59.85,56.21,-9.43,-0.87
2024/01/01 16:13:48.74,200.74,-31.59,-57.21,-59.84,56.27,-9.37,-0.88
2024/01/01 16:13:48.75,200.75,-31.60,-57.22,-59.84,56.35,-9.41,-0.88
2024/01/01 16:13:48.76,200.76,-31.60,-57.22,-59.83,56.42,-9.53,-0.86
2024/01/01 16:13:48.77,200.77,-31.60,-57.22,-59.83,56.45,-9.66,-0.83
2024/01/01 16:13:48.78,200.78,-31.59,-57.21,-59.83,56.46,-9.76,-0.79
2024/01/01 16:13:48.79,200.79,-31.57,-57.21,-59.82,56.46,-9.77,-0.78
2024/01/01 16:13:48.80,200.80,-31.56,-57.21,-59.82,56.47,-9.70,-0.80
2024/01/01 16:13:48.81,200.81,-31.55,-57.21,-59.83,56.48,-9.61,-0.83
2024/01/01 16:13:48.82,200.82,-31.54,-57.20,-59.83,56.47,-9.54,-0.86
2024/01/01 16:13:48.83,200.83,-31.53,-57.19,-59.83,56.41,-9.52,-0.89
2024/01/01 16:13:48.84,200.84,-31.52,-57.19,-59.83,56.34,-9.52,-0.90
2024/01/01 16:13:48.85,200.85,-31.51,-57.20,-59.83,56.27,-9.52,-0.87
2024/01/01 16:13:48.86,200.86,-31.51,-57.20,-59.84,56.23,-9.49,-0.85
2024/01/01 16:13:48.87,200.87,-31.51,-57.21,-59.84,56.26,-9.47,-0.85
2024/01/01 16:13:48.88,200.88,-31.50,-57.20,-59.84,56.34,-9.47,-0.87
2024/01/01 16:13:48.89,200.89,-31.50,-57.20,-59.85,56.43,-9.50,-0.87
2024/01/01 16:13:48.90,200.90,-31.49,-57.20,-59.85,56.48,-9.57,-0.88
2024/01/01 16:13:48.91,200.91,-31.49,-57.20,-59.85,56.47,-9.63,-0.89
2024/01/01 16:13:48.92,200.92,-31.50,-57.20,-59.85,56.44,-9.66,-0.90
2024/01/01 16:13:48.93,200.93,-31.50,-57.19,-59.86,56.41,-9.65,-0.91
2024/01/01 16:13:48.94,200.94,-31.51,-57.19,-59.86,56.41,-9.62,-0.89
2024/01/01 16:13:48.95,200.95,-31.51,-57.18,-59.86,56.44,-9.58,-0.86
2024/01/01 16:13:48.96,200.96,-31.51,-57.17,-59.86,56.50,-9.53,-0.83
2024/01/01 16:13:48.97,200.97,-31.50,-57.17,-59.85,56.55,-9.50,-0.83
2024/01/01 16:13:48.98,200.98,-31.49,-57.16,-59.85,56.57,-9.49,-0.83
2024/01/01 16:13:48.99,200.99,-31.48,-57.15,-59.85,56.53,-9.51,-0.83
2024/01/01 16:13:49.00,201.00,-31.47,-57.15,-59.85,56.47,-9.54,-0.85
2024/01/01 16:13:49.01,201.01,-31.47,-57.14,-59.84,56.41,-9.56,-0.87
2024/01/01 16:13:49.02,201.02,-31.47,-57.14,-59.84,56.36,-9.56,-0.89
2024/01/01 16:13:49.03,201.03,-31.47,-57.15,-59.84,56.31,-9.56,-0.91
2024/01/01 16:13:49.04,201.04,-31.48,-57.15,-59.84,56.28,-9.55,-0.89
2024/01/01 16:13:49.05,201.05,-31.48,-57.16,-59.84,56.27,-9.54,-0.87
2024/01/01 16:13:49.06,201.06,-31.49,-57.16,-59.84,56.31,-9.52,-0.86
2024/01/01 16:13:49.07,201.07,-31.49,-57.16,-59.83,56.39,-9.49,-0.83
2024/01/01 16:13:49.08,201.08,-31.49,-57.16,-59.82,56.48,-9.45,-0.81
2024/01/01 16:13:49.09,201.09,-31.48,-57.17,-59.81,56.54,-9.41,-0.83
2024/01/01 16:13:49.10,201.10,-31.47,-57.17,-59.81,56.53,-9.39,-0.87
2024/01/01 16:13:49.11,201.11,-31.46,-57.16,-59.81,56.48,-9.41,-0.86
2024/01/01 16:13:49.12,201.12,-31.45,-57.15,-59.80,56.42,-9.49,-0.82
2024/01/01 16:13:49.13,201.13,-31.44,-57.14,-59.80,56.39,-9.58,-0.79
2024/01/01 16:13:49.14,201.14,-31.43,-57.15,-59.79,56.39,-9.63,-0.79
2024/01/01 16:13:49.15,201.15,-31.43,-57.16,-59.79,56.41,-9.61,-0.82
2024/01/01 16:13:49.16,201.16,-31.43,-57.17,-59.79,56.42,-9.56,-0.83
2024/01/01 16:13:49.17,201.17,-31.44,-57.18,-59.79,56.42,-9.52,-0.82
2024/01/01 16:13:49.18,201.18,-31.45,-57.18,-59.79,56.43,-9.52,-0.83
2024/01/01 16:13:49.19,201.19,-31.45,-57.18,-59.79,56.47,-9.53,-0.81
2024/01/01 16:13:49.20,201.20,-31.44,-57.18,-59.79,56.53,-9.54,-0.77
2024/01/01 16:13:49.21,201.21,-31.44,-57.17,-59.79,56.59,-9.52,-0.76
2024/01/01 16:13:49.22,201.22,-31.45,-57.18,-59.78,56.64,-9.49,-0.79
2024/01/01 16:13:49.23,201.23,-31.44,-57.18,-59.78,56.65,-9.47,-0.83
2024/01/01 16:13:49.24,201.24,-31.44,-57.19,-59.79,56.63,-9.48,-0.85
2024/01/01 16:13:49.25,201.25,-31.44,-57.20,-59.79,56.56,-9.54,-0.83
2024/01/01 16:13:49.26,201.26,-31.44,-57.21,-59.79,56.49,-9.62,-0.81
2024/01/01 16:13:49.27,201.27,-31.43,-57.22,-59.79,56.43,-9.68,-0.80
2024/01/01 16:13:49.28,201.28,-31.43,-57.22,-59.79,56.41,-9.70,-0.81
2024/01/01 16:13:49.29,201.29,-31.43,-57.22,-59.80,56.44,-9.67,-0.81
2024/01/01 16:13:49.30,201.30,-31.43,-57.22,-59.80,56.49,-9.61,-0.82
2024/01/01 16:13:49.31,201.31,-31.43,-57.21,-59.80,56.51,-9.54,-0.84
2024/01/01 16:13:49.32,201.32,-31.44,-57.21,-59.80,56.51,-9.48,-0.86
2024/01/01 16:13:49.33,201.33,-31.44,-57.19,-59.80,56.50,-9.46,-0.87
2024/01/01 16:13:49.34,201.34,-31.45,-57.19,-59.80,56.48,-9.47,-0.87
2024/01/01 16:13:49.35,201.35,-31.45,-57.18,-59.79,56.45,-9.53,-0.87
2024/01/01 16:13:49.36,201.36,-31.46,-57.18,-59.79,56.44,-9.62,-0.87
2024/01/01 16:13:49.37,201.37,-31.46,-57.18,-59.78,56.44,-9.71,-0.86
2024/01/01 16:13:49.38,201.38,-31.46,-57.17,-59.78,56.44,-9.76,-0.83
2024/01/01 16:13:49.39,201.39,-31.45,-57.17,-59.78,56.44,-9.75,-0.78
2024/01/01 16:13:49.40,201.40,-31.45,-57.17,-59.77,56.46,-9.70,-0.76
2024/01/01 16:13:49.41,201.41,-31.45,-57.17,-59.76,56.48,-9.60,-0.78
2024/01/01 16:13:49.42,201.42,-31.45,-57.17,-59.75,56.49,-9.49,-0.80
2024/01/01 16:13:49.43,201.43,-31.45,-57.17,-59.74,56.48,-9.40,-0.80
2024/01/01 16:13:49.44,201.44,-31.46,-57.16,-59.74,56.45,-9.36,-0.78
2024/01/01 16:13:49.45,201.45,-31.46,-57.16,-59.74,56.42,-9.35,-0.76
2024/01/01 16:13:49.46,201.46,-31.46,-57.15,-59.74,56.40,-9.37,-0.77
2024/01/01 16:13:49.47,201.47,-31.46,-57.15,-59.74,56.40,-9.40,-0.78
2024/01/01 16:13:49.48,201.48,-31.47,-57.14,-59.73,56.41,-9.43,-0.76
2024/01/01 16:13:49.49,201.49,-31.47,-57.14,-59.73,56.44,-9.47,-0.74
2024/01/01 16:13:49.50,201.50,-31.47,-57.13,-59.72,56.47,-9.50,-0.75
2024/01/01 16:13:49.51,201.51,-31.47,-57.13,-59.71,56.50,-9.52,-0.76
2024/01/01 16:13:49.52,201.52,-31.47,-57.12,-59.71,56.51,-9.53,-0.75
2024/01/01 16:13:49.53,201.53,-31.47,-57.11,-59.71,56.50,-9.53,-0.72
2024/01/01 16:13:49.54,201.54,-31.47,-57.11,-59.70,56.48,-9.54,-0.71
2024/01/01 16:13:49.55,201.55,-31.46,-57.10,-59.70,56.46,-9.55,-0.70
2024/01/01 16:13:49.56,201.56,-31.46,-57.09,-59.70,56.45,-9.54,-0.70
2024/01/01 16:13:49.57,201.57,-31.46,-57.09,-59.70,56.47,-9.52,-0.71
2024/01/01 16:13:49.58,201.58,-31.46,-57.09,-59.71,56.48,-9.48,-0.73
2024/01/01 16:13:49.59,201.59,-31.46,-57.09,-59.71,56.49,-9.44,-0.75
2024/01/01 16:13:49.60,201.60,-31.46,-57.09,-59.71,56.47,-9.42,-0.76
2024/01/01 16:13:49.61,201.61,-31.47,-57.09,-59.70,56.44,-9.41,-0.78
2024/01/01 16:13:49.62,201.62,-31.47,-57.10,-59.71,56.40,-9.41,-0.77
2024/01/01 16:13:49.63,201.63,-31.47,-57.10,-59.71,56.37,-9.42,-0.74
2024/01/01 16:13:49.64,201.64,-31.48,-57.10,-59.70,56.37,-9.44,-0.71
2024/01/01 16:13:49.65,201.65,-31.49,-57.09,-59.70,56.39,-9.43,-0.70
2024/01/01 16:13:49.66,201.66,-31.49,-57.09,-59.70,56.41,-9.42,-0.71
2024/01/01 16:13:49.67,201.67,-31.50,-57.10,-59.71,56.42,-9.42,-0.72
2024/01/01 16:13:49.68,201.68,-31.50,-57.10,-59.71,56.42,-9.42,-0.72
2024/01/01 16:13:49.69,201.69,-31.50,-57.10,-59.71,56.44,-9.42,-0.72
2024/01/01 16:13:49.70,201.70,-31.49,-57.10,-59.71,56.48,-9.43,-0.74
2024/01/01 16:13:49.71,201.71,-31.49,-57.09,-59.71,56.52,-9.44,-0.75
2024/01/01 16:13:49.72,201.72,-31.49,-57.08,-59.71,56.53,-9.47,-0.75
2024/01/01 16:13:49.73,201.73,-31.49,-57.07,-59.72,56.50,-9.51,-0.74
2024/01/01 16:13:49.74,201.74,-31.50,-57.07,-59.72,56.45,-9.54,-0.75
2024/01/01 16:13:49.75,201.75,-31.50,-57.07,-59.72,56.39,-9.53,-0.76
2024/01/01 16:13:49.76,201.76,-31.50,-57.08,-59.73,56.34,-9.50,-0.76
2024/01/01 16:13:49.77,201.77,-31.51,-57.08,-59.73,56.32,-9.47,-0.77
2024/01/01 16:13:49.78,201.78,-31.51,-57.08,-59.74,56.33,-9.43,-0.79
2024/01/01 16:13:49.79,201.79,-31.52,-57.08,-59.75,56.35,-9.40,-0.79
2024/01/01 16:13:49.80,201.80,-31.52,-57.08,-59.75,56.37,-9.40,-0.77
2024/01/01 16:13:49.81,201.81,-31.52,-57.08,-59.75,56.40,-9.41,-0.76
2024/01/01 16:13:49.82,201.82,-31.53,-57.08,-59.75,56.41,-9.43,-0.78
2024/01/01 16:13:49.83,201.83,-31.53,-57.08,-59.76,56.40,-9.44,-0.81
2024/01/01 16:13:49.84,201.84,-31.53,-57.09,-59.76,56.39,-9.44,-0.79
2024/01/01 16:13:49.85,201.85,-31.52,-57.10,-59.77,56.37,-9.45,-0.75
2024/01/01 16:13:49.86,201.86,-31.52,-57.10,-59.77,56.36,-9.45,-0.75
2024/01/01 16:13:49.87,201.87,-31.51,-57.10,-59.78,56.36,-9.44,-0.76
2024/01/01 16:13:49.88,201.88,-31.51,-57.10,-59.79,56.38,-9.42,-0.79
2024/01/01 16:13:49.89,201.89,-31.51,-57.10,-59.79,56.42,-9.40,-0.82
2024/01/01 16:13:49.90,201.90,-31.51,-57.09,-59.79,56.44,-9.40,-0.85
2024/01/01 16:13:49.91,201.91,-31.51,-57.09,-59.80,56.44,-9.42,-0.88
2024/01/01 16:13:49.92,201.92,-31.51,-57.08,-59.80,56.42,-9.46,-0.89
2024/01/01 16:13:49.93,201.93,-31.51,-57.08,-59.80,56.40,-9.51,-0.87
2024/01/01 16:13:49.94,201.94,-31.51,-57.10,-59.80,56.39,-9.56,-0.83
2024/01/01 16:13:49.95,201.95,-31.51,-57.11,-59.80,56.39,-9.59,-0.81
2024/01/01 16:13:49.96,201.96,-31.51,-57.13,-59.79,56.38,-9.58,-0.81
2024/01/01 16:13:49.97,201.97,-31.52,-57.13,-59.79,56.38,-9.53,-0.82
2024/01/01 16:13:49.98,201.98,-31.53,-57.14,-59.79,56.36,-9.48,-0.82
2024/01/01 16:13:49.99,201.99,-31.54,-57.14,-59.79,56.34,-9.44,-0.82
2024/01/01 16:13:50.00,202.00,-31.55,-57.15,-59.79,56.33,-9.42,-0.82
2024/01/01 16:13:50.01,202.01,-31.56,-57.15,-59.79,56.34,-9.44,-0.82
2024/01/01 16:13:50.02,202.02,-31.55,-57.16,-59.80,56.35,-9.50,-0.81
2024/01/01 16:13:50.03,202.03,-31.55,-57.17,-59.80,56.38,-9.57,-0.79
2024/01/01 16:13:50.04,202.04,-31.54,-57.18,-59.80,56.40,-9.63,-0.78
2024/01/01 16:13:50.05,202.05,-31.54,-57.18,-59.80,56.43,-9.64,-0.79
2024/01/01 16:13:50.06,202.06,-31.54,-57.18,-59.80,56.45,-9.60,-0.82
2024/01/01 16:13:50.07,202.07,-31.54,-57.18,-59.82,56.43,-9.53,-0.84
2024/01/01 16:13:50.08,202.08,-31.53,-57.17,-59.83,56.36,-9.48,-0.86
2024/01/01 16:13:50.09,202.09,-31.54,-57.16,-59.84,56.28,-9.45,-0.87
2024/01/01 16:13:50.10,202.10,-31.54,-57.15,-59.84,56.23,-9.45,-0.88
2024/01/01 16:13:50.11,202.11,-31.54,-57.14,-59.84,56.23,-9.46,-0.89
2024/01/01 16:13:50.12,202.12,-31.55,-57.14,-59.84,56.28,-9.50,-0.89
2024/01/01 16:13:50.13,202.13,-31.56,-57.14,-59.85,56.35,-9.54,-0.88
2024/01/01 16:13:50.14,202.14,-31.57,-57.15,-59.85,56.41,-9.59,-0.87
2024/01/01 16:13:50.15,202.15,-31.57,-57.15,-59.86,56.42,-9.62,-0.86
2024/01/01 16:13:50.16,202.16,-31.57,-57.16,-59.86,56.42,-9.63,-0.86
2024/01/01 16:13:50.17,202.17,-31.57,-57.17,-59.87,56.41,-9.60,-0.85
2024/01/01 16:13:50.18,202.18,-31.57,-57.18,-59.88,56.42,-9.54,-0.85
2024/01/01 16:13:50.19,202.19,-31.56,-57.19,-59.88,56.42,-9.46,-0.87
2024/01/01 16:13:50.20,202.20,-31.56,-57.19,-59.89,56.42,-9.41,-0.91
2024/01/01 16:13:50.21,202.21,-31.57,-57.20,-59.89,56.40,-9.41,-0.93
2024/01/01 16:13:50.22,202.22,-31.58,-57.20,-59.89,56.34,-9.45,-0.94
2024/01/01 16:13:50.23,202.23,-31.58,-57.20,-59.89,56.28,-9.50,-0.95
2024/01/01 16:13:50.24,202.24,-31.59,-57.19,-59.88,56.25,-9.56,-0.95
2024/01/01 16:13:50.25,202.25,-31.60,-57.19,-59.88,56.25,-9.61,-0.93
2024/01/01 16:13:50.26,202.26,-31.61,-57.19,-59.88,56.28,-9.66,-0.89
2024/01/01 16:13:50.27,202.27,-31.62,-57.19,-59.88,56.31,-9.68,-0.85
2024/01/01 16:13:50.28,202.28,-31.63,-57.19,-59.89,56.33,-9.67,-0.85
2024/01/01 16:13:50.29,202.29,-31.64,-57.20,-59.89,56.33,-9.65,-0.86
2024/01/01 16:13:50.30,202.30,-31.64,-57.21,-59.90,56.29,-9.64,-0.88
2024/01/01 16:13:50.31,202.31,-31.64,-57.22,-59.90,56.25,-9.64,-0.90
2024/01/01 16:13:50.32,202.32,-31.64,-57.22,-59.91,56.21,-9.64,-0.92
2024/01/01 16:13:50.33,202.33,-31.64,-57.22,-59.91,56.20,-9.63,-0.96
2024/01/01 16:13:50.34,202.34,-31.64,-57.22,-59.92,56.20,-9.60,-0.97
2024/01/01 16:13:50.35,202.35,-31.65,-57.21,-59.92,56.21,-9.58,-0.96
2024/01/01 16:13:50.36,202.36,-31.65,-57.20,-59.92,56.20,-9.56,-0.95
2024/01/01 16:13:50.37,202.37,-31.66,-57.20,-59.92,56.20,-9.53,-0.96
2024/01/01 16:13:50.38,202.38,-31.67,-57.21,-59.92,56.20,-9.52,-0.95
2024/01/01 16:13:50.39,202.39,-31.67,-57.21,-59.91,56.21,-9.54,-0.92
2024/01/01 16:13:50.40,202.40,-31.67,-57.21,-59.91,56.23,-9.58,-0.89
2024/01/01 16:13:50.41,202.41,-31.68,-57.22,-59.91,56.25,-9.63,-0.89
2024/01/01 16:13:50.42,202.42,-31.68,-57.22,-59.91,56.27,-9.66,-0.90
2024/01/01 16:13:50.43,202.43,-31.68,-57.22,-59.91,56.28,-9.65,-0.90
2024/01/01 16:13:50.44,202.44,-31.69,-57.22,-59.91,56.28,-9.62,-0.89
2024/01/01 16:13:50.45,202.45,-31.69,-57.22,-59.91,56.27,-9.59,-0.89
2024/01/01 16:13:50.46,202.46,-31.69,-57.21,-59.91,56.25,-9.56,-0.90
2024/01/01 16:13:50.47,202.47,-31.70,-57.21,-59.90,56.23,-9.55,-0.91
2024/01/01 16:13:50.48,202.48,-31.71,-57.21,-59.91,56.23,-9.56,-0.91
2024/01/01 16:13:50.49,202.49,-31.71,-57.20,-59.91,56.24,-9.59,-0.91
2024/01/01 16:13:50.50,202.50,-31.70,-57.20,-59.91,56.24,-9.62,-0.91
2024/01/01 16:13:50.51,202.51,-31.70,-57.21,-59.91,56.23,-9.63,-0.93
2024/01/01 16:13:50.52,202.52,-31.70,-57.21,-59.92,56.21,-9.63,-0.94
2024/01/01 16:13:50.53,202.53,-31.70,-57.22,-59.92,56.18,-9.63,-0.93
2024/01/01 16:13:50.54,202.54,-31.70,-57.22,-59.93,56.17,-9.63,-0.93
2024/01/01 16:13:50.55,202.55,-31.71,-57.22,-59.93,56.16,-9.64,-0.93
2024/01/01 16:13:50.56,202.56,-31.71,-57.21,-59.93,56.14,-9.64,-0.94
2024/01/01 16:13:50.57,202.57,-31.72,-57.21,-59.94,56.12,-9.63,-0.96
2024/01/01 16:13:50.58,202.58,-31.73,-57.20,-59.95,56.10,-9.61,-0.99
2024/01/01 16:13:50.59,202.59,-31.74,-57.20,-59.96,56.11,-9.59,-1.00
2024/01/01 16:13:50.60,202.60,-31.75,-57.21,-59.98,56.14,-9.59,-0.98
2024/01/01 16:13:50.61,202.61,-31.75,-57.21,-59.99,56.17,-9.61,-0.96
2024/01/01 16:13:50.62,202.62,-31.76,-57.21,-59.99,56.21,-9.62,-0.96
2024/01/01 16:13:50.63,202.63,-31.76,-57.20,-60.00,56.22,-9.60,-0.97
2024/01/01 16:13:50.64,202.64,-31.77,-57.19,-60.00,56.22,-9.58,-0.99
2024/01/01 16:13:50.65,202.65,-31.77,-57.18,-60.00,56.20,-9.55,-1.01
2024/01/01 16:13:50.66,202.66,-31.76,-57.17,-60.00,56.18,-9.53,-1.02
2024/01/01 16:13:50.67,202.67,-31.76,-57.17,-60.01,56.14,-9.53,-1.01
2024/01/01 16:13:50.68,202.68,-31.76,-57.17,-60.02,56.10,-9.54,-1.01
2024/01/01 16:13:50.69,202.69,-31.76,-57.16,-60.01,56.07,-9.56,-1.00
2024/01/01 16:13:50.70,202.70,-31.77,-57.16,-60.00,56.05,-9.59,-0.99
2024/01/01 16:13:50.71,202.71,-31.77,-57.15,-60.00,56.06,-9.62,-1.01
2024/01/01 16:13:50.72,202.72,-31.77,-57.15,-60.00,56.08,-9.63,-1.01
2024/01/01 16:13:50.73,202.73,-31.77,-57.15,-60.00,56.10,-9.63,-1.00
2024/01/01 16:13:50.74,202.74,-31.78,-57.15,-60.00,56.11,-9.58,-0.98
2024/01/01 16:13:50.75,202.75,-31.78,-57.14,-60.00,56.11,-9.52,-0.98
2024/01/01 16:13:50.76,202.76,-31.79,-57.13,-60.01,56.10,-9.48,-0.99
2024/01/01 16:13:50.77,202.77,-31.80,-57.13,-60.01,56.09,-9.47,-1.00
2024/01/01 16:13:50.78,202.78,-31.81,-57.13,-60.02,56.08,-9.50,-1.01
2024/01/01 16:13:50.79,202.79,-31.80,-57.13,-60.02,56.06,-9.53,-1.04
2024/01/01 16:13:50.80,202.80,-31.80,-57.13,-60.03,56.05,-9.55,-1.04
2024/01/01 16:13:50.81,202.81,-31.80,-57.14,-60.04,56.06,-9.56,-1.02
2024/01/01 16:13:50.82,202.82,-31.80,-57.14,-60.04,56.09,-9.56,-1.01
2024/01/01 16:13:50.83,202.83,-31.79,-57.13,-60.05,56.13,-9.56,-1.02
2024/01/01 16:13:50.84,202.84,-31.79,-57.13,-60.05,56.15,-9.55,-1.02
2024/01/01 16:13:50.85,202.85,-31.79,-57.13,-60.05,56.12,-9.54,-1.05
2024/01/01 16:13:50.86,202.86,-31.79,-57.13,-60.05,56.06,-9.53,-1.08
2024/01/01 16:13:50.87,202.87,-31.79,-57.13,-60.05,55.99,-9.51,-1.09
2024/01/01 16:13:50.88,202.88,-31.80,-57.13,-60.05,55.97,-9.49,-1.08
2024/01/01 16:13:50.89,202.89,-31.80,-57.14,-60.06,56.01,-9.50,-1.06
2024/01/01 16:13:50.90,202.90,-31.80,-57.15,-60.06,56.08,-9.53,-1.05
2024/01/01 16:13:50.91,202.91,-31.80,-57.16,-60.06,56.14,-9.58,-1.04
2024/01/01 16:13:50.92,202.92,-31.79,-57.15,-60.05,56.16,-9.62,-1.06
2024/01/01 16:13:50.93,202.93,-31.79,-57.15,-60.05,56.14,-9.65,-1.07
2024/01/01 16:13:50.94,202.94,-31.79,-57.16,-60.05,56.11,-9.65,-1.06
2024/01/01 16:13:50.95,202.95,-31.78,-57.16,-60.04,56.10,-9.64,-1.03
2024/01/01 16:13:50.96,202.96,-31.78,-57.16,-60.04,56.09,-9.60,-1.02
2024/01/01 16:13:50.97,202.97,-31.77,-57.16,-60.04,56.09,-9.55,-1.04
2024/01/01 16:13:50.98,202.98,-31.77,-57.16,-60.04,56.09,-9.51,-1.06
2024/01/01 16:13:50.99,202.99,-31.76,-57.16,-60.03,56.09,-9.51,-1.06
2024/01/01 16:13:51.00,203.00,-31.75,-57.16,-60.03,56.09,-9.52,-1.04
2024/01/01 16:13:51.01,203.01,-31.73,-57.15,-60.03,56.09,-9.55,-1.02
2024/01/01 16:13:51.02,203.02,-31.73,-57.15,-60.04,56.11,-9.58,-1.01
2024/01/01 16:13:51.03,203.03,-31.72,-57.14,-60.04,56.15,-9.61,-1.02
2024/01/01 16:13:51.04,203.04,-31.72,-57.14,-60.05,56.19,-9.63,-1.03
2024/01/01 16:13:51.05,203.05,-31.72,-57.13,-60.06,56.22,-9.64,-1.06
2024/01/01 16:13:51.06,203.06,-31.73,-57.13,-60.06,56.22,-9.63,-1.09
2024/01/01 16:13:51.07,203.07,-31.73,-57.13,-60.07,56.17,-9.59,-1.10
2024/01/01 16:13:51.08,203.08,-31.73,-57.12,-60.08,56.10,-9.54,-1.09
2024/01/01 16:13:51.09,203.09,-31.73,-57.11,-60.08,56.07,-9.48,-1.06
2024/01/01 16:13:51.10,203.10,-31.73,-57.10,-60.09,56.11,-9.43,-1.05
2024/01/01 16:13:51.11,203.11,-31.73,-57.10,-60.09,56.19,-9.39,-1.06
2024/01/01 16:13:51.12,203.12,-31.73,-57.10,-60.09,56.26,-9.39,-1.09
2024/01/01 16:13:51.13,203.13,-31.73,-57.09,-60.09,56.28,-9.41,-1.12
2024/01/01 16:13:51.14,203.14,-31.73,-57.09,-60.08,56.23,-9.45,-1.13
2024/01/01 16:13:51.15,203.15,-31.73,-57.08,-60.08,56.16,-9.50,-1.12
2024/01/01 16:13:51.16,203.16,-31.73,-57.08,-60.07,56.11,-9.52,-1.10
2024/01/01 16:13:51.17,203.17,-31.72,-57.08,-60.07,56.11,-9.51,-1.08
2024/01/01 16:13:51.18,203.18,-31.71,-57.08,-60.07,56.12,-9.48,-1.05
2024/01/01 16:13:51.19,203.19,-31.71,-57.08,-60.06,56.12,-9.44,-1.04
2024/01/01 16:13:51.20,203.20,-31.70,-57.08,-60.06,56.10,-9.42,-1.05
2024/01/01 16:13:51.21,203.21,-31.71,-57.08,-60.05,56.06,-9.42,-1.07
2024/01/01 16:13:51.22,203.22,-31.71,-57.08,-60.05,56.05,-9.44,-1.10
2024/01/01 16:13:51.23,203.23,-31.71,-57.08,-60.05,56.07,-9.46,-1.10
2024/01/01 16:13:51.24,203.24,-31.71,-57.08,-60.06,56.11,-9.46,-1.07
2024/01/01 16:13:51.25,203.25,-31.71,-57.08,-60.06,56.16,-9.45,-1.06
2024/01/01 16:13:51.26,203.26,-31.71,-57.07,-60.07,56.20,-9.45,-1.06
2024/01/01 16:13:51.27,203.27,-31.70,-57.08,-60.07,56.24,-9.45,-1.06
2024/01/01 16:13:51.28,203.28,-31.70,-57.08,-60.07,56.27,-9.46,-1.07
2024/01/01 16:13:51.29,203.29,-31.69,-57.09,-60.07,56.28,-9.48,-1.08
2024/01/01 16:13:51.30,203.30,-31.68,-57.09,-60.08,56.28,-9.50,-1.09
2024/01/01 16:13:51.31,203.31,-31.67,-57.09,-60.08,56.25,-9.52,-1.10
2024/01/01 16:13:51.32,203.32,-31.67,-57.09,-60.08,56.21,-9.52,-1.09
2024/01/01 16:13:51.33,203.33,-31.67,-57.08,-60.08,56.18,-9.51,-1.08
2024/01/01 16:13:51.34,203.34,-31.67,-57.07,-60.08,56.18,-9.49,-1.07
2024/01/01 16:13:51.35,203.35,-31.68,-57.06,-60.08,56.18,-9.47,-1.07
2024/01/01 16:13:51.36,203.36,-31.69,-57.06,-60.07,56.20,-9.46,-1.08
2024/01/01 16:13:51.37,203.37,-31.70,-57.06,-60.06,56.22,-9.45,-1.10
2024/01/01 16:13:51.38,203.38,-31.70,-57.06,-60.05,56.23,-9.43,-1.10
2024/01/01 16:13:51.39,203.39,-31.70,-57.07,-60.05,56.21,-9.43,-1.07
2024/01/01 16:13:51.40,203.40,-31.70,-57.08,-60.04,56.17,-9.45,-1.04
2024/01/01 16:13:51.41,203.41,-31.70,-57.08,-60.04,56.11,-9.48,-1.01
2024/01/01 16:13:51.42,203.42,-31.70,-57.08,-60.03,56.08,-9.46,-1.01
2024/01/01 16:13:51.43,203.43,-31.71,-57.07,-60.03,56.08,-9.42,-1.01
2024/01/01 16:13:51.44,203.44,-31.72,-57.07,-60.03,56.11,-9.38,-1.03
2024/01/01 16:13:51.45,203.45,-31.73,-57.06,-60.03,56.15,-9.35,-1.05
2024/01/01 16:13:51.46,203.46,-31.73,-57.06,-60.03,56.18,-9.36,-1.06
2024/01/01 16:13:51.47,203.47,-31.72,-57.06,-60.03,56.18,-9.39,-1.06
2024/01/01 16:13:51.48,203.48,-31.71,-57.06,-60.03,56.18,-9.44,-1.05
2024/01/01 16:13:51.49,203.49,-31.70,-57.07,-60.03,56.20,-9.50,-1.02
2024/01/01 16:13:51.50,203.50,-31.70,-57.06,-60.03,56.22,-9.54,-1.01
2024/01/01 16:13:51.51,203.51,-31.70,-57.06,-60.02,56.24,-9.53,-1.01
2024/01/01 16:13:51.52,203.52,-31.70,-57.06,-60.02,56.22,-9.49,-1.03
2024/01/01 16:13:51.53,203.53,-31.71,-57.07,-60.01,56.17,-9.46,-1.05
2024/01/01 16:13:51.54,203.54,-31.72,-57.07,-60.01,56.09,-9.45,-1.04
2024/01/01 16:13:51.55,203.55,-31.73,-57.08,-60.01,56.04,-9.45,-1.03
2024/01/01 16:13:51.56,203.56,-31.74,-57.08,-60.01,56.04,-9.46,-1.00
2024/01/01 16:13:51.57,203.57,-31.75,-57.09,-60.01,56.09,-9.47,-0.98
2024/01/01 16:13:51.58,203.58,-31.75,-57.09,-60.01,56.16,-9.46,-0.97
2024/01/01 16:13:51.59,203.59,-31.75,-57.09,-60.01,56.23,-9.46,-0.98
2024/01/01 16:13:51.60,203.60,-31.75,-57.09,-60.00,56.25,-9.47,-0.99
2024/01/01 16:13:51.61,203.61,-31.75,-57.09,-60.00,56.24,-9.49,-1.00
2024/01/01 16:13:51.62,203.62,-31.74,-57.09,-60.01,56.19,-9.53,-1.01
2024/01/01 16:13:51.63,203.63,-31.74,-57.10,-60.01,56.14,-9.56,-1.00
2024/01/01 16:13:51.64,203.64,-31.74,-57.10,-60.01,56.09,-9.58,-0.99
2024/01/01 16:13:51.65,203.65,-31.74,-57.10,-60.01,56.06,-9.58,-1.01
2024/01/01 16:13:51.66,203.66,-31.74,-57.10,-60.02,56.04,-9.55,-1.03
2024/01/01 16:13:51.67,203.67,-31.75,-57.11,-60.03,56.04,-9.53,-1.06
2024/01/01 16:13:51.68,203.68,-31.75,-57.10,-60.04,56.05,-9.52,-1.07
2024/01/01 16:13:51.69,203.69,-31.75,-57.09,-60.05,56.08,-9.50,-1.06
2024/01/01 16:13:51.70,203.70,-31.75,-57.09,-60.05,56.09,-9.48,-1.06
2024/01/01 16:13:51.71,203.71,-31.75,-57.08,-60.05,56.11,-9.45,-1.07
2024/01/01 16:13:51.72,203.72,-31.74,-57.09,-60.05,56.13,-9.43,-1.07
2024/01/01 16:13:51.73,203.73,-31.74,-57.08,-60.05,56.14,-9.42,-1.06
2024/01/01 16:13:51.74,203.74,-31.73,-57.08,-60.05,56.14,-9.43,-1.04
2024/01/01 16:13:51.75,203.75,-31.74,-57.08,-60.05,56.13,-9.45,-1.04
2024/01/01 16:13:51.76,203.76,-31.74,-57.09,-60.05,56.12,-9.49,-1.05
2024/01/01 16:13:51.77,203.77,-31.74,-57.09,-60.05,56.11,-9.53,-1.04
2024/01/01 16:13:51.78,203.78,-31.74,-57.09,-60.05,56.11,-9.55,-1.04
2024/01/01 16:13:51.79,203.79,-31.74,-57.10,-60.05,56.13,-9.53,-1.05
2024/01/01 16:13:51.80,203.80,-31.74,-57.11,-60.05,56.16,-9.49,-1.06
2024/01/01 16:13:51.81,203.81,-31.75,-57.11,-60.05,56.19,-9.44,-1.05
2024/01/01 16:13:51.82,203.82,-31.75,-57.11,-60.05,56.22,-9.41,-1.05
2024/01/01 16:13:51.83,203.83,-31.75,-57.11,-60.05,56.23,-9.40,-1.04
2024/01/01 16:13:51.84,203.84,-31.75,-57.11,-60.05,56.22,-9.43,-1.03
2024/01/01 16:13:51.85,203.85,-31.74,-57.11,-60.05,56.18,-9.49,-1.03
2024/01/01 16:13:51.86,203.86,-31.74,-57.11,-60.04,56.12,-9.55,-1.06
2024/01/01 16:13:51.87,203.87,-31.74,-57.10,-60.04,56.07,-9.58,-1.09
2024/01/01 16:13:51.88,203.88,-31.74,-57.10,-60.04,56.04,-9.59,-1.09
2024/01/01 16:13:51.89,203.89,-31.75,-57.10,-60.04,56.03,-9.60,-1.07
2024/01/01 16:13:51.90,203.90,-31.76,-57.11,-60.04,56.04,-9.60,-1.06
2024/01/01 16:13:51.91,203.91,-31.76,-57.11,-60.04,56.04,-9.59,-1.05
2024/01/01 16:13:51.92,203.92,-31.77,-57.11,-60.03,56.04,-9.55,-1.04
2024/01/01 16:13:51.93,203.93,-31.77,-57.12,-60.03,56.06,-9.51,-1.02
2024/01/01 16:13:51.94,203.94,-31.77,-57.13,-60.02,56.11,-9.48,-1.01
2024/01/01 16:13:51.95,203.95,-31.76,-57.13,-60.02,56.17,-9.44,-0.99
2024/01/01 16:13:51.96,203.96,-31.76,-57.13,-60.02,56.22,-9.41,-0.99
2024/01/01 16:13:51.97,203.97,-31.77,-57.12,-60.01,56.22,-9.41,-1.00
2024/01/01 16:13:51.98,203.98,-31.78,-57.11,-60.01,56.19,-9.44,-1.01
2024/01/01 16:13:51.99,203.99,-31.78,-57.11,-60.02,56.14,-9.48,-1.01
2024/01/01 16:13:52.00,204.00,-31.78,-57.11,-60.02,56.11,-9.52,-1.01
2024/01/01 16:13:52.01,204.01,-31.78,-57.12,-60.02,56.09,-9.56,-1.01
2024/01/01 16:13:52.02,204.02,-31.79,-57.12,-60.01,56.08,-9.61,-1.01
2024/01/01 16:13:52.03,204.03,-31.79,-57.13,-60.00,56.08,-9.63,-1.01
2024/01/01 16:13:52.04,204.04,-31.79,-57.12,-60.00,56.09,-9.62,-1.01
2024/01/01 16:13:52.05,204.05,-31.79,-57.12,-60.00,56.11,-9.58,-1.00
2024/01/01 16:13:52.06,204.06,-31.79,-57.13,-60.00,56.10,-9.50,-0.99
2024/01/01 16:13:52.07,204.07,-31.80,-57.13,-59.99,56.08,-9.43,-0.99
2024/01/01 16:13:52.08,204.08,-31.81,-57.13,-59.99,56.02,-9.40,-0.99
2024/01/01 16:13:52.09,204.09,-31.82,-57.13,-59.99,55.97,-9.43,-1.00
2024/01/01 16:13:52.10,204.10,-31.83,-57.13,-59.98,55.96,-9.52,-0.99
2024/01/01 16:13:52.11,204.11,-31.84,-57.13,-59.98,55.97,-9.61,-0.97
2024/01/01 16:13:52.12,204.12,-31.84,-57.14,-59.97,56.01,-9.67,-0.94
2024/01/01 16:13:52.13,204.13,-31.85,-57.14,-59.97,56.05,-9.68,-0.95
2024/01/01 16:13:52.14,204.14,-31.85,-57.15,-59.97,56.08,-9.62,-0.96
2024/01/01 16:13:52.15,204.15,-31.85,-57.15,-59.97,56.09,-9.55,-0.96
2024/01/01 16:13:52.16,204.16,-31.85,-57.14,-59.96,56.08,-9.51,-0.96
2024/01/01 16:13:52.17,204.17,-31.85,-57.13,-59.95,56.05,-9.49,-0.98
2024/01/01 16:13:52.18,204.18,-31.85,-57.12,-59.95,56.01,-9.49,-0.99
2024/01/01 16:13:52.19,204.19,-31.85,-57.12,-59.94,55.97,-9.50,-0.97
2024/01/01 16:13:52.20,204.20,-31.85,-57.13,-59.93,55.95,-9.51,-0.94
2024/01/01 16:13:52.21,204.21,-31.84,-57.14,-59.93,55.97,-9.52,-0.92
2024/01/01 16:13:52.22,204.22,-31.84,-57.15,-59.92,56.01,-9.55,-0.91
2024/01/01 16:13:52.23,204.23,-31.84,-57.15,-59.91,56.06,-9.58,-0.91
2024/01/01 16:13:52.24,204.24,-31.84,-57.15,-59.91,56.10,-9.59,-0.91
2024/01/01 16:13:52.25,204.25,-31.84,-57.15,-59.91,56.09,-9.59,-0.91
2024/01/01 16:13:52.26,204.26,-31.84,-57.15,-59.92,56.06,-9.55,-0.91
2024/01/01 16:13:52.27,204.27,-31.84,-57.16,-59.91,56.02,-9.51,-0.91
2024/01/01 16:13:52.28,204.28,-31.84,-57.16,-59.91,56.00,-9.48,-0.90
2024/01/01 16:13:52.29,204.29,-31.84,-57.16,-59.91,56.01,-9.50,-0.90
2024/01/01 16:13:52.30,204.30,-31.84,-57.16,-59.91,56.05,-9.55,-0.91
2024/01/01 16:13:52.31,204.31,-31.84,-57.16,-59.91,56.08,-9.61,-0.91
2024/01/01 16:13:52.32,204.32,-31.84,-57.16,-59.91,56.11,-9.66,-0.89
2024/01/01 16:13:52.33,204.33,-31.84,-57.15,-59.92,56.09,-9.67,-0.90
2024/01/01 16:13:52.34,204.34,-31.84,-57.15,-59.92,56.07,-9.64,-0.91
2024/01/01 16:13:52.35,204.35,-31.84,-57.15,-59.92,56.05,-9.59,-0.91
2024/01/01 16:13:52.36,204.36,-31.84,-57.15,-59.92,56.04,-9.55,-0.91
2024/01/01 16:13:52.37,204.37,-31.84,-57.15,-59.91,56.05,-9.52,-0.92
2024/01/01 16:13:52.38,204.38,-31.84,-57.15,-59.91,56.06,-9.50,-0.93
2024/01/01 16:13:52.39,204.39,-31.83,-57.15,-59.91,56.05,-9.50,-0.94
2024/01/01 16:13:52.40,204.40,-31.83,-57.16,-59.91,56.02,-9.50,-0.94
2024/01/01 16:13:52.41,204.41,-31.83,-57.16,-59.91,55.99,-9.51,-0.91
2024/01/01 16:13:52.42,204.42,-31.83,-57.16,-59.91,55.98,-9.50,-0.89
2024/01/01 16:13:52.43,204.43,-31.83,-57.15,-59.90,55.98,-9.50,-0.88
2024/01/01 16:13:52.44,204.44,-31.82,-57.14,-59.90,56.00,-9.52,-0.89
2024/01/01 16:13:52.45,204.45,-31.82,-57.14,-59.91,56.04,-9.55,-0.91
2024/01/01 16:13:52.46,204.46,-31.81,-57.14,-59.92,56.07,-9.59,-0.93
2024/01/01 16:13:52.47,204.47,-31.80,-57.14,-59.93,56.09,-9.62,-0.94
2024/01/01 16:13:52.48,204.48,-31.80,-57.15,-59.93,56.12,-9.64,-0.93
2024/01/01 16:13:52.49,204.49,-31.79,-57.15,-59.93,56.15,-9.62,-0.94
2024/01/01 16:13:52.50,204.50,-31.78,-57.15,-59.93,56.19,-9.59,-0.96
2024/01/01 16:13:52.51,204.51,-31.77,-57.14,-59.93,56.22,-9.55,-0.96
2024/01/01 16:13:52.52,204.52,-31.76,-57.14,-59.93,56.22,-9.53,-0.93
2024/01/01 16:13:52.53,204.53,-31.76,-57.14,-59.94,56.20,-9.51,-0.91
2024/01/01 16:13:52.54,204.54,-31.75,-57.14,-59.94,56.15,-9.48,-0.92
2024/01/01 16:13:52.55,204.55,-31.75,-57.15,-59.94,56.10,-9.45,-0.94
2024/01/01 16:13:52.56,204.56,-31.74,-57.15,-59.94,56.07,-9.44,-0.95
2024/01/01 16:13:52.57,204.57,-31.74,-57.14,-59.93,56.08,-9.45,-0.96
2024/01/01 16:13:52.58,204.58,-31.73,-57.15,-59.93,56.11,-9.49,-0.97
2024/01/01 16:13:52.59,204.59,-31.72,-57.15,-59.94,56.14,-9.54,-0.95
2024/01/01 16:13:52.60,204.60,-31.72,-57.16,-59.94,56.16,-9.57,-0.91
2024/01/01 16:13:52.61,204.61,-31.71,-57.17,-59.94,56.17,-9.59,-0.89
2024/01/01 16:13:52.62,204.62,-31.71,-57.17,-59.94,56.20,-9.58,-0.91
2024/01/01 16:13:52.63,204.63,-31.71,-57.16,-59.94,56.23,-9.56,-0.93
2024/01/01 16:13:52.64,204.64,-31.71,-57.15,-59.94,56.24,-9.54,-0.94
2024/01/01 16:13:52.65,204.65,-31.71,-57.15,-59.94,56.24,-9.53,-0.95
2024/01/01 16:13:52.66,204.66,-31.70,-57.15,-59.94,56.21,-9.53,-0.96
2024/01/01 16:13:52.67,204.67,-31.69,-57.15,-59.94,56.17,-9.55,-0.96
2024/01/01 16:13:52.68,204.68,-31.69,-57.15,-59.94,56.16,-9.58,-0.94
2024/01/01 16:13:52.69,204.69,-31.68,-57.15,-59.94,56.17,-9.61,-0.92
2024/01/01 16:13:52.70,204.70,-31.68,-57.15,-59.94,56.20,-9.65,-0.93
2024/01/01 16:13:52.71,204.71,-31.68,-57.15,-59.94,56.23,-9.67,-0.95
2024/01/01 16:13:52.72,204.72,-31.67,-57.15,-59.95,56.24,-9.66,-0.98
2024/01/01 16:13:52.73,204.73,-31.67,-57.14,-59.95,56.21,-9.62,-0.98
2024/01/01 16:13:52.74,204.74,-31.66,-57.13,-59.95,56.18,-9.56,-0.97
2024/01/01 16:13:52.75,204.75,-31.66,-57.12,-59.95,56.17,-9.49,-0.96
2024/01/01 16:13:52.76,204.76,-31.65,-57.12,-59.95,56.20,-9.42,-0.97
2024/01/01 16:13:52.77,204.77,-31.64,-57.12,-59.95,56.24,-9.38,-0.97
2024/01/01 16:13:52.78,204.78,-31.64,-57.12,-59.96,56.28,-9.37,-0.96
2024/01/01 16:13:52.79,204.79,-31.63,-57.12,-59.96,56.28,-9.41,-0.96
2024/01/01 16:13:52.80,204.80,-31.63,-57.12,-59.96,56.26,-9.45,-0.98
2024/01/01 16:13:52.81,204.81,-31.62,-57.12,-59.97,56.24,-9.49,-0.99
2024/01/01 16:13:52.82,204.82,-31.62,-57.12,-59.97,56.25,-9.50,-0.99
2024/01/01 16:13:52.83,204.83,-31.61,-57.12,-59.98,56.29,-9.48,-0.99
2024/01/01 16:13:52.84,204.84,-31.60,-57.12,-59.98,56.32,-9.44,-0.99
2024/01/01 16:13:52.85,204.85,-31.60,-57.12,-59.99,56.34,-9.40,-1.01
2024/01/01 16:13:52.86,204.86,-31.60,-57.12,-59.99,56.33,-9.39,-1.03
2024/01/01 16:13:52.87,204.87,-31.60,-57.13,-60.00,56.30,-9.44,-1.02
2024/01/01 16:13:52.88,204.88,-31.60,-57.14,-59.99,56.27,-9.52,-1.00
2024/01/01 16:13:52.89,204.89,-31.60,-57.14,-59.99,56.27,-9.59,-0.99
2024/01/01 16:13:52.90,204.90,-31.59,-57.15,-59.99,56.30,-9.63,-1.00
2024/01/01 16:13:52.91,204.91,-31.59,-57.15,-60.00,56.33,-9.62,-1.01
2024/01/01 16:13:52.92,204.92,-31.59,-57.15,-60.01,56.36,-9.59,-1.01
2024/01/01 16:13:52.93,204.93,-31.59,-57.14,-60.02,56.35,-9.54,-1.01
2024/01/01 16:13:52.94,204.94,-31.60,-57.14,-60.02,56.31,-9.51,-1.02
2024/01/01 16:13:52.95,204.95,-31.61,-57.14,-60.02,56.27,-9.50,-1.04
2024/01/01 16:13:52.96,204.96,-31.61,-57.15,-60.02,56.24,-9.50,-1.06
2024/01/01 16:13:52.97,204.97,-31.62,-57.15,-60.03,56.23,-9.50,-1.07
2024/01/01 16:13:52.98,204.98,-31.63,-57.16,-60.03,56.25,-9.51,-1.06
2024/01/01 16:13:52.99,204.99,-31.63,-57.16,-60.03,56.27,-9.55,-1.05
2024/01/01 16:13:53.00,205.00,-31.63,-57.16,-60.04,56.28,-9.59,-1.04
2024/01/01 16:13:53.01,205.01,-31.63,-57.16,-60.03,56.29,-9.62,-1.01
2024/01/01 16:13:53.02,205.02,-31.63,-57.17,-60.03,56.29,-9.60,-0.99
2024/01/01 16:13:53.03,205.03,-31.64,-57.17,-60.02,56.29,-9.55,-1.01
2024/01/01 16:13:53.04,205.04,-31.64,-57.17,-60.02,56.27,-9.50,-1.06
2024/01/01 16:13:53.05,205.05,-31.64,-57.18,-60.02,56.25,-9.47,-1.08
2024/01/01 16:13:53.06,205.06,-31.64,-57.18,-60.02,56.21,-9.49,-1.07
2024/01/01 16:13:53.07,205.07,-31.64,-57.19,-60.02,56.15,-9.53,-1.05
2024/01/01 16:13:53.08,205.08,-31.63,-57.19,-60.02,56.13,-9.58,-1.02
2024/01/01 16:13:53.09,205.09,-31.63,-57.18,-60.01,56.15,-9.62,-1.01
2024/01/01 16:13:53.10,205.10,-31.62,-57.18,-60.01,56.20,-9.62,-1.00
2024/01/01 16:13:53.11,205.11,-31.62,-57.18,-60.00,56.25,-9.60,-1.00
2024/01/01 16:13:53.12,205.12,-31.63,-57.18,-60.00,56.29,-9.59,-1.01
2024/01/01 16:13:53.13,205.13,-31.63,-57.18,-60.01,56.29,-9.58,-1.02
2024/01/01 16:13:53.14,205.14,-31.62,-57.19,-60.01,56.28,-9.58,-1.02
2024/01/01 16:13:53.15,205.15,-31.62,-57.19,-60.01,56.27,-9.59,-1.01
2024/01/01 16:13:53.16,205.16,-31.62,-57.19,-60.01,56.27,-9.58,-1.02
2024/01/01 16:13:53.17,205.17,-31.62,-57.19,-60.01,56.30,-9.55,-1.03
2024/01/01 16:13:53.18,205.18,-31.62,-57.19,-60.01,56.34,-9.53,-1.02
2024/01/01 16:13:53.19,205.19,-31.61,-57.20,-60.01,56.36,-9.54,-1.00
2024/01/01 16:13:53.20,205.20,-31.61,-57.21,-60.01,56.36,-9.57,-1.02
2024/01/01 16:13:53.21,205.21,-31.60,-57.22,-60.01,56.34,-9.60,-1.04
2024/01/01 16:13:53.22,205.22,-31.59,-57.22,-60.00,56.31,-9.62,-1.05
2024/01/01 16:13:53.23,205.23,-31.59,-57.22,-60.00,56.29,-9.64,-1.03
2024/01/01 16:13:53.24,205.24,-31.59,-57.22,-59.99,56.28,-9.64,-1.02
2024/01/01 16:13:53.25,205.25,-31.60,-57.22,-59.99,56.28,-9.63,-1.02
2024/01/01 16:13:53.26,205.26,-31.61,-57.22,-59.99,56.28,-9.61,-1.02
2024/01/01 16:13:53.27,205.27,-31.62,-57.22,-59.99,56.27,-9.62,-1.00
2024/01/01 16:13:53.28,205.28,-31.63,-57.22,-59.98,56.26,-9.64,-0.98
2024/01/01 16:13:53.29,205.29,-31.63,-57.22,-59.98,56.27,-9.64,-0.97
2024/01/01 16:13:53.30,205.30,-31.64,-57.21,-59.97,56.30,-9.64,-0.98
2024/01/01 16:13:53.31,205.31,-31.64,-57.22,-59.97,56.34,-9.63,-0.97
2024/01/01 16:13:53.32,205.32,-31.64,-57.22,-59.97,56.37,-9.62,-0.95
2024/01/01 16:13:53.33,205.33,-31.64,-57.22,-59.96,56.36,-9.60,-0.95
2024/01/01 16:13:53.34,205.34,-31.64,-57.22,-59.96,56.32,-9.59,-0.95
2024/01/01 16:13:53.35,205.35,-31.64,-57.22,-59.95,56.25,-9.58,-0.95
2024/01/01 16:13:53.36,205.36,-31.65,-57.23,-59.95,56.20,-9.58,-0.95
2024/01/01 16:13:53.37,205.37,-31.65,-57.23,-59.95,56.17,-9.58,-0.94
2024/01/01 16:13:53.38,205.38,-31.66,-57.23,-59.94,56.15,-9.57,-0.93
2024/01/01 16:13:53.39,205.39,-31.66,-57.23,-59.93,56.15,-9.56,-0.95
2024/01/01 16:13:53.40,205.40,-31.65,-57.23,-59.92,56.16,-9.54,-0.97
2024/01/01 16:13:53.41,205.41,-31.65,-57.23,-59.92,56.17,-9.55,-0.97
2024/01/01 16:13:53.42,205.42,-31.65,-57.23,-59.92,56.19,-9.59,-0.95
2024/01/01 16:13:53.43,205.43,-31.65,-57.23,-59.91,56.22,-9.63,-0.91
2024/01/01 16:13:53.44,205.44,-31.64,-57.24,-59.91,56.25,-9.66,-0.89
2024/01/01 16:13:53.45,205.45,-31.64,-57.24,-59.90,56.26,-9.69,-0.89
2024/01/01 16:13:53.46,205.46,-31.65,-57.24,-59.90,56.25,-9.70,-0.91
2024/01/01 16:13:53.47,205.47,-31.65,-57.25,-59.90,56.23,-9.71,-0.92
2024/01/01 16:13:53.48,205.48,-31.65,-57.26,-59.90,56.23,-9.70,-0.93
2024/01/01 16:13:53.49,205.49,-31.65,-57.27,-59.90,56.26,-9.69,-0.91
2024/01/01 16:13:53.50,205.50,-31.64,-57.27,-59.90,56.30,-9.67,-0.90
2024/01/01 16:13:53.51,205.51,-31.63,-57.27,-59.90,56.34,-9.65,-0.90
2024/01/01 16:13:53.52,205.52,-31.62,-57.26,-59.89,56.36,-9.62,-0.90
2024/01/01 16:13:53.53,205.53,-31.62,-57.26,-59.88,56.34,-9.60,-0.90
2024/01/01 16:13:53.54,205.54,-31.62,-57.27,-59.87,56.31,-9.59,-0.91
2024/01/01 16:13:53.55,205.55,-31.61,-57.27,-59.87,56.29,-9.61,-0.92
2024/01/01 16:13:53.56,205.56,-31.61,-57.28,-59.87,56.26,-9.65,-0.90
2024/01/01 16:13:53.57,205.57,-31.61,-57.28,-59.86,56.25,-9.71,-0.87
2024/01/01 16:13:53.58,205.58,-31.61,-57.29,-59.86,56.26,-9.75,-0.85
2024/01/01 16:13:53.59,205.59,-31.61,-57.28,-59.85,56.29,-9.76,-0.85
2024/01/01 16:13:53.60,205.60,-31.62,-57.28,-59.85,56.33,-9.73,-0.85
2024/01/01 16:13:53.61,205.61,-31.62,-57.28,-59.85,56.36,-9.68,-0.85
2024/01/01 16:13:53.62,205.62,-31.62,-57.29,-59.86,56.36,-9.63,-0.85
2024/01/01 16:13:53.63,205.63,-31.63,-57.30,-59.86,56.33,-9.59,-0.86
2024/01/01 16:13:53.64,205.64,-31.62,-57.31,-59.86,56.30,-9.58,-0.87
2024/01/01 16:13:53.65,205.65,-31.62,-57.31,-59.87,56.30,-9.60,-0.87
2024/01/01 16:13:53.66,205.66,-31.61,-57.31,-59.87,56.31,-9.64,-0.85
2024/01/01 16:13:53.67,205.67,-31.60,-57.30,-59.87,56.34,-9.68,-0.85
2024/01/01 16:13:53.68,205.68,-31.59,-57.30,-59.88,56.36,-9.72,-0.86
2024/01/01 16:13:53.69,205.69,-31.59,-57.29,-59.88,56.37,-9.74,-0.89
2024/01/01 16:13:53.70,205.70,-31.59,-57.30,-59.88,56.36,-9.74,-0.91
2024/01/01 16:13:53.71,205.71,-31.59,-57.30,-59.88,56.33,-9.75,-0.91
2024/01/01 16:13:53.72,205.72,-31.59,-57.30,-59.88,56.27,-9.77,-0.91
2024/01/01 16:13:53.73,205.73,-31.59,-57.30,-59.88,56.22,-9.76,-0.90
2024/01/01 16:13:53.74,205.74,-31.59,-57.31,-59.87,56.18,-9.73,-0.89
2024/01/01 16:13:53.75,205.75,-31.60,-57.31,-59.87,56.21,-9.69,-0.88
2024/01/01 16:13:53.76,205.76,-31.60,-57.32,-59.86,56.27,-9.64,-0.88
2024/01/01 16:13:53.77,205.77,-31.61,-57.32,-59.86,56.35,-9.61,-0.88
2024/01/01 16:13:53.78,205.78,-31.61,-57.32,-59.85,56.39,-9.59,-0.87
2024/01/01 16:13:53.79,205.79,-31.61,-57.33,-59.85,56.38,-9.60,-0.87
2024/01/01 16:13:53.80,205.80,-31.61,-57.33,-59.84,56.36,-9.63,-0.85
2024/01/01 16:13:53.81,205.81,-31.61,-57.33,-59.84,56.34,-9.67,-0.83
2024/01/01 16:13:53.82,205.82,-31.61,-57.33,-59.83,56.34,-9.71,-0.84
2024/01/01 16:13:53.83,205.83,-31.61,-57.33,-59.83,56.37,-9.75,-0.84
2024/01/01 16:13:53.84,205.84,-31.60,-57.33,-59.82,56.39,-9.77,-0.84
2024/01/01 16:13:53.85,205.85,-31.60,-57.33,-59.82,56.37,-9.77,-0.84
2024/01/01 16:13:53.86,205.86,-31.59,-57.34,-59.82,56.34,-9.75,-0.84
2024/01/01 16:13:53.87,205.87,-31.59,-57.34,-59.81,56.31,-9.74,-0.82
2024/01/01 16:13:53.88,205.88,-31.59,-57.34,-59.81,56.30,-9.74,-0.80
2024/01/01 16:13:53.89,205.89,-31.59,-57.35,-59.81,56.31,-9.75,-0.81
2024/01/01 16:13:53.90,205.90,-31.59,-57.35,-59.81,56.33,-9.74,-0.83
2024/01/01 16:13:53.91,205.91,-31.58,-57.35,-59.81,56.34,-9.73,-0.84
2024/01/01 16:13:53.92,205.92,-31.58,-57.36,-59.81,56.34,-9.72,-0.83
2024/01/01 16:13:53.93,205.93,-31.58,-57.36,-59.81,56.33,-9.72,-0.82
2024/01/01 16:13:53.94,205.94,-31.59,-57.36,-59.81,56.33,-9.73,-0.81
2024/01/01 16:13:53.95,205.95,-31.59,-57.36,-59.81,56.33,-9.74,-0.81
2024/01/01 16:13:53.96,205.96,-31.59,-57.35,-59.81,56.32,-9.76,-0.81
2024/01/01 16:13:53.97,205.97,-31.59,-57.34,-59.81,56.31,-9.77,-0.83
2024/01/01 16:13:53.98,205.98,-31.59,-57.34,-59.82,56.29,-9.75,-0.83
2024/01/01 16:13:53.99,205.99,-31.59,-57.33,-59.82,56.29,-9.72,-0.83
2024/01/01 16:13:54.00,206.00,-31.59,-57.33,-59.82,56.33,-9.69,-0.82
2024/01/01 16:13:54.01,206.01,-31.59,-57.33,-59.82,56.39,-9.68,-0.82
2024/01/01 16:13:54.02,206.02,-31.59,-57.33,-59.82,56.45,-9.70,-0.85
2024/01/01 16:13:54.03,206.03,-31.59,-57.34,-59.82,56.47,-9.73,-0.86
2024/01/01 16:13:54.04,206.04,-31.58,-57.34,-59.82,56.44,-9.74,-0.86
2024/01/01 16:13:54.05,206.05,-31.57,-57.34,-59.83,56.37,-9.74,-0.85
2024/01/01 16:13:54.06,206.06,-31.57,-57.34,-59.83,56.30,-9.72,-0.84
2024/01/01 16:13:54.07,206.07,-31.56,-57.33,-59.83,56.26,-9.68,-0.83
2024/01/01 16:13:54.08,206.08,-31.56,-57.32,-59.83,56.27,-9.66,-0.84
2024/01/01 16:13:54.09,206.09,-31.55,-57.32,-59.83,56.31,-9.64,-0.86
2024/01/01 16:13:54.10,206.10,-31.54,-57.32,-59.83,56.36,-9.65,-0.88
2024/01/01 16:13:54.11,206.11,-31.53,-57.32,-59.84,56.38,-9.68,-0.89
2024/01/01 16:13:54.12,206.12,-31.53,-57.32,-59.84,56.38,-9.71,-0.90
2024/01/01 16:13:54.13,206.13,-31.54,-57.32,-59.84,56.35,-9.72,-0.88
2024/01/01 16:13:54.14,206.14,-31.54,-57.32,-59.85,56.34,-9.72,-0.85
2024/01/01 16:13:54.15,206.15,-31.54,-57.32,-59.85,56.35,-9.71,-0.84
2024/01/01 16:13:54.16,206.16,-31.54,-57.32,-59.85,56.39,-9.68,-0.84
2024/01/01 16:13:54.17,206.17,-31.54,-57.32,-59.86,56.43,-9.64,-0.85
2024/01/01 16:13:54.18,206.18,-31.54,-57.32,-59.87,56.45,-9.62,-0.87
2024/01/01 16:13:54.19,206.19,-31.55,-57.32,-59.87,56.44,-9.63,-0.88
2024/01/01 16:13:54.20,206.20,-31.55,-57.32,-59.87,56.43,-9.67,-0.88
2024/01/01 16:13:54.21,206.21,-31.55,-57.32,-59.87,56.42,-9.72,-0.89
2024/01/01 16:13:54.22,206.22,-31.55,-57.33,-59.88,56.42,-9.75,-0.91
2024/01/01 16:13:54.23,206.23,-31.56,-57.33,-59.88,56.42,-9.77,-0.91
2024/01/01 16:13:54.24,206.24,-31.55,-57.34,-59.88,56.40,-9.78,-0.91
2024/01/01 16:13:54.25,206.25,-31.55,-57.35,-59.88,56.37,-9.78,-0.91
2024/01/01 16:13:54.26,206.26,-31.55,-57.36,-59.89,56.33,-9.76,-0.92
2024/01/01 16:13:54.27,206.27,-31.55,-57.37,-59.89,56.31,-9.74,-0.92
2024/01/01 16:13:54.28,206.28,-31.56,-57.37,-59.89,56.31,-9.72,-0.91
2024/01/01 16:13:54.29,206.29,-31.55,-57.36,-59.88,56.31,-9.70,-0.90
2024/01/01 16:13:54.30,206.30,-31.55,-57.36,-59.88,56.31,-9.69,-0.91
2024/01/01 16:13:54.31,206.31,-31.55,-57.36,-59.88,56.29,-9.70,-0.91
2024/01/01 16:13:54.32,206.32,-31.55,-57.36,-59.89,56.29,-9.73,-0.91
2024/01/01 16:13:54.33,206.33,-31.55,-57.35,-59.89,56.29,-9.76,-0.91
2024/01/01 16:13:54.34,206.34,-31.55,-57.35,-59.89,56.33,-9.80,-0.91
2024/01/01 16:13:54.35,206.35,-31.55,-57.34,-59.89,56.37,-9.83,-0.92
2024/01/01 16:13:54.36,206.36,-31.55,-57.34,-59.88,56.41,-9.84,-0.93
2024/01/01 16:13:54.37,206.37,-31.55,-57.34,-59.88,56.43,-9.83,-0.91
2024/01/01 16:13:54.38,206.38,-31.55,-57.33,-59.88,56.42,-9.80,-0.89
2024/01/01 16:13:54.39,206.39,-31.55,-57.33,-59.87,56.40,-9.77,-0.88
2024/01/01 16:13:54.40,206.40,-31.55,-57.33,-59.86,56.39,-9.74,-0.87
2024/01/01 16:13:54.41,206.41,-31.54,-57.32,-59.86,56.39,-9.71,-0.88
2024/01/01 16:13:54.42,206.42,-31.54,-57.32,-59.86,56.40,-9.67,-0.89
2024/01/01 16:13:54.43,206.43,-31.54,-57.32,-59.86,56.40,-9.63,-0.90
2024/01/01 16:13:54.44,206.44,-31.54,-57.32,-59.86,56.40,-9.60,-0.90
2024/01/01 16:13:54.45,206.45,-31.54,-57.31,-59.85,56.38,-9.60,-0.88
2024/01/01 16:13:54.46,206.46,-31.54,-57.30,-59.85,56.37,-9.62,-0.85
2024/01/01 16:13:54.47,206.47,-31.54,-57.30,-59.85,56.38,-9.64,-0.84
2024/01/01 16:13:54.48,206.48,-31.53,-57.30,-59.85,56.40,-9.66,-0.86
2024/01/01 16:13:54.49,206.49,-31.53,-57.30,-59.85,56.41,-9.69,-0.89
2024/01/01 16:13:54.50,206.50,-31.53,-57.30,-59.85,56.41,-9.70,-0.89
2024/01/01 16:13:54.51,206.51,-31.53,-57.30,-59.85,56.39,-9.71,-0.88
2024/01/01 16:13:54.52,206.52,-31.53,-57.30,-59.85,56.36,-9.70,-0.87
2024/01/01 16:13:54.53,206.53,-31.53,-57.31,-59.85,56.36,-9.67,-0.86
2024/01/01 16:13:54.54,206.54,-31.54,-57.31,-59.85,56.38,-9.63,-0.85
2024/01/01 16:13:54.55,206.55,-31.54,-57.32,-59.85,56.41,-9.60,-0.86
2024/01/01 16:13:54.56,206.56,-31.54,-57.32,-59.85,56.44,-9.60,-0.88
2024/01/01 16:13:54.57,206.57,-31.54,-57.33,-59.85,56.44,-9.64,-0.88
2024/01/01 16:13:54.58,206.58,-31.55,-57.33,-59.85,56.42,-9.70,-0.87
2024/01/01 16:13:54.59,206.59,-31.54,-57.34,-59.84,56.40,-9.75,-0.87
2024/01/01 16:13:54.60,206.60,-31.54,-57.34,-59.83,56.38,-9.77,-0.87
2024/01/01 16:13:54.61,206.61,-31.54,-57.35,-59.83,56.37,-9.77,-0.88
2024/01/01 16:13:54.62,206.62,-31.54,-57.35,-59.83,56.37,-9.77,-0.88
2024/01/01 16:13:54.63,206.63,-31.54,-57.35,-59.83,56.37,-9.77,-0.86
2024/01/01 16:13:54.64,206.64,-31.54,-57.35,-59.83,56.35,-9.78,-0.84
2024/01/01 16:13:54.65,206.65,-31.54,-57.35,-59.83,56.33,-9.80,-0.84
2024/01/01 16:13:54.66,206.66,-31.55,-57.35,-59.82,56.32,-9.81,-0.86
2024/01/01 16:13:54.67,206.67,-31.55,-57.36,-59.82,56.33,-9.78,-0.87
2024/01/01 16:13:54.68,206.68,-31.55,-57.36,-59.83,56.36,-9.75,-0.87
2024/01/01 16:13:54.69,206.69,-31.54,-57.36,-59.83,56.41,-9.72,-0.86
2024/01/01 16:13:54.70,206.70,-31.54,-57.35,-59.83,56.44,-9.69,-0.84
2024/01/01 16:13:54.71,206.71,-31.54,-57.35,-59.83,56.44,-9.68,-0.83
2024/01/01 16:13:54.72,206.72,-31.54,-57.36,-59.83,56.44,-9.69,-0.84
2024/01/01 16:13:54.73,206.73,-31.53,-57.36,-59.82,56.45,-9.71,-0.84
2024/01/01 16:13:54.74,206.74,-31.53,-57.35,-59.82,56.45,-9.74,-0.84
2024/01/01 16:13:54.75,206.75,-31.52,-57.35,-59.82,56.45,-9.76,-0.85
2024/01/01 16:13:54.76,206.76,-31.53,-57.35,-59.82,56.42,-9.78,-0.85
2024/01/01 16:13:54.77,206.77,-31.53,-57.35,-59.82,56.40,-9.77,-0.83
2024/01/01 16:13:54.78,206.78,-31.53,-57.34,-59.81,56.38,-9.75,-0.82
2024/01/01 16:13:54.79,206.79,-31.53,-57.34,-59.81,56.38,-9.71,-0.83
2024/01/01 16:13:54.80,206.80,-31.53,-57.33,-59.80,56.40,-9.68,-0.84
2024/01/01 16:13:54.81,206.81,-31.54,-57.33,-59.80,56.41,-9.65,-0.84
2024/01/01 16:13:54.82,206.82,-31.54,-57.33,-59.80,56.40,-9.63,-0.84
2024/01/01 16:13:54.83,206.83,-31.54,-57.33,-59.80,56.39,-9.63,-0.82
2024/01/01 16:13:54.84,206.84,-31.54,-57.33,-59.79,56.37,-9.66,-0.80
2024/01/01 16:13:54.85,206.85,-31.55,-57.33,-59.79,56.36,-9.71,-0.80
2024/01/01 16:13:54.86,206.86,-31.55,-57.33,-59.79,56.36,-9.76,-0.81
2024/01/01 16:13:54.87,206.87,-31.55,-57.33,-59.79,56.36,-9.79,-0.82
2024/01/01 16:13:54.88,206.88,-31.55,-57.34,-59.79,56.37,-9.79,-0.80
2024/01/01 16:13:54.89,206.89,-31.55,-57.35,-59.78,56.40,-9.78,-0.79
2024/01/01 16:13:54.90,206.90,-31.55,-57.35,-59.78,56.42,-9.74,-0.80
2024/01/01 16:13:54.91,206.91,-31.55,-57.36,-59.78,56.44,-9.71,-0.81
2024/01/01 16:13:54.92,206.92,-31.55,-57.36,-59.79,56.43,-9.68,-0.81
2024/01/01 16:13:54.93,206.93,-31.54,-57.36,-59.79,56.40,-9.67,-0.80
2024/01/01 16:13:54.94,206.94,-31.54,-57.37,-59.78,56.37,-9.68,-0.81
2024/01/01 16:13:54.95,206.95,-31.54,-57.37,-59.78,56.35,-9.69,-0.82
2024/01/01 16:13:54.96,206.96,-31.54,-57.37,-59.78,56.34,-9.71,-0.83
2024/01/01 16:13:54.97,206.97,-31.54,-57.37,-59.78,56.33,-9.75,-0.83
2024/01/01 16:13:54.98,206.98,-31.54,-57.37,-59.78,56.33,-9.79,-0.81
2024/01/01 16:13:54.99,206.99,-31.54,-57.37,-59.79,56.34,-9.83,-0.80
2024/01/01 16:13:55.00,207.00,-31.55,-57.38,-59.79,56.35,-9.84,-0.79
2024/01/01 16:13:55.01,207.01,-31.55,-57.40,-59.79,56.37,-9.83,-0.79
2024/01/01 16:13:55.02,207.02,-31.55,-57.41,-59.80,56.40,-9.80,-0.80
2024/01/01 16:13:55.03,207.03,-31.55,-57.42,-59.80,56.44,-9.78,-0.82
2024/01/01 16:13:55.04,207.04,-31.55,-57.42,-59.80,56.46,-9.78,-0.84
2024/01/01 16:13:55.05,207.05,-31.55,-57.42,-59.80,56.46,-9.78,-0.84
2024/01/01 16:13:55.06,207.06,-31.55,-57.42,-59.80,56.45,-9.78,-0.83
2024/01/01 16:13:55.07,207.07,-31.55,-57.42,-59.80,56.43,-9.77,-0.83
2024/01/01 16:13:55.08,207.08,-31.55,-57.42,-59.80,56.41,-9.77,-0.82
2024/01/01 16:13:55.09,207.09,-31.55,-57.42,-59.80,56.40,-9.79,-0.82
2024/01/01 16:13:55.10,207.10,-31.55,-57.42,-59.80,56.40,-9.83,-0.82
2024/01/01 16:13:55.11,207.11,-31.55,-57.42,-59.79,56.39,-9.88,-0.82
2024/01/01 16:13:55.12,207.12,-31.56,-57.42,-59.79,56.35,-9.91,-0.82
2024/01/01 16:13:55.13,207.13,-31.56,-57.42,-59.78,56.32,-9.91,-0.81
2024/01/01 16:13:55.14,207.14,-31.56,-57.43,-59.78,56.32,-9.88,-0.81
2024/01/01 16:13:55.15,207.15,-31.56,-57.43,-59.78,56.33,-9.83,-0.82
2024/01/01 16:13:55.16,207.16,-31.55,-57.44,-59.77,56.36,-9.78,-0.81
2024/01/01 16:13:55.17,207.17,-31.55,-57.44,-59.77,56.36,-9.75,-0.79
2024/01/01 16:13:55.18,207.18,-31.56,-57.43,-59.77,56.34,-9.74,-0.76
2024/01/01 16:13:55.19,207.19,-31.56,-57.43,-59.77,56.31,-9.74,-0.76
2024/01/01 16:13:55.20,207.20,-31.56,-57.42,-59.78,56.30,-9.74,-0.78
2024/01/01 16:13:55.21,207.21,-31.57,-57.42,-59.78,56.33,-9.75,-0.80
2024/01/01 16:13:55.22,207.22,-31.57,-57.41,-59.78,56.38,-9.79,-0.82
2024/01/01 16:13:55.23,207.23,-31.56,-57.40,-59.78,56.42,-9.83,-0.83
2024/01/01 16:13:55.24,207.24,-31.56,-57.39,-59.77,56.45,-9.87,-0.81
2024/01/01 16:13:55.25,207.25,-31.56,-57.38,-59.77,56.47,-9.89,-0.78
2024/01/01 16:13:55.26,207.26,-31.56,-57.38,-59.77,56.48,-9.88,-0.76
2024/01/01 16:13:55.27,207.27,-31.56,-57.39,-59.77,56.48,-9.85,-0.75
2024/01/01 16:13:55.28,207.28,-31.56,-57.39,-59.76,56.46,-9.79,-0.75
2024/01/01 16:13:55.29,207.29,-31.56,-57.39,-59.76,56.42,-9.74,-0.77
2024/01/01 16:13:55.30,207.30,-31.56,-57.39,-59.76,56.37,-9.69,-0.81
2024/01/01 16:13:55.31,207.31,-31.56,-57.39,-59.76,56.31,-9.65,-0.83
2024/01/01 16:13:55.32,207.32,-31.56,-57.39,-59.77,56.28,-9.63,-0.81
2024/01/01 16:13:55.33,207.33,-31.56,-57.39,-59.77,56.27,-9.65,-0.78
2024/01/01 16:13:55.34,207.34,-31.56,-57.39,-59.77,56.28,-9.68,-0.77
2024/01/01 16:13:55.35,207.35,-31.56,-57.39,-59.77,56.30,-9.73,-0.78
2024/01/01 16:13:55.36,207.36,-31.56,-57.39,-59.77,56.32,-9.78,-0.78
2024/01/01 16:13:55.37,207.37,-31.56,-57.38,-59.77,56.35,-9.82,-0.79
2024/01/01 16:13:55.38,207.38,-31.56,-57.38,-59.77,56.38,-9.83,-0.80
2024/01/01 16:13:55.39,207.39,-31.56,-57.37,-59.78,56.39,-9.83,-0.81
2024/01/01 16:13:55.40,207.40,-31.55,-57.37,-59.78,56.39,-9.83,-0.81
2024/01/01 16:13:55.41,207.41,-31.55,-57.36,-59.79,56.40,-9.82,-0.80
2024/01/01 16:13:55.42,207.42,-31.55,-57.35,-59.80,56.42,-9.81,-0.79
2024/01/01 16:13:55.43,207.43,-31.55,-57.35,-59.80,56.44,-9.79,-0.79
2024/01/01 16:13:55.44,207.44,-31.55,-57.35,-59.79,56.45,-9.76,-0.82
2024/01/01 16:13:55.45,207.45,-31.55,-57.35,-59.79,56.43,-9.73,-0.87
2024/01/01 16:13:55.46,207.46,-31.56,-57.35,-59.79,56.40,-9.70,-0.89
2024/01/01 16:13:55.47,207.47,-31.55,-57.36,-59.80,56.36,-9.70,-0.86
2024/01/01 16:13:55.48,207.48,-31.55,-57.36,-59.80,56.34,-9.71,-0.81
2024/01/01 16:13:55.49,207.49,-31.55,-57.35,-59.80,56.33,-9.71,-0.78
2024/01/01 16:13:55.50,207.50,-31.55,-57.36,-59.80,56.35,-9.70,-0.77
2024/01/01 16:13:55.51,207.51,-31.55,-57.36,-59.80,56.36,-9.68,-0.79
2024/01/01 16:13:55.52,207.52,-31.56,-57.36,-59.80,56.39,-9.67,-0.83
2024/01/01 16:13:55.53,207.53,-31.56,-57.36,-59.81,56.40,-9.67,-0.86
2024/01/01 16:13:55.54,207.54,-31.56,-57.36,-59.81,56.40,-9.69,-0.88
2024/01/01 16:13:55.55,207.55,-31.55,-57.35,-59.82,56.37,-9.71,-0.88
2024/01/01 16:13:55.56,207.56,-31.54,-57.34,-59.82,56.36,-9.72,-0.87
2024/01/01 16:13:55.57,207.57,-31.53,-57.33,-59.82,56.37,-9.72,-0.84
2024/01/01 16:13:55.58,207.58,-31.52,-57.33,-59.82,56.41,-9.72,-0.82
2024/01/01 16:13:55.59,207.59,-31.52,-57.33,-59.82,56.44,-9.73,-0.83
2024/01/01 16:13:55.60,207.60,-31.52,-57.33,-59.83,56.43,-9.75,-0.85
2024/01/01 16:13:55.61,207.61,-31.53,-57.33,-59.83,56.38,-9.78,-0.87
2024/01/01 16:13:55.62,207.62,-31.53,-57.32,-59.83,56.32,-9.79,-0.88
2024/01/01 16:13:55.63,207.63,-31.54,-57.32,-59.83,56.28,-9.79,-0.87
2024/01/01 16:13:55.64,207.64,-31.53,-57.31,-59.84,56.29,-9.78,-0.86
2024/01/01 16:13:55.65,207.65,-31.54,-57.32,-59.85,56.35,-9.74,-0.85
2024/01/01 16:13:55.66,207.66,-31.54,-57.32,-59.85,56.41,-9.71,-0.86
2024/01/01 16:13:55.67,207.67,-31.54,-57.32,-59.85,56.45,-9.67,-0.87
2024/01/01 16:13:55.68,207.68,-31.55,-57.32,-59.86,56.47,-9.65,-0.88
2024/01/01 16:13:55.69,207.69,-31.55,-57.32,-59.86,56.47,-9.65,-0.90
2024/01/01 16:13:55.70,207.70,-31.55,-57.31,-59.86,56.47,-9.64,-0.90
2024/01/01 16:13:55.71,207.71,-31.54,-57.30,-59.86,56.44,-9.62,-0.90
2024/01/01 16:13:55.72,207.72,-31.54,-57.29,-59.86,56.41,-9.60,-0.90
2024/01/01 16:13:55.73,207.73,-31.53,-57.29,-59.87,56.38,-9.59,-0.91
2024/01/01 16:13:55.74,207.74,-31.53,-57.29,-59.87,56.38,-9.60,-0.91
2024/01/01 16:13:55.75,207.75,-31.53,-57.29,-59.88,56.38,-9.63,-0.89
2024/01/01 16:13:55.76,207.76,-31.54,-57.28,-59.87,56.37,-9.66,-0.89
2024/01/01 16:13:55.77,207.77,-31.55,-57.27,-59.87,56.34,-9.68,-0.91
2024/01/01 16:13:55.78,207.78,-31.56,-57.27,-59.87,56.31,-9.68,-0.93
2024/01/01 16:13:55.79,207.79,-31.56,-57.27,-59.87,56.29,-9.66,-0.92
2024/01/01 16:13:55.80,207.80,-31.56,-57.27,-59.87,56.30,-9.65,-0.89
2024/01/01 16:13:55.81,207.81,-31.57,-57.27,-59.87,56.34,-9.64,-0.88
2024/01/01 16:13:55.82,207.82,-31.58,-57.27,-59.87,56.38,-9.65,-0.88
2024/01/01 16:13:55.83,207.83,-31.59,-57.27,-59.87,56.40,-9.68,-0.89
2024/01/01 16:13:55.84,207.84,-31.59,-57.27,-59.87,56.38,-9.70,-0.90
2024/01/01 16:13:55.85,207.85,-31.59,-57.27,-59.87,56.34,-9.71,-0.91
2024/01/01 16:13:55.86,207.86,-31.60,-57.27,-59.87,56.29,-9.69,-0.90
2024/01/01 16:13:55.87,207.87,-31.61,-57.27,-59.87,56.27,-9.65,-0.89
2024/01/01 16:13:55.88,207.88,-31.61,-57.27,-59.87,56.27,-9.62,-0.88
2024/01/01 16:13:55.89,207.89,-31.62,-57.27,-59.87,56.29,-9.60,-0.86
2024/01/01 16:13:55.90,207.90,-31.62,-57.27,-59.87,56.31,-9.57,-0.86
2024/01/01 16:13:55.91,207.91,-31.62,-57.27,-59.87,56.31,-9.56,-0.88
2024/01/01 16:13:55.92,207.92,-31.63,-57.27,-59.87,56.29,-9.58,-0.90
2024/01/01 16:13:55.93,207.93,-31.63,-57.27,-59.87,56.28,-9.60,-0.92
2024/01/01 16:13:55.94,207.94,-31.64,-57.27,-59.88,56.27,-9.62,-0.93
2024/01/01 16:13:55.95,207.95,-31.64,-57.27,-59.88,56.26,-9.66,-0.92
2024/01/01 16:13:55.96,207.96,-31.64,-57.26,-59.89,56.26,-9.71,-0.90
2024/01/01 16:13:55.97,207.97,-31.64,-57.27,-59.89,56.24,-9.76,-0.88
2024/01/01 16:13:55.98,207.98,-31.64,-57.27,-59.89,56.22,-9.78,-0.88
2024/01/01 16:13:55.99,207.99,-31.64,-57.27,-59.89,56.22,-9.78,-0.89
2024/01/01 16:13:56.00,208.00,-31.65,-57.27,-59.90,56.23,-9.75,-0.91
2024/01/01 16:13:56.01,208.01,-31.65,-57.27,-59.90,56.26,-9.71,-0.92
2024/01/01 16:13:56.02,208.02,-31.66,-57.27,-59.90,56.27,-9.67,-0.94
2024/01/01 16:13:56.03,208.03,-31.66,-57.27,-59.91,56.27,-9.63,-0.95
2024/01/01 16:13:56.04,208.04,-31.66,-57.27,-59.91,56.25,-9.59,-0.94
2024/01/01 16:13:56.05,208.05,-31.66,-57.28,-59.91,56.23,-9.57,-0.91
2024/01/01 16:13:56.06,208.06,-31.67,-57.28,-59.90,56.22,-9.57,-0.90
2024/01/01 16:13:56.07,208.07,-31.68,-57.27,-59.90,56.23,-9.59,-0.89
2024/01/01 16:13:56.08,208.08,-31.68,-57.26,-59.91,56.25,-9.63,-0.90
2024/01/01 16:13:56.09,208.09,-31.67,-57.25,-59.91,56.28,-9.68,-0.91
2024/01/01 16:13:56.10,208.10,-31.67,-57.25,-59.91,56.29,-9.71,-0.92
2024/01/01 16:13:56.11,208.11,-31.67,-57.24,-59.91,56.28,-9.74,-0.93
2024/01/01 16:13:56.12,208.12,-31.67,-57.24,-59.91,56.26,-9.73,-0.95
2024/01/01 16:13:56.13,208.13,-31.67,-57.23,-59.90,56.23,-9.70,-0.96
2024/01/01 16:13:56.14,208.14,-31.67,-57.23,-59.90,56.22,-9.66,-0.96
2024/01/01 16:13:56.15,208.15,-31.67,-57.23,-59.90,56.20,-9.64,-0.93
2024/01/01 16:13:56.16,208.16,-31.67,-57.22,-59.89,56.18,-9.63,-0.90
2024/01/01 16:13:56.17,208.17,-31.68,-57.23,-59.89,56.16,-9.62,-0.88
2024/01/01 16:13:56.18,208.18,-31.68,-57.23,-59.88,56.16,-9.60,-0.87
2024/01/01 16:13:56.19,208.19,-31.69,-57.23,-59.87,56.16,-9.57,-0.85
2024/01/01 16:13:56.20,208.20,-31.70,-57.23,-59.87,56.18,-9.54,-0.86
2024/01/01 16:13:56.21,208.21,-31.70,-57.23,-59.86,56.20,-9.53,-0.88
2024/01/01 16:13:56.22,208.22,-31.71,-57.22,-59.86,56.22,-9.53,-0.89
2024/01/01 16:13:56.23,208.23,-31.71,-57.22,-59.86,56.24,-9.55,-0.88
2024/01/01 16:13:56.24,208.24,-31.71,-57.21,-59.86,56.25,-9.59,-0.87
2024/01/01 16:13:56.25,208.25,-31.71,-57.21,-59.86,56.25,-9.62,-0.87
2024/01/01 16:13:56.26,208.26,-31.71,-57.20,-59.86,56.24,-9.65,-0.87
2024/01/01 16:13:56.27,208.27,-31.71,-57.20,-59.85,56.23,-9.67,-0.85
2024/01/01 16:13:56.28,208.28,-31.72,-57.20,-59.85,56.22,-9.67,-0.84
2024/01/01 16:13:56.29,208.29,-31.72,-57.20,-59.84,56.20,-9.66,-0.84
2024/01/01 16:13:56.30,208.30,-31.72,-57.21,-59.84,56.17,-9.63,-0.84
2024/01/01 16:13:56.31,208.31,-31.72,-57.20,-59.84,56.12,-9.60,-0.83
2024/01/01 16:13:56.32,208.32,-31.72,-57.20,-59.84,56.08,-9.56,-0.83
2024/01/01 16:13:56.33,208.33,-31.72,-57.20,-59.84,56.08,-9.53,-0.82
2024/01/01 16:13:56.34,208.34,-31.72,-57.20,-59.84,56.09,-9.52,-0.83
2024/01/01 16:13:56.35,208.35,-31.73,-57.20,-59.84,56.13,-9.52,-0.84
2024/01/01 16:13:56.36,208.36,-31.73,-57.19,-59.84,56.17,-9.54,-0.86
2024/01/01 16:13:56.37,208.37,-31.73,-57.18,-59.84,56.20,-9.57,-0.88
2024/01/01 16:13:56.38,208.38,-31.73,-57.17,-59.84,56.20,-9.61,-0.89
2024/01/01 16:13:56.39,208.39,-31.73,-57.17,-59.84,56.19,-9.65,-0.86
2024/01/01 16:13:56.40,208.40,-31.72,-57.16,-59.84,56.17,-9.67,-0.82
2024/01/01 16:13:56.41,208.41,-31.73,-57.16,-59.84,56.16,-9.65,-0.80
2024/01/01 16:13:56.42,208.42,-31.72,-57.15,-59.84,56.17,-9.62,-0.80
2024/01/01 16:13:56.43,208.43,-31.72,-57.15,-59.84,56.18,-9.58,-0.81
2024/01/01 16:13:56.44,208.44,-31.72,-57.15,-59.84,56.19,-9.54,-0.82
2024/01/01 16:13:56.45,208.45,-31.72,-57.15,-59.84,56.19,-9.50,-0.84
2024/01/01 16:13:56.46,208.46,-31.72,-57.15,-59.84,56.19,-9.45,-0.87
2024/01/01 16:13:56.47,208.47,-31.72,-57.15,-59.85,56.19,-9.42,-0.90
2024/01/01 16:13:56.48,208.48,-31.72,-57.16,-59.85,56.21,-9.41,-0.90
2024/01/01 16:13:56.49,208.49,-31.71,-57.16,-59.85,56.21,-9.44,-0.87
2024/01/01 16:13:56.50,208.50,-31.71,-57.16,-59.85,56.20,-9.50,-0.84
2024/01/01 16:13:56.51,208.51,-31.70,-57.15,-59.84,56.16,-9.55,-0.82
2024/01/01 16:13:56.52,208.52,-31.71,-57.14,-59.84,56.13,-9.58,-0.83
2024/01/01 16:13:56.53,208.53,-31.71,-57.14,-59.84,56.13,-9.58,-0.84
2024/01/01 16:13:56.54,208.54,-31.71,-57.14,-59.85,56.16,-9.57,-0.84
2024/01/01 16:13:56.55,208.55,-31.71,-57.15,-59.85,56.19,-9.55,-0.85
2024/01/01 16:13:56.56,208.56,-31.71,-57.15,-59.85,56.21,-9.53,-0.86
2024/01/01 16:13:56.57,208.57,-31.71,-57.16,-59.86,56.21,-9.53,-0.87
2024/01/01 16:13:56.58,208.58,-31.71,-57.16,-59.86,56.20,-9.53,-0.86
2024/01/01 16:13:56.59,208.59,-31.70,-57.16,-59.87,56.22,-9.55,-0.85
2024/01/01 16:13:56.60,208.60,-31.71,-57.17,-59.87,56.25,-9.55,-0.85
2024/01/01 16:13:56.61,208.61,-31.71,-57.17,-59.88,56.28,-9.54,-0.87
2024/01/01 16:13:56.62,208.62,-31.72,-57.18,-59.88,56.27,-9.52,-0.90
2024/01/01 16:13:56.63,208.63,-31.72,-57.18,-59.89,56.22,-9.53,-0.92
2024/01/01 16:13:56.64,208.64,-31.73,-57.18,-59.89,56.15,-9.56,-0.92
2024/01/01 16:13:56.65,208.65,-31.73,-57.18,-59.89,56.10,-9.60,-0.90
2024/01/01 16:13:56.66,208.66,-31.73,-57.17,-59.89,56.09,-9.64,-0.89
2024/01/01 16:13:56.67,208.67,-31.73,-57.16,-59.89,56.11,-9.66,-0.89
2024/01/01 16:13:56.68,208.68,-31.72,-57.17,-59.89,56.14,-9.66,-0.89
2024/01/01 16:13:56.69,208.69,-31.72,-57.17,-59.90,56.17,-9.64,-0.89
2024/01/01 16:13:56.70,208.70,-31.73,-57.18,-59.90,56.19,-9.62,-0.90
2024/01/01 16:13:56.71,208.71,-31.74,-57.19,-59.90,56.20,-9.58,-0.92
2024/01/01 16:13:56.72,208.72,-31.74,-57.20,-59.90,56.19,-9.55,-0.91
2024/01/01 16:13:56.73,208.73,-31.74,-57.20,-59.90,56.16,-9.52,-0.90
2024/01/01 16:13:56.74,208.74,-31.74,-57.20,-59.90,56.13,-9.50,-0.89
2024/01/01 16:13:56.75,208.75,-31.74,-57.20,-59.91,56.10,-9.48,-0.90
2024/01/01 16:13:56.76,208.76,-31.74,-57.20,-59.91,56.11,-9.48,-0.92
2024/01/01 16:13:56.77,208.77,-31.74,-57.19,-59.92,56.12,-9.49,-0.92
2024/01/01 16:13:56.78,208.78,-31.74,-57.19,-59.92,56.13,-9.52,-0.93
2024/01/01 16:13:56.79,208.79,-31.74,-57.19,-59.91,56.13,-9.58,-0.94
2024/01/01 16:13:56.80,208.80,-31.74,-57.19,-59.92,56.13,-9.65,-0.94
2024/01/01 16:13:56.81,208.81,-31.74,-57.19,-59.92,56.13,-9.71,-0.94
2024/01/01 16:13:56.82,208.82,-31.73,-57.20,-59.92,56.16,-9.75,-0.93
2024/01/01 16:13:56.83,208.83,-31.73,-57.20,-59.92,56.19,-9.75,-0.92
2024/01/01 16:13:56.84,208.84,-31.72,-57.20,-59.92,56.21,-9.73,-0.92
2024/01/01 16:13:56.85,208.85,-31.72,-57.20,-59.93,56.21,-9.68,-0.93
2024/01/01 16:13:56.86,208.86,-31.71,-57.21,-59.93,56.19,-9.62,-0.93
2024/01/01 16:13:56.87,208.87,-31.71,-57.21,-59.93,56.16,-9.57,-0.92
2024/01/01 16:13:56.88,208.88,-31.71,-57.22,-59.92,56.13,-9.52,-0.92
2024/01/01 16:13:56.89,208.89,-31.71,-57.23,-59.92,56.12,-9.49,-0.94
2024/01/01 16:13:56.90,208.90,-31.71,-57.23,-59.92,56.13,-9.49,-0.95
2024/01/01 16:13:56.91,208.91,-31.70,-57.23,-59.93,56.16,-9.51,-0.95
2024/01/01 16:13:56.92,208.92,-31.70,-57.23,-59.93,56.19,-9.54,-0.95
2024/01/01 16:13:56.93,208.93,-31.70,-57.22,-59.93,56.21,-9.59,-0.94
2024/01/01 16:13:56.94,208.94,-31.70,-57.22,-59.93,56.22,-9.63,-0.93
2024/01/01 16:13:56.95,208.95,-31.70,-57.23,-59.93,56.23,-9.67,-0.92
2024/01/01 16:13:56.96,208.96,-31.69,-57.23,-59.92,56.24,-9.69,-0.92
2024/01/01 16:13:56.97,208.97,-31.69,-57.24,-59.92,56.26,-9.69,-0.92
2024/01/01 16:13:56.98,208.98,-31.69,-57.24,-59.92,56.27,-9.69,-0.92
2024/01/01 16:13:56.99,208.99,-31.68,-57.25,-59.91,56.26,-9.68,-0.92
2024/01/01 16:13:57.00,209.00,-31.68,-57.26,-59.91,56.23,-9.66,-0.91
2024/01/01 16:13:57.01,209.01,-31.67,-57.26,-59.91,56.22,-9.62,-0.90
2024/01/01 16:13:57.02,209.02,-31.66,-57.27,-59.91,56.22,-9.59,-0.92
2024/01/01 16:13:57.03,209.03,-31.65,-57.27,-59.91,56.23,-9.57,-0.93
2024/01/01 16:13:57.04,209.04,-31.65,-57.28,-59.91,56.25,-9.59,-0.94
2024/01/01 16:13:57.05,209.05,-31.65,-57.28,-59.91,56.26,-9.63,-0.95
2024/01/01 16:13:57.06,209.06,-31.64,-57.29,-59.91,56.25,-9.69,-0.95
2024/01/01 16:13:57.07,209.07,-31.64,-57.29,-59.91,56.23,-9.74,-0.94
2024/01/01 16:13:57.08,209.08,-31.63,-57.29,-59.91,56.23,-9.78,-0.92
2024/01/01 16:13:57.09,209.09,-31.62,-57.30,-59.91,56.25,-9.78,-0.91
2024/01/01 16:13:57.10,209.10,-31.62,-57.30,-59.91,56.28,-9.75,-0.90
2024/01/01 16:13:57.11,209.11,-31.62,-57.31,-59.91,56.31,-9.70,-0.91
2024/01/01 16:13:57.12,209.12,-31.62,-57.31,-59.91,56.32,-9.66,-0.93
2024/01/01 16:13:57.13,209.13,-31.62,-57.31,-59.91,56.33,-9.65,-0.95
2024/01/01 16:13:57.14,209.14,-31.62,-57.32,-59.91,56.34,-9.65,-0.95
2024/01/01 16:13:57.15,209.15,-31.61,-57.31,-59.90,56.34,-9.66,-0.92
2024/01/01 16:13:57.16,209.16,-31.61,-57.31,-59.90,56.35,-9.66,-0.89
2024/01/01 16:13:57.17,209.17,-31.60,-57.31,-59.90,56.37,-9.67,-0.86
2024/01/01 16:13:57.18,209.18,-31.59,-57.31,-59.89,56.38,-9.69,-0.86
2024/01/01 16:13:57.19,209.19,-31.59,-57.32,-59.89,56.38,-9.71,-0.90
2024/01/01 16:13:57.20,209.20,-31.58,-57.32,-59.90,56.35,-9.73,-0.93
2024/01/01 16:13:57.21,209.21,-31.57,-57.32,-59.90,56.31,-9.73,-0.95
2024/01/01 16:13:57.22,209.22,-31.57,-57.32,-59.91,56.27,-9.74,-0.94
2024/01/01 16:13:57.23,209.23,-31.58,-57.31,-59.92,56.24,-9.72,-0.93
2024/01/01 16:13:57.24,209.24,-31.58,-57.30,-59.92,56.25,-9.69,-0.91
2024/01/01 16:13:57.25,209.25,-31.58,-57.30,-59.92,56.30,-9.66,-0.91
2024/01/01 16:13:57.26,209.26,-31.58,-57.29,-59.92,56.36,-9.65,-0.91
2024/01/01 16:13:57.27,209.27,-31.57,-57.29,-59.92,56.42,-9.64,-0.93
2024/01/01 16:13:57.28,209.28,-31.57,-57.28,-59.91,56.44,-9.65,-0.94
2024/01/01 16:13:57.29,209.29,-31.56,-57.28,-59.91,56.43,-9.65,-0.94
2024/01/01 16:13:57.30,209.30,-31.56,-57.28,-59.91,56.39,-9.66,-0.93
2024/01/01 16:13:57.31,209.31,-31.56,-57.27,-59.92,56.36,-9.66,-0.93
2024/01/01 16:13:57.32,209.32,-31.56,-57.27,-59.92,56.33,-9.66,-0.91
2024/01/01 16:13:57.33,209.33,-31.55,-57.28,-59.93,56.31,-9.67,-0.91
2024/01/01 16:13:57.34,209.34,-31.55,-57.28,-59.93,56.30,-9.68,-0.92
2024/01/01 16:13:57.35,209.35,-31.56,-57.28,-59.93,56.30,-9.67,-0.95
2024/01/01 16:13:57.36,209.36,-31.56,-57.28,-59.93,56.33,-9.65,-0.98
2024/01/01 16:13:57.37,209.37,-31.56,-57.27,-59.93,56.36,-9.62,-0.98
2024/01/01 16:13:57.38,209.38,-31.55,-57.27,-59.93,56.40,-9.59,-0.97
2024/01/01 16:13:57.39,209.39,-31.56,-57.27,-59.93,56.41,-9.58,-0.96
2024/01/01 16:13:57.40,209.40,-31.56,-57.27,-59.93,56.39,-9.58,-0.96
2024/01/01 16:13:57.41,209.41,-31.57,-57.27,-59.93,56.37,-9.62,-0.96
2024/01/01 16:13:57.42,209.42,-31.57,-57.26,-59.93,56.36,-9.67,-0.95
2024/01/01 16:13:57.43,209.43,-31.57,-57.25,-59.93,56.36,-9.71,-0.93
2024/01/01 16:13:57.44,209.44,-31.56,-57.25,-59.93,56.36,-9.72,-0.94
2024/01/01 16:13:57.45,209.45,-31.56,-57.25,-59.93,56.35,-9.70,-0.95
2024/01/01 16:13:57.46,209.46,-31.56,-57.25,-59.93,56.34,-9.66,-0.94
2024/01/01 16:13:57.47,209.47,-31.57,-57.25,-59.93,56.33,-9.62,-0.94
2024/01/01 16:13:57.48,209.48,-31.57,-57.24,-59.93,56.34,-9.58,-0.94
2024/01/01 16:13:57.49,209.49,-31.57,-57.24,-59.93,56.35,-9.57,-0.94
2024/01/01 16:13:57.50,209.50,-31.57,-57.24,-59.92,56.35,-9.58,-0.93
2024/01/01 16:13:57.51,209.51,-31.57,-57.24,-59.92,56.33,-9.60,-0.94
2024/01/01 16:13:57.52,209.52,-31.56,-57.23,-59.92,56.31,-9.61,-0.96
2024/01/01 16:13:57.53,209.53,-31.56,-57.24,-59.93,56.30,-9.61,-0.95
2024/01/01 16:13:57.54,209.54,-31.57,-57.24,-59.93,56.30,-9.61,-0.93
2024/01/01 16:13:57.55,209.55,-31.57,-57.23,-59.92,56.31,-9.61,-0.94
2024/01/01 16:13:57.56,209.56,-31.57,-57.23,-59.92,56.32,-9.60,-0.95
2024/01/01 16:13:57.57,209.57,-31.58,-57.22,-59.92,56.32,-9.59,-0.96
2024/01/01 16:13:57.58,209.58,-31.57,-57.21,-59.92,56.31,-9.59,-0.95
2024/01/01 16:13:57.59,209.59,-31.57,-57.21,-59.92,56.31,-9.59,-0.94
2024/01/01 16:13:57.60,209.60,-31.57,-57.20,-59.93,56.32,-9.58,-0.94
2024/01/01 16:13:57.61,209.61,-31.57,-57.19,-59.93,56.33,-9.56,-0.95
2024/01/01 16:13:57.62,209.62,-31.57,-57.19,-59.93,56.34,-9.55,-0.93
2024/01/01 16:13:57.63,209.63,-31.57,-57.19,-59.93,56.36,-9.56,-0.93
2024/01/01 16:13:57.64,209.64,-31.57,-57.19,-59.93,56.38,-9.56,-0.94
2024/01/01 16:13:57.65,209.65,-31.57,-57.19,-59.93,56.39,-9.57,-0.94
2024/01/01 16:13:57.66,209.66,-31.56,-57.19,-59.93,56.38,-9.56,-0.94
2024/01/01 16:13:57.67,209.67,-31.56,-57.19,-59.93,56.36,-9.57,-0.94
2024/01/01 16:13:57.68,209.68,-31.56,-57.19,-59.93,56.34,-9.57,-0.94
2024/01/01 16:13:57.69,209.69,-31.55,-57.19,-59.93,56.32,-9.57,-0.93
2024/01/01 16:13:57.70,209.70,-31.55,-57.19,-59.93,56.31,-9.56,-0.93
2024/01/01 16:13:57.71,209.71,-31.54,-57.19,-59.93,56.32,-9.54,-0.94
2024/01/01 16:13:57.72,209.72,-31.54,-57.19,-59.94,56.32,-9.51,-0.95
2024/01/01 16:13:57.73,209.73,-31.53,-57.19,-59.94,56.32,-9.49,-0.96
2024/01/01 16:13:57.74,209.74,-31.53,-57.19,-59.94,56.32,-9.50,-0.97
2024/01/01 16:13:57.75,209.75,-31.53,-57.19,-59.94,56.33,-9.53,-0.98
2024/01/01 16:13:57.76,209.76,-31.53,-57.18,-59.94,56.35,-9.56,-0.99
2024/01/01 16:13:57.77,209.77,-31.52,-57.19,-59.95,56.38,-9.59,-0.98
2024/01/01 16:13:57.78,209.78,-31.52,-57.19,-59.95,56.41,-9.60,-0.97
2024/01/01 16:13:57.79,209.79,-31.53,-57.20,-59.95,56.42,-9.60,-0.95
2024/01/01 16:13:57.80,209.80,-31.53,-57.20,-59.95,56.41,-9.58,-0.96
2024/01/01 16:13:57.81,209.81,-31.54,-57.20,-59.95,56.40,-9.57,-0.98
2024/01/01 16:13:57.82,209.82,-31.54,-57.20,-59.95,56.40,-9.57,-0.99
2024/01/01 16:13:57.83,209.83,-31.54,-57.21,-59.95,56.41,-9.56,-1.00
2024/01/01 16:13:57.84,209.84,-31.54,-57.21,-59.95,56.42,-9.55,-0.99
2024/01/01 16:13:57.85,209.85,-31.54,-57.22,-59.94,56.43,-9.55,-0.95
2024/01/01 16:13:57.86,209.86,-31.54,-57.22,-59.93,56.43,-9.56,-0.93
2024/01/01 16:13:57.87,209.87,-31.54,-57.22,-59.92,56.42,-9.60,-0.92
2024/01/01 16:13:57.88,209.88,-31.54,-57.22,-59.92,56.40,-9.65,-0.93
2024/01/01 16:13:57.89,209.89,-31.54,-57.22,-59.92,56.37,-9.69,-0.93
2024/01/01 16:13:57.90,209.90,-31.55,-57.22,-59.92,56.33,-9.71,-0.94
2024/01/01 16:13:57.91,209.91,-31.56,-57.22,-59.92,56.29,-9.69,-0.95
2024/01/01 16:13:57.92,209.92,-31.56,-57.22,-59.92,56.28,-9.64,-0.96
2024/01/01 16:13:57.93,209.93,-31.56,-57.22,-59.92,56.30,-9.59,-0.96
2024/01/01 16:13:57.94,209.94,-31.56,-57.22,-59.92,56.34,-9.55,-0.93
2024/01/01 16:13:57.95,209.95,-31.56,-57.22,-59.92,56.38,-9.52,-0.91
2024/01/01 16:13:57.96,209.96,-31.56,-57.23,-59.91,56.39,-9.51,-0.92
2024/01/01 16:13:57.97,209.97,-31.56,-57.23,-59.91,56.37,-9.51,-0.93
2024/01/01 16:13:57.98,209.98,-31.57,-57.22,-59.91,56.34,-9.53,-0.94
2024/01/01 16:13:57.99,209.99,-31.57,-57.22,-59.91,56.31,-9.56,-0.94
2024/01/01 16:13:58.00,210.00,-31.57,-57.21,-59.91,56.30,-9.58,-0.93
2024/01/01 16:13:58.01,210.01,-31.57,-57.21,-59.91,56.31,-9.61,-0.93
2024/01/01 16:13:58.02,210.02,-31.57,-57.20,-59.91,56.33,-9.63,-0.94
2024/01/01 16:13:58.03,210.03,-31.56,-57.20,-59.91,56.36,-9.65,-0.94
2024/01/01 16:13:58.04,210.04,-31.56,-57.20,-59.91,56.39,-9.66,-0.94
2024/01/01 16:13:58.05,210.05,-31.55,-57.20,-59.91,56.40,-9.67,-0.95
2024/01/01 16:13:58.06,210.06,-31.55,-57.20,-59.91,56.39,-9.67,-0.94
2024/01/01 16:13:58.07,210.07,-31.56,-57.20,-59.91,56.37,-9.66,-0.92
2024/01/01 16:13:58.08,210.08,-31.56,-57.21,-59.91,56.35,-9.62,-0.91
2024/01/01 16:13:58.09,210.09,-31.57,-57.21,-59.91,56.33,-9.57,-0.92
2024/01/01 16:13:58.10,210.10,-31.57,-57.22,-59.91,56.32,-9.51,-0.93
2024/01/01 16:13:58.11,210.11,-31.57,-57.22,-59.91,56.32,-9.46,-0.93
2024/01/01 16:13:58.12,210.12,-31.58,-57.22,-59.91,56.32,-9.46,-0.92
2024/01/01 16:13:58.13,210.13,-31.59,-57.22,-59.91,56.32,-9.49,-0.93
2024/01/01 16:13:58.14,210.14,-31.59,-57.21,-59.91,56.34,-9.54,-0.93
2024/01/01 16:13:58.15,210.15,-31.59,-57.21,-59.91,56.37,-9.58,-0.93
2024/01/01 16:13:58.16,210.16,-31.59,-57.20,-59.91,56.39,-9.63,-0.92
2024/01/01 16:13:58.17,210.17,-31.59,-57.20,-59.92,56.40,-9.68,-0.91
2024/01/01 16:13:58.18,210.18,-31.59,-57.19,-59.92,56.39,-9.71,-0.93
2024/01/01 16:13:58.19,210.19,-31.59,-57.19,-59.92,56.35,-9.71,-0.94
2024/01/01 16:13:58.20,210.20,-31.59,-57.19,-59.91,56.31,-9.69,-0.94
2024/01/01 16:13:58.21,210.21,-31.60,-57.20,-59.91,56.27,-9.64,-0.93
2024/01/01 16:13:58.22,210.22,-31.60,-57.20,-59.91,56.24,-9.59,-0.93
2024/01/01 16:13:58.23,210.23,-31.61,-57.20,-59.91,56.21,-9.53,-0.94
2024/01/01 16:13:58.24,210.24,-31.62,-57.21,-59.92,56.20,-9.49,-0.94
2024/01/01 16:13:58.25,210.25,-31.63,-57.21,-59.92,56.19,-9.48,-0.93
2024/01/01 16:13:58.26,210.26,-31.64,-57.21,-59.92,56.20,-9.50,-0.92
2024/01/01 16:13:58.27,210.27,-31.65,-57.20,-59.92,56.23,-9.53,-0.92
2024/01/01 16:13:58.28,210.28,-31.66,-57.20,-59.92,56.28,-9.56,-0.94
2024/01/01 16:13:58.29,210.29,-31.66,-57.20,-59.92,56.30,-9.59,-0.94
2024/01/01 16:13:58.30,210.30,-31.67,-57.20,-59.91,56.30,-9.61,-0.92
2024/01/01 16:13:58.31,210.31,-31.68,-57.19,-59.91,56.28,-9.62,-0.91
2024/01/01 16:13:58.32,210.32,-31.68,-57.19,-59.92,56.27,-9.63,-0.92
2024/01/01 16:13:58.33,210.33,-31.69,-57.19,-59.92,56.27,-9.63,-0.91
2024/01/01 16:13:58.34,210.34,-31.69,-57.19,-59.92,56.26,-9.63,-0.89
2024/01/01 16:13:58.35,210.35,-31.70,-57.19,-59.92,56.23,-9.62,-0.91
2024/01/01 16:13:58.36,210.36,-31.70,-57.19,-59.92,56.19,-9.59,-0.94
2024/01/01 16:13:58.37,210.37,-31.71,-57.19,-59.91,56.15,-9.56,-0.95
2024/01/01 16:13:58.38,210.38,-31.71,-57.19,-59.91,56.13,-9.54,-0.95
2024/01/01 16:13:58.39,210.39,-31.72,-57.19,-59.91,56.13,-9.54,-0.93
2024/01/01 16:13:58.40,210.40,-31.72,-57.19,-59.91,56.13,-9.55,-0.92
2024/01/01 16:13:58.41,210.41,-31.72,-57.19,-59.91,56.12,-9.58,-0.91
2024/01/01 16:13:58.42,210.42,-31.72,-57.19,-59.91,56.11,-9.61,-0.91
2024/01/01 16:13:58.43,210.43,-31.72,-57.19,-59.90,56.09,-9.65,-0.89
2024/01/01 16:13:58.44,210.44,-31.72,-57.20,-59.90,56.10,-9.65,-0.88
2024/01/01 16:13:58.45,210.45,-31.72,-57.21,-59.90,56.13,-9.63,-0.89
2024/01/01 16:13:58.46,210.46,-31.72,-57.21,-59.91,56.17,-9.58,-0.92
2024/01/01 16:13:58.47,210.47,-31.72,-57.21,-59.91,56.21,-9.53,-0.95
2024/01/01 16:13:58.48,210.48,-31.72,-57.21,-59.92,56.22,-9.50,-0.95
2024/01/01 16:13:58.49,210.49,-31.72,-57.20,-59.92,56.22,-9.50,-0.94
2024/01/01 16:13:58.50,210.50,-31.71,-57.20,-59.92,56.21,-9.53,-0.93
2024/01/01 16:13:58.51,210.51,-31.71,-57.19,-59.91,56.21,-9.56,-0.93
2024/01/01 16:13:58.52,210.52,-31.70,-57.19,-59.91,56.21,-9.59,-0.94
2024/01/01 16:13:58.53,210.53,-31.70,-57.19,-59.91,56.21,-9.61,-0.94
2024/01/01 16:13:58.54,210.54,-31.70,-57.19,-59.90,56.21,-9.63,-0.93
2024/01/01 16:13:58.55,210.55,-31.70,-57.19,-59.90,56.19,-9.64,-0.93
2024/01/01 16:13:58.56,210.56,-31.70,-57.19,-59.90,56.18,-9.66,-0.92
2024/01/01 16:13:58.57,210.57,-31.70,-57.18,-59.90,56.17,-9.66,-0.89
2024/01/01 16:13:58.58,210.58,-31.71,-57.18,-59.90,56.16,-9.66,-0.87
2024/01/01 16:13:58.59,210.59,-31.71,-57.17,-59.89,56.18,-9.64,-0.88
2024/01/01 16:13:58.60,210.60,-31.72,-57.16,-59.89,56.21,-9.61,-0.90
2024/01/01 16:13:58.61,210.61,-31.72,-57.17,-59.89,56.24,-9.57,-0.91
2024/01/01 16:13:58.62,210.62,-31.72,-57.17,-59.89,56.26,-9.53,-0.91
2024/01/01 16:13:58.63,210.63,-31.72,-57.17,-59.89,56.24,-9.51,-0.90
2024/01/01 16:13:58.64,210.64,-31.72,-57.17,-59.89,56.21,-9.51,-0.88
2024/01/01 16:13:58.65,210.65,-31.73,-57.16,-59.89,56.17,-9.50,-0.85
2024/01/01 16:13:58.66,210.66,-31.72,-57.16,-59.89,56.15,-9.51,-0.84
2024/01/01 16:13:58.67,210.67,-31.72,-57.15,-59.89,56.16,-9.51,-0.84
2024/01/01 16:13:58.68,210.68,-31.71,-57.15,-59.90,56.17,-9.49,-0.86
2024/01/01 16:13:58.69,210.69,-31.71,-57.15,-59.90,56.16,-9.47,-0.90
2024/01/01 16:13:58.70,210.70,-31.71,-57.15,-59.90,56.14,-9.46,-0.94
2024/01/01 16:13:58.71,210.71,-31.71,-57.15,-59.91,56.14,-9.48,-0.95
2024/01/01 16:13:58.72,210.72,-31.71,-57.15,-59.91,56.15,-9.51,-0.95
2024/01/01 16:13:58.73,210.73,-31.71,-57.15,-59.91,56.15,-9.54,-0.92
2024/01/01 16:13:58.74,210.74,-31.72,-57.14,-59.91,56.16,-9.56,-0.90
2024/01/01 16:13:58.75,210.75,-31.72,-57.14,-59.91,56.16,-9.57,-0.89
2024/01/01 16:13:58.76,210.76,-31.73,-57.14,-59.91,56.16,-9.57,-0.91
2024/01/01 16:13:58.77,210.77,-31.73,-57.14,-59.90,56.18,-9.56,-0.92
2024/01/01 16:13:58.78,210.78,-31.74,-57.15,-59.90,56.20,-9.56,-0.92
2024/01/01 16:13:58.79,210.79,-31.74,-57.15,-59.91,56.22,-9.57,-0.91
2024/01/01 16:13:58.80,210.80,-31.74,-57.16,-59.91,56.22,-9.59,-0.91
2024/01/01 16:13:58.81,210.81,-31.74,-57.16,-59.92,56.20,-9.61,-0.90
2024/01/01 16:13:58.82,210.82,-31.73,-57.15,-59.92,56.18,-9.61,-0.90
2024/01/01 16:13:58.83,210.83,-31.73,-57.16,-59.92,56.17,-9.60,-0.91
2024/01/01 16:13:58.84,210.84,-31.72,-57.16,-59.93,56.16,-9.59,-0.93
2024/01/01 16:13:58.85,210.85,-31.72,-57.16,-59.93,56.15,-9.58,-0.94
2024/01/01 16:13:58.86,210.86,-31.71,-57.15,-59.93,56.13,-9.57,-0.94
2024/01/01 16:13:58.87,210.87,-31.71,-57.15,-59.93,56.11,-9.56,-0.95
2024/01/01 16:13:58.88,210.88,-31.71,-57.15,-59.93,56.10,-9.53,-0.96
2024/01/01 16:13:58.89,210.89,-31.71,-57.14,-59.94,56.10,-9.51,-0.95
2024/01/01 16:13:58.90,210.90,-31.70,-57.14,-59.94,56.11,-9.49,-0.93
2024/01/01 16:13:58.91,210.91,-31.69,-57.14,-59.94,56.14,-9.48,-0.93
2024/01/01 16:13:58.92,210.92,-31.68,-57.14,-59.94,56.17,-9.48,-0.94
2024/01/01 16:13:58.93,210.93,-31.67,-57.14,-59.94,56.22,-9.50,-0.94
2024/01/01 16:13:58.94,210.94,-31.66,-57.14,-59.95,56.25,-9.53,-0.96
2024/01/01 16:13:58.95,210.95,-31.66,-57.13,-59.95,56.27,-9.54,-0.98
2024/01/01 16:13:58.96,210.96,-31.66,-57.13,-59.94,56.27,-9.54,-0.99
2024/01/01 16:13:58.97,210.97,-31.66,-57.13,-59.94,56.26,-9.53,-0.99
2024/01/01 16:13:58.98,210.98,-31.66,-57.13,-59.94,56.25,-9.51,-0.98
2024/01/01 16:13:58.99,210.99,-31.65,-57.14,-59.94,56.26,-9.50,-0.95
2024/01/01 16:13:59.00,211.00,-31.64,-57.14,-59.94,56.27,-9.50,-0.91
2024/01/01 16:13:59.01,211.01,-31.63,-57.15,-59.93,56.29,-9.53,-0.91
2024/01/01 16:13:59.02,211.02,-31.62,-57.15,-59.92,56.30,-9.55,-0.94
2024/01/01 16:13:59.03,211.03,-31.62,-57.15,-59.92,56.31,-9.56,-0.97
2024/01/01 16:13:59.04,211.04,-31.62,-57.15,-59.91,56.30,-9.56,-0.97
2024/01/01 16:13:59.05,211.05,-31.62,-57.15,-59.90,56.28,-9.54,-0.96
2024/01/01 16:13:59.06,211.06,-31.62,-57.15,-59.90,56.27,-9.52,-0.93
2024/01/01 16:13:59.07,211.07,-31.61,-57.14,-59.89,56.26,-9.52,-0.89
2024/01/01 16:13:59.08,211.08,-31.61,-57.14,-59.89,56.25,-9.54,-0.87
2024/01/01 16:13:59.09,211.09,-31.61,-57.15,-59.89,56.25,-9.57,-0.87
2024/01/01 16:13:59.10,211.10,-31.61,-57.15,-59.89,56.27,-9.59,-0.88
2024/01/01 16:13:59.11,211.11,-31.61,-57.16,-59.89,56.29,-9.59,-0.89
2024/01/01 16:13:59.12,211.12,-31.61,-57.17,-59.90,56.31,-9.57,-0.91
2024/01/01 16:13:59.13,211.13,-31.61,-57.16,-59.90,56.33,-9.53,-0.94
2024/01/01 16:13:59.14,211.14,-31.62,-57.16,-59.91,56.34,-9.50,-0.96
2024/01/01 16:13:59.15,211.15,-31.62,-57.15,-59.92,56.34,-9.48,-0.95
2024/01/01 16:13:59.16,211.16,-31.63,-57.15,-59.92,56.34,-9.49,-0.94
2024/01/01 16:13:59.17,211.17,-31.62,-57.14,-59.92,56.34,-9.52,-0.94
2024/01/01 16:13:59.18,211.18,-31.62,-57.14,-59.92,56.32,-9.54,-0.94
2024/01/01 16:13:59.19,211.19,-31.62,-57.13,-59.92,56.29,-9.56,-0.94
2024/01/01 16:13:59.20,211.20,-31.62,-57.13,-59.92,56.26,-9.57,-0.95
2024/01/01 16:13:59.21,211.21,-31.61,-57.14,-59.92,56.24,-9.58,-0.94
2024/01/01 16:13:59.22,211.22,-31.61,-57.13,-59.93,56.21,-9.56,-0.94
2024/01/01 16:13:59.23,211.23,-31.61,-57.12,-59.93,56.21,-9.55,-0.93
2024/01/01 16:13:59.24,211.24,-31.62,-57.12,-59.94,56.22,-9.52,-0.93
2024/01/01 16:13:59.25,211.25,-31.62,-57.11,-59.94,56.23,-9.48,-0.95
2024/01/01 16:13:59.26,211.26,-31.63,-57.11,-59.94,56.24,-9.44,-0.95
2024/01/01 16:13:59.27,211.27,-31.63,-57.10,-59.94,56.25,-9.42,-0.95
2024/01/01 16:13:59.28,211.28,-31.64,-57.10,-59.93,56.26,-9.42,-0.96
2024/01/01 16:13:59.29,211.29,-31.64,-57.08,-59.93,56.27,-9.44,-0.96
2024/01/01 16:13:59.30,211.30,-31.64,-57.08,-59.93,56.27,-9.47,-0.94
2024/01/01 16:13:59.31,211.31,-31.64,-57.07,-59.93,56.26,-9.50,-0.92
2024/01/01 16:13:59.32,211.32,-31.64,-57.07,-59.93,56.25,-9.51,-0.90
2024/01/01 16:13:59.33,211.33,-31.64,-57.07,-59.93,56.25,-9.50,-0.90
2024/01/01 16:13:59.34,211.34,-31.63,-57.08,-59.93,56.26,-9.47,-0.92
2024/01/01 16:13:59.35,211.35,-31.63,-57.08,-59.93,56.26,-9.45,-0.93
2024/01/01 16:13:59.36,211.36,-31.63,-57.08,-59.93,56.25,-9.42,-0.94
2024/01/01 16:13:59.37,211.37,-31.63,-57.08,-59.92,56.23,-9.39,-0.96
2024/01/01 16:13:59.38,211.38,-31.63,-57.08,-59.92,56.21,-9.37,-0.97
2024/01/01 16:13:59.39,211.39,-31.63,-57.07,-59.92,56.20,-9.37,-0.96
2024/01/01 16:13:59.40,211.40,-31.63,-57.07,-59.92,56.21,-9.38,-0.93
2024/01/01 16:13:59.41,211.41,-31.63,-57.07,-59.91,56.22,-9.42,-0.93
2024/01/01 16:13:59.42,211.42,-31.63,-57.08,-59.90,56.24,-9.45,-0.93
2024/01/01 16:13:59.43,211.43,-31.63,-57.08,-59.90,56.25,-9.49,-0.92
2024/01/01 16:13:59.44,211.44,-31.62,-57.08,-59.89,56.26,-9.52,-0.90
2024/01/01 16:13:59.45,211.45,-31.62,-57.08,-59.89,56.26,-9.54,-0.89
2024/01/01 16:13:59.46,211.46,-31.62,-57.07,-59.89,56.27,-9.54,-0.90
2024/01/01 16:13:59.47,211.47,-31.62,-57.07,-59.89,56.28,-9.52,-0.91
2024/01/01 16:13:59.48,211.48,-31.63,-57.07,-59.89,56.30,-9.48,-0.90
2024/01/01 16:13:59.49,211.49,-31.63,-57.07,-59.89,56.31,-9.44,-0.89
2024/01/01 16:13:59.50,211.50,-31.63,-57.06,-59.88,56.32,-9.41,-0.90
2024/01/01 16:13:59.51,211.51,-31.63,-57.06,-59.88,56.32,-9.41,-0.90
2024/01/01 16:13:59.52,211.52,-31.63,-57.06,-59.88,56.32,-9.44,-0.90
2024/01/01 16:13:59.53,211.53,-31.62,-57.06,-59.88,56.31,-9.46,-0.88
2024/01/01 16:13:59.54,211.54,-31.62,-57.06,-59.88,56.29,-9.48,-0.86
2024/01/01 16:13:59.55,211.55,-31.61,-57.06,-59.89,56.26,-9.47,-0.87
2024/01/01 16:13:59.56,211.56,-31.61,-57.05,-59.89,56.25,-9.46,-0.90
2024/01/01 16:13:59.57,211.57,-31.62,-57.05,-59.90,56.26,-9.43,-0.92
2024/01/01 16:13:59.58,211.58,-31.63,-57.04,-59.90,56.26,-9.39,-0.93
2024/01/01 16:13:59.59,211.59,-31.63,-57.04,-59.90,56.25,-9.36,-0.95
2024/01/01 16:13:59.60,211.60,-31.63,-57.04,-59.90,56.23,-9.33,-0.95
2024/01/01 16:13:59.61,211.61,-31.63,-57.04,-59.91,56.22,-9.32,-0.93
2024/01/01 16:13:59.62,211.62,-31.63,-57.03,-59.91,56.22,-9.33,-0.89
2024/01/01 16:13:59.63,211.63,-31.63,-57.03,-59.91,56.23,-9.37,-0.87
2024/01/01 16:13:59.64,211.64,-31.63,-57.03,-59.91,56.25,-9.41,-0.89
2024/01/01 16:13:59.65,211.65,-31.63,-57.03,-59.91,56.27,-9.44,-0.92
2024/01/01 16:13:59.66,211.66,-31.63,-57.03,-59.91,56.27,-9.46,-0.94
2024/01/01 16:13:59.67,211.67,-31.63,-57.03,-59.91,56.25,-9.45,-0.95
2024/01/01 16:13:59.68,211.68,-31.63,-57.03,-59.92,56.24,-9.44,-0.95
2024/01/01 16:13:59.69,211.69,-31.63,-57.03,-59.92,56.24,-9.43,-0.94
2024/01/01 16:13:59.70,211.70,-31.63,-57.02,-59.92,56.25,-9.44,-0.91
2024/01/01 16:13:59.71,211.71,-31.64,-57.02,-59.91,56.25,-9.46,-0.90
2024/01/01 16:13:59.72,211.72,-31.64,-57.01,-59.91,56.25,-9.48,-0.91
2024/01/01 16:13:59.73,211.73,-31.65,-57.01,-59.91,56.23,-9.48,-0.93
2024/01/01 16:13:59.74,211.74,-31.66,-57.00,-59.91,56.20,-9.45,-0.93
2024/01/01 16:13:59.75,211.75,-31.66,-57.00,-59.92,56.17,-9.40,-0.92
2024/01/01 16:13:59.76,211.76,-31.66,-57.01,-59.92,56.18,-9.35,-0.93
2024/01/01 16:13:59.77,211.77,-31.66,-57.01,-59.93,56.20,-9.31,-0.92
2024/01/01 16:13:59.78,211.78,-31.65,-57.01,-59.93,56.23,-9.30,-0.91
2024/01/01 16:13:59.79,211.79,-31.66,-57.01,-59.93,56.25,-9.33,-0.92
2024/01/01 16:13:59.80,211.80,-31.66,-57.01,-59.94,56.26,-9.35,-0.95
2024/01/01 16:13:59.81,211.81,-31.66,-57.01,-59.94,56.25,-9.35,-0.97
2024/01/01 16:13:59.82,211.82,-31.66,-57.01,-59.94,56.25,-9.36,-0.98
2024/01/01 16:13:59.83,211.83,-31.66,-57.01,-59.95,56.25,-9.35,-0.97
2024/01/01 16:13:59.84,211.84,-31.65,-57.01,-59.95,56.26,-9.35,-0.97
2024/01/01 16:13:59.85,211.85,-31.64,-57.00,-59.94,56.26,-9.36,-0.96
2024/01/01 16:13:59.86,211.86,-31.64,-57.00,-59.94,56.24,-9.38,-0.94
2024/01/01 16:13:59.87,211.87,-31.65,-57.00,-59.94,56.21,-9.40,-0.92
2024/01/01 16:13:59.88,211.88,-31.66,-57.00,-59.94,56.19,-9.42,-0.94
2024/01/01 16:13:59.89,211.89,-31.66,-57.00,-59.93,56.17,-9.43,-0.95
2024/01/01 16:13:59.90,211.90,-31.67,-57.00,-59.94,56.16,-9.45,-0.94
2024/01/01 16:13:59.91,211.91,-31.67,-57.01,-59.94,56.15,-9.47,-0.95
2024/01/01 16:13:59.92,211.92,-31.68,-57.01,-59.94,56.17,-9.48,-0.95
2024/01/01 16:13:59.93,211.93,-31.69,-57.02,-59.94,56.19,-9.46,-0.94
2024/01/01 16:13:59.94,211.94,-31.69,-57.02,-59.95,56.21,-9.42,-0.95
2024/01/01 16:13:59.95,211.95,-31.69,-57.03,-59.95,56.22,-9.36,-0.97
2024/01/01 16:13:59.96,211.96,-31.69,-57.03,-59.96,56.22,-9.31,-0.98
2024/01/01 16:13:59.97,211.97,-31.69,-57.04,-59.96,56.20,-9.29,-0.98
2024/01/01 16:13:59.98,211.98,-31.69,-57.04,-59.97,56.17,-9.31,-0.98
2024/01/01 16:13:59.99,211.99,-31.69,-57.05,-59.97,56.16,-9.37,-0.99
2024/01/01 16:14:00.00,212.00,-31.68,-57.04,-59.98,56.17,-9.42,-0.98
2024/01/01 16:14:00.01,212.01,-31.68,-57.04,-59.98,56.18,-9.47,-0.97
2024/01/01 16:14:00.02,212.02,-31.68,-57.04,-59.98,56.20,-9.50,-0.97
2024/01/01 16:14:00.03,212.03,-31.68,-57.03,-59.98,56.20,-9.50,-0.99
2024/01/01 16:14:00.04,212.04,-31.67,-57.03,-59.99,56.18,-9.49,-1.02
2024/01/01 16:14:00.05,212.05,-31.67,-57.03,-59.99,56.17,-9.47,-1.02
2024/01/01 16:14:00.06,212.06,-31.66,-57.03,-59.99,56.17,-9.46,-1.01
2024/01/01 16:14:00.07,212.07,-31.66,-57.03,-59.99,56.18,-9.45,-1.01
2024/01/01 16:14:00.08,212.08,-31.66,-57.04,-60.00,56.19,-9.44,-1.01
2024/01/01 16:14:00.09,212.09,-31.65,-57.04,-60.00,56.21,-9.41,-1.01
2024/01/01 16:14:00.10,212.10,-31.65,-57.04,-60.00,56.23,-9.39,-1.00
2024/01/01 16:14:00.11,212.11,-31.65,-57.04,-60.00,56.24,-9.37,-1.00
2024/01/01 16:14:00.12,212.12,-31.65,-57.04,-60.00,56.25,-9.36,-1.00
2024/01/01 16:14:00.13,212.13,-31.64,-57.04,-60.00,56.24,-9.37,-1.01
2024/01/01 16:14:00.14,212.14,-31.64,-57.04,-59.99,56.25,-9.39,-1.01
2024/01/01 16:14:00.15,212.15,-31.63,-57.04,-59.99,56.26,-9.41,-1.01
2024/01/01 16:14:00.16,212.16,-31.62,-57.05,-59.98,56.28,-9.42,-1.01
2024/01/01 16:14:00.17,212.17,-31.62,-57.05,-59.98,56.30,-9.43,-1.01
2024/01/01 16:14:00.18,212.18,-31.62,-57.05,-59.98,56.32,-9.44,-0.99
2024/01/01 16:14:00.19,212.19,-31.62,-57.05,-59.98,56.32,-9.44,-0.99
2024/01/01 16:14:00.20,212.20,-31.62,-57.05,-59.97,56.31,-9.43,-0.99
2024/01/01 16:14:00.21,212.21,-31.62,-57.05,-59.97,56.30,-9.43,-0.98
2024/01/01 16:14:00.22,212.22,-31.63,-57.05,-59.97,56.28,-9.45,-0.97
2024/01/01 16:14:00.23,212.23,-31.63,-57.06,-59.97,56.25,-9.45,-0.97
2024/01/01 16:14:00.24,212.24,-31.63,-57.06,-59.97,56.22,-9.44,-0.97
2024/01/01 16:14:00.25,212.25,-31.63,-57.06,-59.96,56.20,-9.42,-0.96
2024/01/01 16:14:00.26,212.26,-31.64,-57.06,-59.96,56.20,-9.41,-0.96
2024/01/01 16:14:00.27,212.27,-31.65,-57.07,-59.97,56.22,-9.40,-0.97
2024/01/01 16:14:00.28,212.28,-31.66,-57.08,-59.97,56.24,-9.40,-0.96
2024/01/01 16:14:00.29,212.29,-31.66,-57.08,-59.97,56.25,-9.41,-0.97
2024/01/01 16:14:00.30,212.30,-31.67,-57.09,-59.98,56.25,-9.44,-0.97
2024/01/01 16:14:00.31,212.31,-31.67,-57.10,-59.98,56.23,-9.47,-0.98
2024/01/01 16:14:00.32,212.32,-31.67,-57.10,-59.98,56.21,-9.52,-0.98
2024/01/01 16:14:00.33,212.33,-31.67,-57.10,-59.98,56.19,-9.55,-0.98
2024/01/01 16:14:00.34,212.34,-31.67,-57.10,-59.98,56.20,-9.56,-1.00
2024/01/01 16:14:00.35,212.35,-31.67,-57.10,-59.98,56.22,-9.54,-1.03
2024/01/01 16:14:00.36,212.36,-31.67,-57.10,-59.98,56.23,-9.52,-1.03
2024/01/01 16:14:00.37,212.37,-31.68,-57.11,-59.98,56.22,-9.51,-1.01
2024/01/01 16:14:00.38,212.38,-31.68,-57.11,-59.98,56.18,-9.51,-0.98
2024/01/01 16:14:00.39,212.39,-31.69,-57.11,-59.98,56.16,-9.52,-0.97
2024/01/01 16:14:00.40,212.40,-31.69,-57.11,-59.97,56.16,-9.53,-0.96
2024/01/01 16:14:00.41,212.41,-31.68,-57.11,-59.97,56.19,-9.53,-0.97
2024/01/01 16:14:00.42,212.42,-31.68,-57.12,-59.96,56.22,-9.54,-0.97
2024/01/01 16:14:00.43,212.43,-31.67,-57.12,-59.95,56.23,-9.53,-0.97
2024/01/01 16:14:00.44,212.44,-31.67,-57.12,-59.94,56.22,-9.51,-0.97
2024/01/01 16:14:00.45,212.45,-31.66,-57.12,-59.94,56.20,-9.49,-0.97
2024/01/01 16:14:00.46,212.46,-31.66,-57.12,-59.93,56.20,-9.48,-0.94
2024/01/01 16:14:00.47,212.47,-31.66,-57.12,-59.93,56.20,-9.47,-0.91
2024/01/01 16:14:00.48,212.48,-31.66,-57.12,-59.93,56.21,-9.47,-0.90
2024/01/01 16:14:00.49,212.49,-31.67,-57.12,-59.93,56.23,-9.47,-0.91
2024/01/01 16:14:00.50,212.50,-31.67,-57.11,-59.92,56.25,-9.47,-0.93
2024/01/01 16:14:00.51,212.51,-31.67,-57.10,-59.92,56.26,-9.48,-0.95
2024/01/01 16:14:00.52,212.52,-31.67,-57.09,-59.92,56.27,-9.49,-0.95
2024/01/01 16:14:00.53,212.53,-31.67,-57.08,-59.91,56.26,-9.51,-0.93
2024/01/01 16:14:00.54,212.54,-31.67,-57.08,-59.91,56.25,-9.51,-0.92
2024/01/01 16:14:00.55,212.55,-31.67,-57.08,-59.90,56.23,-9.50,-0.91
2024/01/01 16:14:00.56,212.56,-31.67,-57.09,-59.90,56.22,-9.50,-0.90
2024/01/01 16:14:00.57,212.57,-31.67,-57.09,-59.90,56.20,-9.49,-0.89
2024/01/01 16:14:00.58,212.58,-31.68,-57.09,-59.90,56.18,-9.49,-0.90
2024/01/01 16:14:00.59,212.59,-31.68,-57.08,-59.90,56.16,-9.47,-0.91
2024/01/01 16:14:00.60,212.60,-31.68,-57.08,-59.90,56.17,-9.44,-0.92
2024/01/01 16:14:00.61,212.61,-31.68,-57.07,-59.90,56.19,-9.41,-0.92
2024/01/01 16:14:00.62,212.62,-31.68,-57.08,-59.90,56.23,-9.41,-0.91
2024/01/01 16:14:00.63,212.63,-31.68,-57.08,-59.90,56.26,-9.42,-0.90
2024/01/01 16:14:00.64,212.64,-31.68,-57.08,-59.90,56.27,-9.43,-0.90
2024/01/01 16:14:00.65,212.65,-31.69,-57.08,-59.90,56.27,-9.46,-0.91
2024/01/01 16:14:00.66,212.66,-31.69,-57.09,-59.90,56.25,-9.50,-0.91
2024/01/01 16:14:00.67,212.67,-31.70,-57.09,-59.90,56.22,-9.52,-0.92
2024/01/01 16:14:00.68,212.68,-31.70,-57.10,-59.90,56.20,-9.50,-0.93
2024/01/01 16:14:00.69,212.69,-31.71,-57.10,-59.90,56.19,-9.47,-0.92
2024/01/01 16:14:00.70,212.70,-31.71,-57.10,-59.90,56.19,-9.44,-0.91
2024/01/01 16:14:00.71,212.71,-31.70,-57.10,-59.90,56.18,-9.43,-0.89
2024/01/01 16:14:00.72,212.72,-31.71,-57.10,-59.89,56.17,-9.42,-0.88
2024/01/01 16:14:00.73,212.73,-31.71,-57.10,-59.88,56.16,-9.44,-0.87
2024/01/01 16:14:00.74,212.74,-31.71,-57.10,-59.88,56.16,-9.46,-0.89
2024/01/01 16:14:00.75,212.75,-31.72,-57.10,-59.87,56.16,-9.50,-0.90
2024/01/01 16:14:00.76,212.76,-31.72,-57.11,-59.87,56.16,-9.55,-0.88
2024/01/01 16:14:00.77,212.77,-31.72,-57.11,-59.87,56.16,-9.59,-0.87
2024/01/01 16:14:00.78,212.78,-31.72,-57.11,-59.87,56.15,-9.60,-0.88
2024/01/01 16:14:00.79,212.79,-31.72,-57.12,-59.87,56.15,-9.58,-0.89
2024/01/01 16:14:00.80,212.80,-31.72,-57.12,-59.87,56.16,-9.55,-0.88
2024/01/01 16:14:00.81,212.81,-31.73,-57.13,-59.87,56.17,-9.53,-0.87
2024/01/01 16:14:00.82,212.82,-31.74,-57.14,-59.86,56.18,-9.51,-0.88
2024/01/01 16:14:00.83,212.83,-31.74,-57.15,-59.86,56.17,-9.49,-0.88
2024/01/01 16:14:00.84,212.84,-31.74,-57.15,-59.86,56.16,-9.49,-0.87
2024/01/01 16:14:00.85,212.85,-31.74,-57.15,-59.85,56.16,-9.49,-0.86
2024/01/01 16:14:00.86,212.86,-31.73,-57.15,-59.85,56.17,-9.50,-0.85
2024/01/01 16:14:00.87,212.87,-31.73,-57.15,-59.85,56.18,-9.51,-0.84
2024/01/01 16:14:00.88,212.88,-31.72,-57.15,-59.85,56.18,-9.53,-0.83
2024/01/01 16:14:00.89,212.89,-31.72,-57.15,-59.85,56.17,-9.54,-0.84
2024/01/01 16:14:00.90,212.90,-31.72,-57.15,-59.85,56.15,-9.55,-0.84
2024/01/01 16:14:00.91,212.91,-31.72,-57.16,-59.85,56.13,-9.57,-0.86
2024/01/01 16:14:00.92,212.92,-31.72,-57.17,-59.85,56.13,-9.59,-0.88
2024/01/01 16:14:00.93,212.93,-31.72,-57.18,-59.85,56.15,-9.61,-0.88
2024/01/01 16:14:00.94,212.94,-31.72,-57.18,-59.86,56.17,-9.60,-0.89
2024/01/01 16:14:00.95,212.95,-31.71,-57.19,-59.86,56.20,-9.57,-0.88
2024/01/01 16:14:00.96,212.96,-31.71,-57.20,-59.86,56.21,-9.53,-0.86
2024/01/01 16:14:00.97,212.97,-31.71,-57.20,-59.85,56.22,-9.52,-0.85
2024/01/01 16:14:00.98,212.98,-31.70,-57.20,-59.85,56.22,-9.53,-0.85
2024/01/01 16:14:00.99,212.99,-31.70,-57.21,-59.85,56.22,-9.54,-0.86
2024/01/01 16:14:01.00,213.00,-31.69,-57.21,-59.85,56.21,-9.57,-0.86
2024/01/01 16:14:01.01,213.01,-31.69,-57.21,-59.85,56.19,-9.61,-0.87
2024/01/01 16:14:01.02,213.02,-31.68,-57.21,-59.85,56.18,-9.65,-0.87
2024/01/01 16:14:01.03,213.03,-31.68,-57.22,-59.85,56.19,-9.67,-0.87
2024/01/01 16:14:01.04,213.04,-31.68,-57.22,-59.85,56.21,-9.69,-0.88
2024/01/01 16:14:01.05,213.05,-31.68,-57.23,-59.85,56.25,-9.69,-0.88
2024/01/01 16:14:01.06,213.06,-31.68,-57.24,-59.85,56.28,-9.69,-0.86
2024/01/01 16:14:01.07,213.07,-31.68,-57.25,-59.85,56.28,-9.68,-0.83
2024/01/01 16:14:01.08,213.08,-31.68,-57.26,-59.84,56.28,-9.66,-0.84
2024/01/01 16:14:01.09,213.09,-31.68,-57.27,-59.84,56.27,-9.63,-0.85
2024/01/01 16:14:01.10,213.10,-31.69,-57.27,-59.84,56.26,-9.61,-0.84
2024/01/01 16:14:01.11,213.11,-31.69,-57.27,-59.85,56.25,-9.61,-0.86
2024/01/01 16:14:01.12,213.12,-31.69,-57.27,-59.85,56.25,-9.62,-0.87
2024/01/01 16:14:01.13,213.13,-31.68,-57.28,-59.85,56.25,-9.64,-0.86
2024/01/01 16:14:01.14,213.14,-31.68,-57.28,-59.85,56.25,-9.67,-0.86
2024/01/01 16:14:01.15,213.15,-31.68,-57.29,-59.85,56.24,-9.71,-0.87
2024/01/01 16:14:01.16,213.16,-31.69,-57.29,-59.85,56.21,-9.74,-0.88
2024/01/01 16:14:01.17,213.17,-31.70,-57.29,-59.85,56.19,-9.77,-0.87
2024/01/01 16:14:01.18,213.18,-31.71,-57.28,-59.86,56.17,-9.77,-0.86
2024/01/01 16:14:01.19,213.19,-31.71,-57.28,-59.86,56.17,-9.75,-0.86
2024/01/01 16:14:01.20,213.20,-31.71,-57.28,-59.86,56.19,-9.72,-0.87
2024/01/01 16:14:01.21,213.21,-31.71,-57.28,-59.87,56.21,-9.67,-0.87
2024/01/01 16:14:01.22,213.22,-31.71,-57.29,-59.87,56.24,-9.63,-0.87
2024/01/01 16:14:01.23,213.23,-31.71,-57.30,-59.88,56.26,-9.62,-0.87
2024/01/01 16:14:01.24,213.24,-31.72,-57.30,-59.88,56.24,-9.61,-0.87
2024/01/01 16:14:01.25,213.25,-31.72,-57.30,-59.88,56.21,-9.63,-0.89
2024/01/01 16:14:01.26,213.26,-31.73,-57.30,-59.89,56.16,-9.66,-0.91
2024/01/01 16:14:01.27,213.27,-31.73,-57.30,-59.89,56.12,-9.69,-0.90
2024/01/01 16:14:01.28,213.28,-31.73,-57.29,-59.89,56.11,-9.71,-0.90
2024/01/01 16:14:01.29,213.29,-31.73,-57.29,-59.89,56.14,-9.73,-0.90
2024/01/01 16:14:01.30,213.30,-31.74,-57.29,-59.89,56.17,-9.73,-0.90
2024/01/01 16:14:01.31,213.31,-31.75,-57.29,-59.88,56.20,-9.73,-0.89
2024/01/01 16:14:01.32,213.32,-31.76,-57.29,-59.88,56.21,-9.72,-0.88
2024/01/01 16:14:01.33,213.33,-31.76,-57.29,-59.88,56.19,-9.72,-0.87
2024/01/01 16:14:01.34,213.34,-31.77,-57.29,-59.87,56.18,-9.72,-0.86
2024/01/01 16:14:01.35,213.35,-31.77,-57.30,-59.87,56.17,-9.72,-0.85
2024/01/01 16:14:01.36,213.36,-31.77,-57.31,-59.87,56.16,-9.72,-0.84
2024/01/01 16:14:01.37,213.37,-31.77,-57.32,-59.86,56.14,-9.70,-0.85
2024/01/01 16:14:01.38,213.38,-31.77,-57.32,-59.86,56.13,-9.68,-0.87
2024/01/01 16:14:01.39,213.39,-31.77,-57.33,-59.86,56.13,-9.66,-0.87
2024/01/01 16:14:01.40,213.40,-31.77,-57.33,-59.86,56.11,-9.65,-0.88
2024/01/01 16:14:01.41,213.41,-31.77,-57.34,-59.85,56.08,-9.66,-0.88
2024/01/01 16:14:01.42,213.42,-31.77,-57.35,-59.86,56.05,-9.67,-0.88
2024/01/01 16:14:01.43,213.43,-31.77,-57.35,-59.86,56.04,-9.71,-0.87
2024/01/01 16:14:01.44,213.44,-31.77,-57.35,-59.86,56.06,-9.76,-0.85
2024/01/01 16:14:01.45,213.45,-31.77,-57.35,-59.87,56.11,-9.80,-0.84
2024/01/01 16:14:01.46,213.46,-31.77,-57.35,-59.87,56.17,-9.83,-0.86
2024/01/01 16:14:01.47,213.47,-31.77,-57.35,-59.88,56.22,-9.83,-0.89
2024/01/01 16:14:01.48,213.48,-31.77,-57.36,-59.89,56.23,-9.81,-0.91
2024/01/01 16:14:01.49,213.49,-31.77,-57.36,-59.90,56.23,-9.80,-0.89
2024/01/01 16:14:01.50,213.50,-31.76,-57.37,-59.91,56.21,-9.80,-0.89
2024/01/01 16:14:01.51,213.51,-31.76,-57.37,-59.91,56.19,-9.80,-0.90
2024/01/01 16:14:01.52,213.52,-31.76,-57.38,-59.91,56.18,-9.81,-0.91
2024/01/01 16:14:01.53,213.53,-31.76,-57.38,-59.91,56.17,-9.82,-0.92
2024/01/01 16:14:01.54,213.54,-31.76,-57.38,-59.91,56.16,-9.82,-0.94
2024/01/01 16:14:01.55,213.55,-31.76,-57.38,-59.92,56.15,-9.80,-0.94
2024/01/01 16:14:01.56,213.56,-31.76,-57.39,-59.91,56.14,-9.78,-0.93
2024/01/01 16:14:01.57,213.57,-31.75,-57.39,-59.91,56.13,-9.77,-0.91
2024/01/01 16:14:01.58,213.58,-31.75,-57.39,-59.91,56.13,-9.76,-0.90
2024/01/01 16:14:01.59,213.59,-31.75,-57.40,-59.91,56.15,-9.77,-0.90
2024/01/01 16:14:01.60,213.60,-31.75,-57.40,-59.90,56.15,-9.79,-0.90
2024/01/01 16:14:01.61,213.61,-31.75,-57.40,-59.90,56.15,-9.82,-0.90
2024/01/01 16:14:01.62,213.62,-31.75,-57.40,-59.90,56.15,-9.83,-0.92
2024/01/01 16:14:01.63,213.63,-31.75,-57.41,-59.90,56.16,-9.82,-0.92
2024/01/01 16:14:01.64,213.64,-31.76,-57.40,-59.89,56.15,-9.79,-0.89
2024/01/01 16:14:01.65,213.65,-31.76,-57.40,-59.89,56.15,-9.78,-0.89
2024/01/01 16:14:01.66,213.66,-31.76,-57.40,-59.89,56.16,-9.78,-0.89
2024/01/01 16:14:01.67,213.67,-31.76,-57.39,-59.88,56.17,-9.79,-0.88
2024/01/01 16:14:01.68,213.68,-31.76,-57.39,-59.88,56.17,-9.80,-0.87
2024/01/01 16:14:01.69,213.69,-31.76,-57.39,-59.87,56.18,-9.83,-0.87
2024/01/01 16:14:01.70,213.70,-31.76,-57.39,-59.87,56.20,-9.84,-0.87
2024/01/01 16:14:01.71,213.71,-31.76,-57.39,-59.87,56.21,-9.84,-0.88
2024/01/01 16:14:01.72,213.72,-31.76,-57.39,-59.87,56.21,-9.85,-0.87
2024/01/01 16:14:01.73,213.73,-31.76,-57.39,-59.86,56.21,-9.85,-0.87
2024/01/01 16:14:01.74,213.74,-31.76,-57.39,-59.86,56.18,-9.85,-0.87
2024/01/01 16:14:01.75,213.75,-31.76,-57.40,-59.86,56.14,-9.84,-0.86
2024/01/01 16:14:01.76,213.76,-31.76,-57.40,-59.86,56.11,-9.81,-0.84
2024/01/01 16:14:01.77,213.77,-31.76,-57.41,-59.86,56.11,-9.78,-0.83
2024/01/01 16:14:01.78,213.78,-31.76,-57.41,-59.85,56.13,-9.74,-0.85
2024/01/01 16:14:01.79,213.79,-31.76,-57.41,-59.85,56.15,-9.72,-0.88
2024/01/01 16:14:01.80,213.80,-31.76,-57.40,-59.85,56.17,-9.72,-0.89
2024/01/01 16:14:01.81,213.81,-31.76,-57.40,-59.85,56.19,-9.75,-0.87
2024/01/01 16:14:01.82,213.82,-31.76,-57.40,-59.84,56.19,-9.78,-0.85
2024/01/01 16:14:01.83,213.83,-31.76,-57.39,-59.84,56.18,-9.81,-0.84
2024/01/01 16:14:01.84,213.84,-31.76,-57.40,-59.83,56.17,-9.83,-0.83
2024/01/01 16:14:01.85,213.85,-31.76,-57.40,-59.82,56.17,-9.85,-0.81
2024/01/01 16:14:01.86,213.86,-31.76,-57.40,-59.82,56.17,-9.86,-0.80
2024/01/01 16:14:01.87,213.87,-31.76,-57.41,-59.82,56.17,-9.86,-0.81
2024/01/01 16:14:01.88,213.88,-31.76,-57.41,-59.81,56.16,-9.84,-0.83
2024/01/01 16:14:01.89,213.89,-31.77,-57.41,-59.81,56.16,-9.82,-0.83
2024/01/01 16:14:01.90,213.90,-31.77,-57.40,-59.80,56.16,-9.79,-0.82
2024/01/01 16:14:01.91,213.91,-31.77,-57.40,-59.80,56.16,-9.77,-0.81
2024/01/01 16:14:01.92,213.92,-31.77,-57.40,-59.79,56.17,-9.76,-0.80
2024/01/01 16:14:01.93,213.93,-31.77,-57.40,-59.79,56.18,-9.77,-0.79
2024/01/01 16:14:01.94,213.94,-31.77,-57.40,-59.79,56.19,-9.78,-0.77
2024/01/01 16:14:01.95,213.95,-31.77,-57.40,-59.79,56.18,-9.80,-0.77
2024/01/01 16:14:01.96,213.96,-31.76,-57.40,-59.79,56.14,-9.83,-0.78
2024/01/01 16:14:01.97,213.97,-31.76,-57.40,-59.79,56.11,-9.84,-0.80
2024/01/01 16:14:01.98,213.98,-31.75,-57.40,-59.79,56.11,-9.83,-0.81
2024/01/01 16:14:01.99,213.99,-31.75,-57.40,-59.80,56.12,-9.81,-0.81
2024/01/01 16:14:02.00,214.00,-31.75,-57.41,-59.80,56.15,-9.79,-0.81
2024/01/01 16:14:02.01,214.01,-31.74,-57.41,-59.81,56.18,-9.76,-0.81
2024/01/01 16:14:02.02,214.02,-31.73,-57.41,-59.81,56.21,-9.77,-0.80
2024/01/01 16:14:02.03,214.03,-31.73,-57.41,-59.81,56.23,-9.80,-0.81
2024/01/01 16:14:02.04,214.04,-31.73,-57.42,-59.81,56.23,-9.83,-0.83
2024/01/01 16:14:02.05,214.05,-31.73,-57.42,-59.81,56.22,-9.84,-0.83
2024/01/01 16:14:02.06,214.06,-31.72,-57.42,-59.81,56.22,-9.83,-0.83
2024/01/01 16:14:02.07,214.07,-31.72,-57.42,-59.82,56.22,-9.81,-0.83
2024/01/01 16:14:02.08,214.08,-31.71,-57.43,-59.82,56.21,-9.80,-0.83
2024/01/01 16:14:02.09,214.09,-31.71,-57.43,-59.82,56.20,-9.81,-0.83
2024/01/01 16:14:02.10,214.10,-31.71,-57.43,-59.82,56.19,-9.81,-0.82
2024/01/01 16:14:02.11,214.11,-31.71,-57.43,-59.81,56.20,-9.82,-0.82
2024/01/01 16:14:02.12,214.12,-31.71,-57.43,-59.81,56.22,-9.81,-0.82
2024/01/01 16:14:02.13,214.13,-31.70,-57.43,-59.81,56.26,-9.81,-0.83
2024/01/01 16:14:02.14,214.14,-31.70,-57.43,-59.81,56.29,-9.83,-0.83
2024/01/01 16:14:02.15,214.15,-31.70,-57.43,-59.81,56.30,-9.86,-0.81
2024/01/01 16:14:02.16,214.16,-31.70,-57.44,-59.81,56.29,-9.88,-0.81
2024/01/01 16:14:02.17,214.17,-31.70,-57.44,-59.81,56.26,-9.90,-0.81
2024/01/01 16:14:02.18,214.18,-31.70,-57.44,-59.80,56.24,-9.89,-0.82
2024/01/01 16:14:02.19,214.19,-31.69,-57.44,-59.80,56.24,-9.87,-0.82
2024/01/01 16:14:02.20,214.20,-31.69,-57.45,-59.80,56.25,-9.85,-0.81
2024/01/01 16:14:02.21,214.21,-31.68,-57.45,-59.81,56.25,-9.82,-0.81
2024/01/01 16:14:02.22,214.22,-31.68,-57.46,-59.81,56.23,-9.80,-0.80
2024/01/01 16:14:02.23,214.23,-31.69,-57.47,-59.81,56.21,-9.79,-0.81
2024/01/01 16:14:02.24,214.24,-31.69,-57.47,-59.82,56.20,-9.80,-0.83
2024/01/01 16:14:02.25,214.25,-31.69,-57.48,-59.82,56.21,-9.83,-0.86
2024/01/01 16:14:02.26,214.26,-31.70,-57.48,-59.82,56.21,-9.87,-0.86
2024/01/01 16:14:02.27,214.27,-31.70,-57.48,-59.83,56.23,-9.91,-0.85
2024/01/01 16:14:02.28,214.28,-31.70,-57.48,-59.83,56.25,-9.93,-0.84
2024/01/01 16:14:02.29,214.29,-31.70,-57.48,-59.84,56.26,-9.94,-0.82
2024/01/01 16:14:02.30,214.30,-31.70,-57.48,-59.84,56.27,-9.93,-0.82
2024/01/01 16:14:02.31,214.31,-31.70,-57.48,-59.84,56.29,-9.91,-0.83
2024/01/01 16:14:02.32,214.32,-31.70,-57.48,-59.84,56.30,-9.90,-0.85
2024/01/01 16:14:02.33,214.33,-31.70,-57.49,-59.85,56.27,-9.90,-0.86
2024/01/01 16:14:02.34,214.34,-31.69,-57.49,-59.85,56.24,-9.91,-0.87
2024/01/01 16:14:02.35,214.35,-31.69,-57.50,-59.86,56.21,-9.91,-0.89
2024/01/01 16:14:02.36,214.36,-31.69,-57.51,-59.86,56.20,-9.90,-0.90
2024/01/01 16:14:02.37,214.37,-31.68,-57.51,-59.87,56.21,-9.89,-0.90
2024/01/01 16:14:02.38,214.38,-31.68,-57.51,-59.87,56.23,-9.88,-0.90
2024/01/01 16:14:02.39,214.39,-31.68,-57.51,-59.86,56.24,-9.88,-0.90
2024/01/01 16:14:02.40,214.40,-31.69,-57.51,-59.86,56.24,-9.89,-0.89
2024/01/01 16:14:02.41,214.41,-31.69,-57.50,-59.86,56.23,-9.89,-0.88
2024/01/01 16:14:02.42,214.42,-31.69,-57.50,-59.86,56.23,-9.90,-0.87
2024/01/01 16:14:02.43,214.43,-31.69,-57.49,-59.86,56.23,-9.90,-0.86
2024/01/01 16:14:02.44,214.44,-31.69,-57.48,-59.86,56.23,-9.90,-0.85
2024/01/01 16:14:02.45,214.45,-31.69,-57.48,-59.86,56.24,-9.92,-0.85
2024/01/01 16:14:02.46,214.46,-31.69,-57.47,-59.85,56.28,-9.92,-0.87
2024/01/01 16:14:02.47,214.47,-31.69,-57.47,-59.85,56.31,-9.93,-0.88
2024/01/01 16:14:02.48,214.48,-31.69,-57.47,-59.86,56.32,-9.93,-0.88
2024/01/01 16:14:02.49,214.49,-31.68,-57.47,-59.86,56.31,-9.93,-0.88
2024/01/01 16:14:02.50,214.50,-31.67,-57.46,-59.86,56.29,-9.91,-0.87
2024/01/01 16:14:02.51,214.51,-31.67,-57.45,-59.86,56.25,-9.88,-0.85
2024/01/01 16:14:02.52,214.52,-31.66,-57.45,-59.85,56.24,-9.84,-0.86
2024/01/01 16:14:02.53,214.53,-31.66,-57.44,-59.85,56.24,-9.80,-0.87
2024/01/01 16:14:02.54,214.54,-31.67,-57.44,-59.85,56.24,-9.78,-0.87
2024/01/01 16:14:02.55,214.55,-31.66,-57.44,-59.85,56.24,-9.77,-0.87
2024/01/01 16:14:02.56,214.56,-31.66,-57.44,-59.84,56.21,-9.78,-0.88
2024/01/01 16:14:02.57,214.57,-31.66,-57.44,-59.84,56.19,-9.80,-0.87
2024/01/01 16:14:02.58,214.58,-31.67,-57.44,-59.84,56.20,-9.81,-0.86
2024/01/01 16:14:02.59,214.59,-31.67,-57.43,-59.84,56.24,-9.82,-0.85
2024/01/01 16:14:02.60,214.60,-31.67,-57.43,-59.84,56.31,-9.81,-0.83
2024/01/01 16:14:02.61,214.61,-31.67,-57.42,-59.84,56.36,-9.80,-0.82
2024/01/01 16:14:02.62,214.62,-31.67,-57.42,-59.84,56.37,-9.78,-0.83
2024/01/01 16:14:02.63,214.63,-31.67,-57.42,-59.83,56.33,-9.78,-0.83
2024/01/01 16:14:02.64,214.64,-31.67,-57.42,-59.83,56.27,-9.77,-0.84
2024/01/01 16:14:02.65,214.65,-31.66,-57.42,-59.83,56.23,-9.77,-0.85
2024/01/01 16:14:02.66,214.66,-31.66,-57.41,-59.82,56.22,-9.79,-0.84
2024/01/01 16:14:02.67,214.67,-31.67,-57.41,-59.82,56.23,-9.82,-0.84
2024/01/01 16:14:02.68,214.68,-31.67,-57.41,-59.82,56.24,-9.85,-0.85
2024/01/01 16:14:02.69,214.69,-31.68,-57.42,-59.82,56.25,-9.87,-0.85
2024/01/01 16:14:02.70,214.70,-31.68,-57.42,-59.82,56.24,-9.88,-0.83
2024/01/01 16:14:02.71,214.71,-31.69,-57.42,-59.82,56.25,-9.87,-0.83
2024/01/01 16:14:02.72,214.72,-31.69,-57.43,-59.82,56.26,-9.85,-0.82
2024/01/01 16:14:02.73,214.73,-31.70,-57.43,-59.82,56.26,-9.82,-0.81
2024/01/01 16:14:02.74,214.74,-31.70,-57.43,-59.82,56.25,-9.80,-0.81
2024/01/01 16:14:02.75,214.75,-31.69,-57.43,-59.82,56.25,-9.78,-0.83
2024/01/01 16:14:02.76,214.76,-31.69,-57.43,-59.83,56.24,-9.78,-0.85
2024/01/01 16:14:02.77,214.77,-31.69,-57.43,-59.84,56.22,-9.79,-0.85
2024/01/01 16:14:02.78,214.78,-31.68,-57.43,-59.85,56.21,-9.82,-0.84
2024/01/01 16:14:02.79,214.79,-31.68,-57.42,-59.85,56.20,-9.83,-0.86
2024/01/01 16:14:02.80,214.80,-31.68,-57.42,-59.86,56.20,-9.83,-0.89
2024/01/01 16:14:02.81,214.81,-31.68,-57.42,-59.87,56.23,-9.82,-0.90
2024/01/01 16:14:02.82,214.82,-31.67,-57.42,-59.88,56.26,-9.81,-0.90
2024/01/01 16:14:02.83,214.83,-31.67,-57.41,-59.88,56.30,-9.81,-0.90
2024/01/01 16:14:02.84,214.84,-31.67,-57.40,-59.88,56.30,-9.81,-0.91
2024/01/01 16:14:02.85,214.85,-31.67,-57.40,-59.88,56.28,-9.80,-0.92
2024/01/01 16:14:02.86,214.86,-31.67,-57.40,-59.88,56.25,-9.80,-0.91
2024/01/01 16:14:02.87,214.87,-31.67,-57.40,-59.89,56.23,-9.81,-0.89
2024/01/01 16:14:02.88,214.88,-31.67,-57.40,-59.89,56.23,-9.81,-0.88
2024/01/01 16:14:02.89,214.89,-31.67,-57.40,-59.89,56.24,-9.81,-0.88
2024/01/01 16:14:02.90,214.90,-31.67,-57.40,-59.89,56.25,-9.80,-0.89
2024/01/01 16:14:02.91,214.91,-31.67,-57.40,-59.89,56.27,-9.77,-0.91
2024/01/01 16:14:02.92,214.92,-31.66,-57.40,-59.90,56.28,-9.75,-0.92
2024/01/01 16:14:02.93,214.93,-31.65,-57.40,-59.90,56.30,-9.73,-0.91
2024/01/01 16:14:02.94,214.94,-31.64,-57.39,-59.91,56.31,-9.73,-0.91
2024/01/01 16:14:02.95,214.95,-31.64,-57.39,-59.91,56.31,-9.74,-0.91
2024/01/01 16:14:02.96,214.96,-31.63,-57.38,-59.91,56.28,-9.75,-0.91
2024/01/01 16:14:02.97,214.97,-31.63,-57.38,-59.91,56.26,-9.77,-0.91
2024/01/01 16:14:02.98,214.98,-31.63,-57.37,-59.91,56.25,-9.79,-0.93
2024/01/01 16:14:02.99,214.99,-31.62,-57.37,-59.91,56.27,-9.80,-0.94
2024/01/01 16:14:03.00,215.00,-31.62,-57.36,-59.91,56.31,-9.80,-0.93
2024/01/01 16:14:03.01,215.01,-31.62,-57.36,-59.91,56.35,-9.79,-0.92
2024/01/01 16:14:03.02,215.02,-31.62,-57.36,-59.91,56.37,-9.77,-0.92
2024/01/01 16:14:03.03,215.03,-31.63,-57.37,-59.91,56.37,-9.74,-0.91
2024/01/01 16:14:03.04,215.04,-31.63,-57.37,-59.91,56.35,-9.73,-0.90
2024/01/01 16:14:03.05,215.05,-31.64,-57.38,-59.91,56.33,-9.72,-0.91
2024/01/01 16:14:03.06,215.06,-31.64,-57.38,-59.91,56.30,-9.71,-0.93
2024/01/01 16:14:03.07,215.07,-31.64,-57.37,-59.91,56.27,-9.71,-0.93
2024/01/01 16:14:03.08,215.08,-31.64,-57.37,-59.91,56.26,-9.72,-0.91
2024/01/01 16:14:03.09,215.09,-31.64,-57.36,-59.90,56.25,-9.74,-0.90
2024/01/01 16:14:03.10,215.10,-31.65,-57.36,-59.91,56.26,-9.76,-0.91
2024/01/01 16:14:03.11,215.11,-31.65,-57.37,-59.91,56.27,-9.79,-0.91
2024/01/01 16:14:03.12,215.12,-31.65,-57.37,-59.91,56.26,-9.82,-0.91
2024/01/01 16:14:03.13,215.13,-31.65,-57.37,-59.90,56.26,-9.84,-0.90
2024/01/01 16:14:03.14,215.14,-31.65,-57.37,-59.90,56.25,-9.83,-0.91
2024/01/01 16:14:03.15,215.15,-31.65,-57.36,-59.91,56.25,-9.80,-0.93
2024/01/01 16:14:03.16,215.16,-31.65,-57.36,-59.91,56.27,-9.76,-0.92
2024/01/01 16:14:03.17,215.17,-31.66,-57.36,-59.91,56.29,-9.71,-0.92
2024/01/01 16:14:03.18,215.18,-31.66,-57.35,-59.91,56.29,-9.68,-0.93
2024/01/01 16:14:03.19,215.19,-31.66,-57.35,-59.91,56.28,-9.67,-0.92
2024/01/01 16:14:03.20,215.20,-31.65,-57.35,-59.91,56.26,-9.68,-0.91
2024/01/01 16:14:03.21,215.21,-31.65,-57.34,-59.91,56.24,-9.72,-0.90
2024/01/01 16:14:03.22,215.22,-31.65,-57.34,-59.91,56.25,-9.76,-0.91
2024/01/01 16:14:03.23,215.23,-31.64,-57.33,-59.91,56.27,-9.78,-0.92
2024/01/01 16:14:03.24,215.24,-31.64,-57.32,-59.92,56.29,-9.79,-0.93
2024/01/01 16:14:03.25,215.25,-31.64,-57.32,-59.92,56.30,-9.78,-0.95
2024/01/01 16:14:03.26,215.26,-31.63,-57.31,-59.93,56.29,-9.75,-0.96
2024/01/01 16:14:03.27,215.27,-31.63,-57.30,-59.93,56.27,-9.72,-0.97
2024/01/01 16:14:03.28,215.28,-31.63,-57.30,-59.94,56.25,-9.69,-0.96
2024/01/01 16:14:03.29,215.29,-31.63,-57.30,-59.94,56.25,-9.66,-0.95
2024/01/01 16:14:03.30,215.30,-31.62,-57.29,-59.94,56.27,-9.65,-0.95
2024/01/01 16:14:03.31,215.31,-31.61,-57.29,-59.94,56.28,-9.63,-0.95
2024/01/01 16:14:03.32,215.32,-31.61,-57.28,-59.94,56.29,-9.62,-0.96
2024/01/01 16:14:03.33,215.33,-31.61,-57.28,-59.94,56.32,-9.62,-0.98
2024/01/01 16:14:03.34,215.34,-31.60,-57.27,-59.94,56.34,-9.62,-1.00
2024/01/01 16:14:03.35,215.35,-31.60,-57.26,-59.95,56.36,-9.62,-0.99
2024/01/01 16:14:03.36,215.36,-31.59,-57.25,-59.95,56.36,-9.63,-0.97
2024/01/01 16:14:03.37,215.37,-31.59,-57.25,-59.95,56.35,-9.64,-0.95
2024/01/01 16:14:03.38,215.38,-31.58,-57.24,-59.95,56.33,-9.66,-0.95
2024/01/01 16:14:03.39,215.39,-31.58,-57.24,-59.95,56.32,-9.67,-0.94
2024/01/01 16:14:03.40,215.40,-31.57,-57.23,-59.95,56.32,-9.66,-0.95
2024/01/01 16:14:03.41,215.41,-31.58,-57.23,-59.95,56.33,-9.65,-0.97
2024/01/01 16:14:03.42,215.42,-31.58,-57.23,-59.95,56.34,-9.63,-0.97
2024/01/01 16:14:03.43,215.43,-31.58,-57.23,-59.95,56.35,-9.59,-0.99
2024/01/01 16:14:03.44,215.44,-31.58,-57.22,-59.94,56.35,-9.56,-0.99
2024/01/01 16:14:03.45,215.45,-31.58,-57.22,-59.94,56.34,-9.53,-0.97
2024/01/01 16:14:03.46,215.46,-31.58,-57.22,-59.93,56.33,-9.52,-0.95
2024/01/01 16:14:03.47,215.47,-31.58,-57.22,-59.93,56.33,-9.53,-0.94
2024/01/01 16:14:03.48,215.48,-31.57,-57.22,-59.92,56.34,-9.56,-0.93
2024/01/01 16:14:03.49,215.49,-31.57,-57.22,-59.91,56.33,-9.60,-0.93
2024/01/01 16:14:03.50,215.50,-31.57,-57.23,-59.91,56.31,-9.64,-0.93
2024/01/01 16:14:03.51,215.51,-31.56,-57.23,-59.91,56.30,-9.66,-0.93
2024/01/01 16:14:03.52,215.52,-31.56,-57.23,-59.91,56.29,-9.67,-0.91
2024/01/01 16:14:03.53,215.53,-31.57,-57.23,-59.91,56.30,-9.65,-0.90
2024/01/01 16:14:03.54,215.54,-31.58,-57.23,-59.91,56.33,-9.62,-0.92
2024/01/01 16:14:03.55,215.55,-31.58,-57.22,-59.90,56.35,-9.58,-0.93
2024/01/01 16:14:03.56,215.56,-31.58,-57.23,-59.90,56.37,-9.56,-0.92
2024/01/01 16:14:03.57,215.57,-31.58,-57.23,-59.91,56.38,-9.56,-0.92
2024/01/01 16:14:03.58,215.58,-31.58,-57.24,-59.91,56.37,-9.58,-0.91
2024/01/01 16:14:03.59,215.59,-31.58,-57.24,-59.91,56.35,-9.60,-0.90
2024/01/01 16:14:03.60,215.60,-31.58,-57.24,-59.92,56.34,-9.63,-0.91
2024/01/01 16:14:03.61,215.61,-31.58,-57.25,-59.92,56.33,-9.65,-0.93
2024/01/01 16:14:03.62,215.62,-31.58,-57.25,-59.92,56.33,-9.65,-0.94
2024/01/01 16:14:03.63,215.63,-31.58,-57.25,-59.93,56.32,-9.65,-0.95
2024/01/01 16:14:03.64,215.64,-31.57,-57.25,-59.93,56.32,-9.64,-0.96
2024/01/01 16:14:03.65,215.65,-31.58,-57.24,-59.93,56.32,-9.64,-0.97
2024/01/01 16:14:03.66,215.66,-31.58,-57.24,-59.92,56.33,-9.66,-0.98
2024/01/01 16:14:03.67,215.67,-31.59,-57.24,-59.92,56.33,-9.69,-0.96
2024/01/01 16:14:03.68,215.68,-31.60,-57.24,-59.92,56.33,-9.70,-0.94
2024/01/01 16:14:03.69,215.69,-31.60,-57.24,-59.91,56.32,-9.69,-0.93
2024/01/01 16:14:03.70,215.70,-31.60,-57.25,-59.91,56.30,-9.66,-0.92
2024/01/01 16:14:03.71,215.71,-31.60,-57.25,-59.92,56.29,-9.63,-0.90
2024/01/01 16:14:03.72,215.72,-31.59,-57.25,-59.92,56.30,-9.60,-0.89
2024/01/01 16:14:03.73,215.73,-31.58,-57.25,-59.92,56.31,-9.59,-0.90
2024/01/01 16:14:03.74,215.74,-31.58,-57.24,-59.92,56.33,-9.58,-0.93
2024/01/01 16:14:03.75,215.75,-31.58,-57.24,-59.92,56.33,-9.57,-0.96
2024/01/01 16:14:03.76,215.76,-31.57,-57.23,-59.93,56.30,-9.57,-0.98
2024/01/01 16:14:03.77,215.77,-31.57,-57.22,-59.93,56.27,-9.57,-0.99
2024/01/01 16:14:03.78,215.78,-31.57,-57.22,-59.94,56.26,-9.58,-0.99
2024/01/01 16:14:03.79,215.79,-31.57,-57.21,-59.94,56.27,-9.61,-0.97
2024/01/01 16:14:03.80,215.80,-31.56,-57.20,-59.94,56.31,-9.63,-0.96
2024/01/01 16:14:03.81,215.81,-31.56,-57.20,-59.94,56.35,-9.64,-0.95
2024/01/01 16:14:03.82,215.82,-31.55,-57.19,-59.94,56.38,-9.63,-0.95
2024/01/01 16:14:03.83,215.83,-31.56,-57.19,-59.95,56.39,-9.59,-0.95
2024/01/01 16:14:03.84,215.84,-31.56,-57.19,-59.95,56.39,-9.55,-0.97
2024/01/01 16:14:03.85,215.85,-31.56,-57.19,-59.95,56.38,-9.52,-0.98
2024/01/01 16:14:03.86,215.86,-31.55,-57.19,-59.95,56.39,-9.50,-0.98
2024/01/01 16:14:03.87,215.87,-31.55,-57.19,-59.95,56.39,-9.50,-0.96
2024/01/01 16:14:03.88,215.88,-31.54,-57.19,-59.95,56.38,-9.51,-0.95
2024/01/01 16:14:03.89,215.89,-31.53,-57.18,-59.94,56.37,-9.52,-0.96
2024/01/01 16:14:03.90,215.90,-31.53,-57.18,-59.94,56.37,-9.55,-0.96
2024/01/01 16:14:03.91,215.91,-31.53,-57.17,-59.94,56.38,-9.57,-0.96
2024/01/01 16:14:03.92,215.92,-31.53,-57.17,-59.94,56.39,-9.58,-0.96
2024/01/01 16:14:03.93,215.93,-31.53,-57.17,-59.93,56.39,-9.59,-0.96
2024/01/01 16:14:03.94,215.94,-31.53,-57.17,-59.93,56.37,-9.59,-0.94
2024/01/01 16:14:03.95,215.95,-31.54,-57.17,-59.93,56.34,-9.58,-0.92
2024/01/01 16:14:03.96,215.96,-31.54,-57.16,-59.92,56.32,-9.56,-0.91
2024/01/01 16:14:03.97,215.97,-31.54,-57.15,-59.92,56.32,-9.53,-0.91
2024/01/01 16:14:03.98,215.98,-31.55,-57.15,-59.92,56.34,-9.51,-0.91
2024/01/01 16:14:03.99,215.99,-31.55,-57.14,-59.92,56.36,-9.49,-0.94
2024/01/01 16:14:04.00,216.00,-31.56,-57.13,-59.92,56.37,-9.46,-0.97
2024/01/01 16:14:04.01,216.01,-31.56,-57.13,-59.92,56.35,-9.45,-0.99
2024/01/01 16:14:04.02,216.02,-31.56,-57.13,-59.92,56.33,-9.47,-0.98
2024/01/01 16:14:04.03,216.03,-31.56,-57.13,-59.92,56.32,-9.51,-0.94
2024/01/01 16:14:04.04,216.04,-31.56,-57.13,-59.92,56.32,-9.54,-0.90
2024/01/01 16:14:04.05,216.05,-31.56,-57.13,-59.91,56.31,-9.53,-0.89
2024/01/01 16:14:04.06,216.06,-31.56,-57.13,-59.91,56.32,-9.50,-0.91
2024/01/01 16:14:04.07,216.07,-31.56,-57.14,-59.91,56.33,-9.44,-0.92
2024/01/01 16:14:04.08,216.08,-31.56,-57.14,-59.91,56.33,-9.40,-0.93
2024/01/01 16:14:04.09,216.09,-31.56,-57.14,-59.91,56.31,-9.39,-0.93
2024/01/01 16:14:04.10,216.10,-31.56,-57.14,-59.91,56.30,-9.41,-0.93
2024/01/01 16:14:04.11,216.11,-31.57,-57.14,-59.91,56.29,-9.46,-0.94
2024/01/01 16:14:04.12,216.12,-31.58,-57.15,-59.91,56.31,-9.52,-0.93
2024/01/01 16:14:04.13,216.13,-31.58,-57.15,-59.90,56.34,-9.56,-0.93
2024/01/01 16:14:04.14,216.14,-31.58,-57.15,-59.90,56.37,-9.58,-0.93
2024/01/01 16:14:04.15,216.15,-31.58,-57.15,-59.90,56.37,-9.60,-0.93
2024/01/01 16:14:04.16,216.16,-31.58,-57.15,-59.90,56.35,-9.62,-0.91
2024/01/01 16:14:04.17,216.17,-31.58,-57.15,-59.90,56.33,-9.63,-0.88
2024/01/01 16:14:04.18,216.18,-31.58,-57.16,-59.90,56.32,-9.62,-0.87
2024/01/01 16:14:04.19,216.19,-31.58,-57.16,-59.90,56.32,-9.58,-0.88
2024/01/01 16:14:04.20,216.20,-31.58,-57.17,-59.90,56.31,-9.54,-0.90
2024/01/01 16:14:04.21,216.21,-31.58,-57.17,-59.91,56.29,-9.51,-0.93
2024/01/01 16:14:04.22,216.22,-31.59,-57.17,-59.91,56.25,-9.52,-0.94
2024/01/01 16:14:04.23,216.23,-31.59,-57.16,-59.91,56.22,-9.53,-0.95
2024/01/01 16:14:04.24,216.24,-31.59,-57.15,-59.91,56.24,-9.54,-0.94
2024/01/01 16:14:04.25,216.25,-31.59,-57.14,-59.91,56.30,-9.54,-0.93
2024/01/01 16:14:04.26,216.26,-31.60,-57.14,-59.90,56.36,-9.53,-0.92
2024/01/01 16:14:04.27,216.27,-31.60,-57.13,-59.90,56.39,-9.51,-0.92
2024/01/01 16:14:04.28,216.28,-31.59,-57.13,-59.91,56.39,-9.50,-0.91
2024/01/01 16:14:04.29,216.29,-31.58,-57.13,-59.91,56.36,-9.48,-0.90
2024/01/01 16:14:04.30,216.30,-31.57,-57.12,-59.91,56.31,-9.48,-0.90
2024/01/01 16:14:04.31,216.31,-31.57,-57.12,-59.91,56.28,-9.48,-0.91
2024/01/01 16:14:04.32,216.32,-31.56,-57.11,-59.91,56.27,-9.47,-0.94
2024/01/01 16:14:04.33,216.33,-31.56,-57.11,-59.91,56.29,-9.45,-0.97
2024/01/01 16:14:04.34,216.34,-31.56,-57.11,-59.91,56.30,-9.43,-0.98
2024/01/01 16:14:04.35,216.35,-31.55,-57.11,-59.92,56.31,-9.42,-0.97
2024/01/01 16:14:04.36,216.36,-31.55,-57.10,-59.91,56.32,-9.41,-0.96
2024/01/01 16:14:04.37,216.37,-31.54,-57.10,-59.91,56.34,-9.42,-0.94
2024/01/01 16:14:04.38,216.38,-31.54,-57.11,-59.90,56.36,-9.44,-0.93
2024/01/01 16:14:04.39,216.39,-31.54,-57.10,-59.89,56.39,-9.46,-0.93
2024/01/01 16:14:04.40,216.40,-31.53,-57.10,-59.89,56.40,-9.49,-0.92
2024/01/01 16:14:04.41,216.41,-31.53,-57.09,-59.89,56.40,-9.51,-0.91
2024/01/01 16:14:04.42,216.42,-31.52,-57.09,-59.88,56.39,-9.53,-0.90
2024/01/01 16:14:04.43,216.43,-31.51,-57.09,-59.88,56.37,-9.53,-0.89
2024/01/01 16:14:04.44,216.44,-31.50,-57.09,-59.88,56.37,-9.51,-0.89
2024/01/01 16:14:04.45,216.45,-31.51,-57.09,-59.88,56.37,-9.50,-0.89
2024/01/01 16:14:04.46,216.46,-31.51,-57.09,-59.89,56.37,-9.50,-0.91
2024/01/01 16:14:04.47,216.47,-31.52,-57.09,-59.89,56.38,-9.48,-0.92
2024/01/01 16:14:04.48,216.48,-31.52,-57.09,-59.89,56.38,-9.46,-0.94
2024/01/01 16:14:04.49,216.49,-31.53,-57.09,-59.89,56.39,-9.44,-0.94
2024/01/01 16:14:04.50,216.50,-31.52,-57.09,-59.90,56.40,-9.42,-0.92
2024/01/01 16:14:04.51,216.51,-31.51,-57.08,-59.90,56.42,-9.41,-0.89
2024/01/01 16:14:04.52,216.52,-31.51,-57.08,-59.90,56.44,-9.42,-0.89
2024/01/01 16:14:04.53,216.53,-31.50,-57.08,-59.91,56.44,-9.43,-0.89
2024/01/01 16:14:04.54,216.54,-31.50,-57.08,-59.91,56.43,-9.42,-0.91
2024/01/01 16:14:04.55,216.55,-31.50,-57.07,-59.92,56.40,-9.41,-0.95
2024/01/01 16:14:04.56,216.56,-31.51,-57.07,-59.92,56.37,-9.41,-0.99
2024/01/01 16:14:04.57,216.57,-31.50,-57.06,-59.93,56.34,-9.41,-1.00
2024/01/01 16:14:04.58,216.58,-31.50,-57.06,-59.93,56.32,-9.41,-0.98
2024/01/01 16:14:04.59,216.59,-31.50,-57.05,-59.94,56.31,-9.43,-0.94
2024/01/01 16:14:04.60,216.60,-31.50,-57.05,-59.94,56.32,-9.44,-0.92
2024/01/01 16:14:04.61,216.61,-31.49,-57.05,-59.94,56.35,-9.43,-0.94
2024/01/01 16:14:04.62,216.62,-31.49,-57.05,-59.93,56.40,-9.41,-0.96
2024/01/01 16:14:04.63,216.63,-31.50,-57.05,-59.93,56.42,-9.40,-0.97
2024/01/01 16:14:04.64,216.64,-31.50,-57.06,-59.92,56.43,-9.39,-0.98
2024/01/01 16:14:04.65,216.65,-31.50,-57.07,-59.92,56.40,-9.41,-0.98
2024/01/01 16:14:04.66,216.66,-31.50,-57.07,-59.92,56.36,-9.42,-0.96
2024/01/01 16:14:04.67,216.67,-31.50,-57.07,-59.92,56.35,-9.43,-0.93
2024/01/01 16:14:04.68,216.68,-31.51,-57.07,-59.92,56.36,-9.44,-0.91
2024/01/01 16:14:04.69,216.69,-31.51,-57.07,-59.91,56.38,-9.44,-0.89
2024/01/01 16:14:04.70,216.70,-31.51,-57.07,-59.90,56.40,-9.43,-0.91
2024/01/01 16:14:04.71,216.71,-31.51,-57.07,-59.90,56.40,-9.42,-0.93
2024/01/01 16:14:04.72,216.72,-31.51,-57.08,-59.90,56.39,-9.41,-0.94
2024/01/01 16:14:04.73,216.73,-31.50,-57.08,-59.90,56.38,-9.42,-0.93
2024/01/01 16:14:04.74,216.74,-31.50,-57.08,-59.90,56.37,-9.46,-0.92
2024/01/01 16:14:04.75,216.75,-31.51,-57.08,-59.91,56.39,-9.48,-0.92
2024/01/01 16:14:04.76,216.76,-31.51,-57.07,-59.91,56.40,-9.49,-0.93
2024/01/01 16:14:04.77,216.77,-31.52,-57.07,-59.91,56.41,-9.47,-0.93
2024/01/01 16:14:04.78,216.78,-31.53,-57.06,-59.91,56.40,-9.45,-0.93
2024/01/01 16:14:04.79,216.79,-31.53,-57.06,-59.92,56.38,-9.43,-0.94
2024/01/01 16:14:04.80,216.80,-31.53,-57.05,-59.92,56.36,-9.44,-0.94
2024/01/01 16:14:04.81,216.81,-31.52,-57.05,-59.93,56.36,-9.45,-0.95
2024/01/01 16:14:04.82,216.82,-31.52,-57.06,-59.94,56.37,-9.46,-0.95
2024/01/01 16:14:04.83,216.83,-31.52,-57.06,-59.95,56.38,-9.46,-0.94
2024/01/01 16:14:04.84,216.84,-31.52,-57.05,-59.96,56.39,-9.45,-0.94
2024/01/01 16:14:04.85,216.85,-31.52,-57.05,-59.96,56.38,-9.43,-0.98
2024/01/01 16:14:04.86,216.86,-31.51,-57.06,-59.97,56.37,-9.41,-1.03
2024/01/01 16:14:04.87,216.87,-31.51,-57.06,-59.98,56.36,-9.38,-1.04
2024/01/01 16:14:04.88,216.88,-31.50,-57.05,-59.98,56.35,-9.37,-1.03
2024/01/01 16:14:04.89,216.89,-31.50,-57.05,-59.99,56.36,-9.36,-1.01
2024/01/01 16:14:04.90,216.90,-31.51,-57.05,-59.99,56.36,-9.36,-1.00
2024/01/01 16:14:04.91,216.91,-31.51,-57.05,-59.98,56.37,-9.36,-1.00
2024/01/01 16:14:04.92,216.92,-31.51,-57.05,-59.98,56.36,-9.36,-1.01
2024/01/01 16:14:04.93,216.93,-31.52,-57.06,-59.98,56.35,-9.37,-1.00
2024/01/01 16:14:04.94,216.94,-31.51,-57.07,-59.98,56.34,-9.39,-0.99
2024/01/01 16:14:04.95,216.95,-31.51,-57.07,-59.98,56.34,-9.41,-0.99
2024/01/01 16:14:04.96,216.96,-31.51,-57.08,-59.98,56.37,-9.43,-1.00
2024/01/01 16:14:04.97,216.97,-31.51,-57.08,-59.98,56.41,-9.44,-1.01
2024/01/01 16:14:04.98,216.98,-31.51,-57.09,-59.98,56.43,-9.44,-1.01
2024/01/01 16:14:04.99,216.99,-31.51,-57.10,-59.97,56.43,-9.46,-1.02
2024/01/01 16:14:05.00,217.00,-31.52,-57.10,-59.97,56.39,-9.48,-1.01
2024/01/01 16:14:05.01,217.01,-31.52,-57.10,-59.96,56.33,-9.51,-0.99
2024/01/01 16:14:05.02,217.02,-31.53,-57.10,-59.96,56.30,-9.53,-0.98
2024/01/01 16:14:05.03,217.03,-31.53,-57.10,-59.95,56.29,-9.54,-0.96
2024/01/01 16:14:05.04,217.04,-31.53,-57.09,-59.94,56.31,-9.54,-0.93
2024/01/01 16:14:05.05,217.05,-31.52,-57.10,-59.94,56.34,-9.54,-0.93
2024/01/01 16:14:05.06,217.06,-31.52,-57.10,-59.94,56.36,-9.53,-0.97
2024/01/01 16:14:05.07,217.07,-31.52,-57.10,-59.95,56.39,-9.49,-0.99
2024/01/01 16:14:05.08,217.08,-31.53,-57.10,-59.95,56.40,-9.47,-0.98
2024/01/01 16:14:05.09,217.09,-31.54,-57.11,-59.95,56.40,-9.47,-0.98
2024/01/01 16:14:05.10,217.10,-31.54,-57.11,-59.95,56.41,-9.49,-0.99
2024/01/01 16:14:05.11,217.11,-31.54,-57.11,-59.95,56.40,-9.49,-0.98
2024/01/01 16:14:05.12,217.12,-31.53,-57.11,-59.96,56.36,-9.50,-0.95
2024/01/01 16:14:05.13,217.13,-31.52,-57.11,-59.96,56.32,-9.49,-0.93
2024/01/01 16:14:05.14,217.14,-31.52,-57.10,-59.96,56.30,-9.46,-0.94
2024/01/01 16:14:05.15,217.15,-31.52,-57.10,-59.96,56.31,-9.43,-0.95
2024/01/01 16:14:05.16,217.16,-31.52,-57.10,-59.96,56.34,-9.42,-0.97
2024/01/01 16:14:05.17,217.17,-31.52,-57.10,-59.96,56.37,-9.43,-0.99
2024/01/01 16:14:05.18,217.18,-31.53,-57.11,-59.97,56.39,-9.44,-0.99
2024/01/01 16:14:05.19,217.19,-31.53,-57.11,-59.97,56.39,-9.46,-0.99
2024/01/01 16:14:05.20,217.20,-31.53,-57.11,-59.97,56.38,-9.47,-0.98
2024/01/01 16:14:05.21,217.21,-31.53,-57.11,-59.97,56.38,-9.47,-0.96
2024/01/01 16:14:05.22,217.22,-31.53,-57.11,-59.97,56.39,-9.47,-0.95
2024/01/01 16:14:05.23,217.23,-31.53,-57.11,-59.97,56.39,-9.46,-0.96
2024/01/01 16:14:05.24,217.24,-31.54,-57.11,-59.97,56.37,-9.45,-0.98
2024/01/01 16:14:05.25,217.25,-31.54,-57.11,-59.97,56.33,-9.46,-1.01
2024/01/01 16:14:05.26,217.26,-31.54,-57.11,-59.97,56.28,-9.47,-1.03
2024/01/01 16:14:05.27,217.27,-31.54,-57.11,-59.97,56.25,-9.51,-1.02
2024/01/01 16:14:05.28,217.28,-31.54,-57.11,-59.97,56.25,-9.55,-1.00
2024/01/01 16:14:05.29,217.29,-31.54,-57.11,-59.97,56.28,-9.57,-0.97
2024/01/01 16:14:05.30,217.30,-31.55,-57.11,-59.98,56.34,-9.57,-0.97
2024/01/01 16:14:05.31,217.31,-31.55,-57.12,-59.99,56.39,-9.54,-0.99
2024/01/01 16:14:05.32,217.32,-31.55,-57.12,-59.99,56.42,-9.50,-1.02
2024/01/01 16:14:05.33,217.33,-31.55,-57.12,-60.00,56.42,-9.47,-1.03
2024/01/01 16:14:05.34,217.34,-31.55,-57.13,-60.00,56.39,-9.46,-1.04
2024/01/01 16:14:05.35,217.35,-31.55,-57.13,-60.01,56.34,-9.46,-1.05
2024/01/01 16:14:05.36,217.36,-31.55,-57.14,-60.01,56.30,-9.48,-1.05
2024/01/01 16:14:05.37,217.37,-31.54,-57.14,-60.01,56.27,-9.51,-1.02
2024/01/01 16:14:05.38,217.38,-31.53,-57.14,-60.01,56.27,-9.53,-1.01
2024/01/01 16:14:05.39,217.39,-31.53,-57.15,-60.01,56.28,-9.55,-1.01
2024/01/01 16:14:05.40,217.40,-31.53,-57.15,-60.01,56.31,-9.53,-1.01
2024/01/01 16:14:05.41,217.41,-31.53,-57.15,-60.01,56.34,-9.50,-1.03
2024/01/01 16:14:05.42,217.42,-31.54,-57.15,-60.01,56.36,-9.48,-1.04
2024/01/01 16:14:05.43,217.43,-31.54,-57.15,-60.01,56.37,-9.48,-1.05
2024/01/01 16:14:05.44,217.44,-31.54,-57.15,-60.00,56.37,-9.49,-1.04
2024/01/01 16:14:05.45,217.45,-31.54,-57.15,-60.00,56.36,-9.51,-1.01
2024/01/01 16:14:05.46,217.46,-31.55,-57.15,-60.00,56.36,-9.55,-1.00
2024/01/01 16:14:05.47,217.47,-31.55,-57.16,-59.99,56.37,-9.59,-1.00
2024/01/01 16:14:05.48,217.48,-31.56,-57.16,-59.98,56.38,-9.61,-1.01
2024/01/01 16:14:05.49,217.49,-31.56,-57.17,-59.97,56.38,-9.63,-0.99
2024/01/01 16:14:05.50,217.50,-31.56,-57.17,-59.97,56.38,-9.62,-0.97
2024/01/01 16:14:05.51,217.51,-31.56,-57.18,-59.96,56.36,-9.59,-0.95
2024/01/01 16:14:05.52,217.52,-31.57,-57.19,-59.96,56.34,-9.55,-0.94
2024/01/01 16:14:05.53,217.53,-31.57,-57.19,-59.96,56.32,-9.52,-0.94
2024/01/01 16:14:05.54,217.54,-31.57,-57.20,-59.96,56.31,-9.49,-0.94
2024/01/01 16:14:05.55,217.55,-31.58,-57.20,-59.96,56.28,-9.49,-0.96
2024/01/01 16:14:05.56,217.56,-31.58,-57.20,-59.96,56.26,-9.51,-0.99
2024/01/01 16:14:05.57,217.57,-31.59,-57.20,-59.97,56.25,-9.54,-1.02
2024/01/01 16:14:05.58,217.58,-31.59,-57.20,-59.98,56.25,-9.58,-1.01
2024/01/01 16:14:05.59,217.59,-31.59,-57.21,-59.98,56.27,-9.62,-0.99
2024/01/01 16:14:05.60,217.60,-31.59,-57.21,-59.98,56.31,-9.64,-0.98
2024/01/01 16:14:05.61,217.61,-31.59,-57.21,-59.98,56.35,-9.64,-0.98
2024/01/01 16:14:05.62,217.62,-31.59,-57.21,-59.98,56.36,-9.64,-0.98
2024/01/01 16:14:05.63,217.63,-31.60,-57.21,-59.98,56.35,-9.64,-0.98
2024/01/01 16:14:05.64,217.64,-31.60,-57.22,-59.98,56.32,-9.63,-0.99
2024/01/01 16:14:05.65,217.65,-31.61,-57.22,-59.98,56.29,-9.61,-1.00
2024/01/01 16:14:05.66,217.66,-31.61,-57.23,-59.98,56.26,-9.59,-1.02
2024/01/01 16:14:05.67,217.67,-31.61,-57.23,-59.98,56.25,-9.57,-1.03
2024/01/01 16:14:05.68,217.68,-31.60,-57.24,-59.98,56.25,-9.58,-1.02
2024/01/01 16:14:05.69,217.69,-31.60,-57.24,-59.98,56.26,-9.59,-0.99
2024/01/01 16:14:05.70,217.70,-31.60,-57.24,-59.99,56.28,-9.62,-0.98
2024/01/01 16:14:05.71,217.71,-31.60,-57.24,-59.99,56.31,-9.65,-0.98
2024/01/01 16:14:05.72,217.72,-31.60,-57.24,-59.99,56.31,-9.66,-0.98
2024/01/01 16:14:05.73,217.73,-31.59,-57.24,-59.99,56.30,-9.68,-0.99
2024/01/01 16:14:05.74,217.74,-31.59,-57.24,-59.99,56.29,-9.67,-1.02
2024/01/01 16:14:05.75,217.75,-31.59,-57.24,-60.00,56.29,-9.67,-1.03
2024/01/01 16:14:05.76,217.76,-31.59,-57.24,-60.00,56.30,-9.65,-1.02
2024/01/01 16:14:05.77,217.77,-31.59,-57.24,-60.00,56.31,-9.63,-1.01
2024/01/01 16:14:05.78,217.78,-31.59,-57.24,-60.01,56.31,-9.61,-1.02
2024/01/01 16:14:05.79,217.79,-31.59,-57.23,-60.00,56.30,-9.59,-1.02
2024/01/01 16:14:05.80,217.80,-31.59,-57.24,-60.00,56.31,-9.59,-1.01
2024/01/01 16:14:05.81,217.81,-31.59,-57.24,-60.00,56.32,-9.61,-1.01
2024/01/01 16:14:05.82,217.82,-31.59,-57.24,-59.99,56.34,-9.63,-1.01
2024/01/01 16:14:05.83,217.83,-31.59,-57.24,-59.99,56.35,-9.63,-1.00
2024/01/01 16:14:05.84,217.84,-31.59,-57.24,-59.98,56.35,-9.62,-0.99
2024/01/01 16:14:05.85,217.85,-31.59,-57.24,-59.98,56.33,-9.61,-0.98
2024/01/01 16:14:05.86,217.86,-31.60,-57.24,-59.97,56.31,-9.62,-0.98
2024/01/01 16:14:05.87,217.87,-31.61,-57.24,-59.96,56.29,-9.63,-0.98
2024/01/01 16:14:05.88,217.88,-31.62,-57.24,-59.96,56.29,-9.65,-0.98
2024/01/01 16:14:05.89,217.89,-31.64,-57.24,-59.95,56.28,-9.66,-0.96
2024/01/01 16:14:05.90,217.90,-31.64,-57.24,-59.94,56.26,-9.66,-0.93
2024/01/01 16:14:05.91,217.91,-31.64,-57.25,-59.93,56.25,-9.65,-0.92
2024/01/01 16:14:05.92,217.92,-31.65,-57.25,-59.93,56.25,-9.63,-0.92
2024/01/01 16:14:05.93,217.93,-31.66,-57.26,-59.92,56.25,-9.61,-0.92
2024/01/01 16:14:05.94,217.94,-31.67,-57.26,-59.92,56.26,-9.60,-0.92
2024/01/01 16:14:05.95,217.95,-31.67,-57.27,-59.91,56.28,-9.59,-0.93
2024/01/01 16:14:05.96,217.96,-31.67,-57.28,-59.91,56.26,-9.59,-0.93
2024/01/01 16:14:05.97,217.97,-31.67,-57.29,-59.90,56.23,-9.60,-0.91
2024/01/01 16:14:05.98,217.98,-31.68,-57.29,-59.90,56.18,-9.63,-0.91
2024/01/01 16:14:05.99,217.99,-31.68,-57.29,-59.90,56.15,-9.68,-0.90
2024/01/01 16:14:06.00,218.00,-31.69,-57.29,-59.90,56.15,-9.72,-0.90
2024/01/01 16:14:06.01,218.01,-31.70,-57.30,-59.90,56.19,-9.76,-0.90
2024/01/01 16:14:06.02,218.02,-31.70,-57.30,-59.90,56.22,-9.76,-0.90
2024/01/01 16:14:06.03,218.03,-31.70,-57.31,-59.90,56.23,-9.75,-0.91
2024/01/01 16:14:06.04,218.04,-31.71,-57.32,-59.90,56.22,-9.74,-0.92
2024/01/01 16:14:06.05,218.05,-31.71,-57.31,-59.89,56.20,-9.74,-0.92
2024/01/01 16:14:06.06,218.06,-31.71,-57.31,-59.89,56.19,-9.77,-0.90
2024/01/01 16:14:06.07,218.07,-31.71,-57.31,-59.89,56.21,-9.80,-0.89
2024/01/01 16:14:06.08,218.08,-31.72,-57.31,-59.89,56.22,-9.79,-0.88
2024/01/01 16:14:06.09,218.09,-31.72,-57.31,-59.89,56.23,-9.76,-0.90
2024/01/01 16:14:06.10,218.10,-31.72,-57.31,-59.88,56.21,-9.73,-0.91
2024/01/01 16:14:06.11,218.11,-31.72,-57.31,-59.88,56.18,-9.71,-0.90
2024/01/01 16:14:06.12,218.12,-31.72,-57.31,-59.88,56.16,-9.70,-0.89
2024/01/01 16:14:06.13,218.13,-31.72,-57.31,-59.88,56.16,-9.70,-0.88
2024/01/01 16:14:06.14,218.14,-31.72,-57.31,-59.88,56.17,-9.69,-0.88
2024/01/01 16:14:06.15,218.15,-31.71,-57.31,-59.87,56.19,-9.67,-0.88
2024/01/01 16:14:06.16,218.16,-31.71,-57.31,-59.87,56.21,-9.66,-0.89
2024/01/01 16:14:06.17,218.17,-31.72,-57.31,-59.86,56.22,-9.65,-0.89
2024/01/01 16:14:06.18,218.18,-31.72,-57.31,-59.86,56.22,-9.65,-0.89
2024/01/01 16:14:06.19,218.19,-31.72,-57.30,-59.85,56.22,-9.65,-0.87
2024/01/01 16:14:06.20,218.20,-31.72,-57.30,-59.85,56.21,-9.66,-0.84
2024/01/01 16:14:06.21,218.21,-31.72,-57.29,-59.84,56.19,-9.68,-0.82
2024/01/01 16:14:06.22,218.22,-31.73,-57.29,-59.83,56.17,-9.69,-0.83
2024/01/01 16:14:06.23,218.23,-31.73,-57.29,-59.82,56.17,-9.69,-0.83
2024/01/01 16:14:06.24,218.24,-31.73,-57.29,-59.81,56.17,-9.70,-0.82
2024/01/01 16:14:06.25,218.25,-31.73,-57.30,-59.80,56.18,-9.73,-0.81
2024/01/01 16:14:06.26,218.26,-31.73,-57.30,-59.80,56.18,-9.74,-0.79
2024/01/01 16:14:06.27,218.27,-31.74,-57.31,-59.79,56.18,-9.74,-0.77
2024/01/01 16:14:06.28,218.28,-31.74,-57.31,-59.79,56.19,-9.74,-0.76
2024/01/01 16:14:06.29,218.29,-31.75,-57.31,-59.78,56.20,-9.74,-0.76
2024/01/01 16:14:06.30,218.30,-31.76,-57.32,-59.77,56.21,-9.73,-0.78
2024/01/01 16:14:06.31,218.31,-31.77,-57.32,-59.77,56.20,-9.72,-0.80
2024/01/01 16:14:06.32,218.32,-31.77,-57.33,-59.76,56.16,-9.70,-0.79
2024/01/01 16:14:06.33,218.33,-31.77,-57.33,-59.76,56.12,-9.70,-0.76
2024/01/01 16:14:06.34,218.34,-31.77,-57.33,-59.76,56.11,-9.70,-0.75
2024/01/01 16:14:06.35,218.35,-31.78,-57.33,-59.76,56.13,-9.72,-0.74
2024/01/01 16:14:06.36,218.36,-31.78,-57.33,-59.76,56.16,-9.73,-0.75
2024/01/01 16:14:06.37,218.37,-31.79,-57.33,-59.75,56.17,-9.74,-0.76
2024/01/01 16:14:06.38,218.38,-31.78,-57.33,-59.75,56.15,-9.75,-0.76
2024/01/01 16:14:06.39,218.39,-31.78,-57.33,-59.75,56.12,-9.75,-0.78
2024/01/01 16:14:06.40,218.40,-31.78,-57.33,-59.75,56.09,-9.75,-0.79
2024/01/01 16:14:06.41,218.41,-31.78,-57.33,-59.75,56.09,-9.76,-0.76
2024/01/01 16:14:06.42,218.42,-31.78,-57.33,-59.75,56.11,-9.78,-0.74
2024/01/01 16:14:06.43,218.43,-31.78,-57.33,-59.75,56.12,-9.80,-0.75
2024/01/01 16:14:06.44,218.44,-31.78,-57.33,-59.75,56.12,-9.80,-0.76
2024/01/01 16:14:06.45,218.45,-31.78,-57.34,-59.75,56.12,-9.78,-0.76
2024/01/01 16:14:06.46,218.46,-31.78,-57.34,-59.75,56.13,-9.74,-0.77
2024/01/01 16:14:06.47,218.47,-31.78,-57.34,-59.75,56.15,-9.72,-0.76
2024/01/01 16:14:06.48,218.48,-31.78,-57.34,-59.75,56.17,-9.71,-0.75
2024/01/01 16:14:06.49,218.49,-31.78,-57.34,-59.75,56.19,-9.72,-0.76
2024/01/01 16:14:06.50,218.50,-31.79,-57.34,-59.75,56.20,-9.73,-0.77
2024/01/01 16:14:06.51,218.51,-31.79,-57.33,-59.74,56.21,-9.72,-0.77
2024/01/01 16:14:06.52,218.52,-31.79,-57.33,-59.74,56.20,-9.71,-0.76
2024/01/01 16:14:06.53,218.53,-31.79,-57.34,-59.74,56.19,-9.71,-0.74
2024/01/01 16:14:06.54,218.54,-31.78,-57.34,-59.74,56.17,-9.73,-0.73
2024/01/01 16:14:06.55,218.55,-31.78,-57.33,-59.74,56.16,-9.75,-0.72
2024/01/01 16:14:06.56,218.56,-31.77,-57.32,-59.74,56.16,-9.77,-0.73
2024/01/01 16:14:06.57,218.57,-31.76,-57.32,-59.74,56.16,-9.77,-0.74
2024/01/01 16:14:06.58,218.58,-31.76,-57.32,-59.74,56.16,-9.76,-0.75
2024/01/01 16:14:06.59,218.59,-31.76,-57.32,-59.74,56.14,-9.72,-0.76
2024/01/01 16:14:06.60,218.60,-31.76,-57.32,-59.73,56.11,-9.68,-0.77
2024/01/01 16:14:06.61,218.61,-31.76,-57.32,-59.73,56.07,-9.66,-0.77
2024/01/01 16:14:06.62,218.62,-31.77,-57.32,-59.72,56.05,-9.67,-0.76
2024/01/01 16:14:06.63,218.63,-31.77,-57.32,-59.72,56.07,-9.69,-0.75
2024/01/01 16:14:06.64,218.64,-31.77,-57.33,-59.72,56.11,-9.72,-0.73
2024/01/01 16:14:06.65,218.65,-31.78,-57.33,-59.72,56.16,-9.75,-0.70
2024/01/01 16:14:06.66,218.66,-31.78,-57.32,-59.72,56.18,-9.76,-0.69
2024/01/01 16:14:06.67,218.67,-31.78,-57.31,-59.72,56.17,-9.77,-0.70
2024/01/01 16:14:06.68,218.68,-31.79,-57.31,-59.72,56.16,-9.78,-0.72
2024/01/01 16:14:06.69,218.69,-31.78,-57.31,-59.72,56.16,-9.78,-0.71
2024/01/01 16:14:06.70,218.70,-31.78,-57.32,-59.72,56.17,-9.77,-0.71
2024/01/01 16:14:06.71,218.71,-31.78,-57.32,-59.72,56.18,-9.73,-0.73
2024/01/01 16:14:06.72,218.72,-31.78,-57.32,-59.73,56.19,-9.70,-0.75
2024/01/01 16:14:06.73,218.73,-31.78,-57.31,-59.73,56.18,-9.66,-0.74
2024/01/01 16:14:06.74,218.74,-31.79,-57.31,-59.72,56.17,-9.64,-0.72
2024/01/01 16:14:06.75,218.75,-31.78,-57.30,-59.72,56.15,-9.64,-0.71
2024/01/01 16:14:06.76,218.76,-31.78,-57.30,-59.72,56.13,-9.64,-0.73
2024/01/01 16:14:06.77,218.77,-31.78,-57.30,-59.72,56.11,-9.66,-0.74
2024/01/01 16:14:06.78,218.78,-31.77,-57.30,-59.72,56.09,-9.69,-0.73
2024/01/01 16:14:06.79,218.79,-31.77,-57.30,-59.72,56.09,-9.74,-0.71
2024/01/01 16:14:06.80,218.80,-31.78,-57.31,-59.72,56.10,-9.77,-0.72
2024/01/01 16:14:06.81,218.81,-31.78,-57.31,-59.73,56.12,-9.78,-0.74
2024/01/01 16:14:06.82,218.82,-31.78,-57.31,-59.73,56.14,-9.76,-0.75
2024/01/01 16:14:06.83,218.83,-31.79,-57.31,-59.73,56.14,-9.74,-0.74
2024/01/01 16:14:06.84,218.84,-31.78,-57.31,-59.73,56.13,-9.70,-0.73
2024/01/01 16:14:06.85,218.85,-31.78,-57.32,-59.73,56.12,-9.67,-0.72
2024/01/01 16:14:06.86,218.86,-31.78,-57.32,-59.72,56.12,-9.66,-0.72
2024/01/01 16:14:06.87,218.87,-31.78,-57.31,-59.72,56.13,-9.67,-0.73
2024/01/01 16:14:06.88,218.88,-31.78,-57.31,-59.73,56.15,-9.69,-0.75
2024/01/01 16:14:06.89,218.89,-31.78,-57.31,-59.73,56.15,-9.70,-0.76
2024/01/01 16:14:06.90,218.90,-31.77,-57.31,-59.74,56.15,-9.71,-0.75
2024/01/01 16:14:06.91,218.91,-31.77,-57.31,-59.74,56.15,-9.73,-0.75
2024/01/01 16:14:06.92,218.92,-31.76,-57.31,-59.75,56.15,-9.76,-0.74
2024/01/01 16:14:06.93,218.93,-31.75,-57.31,-59.75,56.17,-9.78,-0.74
2024/01/01 16:14:06.94,218.94,-31.75,-57.31,-59.75,56.19,-9.78,-0.73
2024/01/01 16:14:06.95,218.95,-31.75,-57.31,-59.75,56.20,-9.77,-0.75
2024/01/01 16:14:06.96,218.96,-31.75,-57.30,-59.76,56.19,-9.73,-0.78
2024/01/01 16:14:06.97,218.97,-31.74,-57.30,-59.76,56.17,-9.69,-0.80
2024/01/01 16:14:06.98,218.98,-31.74,-57.30,-59.76,56.15,-9.65,-0.80
2024/01/01 16:14:06.99,218.99,-31.74,-57.29,-59.76,56.16,-9.65,-0.77
2024/01/01 16:14:07.00,219.00,-31.73,-57.29,-59.76,56.19,-9.67,-0.75
2024/01/01 16:14:07.01,219.01,-31.73,-57.29,-59.76,56.23,-9.69,-0.74
2024/01/01 16:14:07.02,219.02,-31.72,-57.28,-59.75,56.26,-9.69,-0.74
2024/01/01 16:14:07.03,219.03,-31.72,-57.28,-59.75,56.26,-9.69,-0.75
2024/01/01 16:14:07.04,219.04,-31.71,-57.28,-59.74,56.24,-9.67,-0.75
2024/01/01 16:14:07.05,219.05,-31.71,-57.28,-59.74,56.21,-9.65,-0.73
2024/01/01 16:14:07.06,219.06,-31.71,-57.28,-59.74,56.19,-9.62,-0.72
2024/01/01 16:14:07.07,219.07,-31.71,-57.28,-59.73,56.19,-9.59,-0.73
2024/01/01 16:14:07.08,219.08,-31.71,-57.28,-59.73,56.19,-9.59,-0.75
2024/01/01 16:14:07.09,219.09,-31.71,-57.28,-59.73,56.20,-9.61,-0.76
2024/01/01 16:14:07.10,219.10,-31.71,-57.28,-59.73,56.19,-9.64,-0.75
2024/01/01 16:14:07.11,219.11,-31.71,-57.29,-59.73,56.18,-9.67,-0.74
2024/01/01 16:14:07.12,219.12,-31.71,-57.29,-59.72,56.20,-9.68,-0.73
2024/01/01 16:14:07.13,219.13,-31.71,-57.29,-59.73,56.22,-9.70,-0.73
2024/01/01 16:14:07.14,219.14,-31.71,-57.29,-59.73,56.23,-9.72,-0.72
2024/01/01 16:14:07.15,219.15,-31.71,-57.29,-59.73,56.23,-9.74,-0.71
2024/01/01 16:14:07.16,219.16,-31.71,-57.29,-59.73,56.21,-9.74,-0.72
2024/01/01 16:14:07.17,219.17,-31.71,-57.30,-59.74,56.19,-9.73,-0.74
2024/01/01 16:14:07.18,219.18,-31.71,-57.30,-59.75,56.17,-9.71,-0.75
2024/01/01 16:14:07.19,219.19,-31.70,-57.30,-59.76,56.17,-9.70,-0.75
2024/01/01 16:14:07.20,219.20,-31.70,-57.31,-59.77,56.19,-9.70,-0.77
2024/01/01 16:14:07.21,219.21,-31.69,-57.31,-59.78,56.23,-9.71,-0.79
2024/01/01 16:14:07.22,219.22,-31.68,-57.31,-59.78,56.27,-9.73,-0.80
2024/01/01 16:14:07.23,219.23,-31.68,-57.30,-59.78,56.29,-9.74,-0.81
2024/01/01 16:14:07.24,219.24,-31.68,-57.30,-59.78,56.30,-9.74,-0.81
2024/01/01 16:14:07.25,219.25,-31.67,-57.29,-59.78,56.29,-9.72,-0.82
2024/01/01 16:14:07.26,219.26,-31.66,-57.29,-59.78,56.29,-9.68,-0.82
2024/01/01 16:14:07.27,219.27,-31.66,-57.29,-59.78,56.28,-9.65,-0.78
2024/01/01 16:14:07.28,219.28,-31.65,-57.29,-59.77,56.27,-9.63,-0.76
2024/01/01 16:14:07.29,219.29,-31.65,-57.29,-59.77,56.25,-9.62,-0.77
2024/01/01 16:14:07.30,219.30,-31.64,-57.28,-59.78,56.23,-9.63,-0.79
2024/01/01 16:14:07.31,219.31,-31.63,-57.28,-59.78,56.23,-9.64,-0.81
2024/01/01 16:14:07.32,219.32,-31.63,-57.27,-59.78,56.25,-9.64,-0.81
2024/01/01 16:14:07.33,219.33,-31.62,-57.27,-59.78,56.28,-9.62,-0.83
2024/01/01 16:14:07.34,219.34,-31.62,-57.26,-59.78,56.31,-9.61,-0.84
2024/01/01 16:14:07.35,219.35,-31.62,-57.26,-59.79,56.33,-9.61,-0.83
2024/01/01 16:14:07.36,219.36,-31.62,-57.25,-59.79,56.34,-9.62,-0.81
2024/01/01 16:14:07.37,219.37,-31.62,-57.24,-59.78,56.34,-9.65,-0.78
2024/01/01 16:14:07.38,219.38,-31.62,-57.24,-59.78,56.34,-9.68,-0.77
2024/01/01 16:14:07.39,219.39,-31.61,-57.24,-59.78,56.33,-9.69,-0.80
2024/01/01 16:14:07.40,219.40,-31.61,-57.24,-59.79,56.33,-9.67,-0.80
2024/01/01 16:14:07.41,219.41,-31.61,-57.23,-59.79,56.33,-9.64,-0.78
2024/01/01 16:14:07.42,219.42,-31.60,-57.23,-59.79,56.35,-9.60,-0.78
2024/01/01 16:14:07.43,219.43,-31.60,-57.22,-59.79,56.36,-9.58,-0.82
2024/01/01 16:14:07.44,219.44,-31.61,-57.21,-59.80,56.36,-9.56,-0.83
2024/01/01 16:14:07.45,219.45,-31.61,-57.21,-59.81,56.33,-9.56,-0.80
2024/01/01 16:14:07.46,219.46,-31.61,-57.21,-59.81,56.30,-9.57,-0.80
2024/01/01 16:14:07.47,219.47,-31.61,-57.20,-59.82,56.28,-9.57,-0.81
2024/01/01 16:14:07.48,219.48,-31.60,-57.20,-59.82,56.28,-9.56,-0.83
2024/01/01 16:14:07.49,219.49,-31.60,-57.20,-59.82,56.29,-9.56,-0.84
2024/01/01 16:14:07.50,219.50,-31.59,-57.20,-59.82,56.30,-9.57,-0.85
2024/01/01 16:14:07.51,219.51,-31.59,-57.20,-59.82,56.29,-9.57,-0.86
2024/01/01 16:14:07.52,219.52,-31.59,-57.21,-59.82,56.26,-9.56,-0.86
2024/01/01 16:14:07.53,219.53,-31.59,-57.21,-59.82,56.23,-9.55,-0.84
2024/01/01 16:14:07.54,219.54,-31.59,-57.21,-59.82,56.22,-9.54,-0.83
2024/01/01 16:14:07.55,219.55,-31.59,-57.21,-59.81,56.23,-9.53,-0.84
2024/01/01 16:14:07.56,219.56,-31.60,-57.21,-59.81,56.29,-9.53,-0.86
2024/01/01 16:14:07.57,219.57,-31.60,-57.21,-59.81,56.35,-9.55,-0.84
2024/01/01 16:14:07.58,219.58,-31.60,-57.21,-59.80,56.40,-9.57,-0.82
2024/01/01 16:14:07.59,219.59,-31.60,-57.21,-59.80,56.41,-9.61,-0.81
2024/01/01 16:14:07.60,219.60,-31.59,-57.21,-59.79,56.39,-9.65,-0.80
2024/01/01 16:14:07.61,219.61,-31.58,-57.21,-59.79,56.38,-9.67,-0.79
2024/01/01 16:14:07.62,219.62,-31.58,-57.21,-59.79,56.37,-9.69,-0.79
2024/01/01 16:14:07.63,219.63,-31.57,-57.21,-59.79,56.37,-9.69,-0.79
2024/01/01 16:14:07.64,219.64,-31.57,-57.21,-59.80,56.38,-9.67,-0.81
2024/01/01 16:14:07.65,219.65,-31.58,-57.21,-59.80,56.37,-9.62,-0.85
2024/01/01 16:14:07.66,219.66,-31.58,-57.21,-59.81,56.35,-9.57,-0.85
2024/01/01 16:14:07.67,219.67,-31.58,-57.20,-59.81,56.32,-9.54,-0.84
2024/01/01 16:14:07.68,219.68,-31.58,-57.20,-59.81,56.30,-9.52,-0.83
2024/01/01 16:14:07.69,219.69,-31.58,-57.20,-59.81,56.30,-9.51,-0.82
2024/01/01 16:14:07.70,219.70,-31.57,-57.20,-59.81,56.33,-9.52,-0.82
2024/01/01 16:14:07.71,219.71,-31.57,-57.20,-59.81,56.36,-9.54,-0.82
2024/01/01 16:14:07.72,219.72,-31.56,-57.20,-59.81,56.37,-9.57,-0.82
2024/01/01 16:14:07.73,219.73,-31.56,-57.19,-59.82,56.36,-9.60,-0.83
2024/01/01 16:14:07.74,219.74,-31.56,-57.19,-59.82,56.34,-9.62,-0.84
2024/01/01 16:14:07.75,219.75,-31.56,-57.19,-59.83,56.33,-9.63,-0.85
2024/01/01 16:14:07.76,219.76,-31.56,-57.19,-59.83,56.32,-9.60,-0.86
2024/01/01 16:14:07.77,219.77,-31.56,-57.19,-59.83,56.33,-9.57,-0.86
2024/01/01 16:14:07.78,219.78,-31.56,-57.18,-59.84,56.34,-9.54,-0.87
2024/01/01 16:14:07.79,219.79,-31.56,-57.18,-59.84,56.36,-9.52,-0.88
2024/01/01 16:14:07.80,219.80,-31.56,-57.18,-59.83,56.38,-9.52,-0.88
2024/01/01 16:14:07.81,219.81,-31.56,-57.19,-59.83,56.39,-9.52,-0.86
2024/01/01 16:14:07.82,219.82,-31.56,-57.19,-59.83,56.41,-9.53,-0.84
2024/01/01 16:14:07.83,219.83,-31.56,-57.19,-59.82,56.42,-9.54,-0.82
2024/01/01 16:14:07.84,219.84,-31.56,-57.19,-59.82,56.41,-9.55,-0.80
2024/01/01 16:14:07.85,219.85,-31.55,-57.20,-59.82,56.39,-9.56,-0.81
2024/01/01 16:14:07.86,219.86,-31.55,-57.20,-59.81,56.36,-9.55,-0.83
2024/01/01 16:14:07.87,219.87,-31.55,-57.20,-59.81,56.34,-9.55,-0.86
2024/01/01 16:14:07.88,219.88,-31.55,-57.20,-59.81,56.32,-9.56,-0.88
2024/01/01 16:14:07.89,219.89,-31.55,-57.21,-59.81,56.32,-9.57,-0.88
2024/01/01 16:14:07.90,219.90,-31.55,-57.21,-59.81,56.34,-9.59,-0.85
2024/01/01 16:14:07.91,219.91,-31.55,-57.22,-59.80,56.36,-9.61,-0.81
2024/01/01 16:14:07.92,219.92,-31.56,-57.22,-59.80,56.37,-9.62,-0.79
2024/01/01 16:14:07.93,219.93,-31.56,-57.22,-59.79,56.38,-9.63,-0.79
2024/01/01 16:14:07.94,219.94,-31.56,-57.22,-59.79,56.38,-9.63,-0.80
2024/01/01 16:14:07.95,219.95,-31.56,-57.22,-59.80,56.38,-9.61,-0.82
2024/01/01 16:14:07.96,219.96,-31.57,-57.22,-59.80,56.36,-9.59,-0.84
2024/01/01 16:14:07.97,219.97,-31.57,-57.22,-59.80,56.34,-9.59,-0.84
2024/01/01 16:14:07.98,219.98,-31.57,-57.22,-59.80,56.32,-9.61,-0.83
2024/01/01 16:14:07.99,219.99,-31.58,-57.22,-59.80,56.32,-9.64,-0.82
2024/01/01 16:14:08.00,220.00,-31.57,-57.22,-59.80,56.33,-9.67,-0.82
2024/01/01 16:14:08.01,220.01,-31.57,-57.22,-59.80,56.36,-9.68,-0.82
2024/01/01 16:14:08.02,220.02,-31.57,-57.23,-59.80,56.37,-9.68,-0.81
2024/01/01 16:14:08.03,220.03,-31.57,-57.23,-59.80,56.37,-9.67,-0.81
2024/01/01 16:14:08.04,220.04,-31.57,-57.23,-59.80,56.35,-9.63,-0.83
2024/01/01 16:14:08.05,220.05,-31.58,-57.23,-59.81,56.32,-9.59,-0.84
2024/01/01 16:14:08.06,220.06,-31.58,-57.23,-59.81,56.30,-9.54,-0.83
2024/01/01 16:14:08.07,220.07,-31.58,-57.22,-59.81,56.29,-9.52,-0.82
2024/01/01 16:14:08.08,220.08,-31.59,-57.22,-59.81,56.30,-9.51,-0.83
2024/01/01 16:14:08.09,220.09,-31.59,-57.22,-59.82,56.32,-9.52,-0.86
2024/01/01 16:14:08.10,220.10,-31.59,-57.21,-59.82,56.36,-9.56,-0.85
2024/01/01 16:14:08.11,220.11,-31.58,-57.21,-59.83,56.38,-9.60,-0.83
2024/01/01 16:14:08.12,220.12,-31.58,-57.20,-59.83,56.39,-9.65,-0.82
2024/01/01 16:14:08.13,220.13,-31.58,-57.20,-59.83,56.37,-9.68,-0.82
2024/01/01 16:14:08.14,220.14,-31.57,-57.20,-59.83,56.34,-9.68,-0.82
2024/01/01 16:14:08.15,220.15,-31.57,-57.20,-59.84,56.31,-9.66,-0.83
2024/01/01 16:14:08.16,220.16,-31.58,-57.20,-59.84,56.30,-9.61,-0.85
2024/01/01 16:14:08.17,220.17,-31.58,-57.20,-59.84,56.29,-9.56,-0.88
2024/01/01 16:14:08.18,220.18,-31.58,-57.20,-59.84,56.29,-9.50,-0.89
2024/01/01 16:14:08.19,220.19,-31.59,-57.20,-59.84,56.29,-9.48,-0.89
2024/01/01 16:14:08.20,220.20,-31.59,-57.20,-59.85,56.29,-9.48,-0.87
2024/01/01 16:14:08.21,220.21,-31.59,-57.20,-59.84,56.29,-9.50,-0.86
2024/01/01 16:14:08.22,220.22,-31.59,-57.20,-59.84,56.30,-9.54,-0.85
2024/01/01 16:14:08.23,220.23,-31.60,-57.20,-59.84,56.32,-9.58,-0.84
2024/01/01 16:14:08.24,220.24,-31.60,-57.20,-59.83,56.33,-9.62,-0.85
2024/01/01 16:14:08.25,220.25,-31.60,-57.20,-59.83,56.33,-9.64,-0.86
2024/01/01 16:14:08.26,220.26,-31.60,-57.20,-59.83,56.33,-9.63,-0.86
2024/01/01 16:14:08.27,220.27,-31.60,-57.19,-59.83,56.32,-9.62,-0.84
2024/01/01 16:14:08.28,220.28,-31.61,-57.19,-59.83,56.33,-9.61,-0.82
2024/01/01 16:14:08.29,220.29,-31.60,-57.19,-59.83,56.33,-9.59,-0.82
2024/01/01 16:14:08.30,220.30,-31.61,-57.19,-59.82,56.33,-9.58,-0.84
2024/01/01 16:14:08.31,220.31,-31.61,-57.19,-59.82,56.32,-9.57,-0.84
2024/01/01 16:14:08.32,220.32,-31.61,-57.19,-59.83,56.31,-9.57,-0.84
2024/01/01 16:14:08.33,220.33,-31.61,-57.20,-59.83,56.29,-9.58,-0.84
2024/01/01 16:14:08.34,220.34,-31.61,-57.20,-59.83,56.28,-9.58,-0.85
2024/01/01 16:14:08.35,220.35,-31.61,-57.20,-59.83,56.29,-9.57,-0.86
2024/01/01 16:14:08.36,220.36,-31.61,-57.20,-59.83,56.31,-9.54,-0.85
2024/01/01 16:14:08.37,220.37,-31.61,-57.20,-59.83,56.32,-9.53,-0.85
2024/01/01 16:14:08.38,220.38,-31.62,-57.20,-59.83,56.32,-9.53,-0.85
2024/01/01 16:14:08.39,220.39,-31.62,-57.20,-59.84,56.30,-9.55,-0.85
2024/01/01 16:14:08.40,220.40,-31.62,-57.19,-59.84,56.27,-9.57,-0.85
2024/01/01 16:14:08.41,220.41,-31.62,-57.19,-59.84,56.25,-9.60,-0.85
2024/01/01 16:14:08.42,220.42,-31.61,-57.19,-59.84,56.25,-9.61,-0.85
2024/01/01 16:14:08.43,220.43,-31.61,-57.19,-59.84,56.26,-9.61,-0.87
2024/01/01 16:14:08.44,220.44,-31.61,-57.19,-59.84,56.28,-9.60,-0.88
2024/01/01 16:14:08.45,220.45,-31.61,-57.20,-59.85,56.30,-9.59,-0.87
2024/01/01 16:14:08.46,220.46,-31.61,-57.20,-59.85,56.31,-9.58,-0.86
2024/01/01 16:14:08.47,220.47,-31.60,-57.21,-59.85,56.30,-9.58,-0.86
2024/01/01 16:14:08.48,220.48,-31.60,-57.21,-59.85,56.30,-9.57,-0.87
2024/01/01 16:14:08.49,220.49,-31.60,-57.21,-59.85,56.29,-9.56,-0.87
2024/01/01 16:14:08.50,220.50,-31.60,-57.21,-59.85,56.28,-9.54,-0.87
2024/01/01 16:14:08.51,220.51,-31.61,-57.21,-59.86,56.27,-9.53,-0.86
2024/01/01 16:14:08.52,220.52,-31.61,-57.21,-59.86,56.28,-9.52,-0.87
2024/01/01 16:14:08.53,220.53,-31.61,-57.22,-59.86,56.30,-9.52,-0.87
2024/01/01 16:14:08.54,220.54,-31.62,-57.22,-59.86,56.33,-9.55,-0.86
2024/01/01 16:14:08.55,220.55,-31.62,-57.22,-59.86,56.36,-9.60,-0.86
2024/01/01 16:14:08.56,220.56,-31.62,-57.23,-59.87,56.38,-9.64,-0.86
2024/01/01 16:14:08.57,220.57,-31.61,-57.23,-59.87,56.39,-9.65,-0.87
2024/01/01 16:14:08.58,220.58,-31.61,-57.23,-59.88,56.38,-9.66,-0.87
2024/01/01 16:14:08.59,220.59,-31.61,-57.23,-59.88,56.36,-9.66,-0.87
2024/01/01 16:14:08.60,220.60,-31.61,-57.23,-59.89,56.32,-9.64,-0.89
2024/01/01 16:14:08.61,220.61,-31.62,-57.23,-59.89,56.29,-9.62,-0.92
2024/01/01 16:14:08.62,220.62,-31.62,-57.23,-59.90,56.26,-9.61,-0.92
2024/01/01 16:14:08.63,220.63,-31.62,-57.24,-59.90,56.23,-9.61,-0.92
2024/01/01 16:14:08.64,220.64,-31.62,-57.24,-59.90,56.22,-9.61,-0.94
2024/01/01 16:14:08.65,220.65,-31.62,-57.25,-59.91,56.21,-9.61,-0.95
2024/01/01 16:14:08.66,220.66,-31.63,-57.25,-59.91,56.22,-9.63,-0.93
2024/01/01 16:14:08.67,220.67,-31.63,-57.24,-59.91,56.22,-9.66,-0.90
2024/01/01 16:14:08.68,220.68,-31.64,-57.24,-59.91,56.24,-9.67,-0.91
2024/01/01 16:14:08.69,220.69,-31.64,-57.24,-59.91,56.26,-9.66,-0.93
2024/01/01 16:14:08.70,220.70,-31.65,-57.24,-59.92,56.27,-9.63,-0.93
2024/01/01 16:14:08.71,220.71,-31.65,-57.24,-59.93,56.28,-9.59,-0.94
2024/01/01 16:14:08.72,220.72,-31.65,-57.24,-59.94,56.27,-9.56,-0.95
2024/01/01 16:14:08.73,220.73,-31.66,-57.24,-59.95,56.26,-9.57,-0.96
2024/01/01 16:14:08.74,220.74,-31.66,-57.23,-59.95,56.26,-9.60,-0.96
2024/01/01 16:14:08.75,220.75,-31.65,-57.23,-59.95,56.28,-9.64,-0.97
2024/01/01 16:14:08.76,220.76,-31.64,-57.24,-59.95,56.31,-9.67,-0.96
2024/01/01 16:14:08.77,220.77,-31.64,-57.24,-59.95,56.32,-9.67,-0.96
2024/01/01 16:14:08.78,220.78,-31.63,-57.24,-59.94,56.31,-9.64,-0.98
2024/01/01 16:14:08.79,220.79,-31.63,-57.23,-59.94,56.29,-9.60,-0.98
2024/01/01 16:14:08.80,220.80,-31.62,-57.23,-59.94,56.25,-9.57,-0.98
2024/01/01 16:14:08.81,220.81,-31.62,-57.23,-59.93,56.20,-9.55,-0.97
2024/01/01 16:14:08.82,220.82,-31.62,-57.23,-59.93,56.17,-9.57,-0.96
2024/01/01 16:14:08.83,220.83,-31.63,-57.24,-59.93,56.17,-9.59,-0.95
2024/01/01 16:14:08.84,220.84,-31.63,-57.24,-59.92,56.20,-9.63,-0.95
2024/01/01 16:14:08.85,220.85,-31.63,-57.25,-59.92,56.25,-9.67,-0.95
2024/01/01 16:14:08.86,220.86,-31.64,-57.25,-59.92,56.31,-9.69,-0.94
2024/01/01 16:14:08.87,220.87,-31.64,-57.24,-59.92,56.37,-9.69,-0.93
2024/01/01 16:14:08.88,220.88,-31.64,-57.24,-59.92,56.40,-9.68,-0.91
2024/01/01 16:14:08.89,220.89,-31.65,-57.23,-59.92,56.40,-9.66,-0.93
2024/01/01 16:14:08.90,220.90,-31.65,-57.23,-59.91,56.38,-9.64,-0.94
2024/01/01 16:14:08.91,220.91,-31.65,-57.23,-59.92,56.35,-9.62,-0.92
2024/01/01 16:14:08.92,220.92,-31.65,-57.23,-59.92,56.32,-9.62,-0.90
2024/01/01 16:14:08.93,220.93,-31.65,-57.23,-59.92,56.29,-9.61,-0.90
2024/01/01 16:14:08.94,220.94,-31.64,-57.23,-59.93,56.25,-9.61,-0.92
2024/01/01 16:14:08.95,220.95,-31.63,-57.23,-59.93,56.21,-9.61,-0.92
2024/01/01 16:14:08.96,220.96,-31.63,-57.23,-59.94,56.19,-9.62,-0.94
2024/01/01 16:14:08.97,220.97,-31.63,-57.23,-59.95,56.19,-9.62,-0.96
2024/01/01 16:14:08.98,220.98,-31.63,-57.23,-59.95,56.19,-9.61,-0.98
2024/01/01 16:14:08.99,220.99,-31.63,-57.22,-59.96,56.21,-9.59,-0.99
2024/01/01 16:14:09.00,221.00,-31.64,-57.22,-59.97,56.20,-9.59,-1.01
2024/01/01 16:14:09.01,221.01,-31.65,-57.22,-59.98,56.20,-9.59,-1.02
2024/01/01 16:14:09.02,221.02,-31.65,-57.21,-59.98,56.20,-9.58,-1.02
2024/01/01 16:14:09.03,221.03,-31.65,-57.21,-59.99,56.22,-9.59,-0.99
2024/01/01 16:14:09.04,221.04,-31.64,-57.20,-60.00,56.26,-9.60,-0.97
2024/01/01 16:14:09.05,221.05,-31.64,-57.20,-60.00,56.31,-9.61,-0.97
2024/01/01 16:14:09.06,221.06,-31.64,-57.20,-60.00,56.33,-9.61,-0.99
2024/01/01 16:14:09.07,221.07,-31.64,-57.20,-60.00,56.34,-9.61,-1.01
2024/01/01 16:14:09.08,221.08,-31.64,-57.20,-60.00,56.32,-9.60,-1.01
2024/01/01 16:14:09.09,221.09,-31.65,-57.20,-60.00,56.29,-9.61,-1.02
2024/01/01 16:14:09.10,221.10,-31.65,-57.20,-59.99,56.25,-9.61,-1.01
2024/01/01 16:14:09.11,221.11,-31.64,-57.20,-59.99,56.23,-9.60,-1.00
2024/01/01 16:14:09.12,221.12,-31.64,-57.20,-59.99,56.23,-9.57,-0.99
2024/01/01 16:14:09.13,221.13,-31.64,-57.20,-59.99,56.25,-9.53,-0.99
2024/01/01 16:14:09.14,221.14,-31.64,-57.20,-59.98,56.27,-9.50,-0.99
2024/01/01 16:14:09.15,221.15,-31.64,-57.19,-59.98,56.29,-9.50,-1.00
2024/01/01 16:14:09.16,221.16,-31.64,-57.19,-59.98,56.29,-9.52,-1.01
2024/01/01 16:14:09.17,221.17,-31.63,-57.18,-59.97,56.27,-9.56,-1.00
2024/01/01 16:14:09.18,221.18,-31.63,-57.18,-59.97,56.23,-9.60,-1.00
2024/01/01 16:14:09.19,221.19,-31.62,-57.17,-59.98,56.21,-9.63,-1.01
2024/01/01 16:14:09.20,221.20,-31.61,-57.17,-59.98,56.21,-9.64,-1.01
2024/01/01 16:14:09.21,221.21,-31.61,-57.17,-59.98,56.21,-9.64,-1.02
2024/01/01 16:14:09.22,221.22,-31.61,-57.17,-59.99,56.22,-9.63,-1.02
2024/01/01 16:14:09.23,221.23,-31.61,-57.17,-59.99,56.22,-9.61,-1.02
2024/01/01 16:14:09.24,221.24,-31.60,-57.17,-59.99,56.23,-9.59,-1.00
2024/01/01 16:14:09.25,221.25,-31.60,-57.17,-59.99,56.26,-9.57,-0.99
2024/01/01 16:14:09.26,221.26,-31.60,-57.17,-59.99,56.30,-9.55,-0.98
2024/01/01 16:14:09.27,221.27,-31.60,-57.17,-59.99,56.34,-9.51,-0.98
2024/01/01 16:14:09.28,221.28,-31.59,-57.17,-60.00,56.38,-9.48,-0.99
2024/01/01 16:14:09.29,221.29,-31.58,-57.17,-60.00,56.40,-9.46,-1.01
2024/01/01 16:14:09.30,221.30,-31.58,-57.17,-60.00,56.41,-9.46,-1.02
2024/01/01 16:14:09.31,221.31,-31.58,-57.17,-60.00,56.40,-9.47,-1.03
2024/01/01 16:14:09.32,221.32,-31.57,-57.16,-60.00,56.37,-9.49,-1.02
2024/01/01 16:14:09.33,221.33,-31.57,-57.15,-60.00,56.35,-9.52,-1.01
2024/01/01 16:14:09.34,221.34,-31.57,-57.14,-60.00,56.33,-9.55,-1.01
2024/01/01 16:14:09.35,221.35,-31.57,-57.14,-60.00,56.32,-9.58,-1.00
2024/01/01 16:14:09.36,221.36,-31.57,-57.14,-59.99,56.31,-9.60,-0.99
2024/01/01 16:14:09.37,221.37,-31.57,-57.15,-59.99,56.32,-9.61,-0.99
2024/01/01 16:14:09.38,221.38,-31.57,-57.16,-59.99,56.34,-9.60,-0.99
2024/01/01 16:14:09.39,221.39,-31.57,-57.16,-59.99,56.35,-9.57,-1.00
2024/01/01 16:14:09.40,221.40,-31.57,-57.16,-59.99,56.35,-9.53,-0.99
2024/01/01 16:14:09.41,221.41,-31.57,-57.16,-59.99,56.35,-9.48,-0.99
2024/01/01 16:14:09.42,221.42,-31.57,-57.16,-59.99,56.33,-9.44,-1.00
2024/01/01 16:14:09.43,221.43,-31.58,-57.16,-59.99,56.29,-9.42,-1.01
2024/01/01 16:14:09.44,221.44,-31.58,-57.16,-60.00,56.26,-9.45,-1.01
2024/01/01 16:14:09.45,221.45,-31.58,-57.16,-60.00,56.25,-9.53,-1.02
2024/01/01 16:14:09.46,221.46,-31.59,-57.16,-60.01,56.25,-9.62,-1.03
2024/01/01 16:14:09.47,221.47,-31.60,-57.16,-60.01,56.28,-9.67,-1.03
2024/01/01 16:14:09.48,221.48,-31.60,-57.16,-60.01,56.31,-9.68,-1.03
2024/01/01 16:14:09.49,221.49,-31.60,-57.16,-60.01,56.34,-9.64,-1.02
2024/01/01 16:14:09.50,221.50,-31.60,-57.16,-60.01,56.33,-9.57,-1.01
2024/01/01 16:14:09.51,221.51,-31.60,-57.16,-60.01,56.32,-9.52,-1.02
2024/01/01 16:14:09.52,221.52,-31.59,-57.15,-60.01,56.32,-9.50,-1.02
2024/01/01 16:14:09.53,221.53,-31.58,-57.15,-60.02,56.31,-9.51,-1.02
2024/01/01 16:14:09.54,221.54,-31.58,-57.15,-60.02,56.30,-9.54,-1.03
2024/01/01 16:14:09.55,221.55,-31.58,-57.15,-60.03,56.27,-9.57,-1.05
2024/01/01 16:14:09.56,221.56,-31.58,-57.14,-60.03,56.23,-9.56,-1.07
2024/01/01 16:14:09.57,221.57,-31.58,-57.14,-60.04,56.20,-9.54,-1.07
2024/01/01 16:14:09.58,221.58,-31.58,-57.14,-60.05,56.20,-9.52,-1.07
2024/01/01 16:14:09.59,221.59,-31.59,-57.14,-60.05,56.25,-9.52,-1.08
2024/01/01 16:14:09.60,221.60,-31.59,-57.14,-60.05,56.32,-9.53,-1.06
2024/01/01 16:14:09.61,221.61,-31.59,-57.13,-60.04,56.40,-9.52,-1.04
2024/01/01 16:14:09.62,221.62,-31.59,-57.13,-60.04,56.44,-9.51,-1.03
2024/01/01 16:14:09.63,221.63,-31.59,-57.12,-60.03,56.45,-9.49,-1.03
2024/01/01 16:14:09.64,221.64,-31.59,-57.12,-60.03,56.41,-9.47,-1.03
2024/01/01 16:14:09.65,221.65,-31.59,-57.13,-60.03,56.35,-9.46,-1.03
2024/01/01 16:14:09.66,221.66,-31.58,-57.13,-60.03,56.30,-9.46,-1.03
2024/01/01 16:14:09.67,221.67,-31.58,-57.13,-60.04,56.26,-9.48,-1.04
2024/01/01 16:14:09.68,221.68,-31.59,-57.12,-60.04,56.23,-9.48,-1.06
2024/01/01 16:14:09.69,221.69,-31.60,-57.11,-60.04,56.22,-9.47,-1.08
2024/01/01 16:14:09.70,221.70,-31.60,-57.09,-60.03,56.22,-9.46,-1.08
2024/01/01 16:14:09.71,221.71,-31.61,-57.09,-60.03,56.25,-9.45,-1.06
2024/01/01 16:14:09.72,221.72,-31.61,-57.08,-60.03,56.27,-9.46,-1.03
2024/01/01 16:14:09.73,221.73,-31.62,-57.08,-60.02,56.27,-9.48,-1.01
2024/01/01 16:14:09.74,221.74,-31.64,-57.09,-60.02,56.28,-9.52,-1.01
2024/01/01 16:14:09.75,221.75,-31.65,-57.09,-60.02,56.27,-9.54,-1.02
2024/01/01 16:14:09.76,221.76,-31.65,-57.09,-60.02,56.24,-9.55,-1.03
2024/01/01 16:14:09.77,221.77,-31.66,-57.09,-60.01,56.20,-9.54,-1.03
2024/01/01 16:14:09.78,221.78,-31.66,-57.09,-60.02,56.17,-9.50,-1.03
2024/01/01 16:14:09.79,221.79,-31.66,-57.08,-60.02,56.16,-9.45,-1.03
2024/01/01 16:14:09.80,221.80,-31.66,-57.08,-60.02,56.19,-9.41,-1.02
2024/01/01 16:14:09.81,221.81,-31.67,-57.08,-60.02,56.22,-9.39,-1.02
2024/01/01 16:14:09.82,221.82,-31.67,-57.08,-60.02,56.24,-9.39,-1.01
2024/01/01 16:14:09.83,221.83,-31.67,-57.09,-60.02,56.22,-9.41,-1.02
2024/01/01 16:14:09.84,221.84,-31.67,-57.09,-60.02,56.19,-9.44,-1.04
2024/01/01 16:14:09.85,221.85,-31.67,-57.08,-60.03,56.16,-9.47,-1.06
2024/01/01 16:14:09.86,221.86,-31.67,-57.08,-60.03,56.14,-9.48,-1.05
2024/01/01 16:14:09.87,221.87,-31.67,-57.08,-60.03,56.17,-9.47,-1.04
2024/01/01 16:14:09.88,221.88,-31.68,-57.08,-60.03,56.21,-9.46,-1.05
2024/01/01 16:14:09.89,221.89,-31.68,-57.08,-60.02,56.25,-9.46,-1.05
2024/01/01 16:14:09.90,221.90,-31.69,-57.09,-60.02,56.25,-9.47,-1.04
2024/01/01 16:14:09.91,221.91,-31.69,-57.09,-60.02,56.22,-9.49,-1.02
2024/01/01 16:14:09.92,221.92,-31.69,-57.08,-60.01,56.17,-9.50,-1.00
2024/01/01 16:14:09.93,221.93,-31.69,-57.08,-60.00,56.14,-9.49,-0.99
2024/01/01 16:14:09.94,221.94,-31.69,-57.09,-60.00,56.13,-9.48,-0.98
2024/01/01 16:14:09.95,221.95,-31.69,-57.09,-60.00,56.15,-9.47,-0.98
2024/01/01 16:14:09.96,221.96,-31.69,-57.09,-60.01,56.18,-9.46,-0.99
2024/01/01 16:14:09.97,221.97,-31.69,-57.10,-60.01,56.19,-9.46,-1.01
2024/01/01 16:14:09.98,221.98,-31.69,-57.10,-60.01,56.19,-9.46,-1.04
2024/01/01 16:14:09.99,221.99,-31.70,-57.10,-60.01,56.19,-9.47,-1.06
2024/01/01 16:14:10.00,222.00,-31.70,-57.10,-60.01,56.20,-9.48,-1.05
2024/01/01 16:14:10.01,222.01,-31.70,-57.10,-60.02,56.21,-9.49,-1.03
2024/01/01 16:14:10.02,222.02,-31.69,-57.11,-60.02,56.22,-9.49,-1.02
2024/01/01 16:14:10.03,222.03,-31.69,-57.11,-60.02,56.22,-9.49,-1.01
2024/01/01 16:14:10.04,222.04,-31.69,-57.11,-60.03,56.21,-9.48,-1.03
2024/01/01 16:14:10.05,222.05,-31.69,-57.10,-60.03,56.20,-9.49,-1.05
2024/01/01 16:14:10.06,222.06,-31.69,-57.10,-60.03,56.19,-9.51,-1.07
2024/01/01 16:14:10.07,222.07,-31.69,-57.10,-60.03,56.18,-9.52,-1.07
2024/01/01 16:14:10.08,222.08,-31.69,-57.10,-60.03,56.16,-9.53,-1.05
2024/01/01 16:14:10.09,222.09,-31.70,-57.11,-60.03,56.16,-9.52,-1.02
2024/01/01 16:14:10.10,222.10,-31.70,-57.12,-60.03,56.16,-9.51,-1.01
2024/01/01 16:14:10.11,222.11,-31.71,-57.12,-60.03,56.18,-9.51,-1.01
2024/01/01 16:14:10.12,222.12,-31.71,-57.13,-60.02,56.19,-9.51,-1.02
2024/01/01 16:14:10.13,222.13,-31.71,-57.12,-60.02,56.18,-9.51,-1.03
2024/01/01 16:14:10.14,222.14,-31.71,-57.12,-60.02,56.14,-9.52,-1.02
2024/01/01 16:14:10.15,222.15,-31.71,-57.12,-60.02,56.10,-9.50,-1.02
2024/01/01 16:14:10.16,222.16,-31.71,-57.11,-60.03,56.08,-9.48,-1.03
2024/01/01 16:14:10.17,222.17,-31.72,-57.11,-60.03,56.09,-9.45,-1.04
2024/01/01 16:14:10.18,222.18,-31.72,-57.11,-60.03,56.12,-9.45,-1.05
2024/01/01 16:14:10.19,222.19,-31.72,-57.10,-60.04,56.16,-9.48,-1.06
2024/01/01 16:14:10.20,222.20,-31.72,-57.10,-60.05,56.18,-9.52,-1.07
2024/01/01 16:14:10.21,222.21,-31.72,-57.10,-60.05,56.18,-9.56,-1.07
2024/01/01 16:14:10.22,222.22,-31.72,-57.10,-60.05,56.18,-9.58,-1.07
2024/01/01 16:14:10.23,222.23,-31.72,-57.10,-60.05,56.19,-9.57,-1.06
2024/01/01 16:14:10.24,222.24,-31.71,-57.10,-60.06,56.21,-9.53,-1.05
2024/01/01 16:14:10.25,222.25,-31.71,-57.09,-60.06,56.22,-9.50,-1.05
2024/01/01 16:14:10.26,222.26,-31.71,-57.09,-60.06,56.22,-9.47,-1.06
2024/01/01 16:14:10.27,222.27,-31.71,-57.10,-60.06,56.21,-9.46,-1.07
2024/01/01 16:14:10.28,222.28,-31.71,-57.10,-60.07,56.18,-9.45,-1.06
2024/01/01 16:14:10.29,222.29,-31.71,-57.10,-60.07,56.14,-9.45,-1.08
2024/01/01 16:14:10.30,222.30,-31.70,-57.10,-60.07,56.12,-9.46,-1.09
2024/01/01 16:14:10.31,222.31,-31.70,-57.09,-60.07,56.13,-9.47,-1.10
2024/01/01 16:14:10.32,222.32,-31.69,-57.09,-60.07,56.14,-9.47,-1.09
2024/01/01 16:14:10.33,222.33,-31.69,-57.09,-60.06,56.16,-9.47,-1.07
2024/01/01 16:14:10.34,222.34,-31.69,-57.09,-60.06,56.17,-9.46,-1.07
2024/01/01 16:14:10.35,222.35,-31.69,-57.08,-60.05,56.17,-9.46,-1.08
2024/01/01 16:14:10.36,222.36,-31.69,-57.08,-60.05,56.14,-9.48,-1.07
2024/01/01 16:14:10.37,222.37,-31.69,-57.08,-60.04,56.11,-9.50,-1.05
2024/01/01 16:14:10.38,222.38,-31.69,-57.09,-60.04,56.09,-9.52,-1.05
2024/01/01 16:14:10.39,222.39,-31.69,-57.08,-60.04,56.11,-9.52,-1.04
2024/01/01 16:14:10.40,222.40,-31.69,-57.08,-60.04,56.15,-9.50,-1.03
2024/01/01 16:14:10.41,222.41,-31.70,-57.08,-60.04,56.21,-9.47,-1.03
2024/01/01 16:14:10.42,222.42,-31.70,-57.08,-60.04,56.27,-9.44,-1.05
2024/01/01 16:14:10.43,222.43,-31.70,-57.08,-60.04,56.30,-9.42,-1.06
2024/01/01 16:14:10.44,222.44,-31.71,-57.09,-60.05,56.30,-9.43,-1.06
2024/01/01 16:14:10.45,222.45,-31.71,-57.08,-60.05,56.27,-9.46,-1.06
2024/01/01 16:14:10.46,222.46,-31.71,-57.08,-60.05,56.23,-9.48,-1.05
2024/01/01 16:14:10.47,222.47,-31.71,-57.08,-60.05,56.19,-9.50,-1.04
2024/01/01 16:14:10.48,222.48,-31.70,-57.07,-60.05,56.17,-9.51,-1.04
2024/01/01 16:14:10.49,222.49,-31.70,-57.07,-60.05,56.15,-9.50,-1.05
2024/01/01 16:14:10.50,222.50,-31.69,-57.07,-60.05,56.15,-9.48,-1.06
2024/01/01 16:14:10.51,222.51,-31.70,-57.07,-60.06,56.14,-9.46,-1.08
2024/01/01 16:14:10.52,222.52,-31.70,-57.07,-60.06,56.15,-9.45,-1.09
2024/01/01 16:14:10.53,222.53,-31.70,-57.07,-60.06,56.14,-9.45,-1.09
2024/01/01 16:14:10.54,222.54,-31.70,-57.08,-60.06,56.13,-9.45,-1.07
2024/01/01 16:14:10.55,222.55,-31.70,-57.08,-60.06,56.11,-9.44,-1.06
2024/01/01 16:14:10.56,222.56,-31.70,-57.07,-60.06,56.09,-9.44,-1.04
2024/01/01 16:14:10.57,222.57,-31.70,-57.07,-60.06,56.09,-9.44,-1.04
2024/01/01 16:14:10.58,222.58,-31.70,-57.07,-60.06,56.12,-9.43,-1.04
2024/01/01 16:14:10.59,222.59,-31.70,-57.07,-60.05,56.15,-9.42,-1.06
2024/01/01 16:14:10.60,222.60,-31.70,-57.08,-60.05,56.16,-9.41,-1.08
2024/01/01 16:14:10.61,222.61,-31.70,-57.08,-60.05,56.15,-9.44,-1.09
2024/01/01 16:14:10.62,222.62,-31.70,-57.08,-60.06,56.12,-9.48,-1.07
2024/01/01 16:14:10.63,222.63,-31.70,-57.08,-60.06,56.12,-9.50,-1.05
2024/01/01 16:14:10.64,222.64,-31.69,-57.08,-60.06,56.15,-9.52,-1.04
2024/01/01 16:14:10.65,222.65,-31.69,-57.08,-60.06,56.20,-9.51,-1.05
2024/01/01 16:14:10.66,222.66,-31.68,-57.08,-60.06,56.24,-9.48,-1.06
2024/01/01 16:14:10.67,222.67,-31.68,-57.08,-60.06,56.24,-9.46,-1.08
2024/01/01 16:14:10.68,222.68,-31.67,-57.08,-60.06,56.23,-9.46,-1.10
2024/01/01 16:14:10.69,222.69,-31.67,-57.08,-60.05,56.20,-9.45,-1.09
2024/01/01 16:14:10.70,222.70,-31.67,-57.08,-60.05,56.18,-9.45,-1.07
2024/01/01 16:14:10.71,222.71,-31.67,-57.09,-60.05,56.17,-9.46,-1.07
2024/01/01 16:14:10.72,222.72,-31.66,-57.09,-60.05,56.18,-9.48,-1.06
2024/01/01 16:14:10.73,222.73,-31.66,-57.09,-60.05,56.20,-9.51,-1.06
2024/01/01 16:14:10.74,222.74,-31.65,-57.09,-60.05,56.22,-9.53,-1.04
2024/01/01 16:14:10.75,222.75,-31.65,-57.09,-60.05,56.25,-9.54,-1.03
2024/01/01 16:14:10.76,222.76,-31.64,-57.09,-60.04,56.27,-9.53,-1.05
2024/01/01 16:14:10.77,222.77,-31.64,-57.10,-60.04,56.29,-9.49,-1.08
2024/01/01 16:14:10.78,222.78,-31.64,-57.10,-60.04,56.30,-9.45,-1.08
2024/01/01 16:14:10.79,222.79,-31.64,-57.10,-60.04,56.29,-9.43,-1.06
2024/01/01 16:14:10.80,222.80,-31.64,-57.10,-60.04,56.26,-9.42,-1.04
2024/01/01 16:14:10.81,222.81,-31.64,-57.10,-60.04,56.21,-9.43,-1.02
2024/01/01 16:14:10.82,222.82,-31.64,-57.10,-60.04,56.17,-9.44,-1.02
2024/01/01 16:14:10.83,222.83,-31.64,-57.10,-60.03,56.16,-9.44,-1.03
2024/01/01 16:14:10.84,222.84,-31.65,-57.10,-60.03,56.17,-9.45,-1.04
2024/01/01 16:14:10.85,222.85,-31.65,-57.10,-60.03,56.21,-9.45,-1.05
2024/01/01 16:14:10.86,222.86,-31.65,-57.10,-60.03,56.24,-9.47,-1.07
2024/01/01 16:14:10.87,222.87,-31.66,-57.10,-60.03,56.25,-9.50,-1.06
2024/01/01 16:14:10.88,222.88,-31.66,-57.10,-60.03,56.24,-9.52,-1.04
2024/01/01 16:14:10.89,222.89,-31.66,-57.11,-60.03,56.22,-9.54,-1.03
2024/01/01 16:14:10.90,222.90,-31.67,-57.11,-60.03,56.22,-9.55,-1.02
2024/01/01 16:14:10.91,222.91,-31.67,-57.12,-60.02,56.23,-9.55,-1.02
2024/01/01 16:14:10.92,222.92,-31.67,-57.12,-60.02,56.23,-9.55,-1.03
2024/01/01 16:14:10.93,222.93,-31.67,-57.13,-60.02,56.22,-9.53,-1.05
2024/01/01 16:14:10.94,222.94,-31.68,-57.13,-60.03,56.21,-9.51,-1.06
2024/01/01 16:14:10.95,222.95,-31.68,-57.12,-60.03,56.19,-9.48,-1.04
2024/01/01 16:14:10.96,222.96,-31.68,-57.12,-60.03,56.18,-9.47,-1.01
2024/01/01 16:14:10.97,222.97,-31.68,-57.12,-60.03,56.19,-9.46,-1.02
2024/01/01 16:14:10.98,222.98,-31.69,-57.12,-60.03,56.20,-9.45,-1.04
2024/01/01 16:14:10.99,222.99,-31.69,-57.13,-60.02,56.21,-9.46,-1.05
2024/01/01 16:14:11.00,223.00,-31.69,-57.14,-60.02,56.22,-9.48,-1.03
2024/01/01 16:14:11.01,223.01,-31.69,-57.15,-60.02,56.22,-9.52,-1.03
2024/01/01 16:14:11.02,223.02,-31.69,-57.16,-60.02,56.20,-9.55,-1.03
2024/01/01 16:14:11.03,223.03,-31.69,-57.16,-60.02,56.18,-9.57,-1.02
2024/01/01 16:14:11.04,223.04,-31.69,-57.17,-60.02,56.16,-9.57,-1.00
2024/01/01 16:14:11.05,223.05,-31.69,-57.17,-60.02,56.15,-9.56,-0.99
2024/01/01 16:14:11.06,223.06,-31.69,-57.17,-60.02,56.15,-9.54,-1.00
2024/01/01 16:14:11.07,223.07,-31.70,-57.17,-60.02,56.15,-9.52,-1.03
2024/01/01 16:14:11.08,223.08,-31.70,-57.17,-60.02,56.16,-9.51,-1.06
2024/01/01 16:14:11.09,223.09,-31.70,-57.17,-60.01,56.16,-9.53,-1.08
2024/01/01 16:14:11.10,223.10,-31.71,-57.18,-60.01,56.16,-9.57,-1.08
2024/01/01 16:14:11.11,223.11,-31.72,-57.18,-60.01,56.17,-9.60,-1.05
2024/01/01 16:14:11.12,223.12,-31.72,-57.18,-60.01,56.18,-9.62,-1.00
2024/01/01 16:14:11.13,223.13,-31.72,-57.19,-60.01,56.21,-9.63,-0.98
2024/01/01 16:14:11.14,223.14,-31.72,-57.19,-60.01,56.23,-9.64,-0.99
2024/01/01 16:14:11.15,223.15,-31.72,-57.19,-60.01,56.24,-9.64,-1.01
2024/01/01 16:14:11.16,223.16,-31.71,-57.18,-60.00,56.22,-9.65,-1.02
2024/01/01 16:14:11.17,223.17,-31.71,-57.19,-60.00,56.20,-9.65,-1.02
2024/01/01 16:14:11.18,223.18,-31.70,-57.19,-60.00,56.18,-9.64,-1.03
2024/01/01 16:14:11.19,223.19,-31.70,-57.20,-60.00,56.17,-9.60,-1.03
2024/01/01 16:14:11.20,223.20,-31.71,-57.20,-59.99,56.16,-9.56,-1.02
2024/01/01 16:14:11.21,223.21,-31.71,-57.20,-59.99,56.15,-9.53,-1.01
2024/01/01 16:14:11.22,223.22,-31.71,-57.20,-59.99,56.13,-9.53,-0.99
2024/01/01 16:14:11.23,223.23,-31.71,-57.21,-59.99,56.12,-9.53,-0.98
2024/01/01 16:14:11.24,223.24,-31.70,-57.21,-59.99,56.13,-9.54,-0.98
2024/01/01 16:14:11.25,223.25,-31.70,-57.21,-59.98,56.16,-9.54,-0.98
2024/01/01 16:14:11.26,223.26,-31.70,-57.21,-59.98,56.20,-9.55,-0.98
2024/01/01 16:14:11.27,223.27,-31.70,-57.20,-59.98,56.23,-9.55,-0.99
2024/01/01 16:14:11.28,223.28,-31.71,-57.20,-59.98,56.21,-9.57,-0.98
2024/01/01 16:14:11.29,223.29,-31.71,-57.20,-59.98,56.18,-9.60,-0.98
2024/01/01 16:14:11.30,223.30,-31.71,-57.20,-59.98,56.15,-9.64,-0.97
2024/01/01 16:14:11.31,223.31,-31.71,-57.20,-59.97,56.14,-9.67,-0.97
2024/01/01 16:14:11.32,223.32,-31.71,-57.20,-59.97,56.17,-9.68,-0.96
2024/01/01 16:14:11.33,223.33,-31.71,-57.20,-59.97,56.22,-9.67,-0.97
2024/01/01 16:14:11.34,223.34,-31.70,-57.20,-59.96,56.27,-9.65,-0.97
2024/01/01 16:14:11.35,223.35,-31.70,-57.20,-59.95,56.27,-9.61,-0.98
2024/01/01 16:14:11.36,223.36,-31.70,-57.20,-59.95,56.25,-9.58,-0.99
2024/01/01 16:14:11.37,223.37,-31.70,-57.21,-59.95,56.21,-9.57,-0.98
2024/01/01 16:14:11.38,223.38,-31.69,-57.21,-59.95,56.16,-9.58,-0.96
2024/01/01 16:14:11.39,223.39,-31.69,-57.21,-59.94,56.12,-9.59,-0.94
2024/01/01 16:14:11.40,223.40,-31.69,-57.21,-59.94,56.10,-9.61,-0.93
2024/01/01 16:14:11.41,223.41,-31.69,-57.21,-59.94,56.11,-9.62,-0.95
2024/01/01 16:14:11.42,223.42,-31.69,-57.21,-59.94,56.14,-9.61,-0.95
2024/01/01 16:14:11.43,223.43,-31.69,-57.21,-59.95,56.19,-9.58,-0.94
2024/01/01 16:14:11.44,223.44,-31.69,-57.21,-59.95,56.24,-9.56,-0.93
2024/01/01 16:14:11.45,223.45,-31.69,-57.21,-59.95,56.27,-9.56,-0.94
2024/01/01 16:14:11.46,223.46,-31.69,-57.21,-59.94,56.27,-9.56,-0.95
2024/01/01 16:14:11.47,223.47,-31.68,-57.21,-59.94,56.25,-9.57,-0.96
2024/01/01 16:14:11.48,223.48,-31.68,-57.21,-59.94,56.24,-9.60,-0.97
2024/01/01 16:14:11.49,223.49,-31.67,-57.21,-59.95,56.24,-9.62,-0.95
2024/01/01 16:14:11.50,223.50,-31.66,-57.22,-59.94,56.23,-9.63,-0.93
2024/01/01 16:14:11.51,223.51,-31.66,-57.22,-59.94,56.22,-9.63,-0.93
2024/01/01 16:14:11.52,223.52,-31.66,-57.22,-59.94,56.22,-9.63,-0.94
2024/01/01 16:14:11.53,223.53,-31.66,-57.22,-59.94,56.21,-9.61,-0.93
2024/01/01 16:14:11.54,223.54,-31.66,-57.22,-59.94,56.22,-9.60,-0.92
2024/01/01 16:14:11.55,223.55,-31.65,-57.23,-59.94,56.23,-9.61,-0.92
2024/01/01 16:14:11.56,223.56,-31.65,-57.23,-59.93,56.24,-9.62,-0.94
2024/01/01 16:14:11.57,223.57,-31.65,-57.24,-59.93,56.24,-9.63,-0.97
2024/01/01 16:14:11.58,223.58,-31.65,-57.24,-59.93,56.25,-9.63,-0.98
2024/01/01 16:14:11.59,223.59,-31.66,-57.23,-59.93,56.27,-9.62,-0.96
2024/01/01 16:14:11.60,223.60,-31.66,-57.23,-59.93,56.30,-9.61,-0.94
2024/01/01 16:14:11.61,223.61,-31.65,-57.24,-59.92,56.30,-9.60,-0.92
2024/01/01 16:14:11.62,223.62,-31.65,-57.23,-59.92,56.28,-9.61,-0.92
2024/01/01 16:14:11.63,223.63,-31.64,-57.23,-59.91,56.23,-9.63,-0.92
2024/01/01 16:14:11.64,223.64,-31.64,-57.23,-59.91,56.21,-9.67,-0.91
2024/01/01 16:14:11.65,223.65,-31.64,-57.23,-59.91,56.22,-9.70,-0.89
2024/01/01 16:14:11.66,223.66,-31.64,-57.23,-59.91,56.26,-9.71,-0.90
2024/01/01 16:14:11.67,223.67,-31.64,-57.23,-59.91,56.30,-9.68,-0.92
2024/01/01 16:14:11.68,223.68,-31.64,-57.23,-59.91,56.31,-9.63,-0.92
2024/01/01 16:14:11.69,223.69,-31.64,-57.23,-59.91,56.29,-9.59,-0.92
2024/01/01 16:14:11.70,223.70,-31.64,-57.24,-59.91,56.27,-9.57,-0.92
2024/01/01 16:14:11.71,223.71,-31.63,-57.24,-59.91,56.26,-9.57,-0.91
2024/01/01 16:14:11.72,223.72,-31.62,-57.24,-59.91,56.26,-9.58,-0.90
2024/01/01 16:14:11.73,223.73,-31.62,-57.24,-59.91,56.26,-9.59,-0.90
2024/01/01 16:14:11.74,223.74,-31.63,-57.25,-59.90,56.27,-9.59,-0.93
2024/01/01 16:14:11.75,223.75,-31.63,-57.25,-59.90,56.26,-9.59,-0.94
2024/01/01 16:14:11.76,223.76,-31.63,-57.25,-59.90,56.26,-9.60,-0.93
2024/01/01 16:14:11.77,223.77,-31.63,-57.25,-59.90,56.27,-9.62,-0.91
2024/01/01 16:14:11.78,223.78,-31.63,-57.25,-59.90,56.28,-9.64,-0.90
2024/01/01 16:14:11.79,223.79,-31.63,-57.26,-59.90,56.28,-9.65,-0.89
2024/01/01 16:14:11.80,223.80,-31.63,-57.26,-59.90,56.29,-9.66,-0.90
2024/01/01 16:14:11.81,223.81,-31.63,-57.27,-59.89,56.31,-9.67,-0.90
2024/01/01 16:14:11.82,223.82,-31.63,-57.27,-59.89,56.32,-9.68,-0.90
2024/01/01 16:14:11.83,223.83,-31.63,-57.27,-59.89,56.31,-9.71,-0.91
2024/01/01 16:14:11.84,223.84,-31.64,-57.28,-59.89,56.28,-9.72,-0.92
2024/01/01 16:14:11.85,223.85,-31.64,-57.28,-59.89,56.26,-9.73,-0.91
2024/01/01 16:14:11.86,223.86,-31.65,-57.28,-59.89,56.26,-9.73,-0.88
2024/01/01 16:14:11.87,223.87,-31.64,-57.28,-59.89,56.27,-9.71,-0.88
2024/01/01 16:14:11.88,223.88,-31.64,-57.29,-59.89,56.29,-9.68,-0.88
2024/01/01 16:14:11.89,223.89,-31.65,-57.29,-59.88,56.30,-9.66,-0.89
2024/01/01 16:14:11.90,223.90,-31.65,-57.29,-59.88,56.30,-9.65,-0.91
2024/01/01 16:14:11.91,223.91,-31.65,-57.29,-59.88,56.28,-9.64,-0.94
2024/01/01 16:14:11.92,223.92,-31.65,-57.29,-59.88,56.27,-9.65,-0.93
2024/01/01 16:14:11.93,223.93,-31.64,-57.29,-59.88,56.26,-9.67,-0.89
2024/01/01 16:14:11.94,223.94,-31.64,-57.29,-59.88,56.24,-9.70,-0.86
2024/01/01 16:14:11.95,223.95,-31.63,-57.29,-59.88,56.23,-9.72,-0.87
2024/01/01 16:14:11.96,223.96,-31.64,-57.30,-59.89,56.23,-9.73,-0.89
2024/01/01 16:14:11.97,223.97,-31.64,-57.30,-59.89,56.25,-9.71,-0.89
2024/01/01 16:14:11.98,223.98,-31.65,-57.30,-59.89,56.27,-9.69,-0.91
2024/01/01 16:14:11.99,223.99,-31.66,-57.30,-59.89,56.28,-9.67,-0.93
2024/01/01 16:14:12.00,224.00,-31.66,-57.30,-59.89,56.27,-9.66,-0.93
2024/01/01 16:14:12.01,224.01,-31.66,-57.30,-59.88,56.25,-9.65,-0.91
2024/01/01 16:14:12.02,224.02,-31.67,-57.31,-59.88,56.24,-9.65,-0.89
2024/01/01 16:14:12.03,224.03,-31.67,-57.31,-59.87,56.25,-9.66,-0.86
2024/01/01 16:14:12.04,224.04,-31.68,-57.31,-59.87,56.27,-9.68,-0.84
2024/01/01 16:14:12.05,224.05,-31.68,-57.31,-59.87,56.30,-9.71,-0.85
2024/01/01 16:14:12.06,224.06,-31.69,-57.32,-59.87,56.30,-9.73,-0.86
2024/01/01 16:14:12.07,224.07,-31.69,-57.32,-59.86,56.28,-9.75,-0.87
2024/01/01 16:14:12.08,224.08,-31.70,-57.33,-59.86,56.24,-9.77,-0.88
2024/01/01 16:14:12.09,224.09,-31.70,-57.33,-59.86,56.21,-9.77,-0.88
2024/01/01 16:14:12.10,224.10,-31.70,-57.33,-59.86,56.19,-9.75,-0.89
2024/01/01 16:14:12.11,224.11,-31.70,-57.33,-59.86,56.19,-9.74,-0.88
2024/01/01 16:14:12.12,224.12,-31.70,-57.32,-59.85,56.20,-9.74,-0.86
2024/01/01 16:14:12.13,224.13,-31.70,-57.32,-59.85,56.20,-9.73,-0.85
2024/01/01 16:14:12.14,224.14,-31.70,-57.32,-59.84,56.19,-9.72,-0.87
2024/01/01 16:14:12.15,224.15,-31.69,-57.32,-59.84,56.17,-9.71,-0.87
2024/01/01 16:14:12.16,224.16,-31.69,-57.32,-59.84,56.16,-9.72,-0.87
2024/01/01 16:14:12.17,224.17,-31.69,-57.32,-59.84,56.16,-9.74,-0.87
2024/01/01 16:14:12.18,224.18,-31.68,-57.32,-59.85,56.18,-9.76,-0.86
2024/01/01 16:14:12.19,224.19,-31.68,-57.32,-59.85,56.22,-9.76,-0.86
2024/01/01 16:14:12.20,224.20,-31.68,-57.31,-59.85,56.24,-9.75,-0.86
2024/01/01 16:14:12.21,224.21,-31.69,-57.31,-59.85,56.26,-9.73,-0.87
2024/01/01 16:14:12.22,224.22,-31.69,-57.32,-59.85,56.26,-9.70,-0.88
2024/01/01 16:14:12.23,224.23,-31.69,-57.32,-59.84,56.26,-9.67,-0.88
2024/01/01 16:14:12.24,224.24,-31.69,-57.32,-59.84,56.27,-9.66,-0.87
2024/01/01 16:14:12.25,224.25,-31.68,-57.32,-59.84,56.28,-9.66,-0.84
2024/01/01 16:14:12.26,224.26,-31.67,-57.32,-59.83,56.29,-9.67,-0.80
2024/01/01 16:14:12.27,224.27,-31.67,-57.32,-59.82,56.30,-9.67,-0.80
2024/01/01 16:14:12.28,224.28,-31.67,-57.31,-59.82,56.29,-9.66,-0.83
2024/01/01 16:14:12.29,224.29,-31.67,-57.31,-59.82,56.28,-9.64,-0.86
2024/01/01 16:14:12.30,224.30,-31.67,-57.31,-59.82,56.26,-9.65,-0.86
2024/01/01 16:14:12.31,224.31,-31.67,-57.30,-59.82,56.22,-9.68,-0.86
2024/01/01 16:14:12.32,224.32,-31.67,-57.30,-59.81,56.19,-9.72,-0.86
2024/01/01 16:14:12.33,224.33,-31.67,-57.30,-59.81,56.18,-9.77,-0.86
2024/01/01 16:14:12.34,224.34,-31.67,-57.30,-59.81,56.19,-9.80,-0.83
2024/01/01 16:14:12.35,224.35,-31.67,-57.31,-59.80,56.22,-9.80,-0.78
2024/01/01 16:14:12.36,224.36,-31.66,-57.32,-59.80,56.25,-9.78,-0.76
2024/01/01 16:14:12.37,224.37,-31.67,-57.32,-59.79,56.27,-9.74,-0.79
2024/01/01 16:14:12.38,224.38,-31.67,-57.32,-59.79,56.28,-9.70,-0.81
2024/01/01 16:14:12.39,224.39,-31.68,-57.32,-59.79,56.27,-9.68,-0.81
2024/01/01 16:14:12.40,224.40,-31.68,-57.32,-59.79,56.26,-9.68,-0.80
2024/01/01 16:14:12.41,224.41,-31.68,-57.32,-59.79,56.25,-9.68,-0.80
2024/01/01 16:14:12.42,224.42,-31.67,-57.32,-59.79,56.24,-9.68,-0.80
2024/01/01 16:14:12.43,224.43,-31.67,-57.33,-59.79,56.24,-9.68,-0.80
2024/01/01 16:14:12.44,224.44,-31.67,-57.33,-59.79,56.26,-9.69,-0.80
2024/01/01 16:14:12.45,224.45,-31.67,-57.33,-59.79,56.28,-9.71,-0.80
2024/01/01 16:14:12.46,224.46,-31.67,-57.33,-59.79,56.29,-9.74,-0.80
2024/01/01 16:14:12.47,224.47,-31.67,-57.33,-59.79,56.27,-9.76,-0.81
2024/01/01 16:14:12.48,224.48,-31.67,-57.32,-59.79,56.25,-9.75,-0.81
2024/01/01 16:14:12.49,224.49,-31.67,-57.32,-59.79,56.22,-9.73,-0.81
2024/01/01 16:14:12.50,224.50,-31.67,-57.32,-59.79,56.21,-9.69,-0.81
2024/01/01 16:14:12.51,224.51,-31.67,-57.32,-59.79,56.23,-9.67,-0.81
2024/01/01 16:14:12.52,224.52,-31.67,-57.32,-59.79,56.26,-9.67,-0.80
2024/01/01 16:14:12.53,224.53,-31.67,-57.32,-59.79,56.26,-9.70,-0.79
2024/01/01 16:14:12.54,224.54,-31.67,-57.33,-59.78,56.26,-9.73,-0.78
2024/01/01 16:14:12.55,224.55,-31.67,-57.33,-59.78,56.26,-9.74,-0.78
2024/01/01 16:14:12.56,224.56,-31.66,-57.33,-59.78,56.26,-9.75,-0.79
2024/01/01 16:14:12.57,224.57,-31.66,-57.33,-59.78,56.26,-9.76,-0.81
2024/01/01 16:14:12.58,224.58,-31.66,-57.33,-59.78,56.27,-9.75,-0.82
2024/01/01 16:14:12.59,224.59,-31.65,-57.33,-59.78,56.27,-9.74,-0.82
2024/01/01 16:14:12.60,224.60,-31.65,-57.33,-59.78,56.26,-9.73,-0.80
2024/01/01 16:14:12.61,224.61,-31.65,-57.33,-59.78,56.25,-9.74,-0.79
2024/01/01 16:14:12.62,224.62,-31.65,-57.33,-59.77,56.23,-9.74,-0.79
2024/01/01 16:14:12.63,224.63,-31.66,-57.33,-59.77,56.24,-9.74,-0.79
2024/01/01 16:14:12.64,224.64,-31.66,-57.34,-59.77,56.26,-9.74,-0.79
2024/01/01 16:14:12.65,224.65,-31.66,-57.34,-59.77,56.30,-9.73,-0.76
2024/01/01 16:14:12.66,224.66,-31.65,-57.34,-59.77,56.33,-9.72,-0.74
2024/01/01 16:14:12.67,224.67,-31.65,-57.33,-59.77,56.34,-9.72,-0.75
2024/01/01 16:14:12.68,224.68,-31.65,-57.33,-59.77,56.33,-9.72,-0.77
2024/01/01 16:14:12.69,224.69,-31.65,-57.32,-59.76,56.31,-9.72,-0.78
2024/01/01 16:14:12.70,224.70,-31.65,-57.32,-59.76,56.30,-9.72,-0.80
2024/01/01 16:14:12.71,224.71,-31.65,-57.33,-59.76,56.29,-9.72,-0.81
2024/01/01 16:14:12.72,224.72,-31.65,-57.33,-59.75,56.29,-9.71,-0.79
2024/01/01 16:14:12.73,224.73,-31.64,-57.33,-59.75,56.28,-9.70,-0.77
2024/01/01 16:14:12.74,224.74,-31.63,-57.33,-59.75,56.28,-9.70,-0.75
2024/01/01 16:14:12.75,224.75,-31.63,-57.33,-59.75,56.28,-9.71,-0.74
2024/01/01 16:14:12.76,224.76,-31.62,-57.33,-59.74,56.27,-9.72,-0.73
2024/01/01 16:14:12.77,224.77,-31.62,-57.32,-59.74,56.27,-9.72,-0.74
2024/01/01 16:14:12.78,224.78,-31.63,-57.32,-59.74,56.27,-9.71,-0.76
2024/01/01 16:14:12.79,224.79,-31.63,-57.32,-59.74,56.27,-9.70,-0.78
2024/01/01 16:14:12.80,224.80,-31.64,-57.31,-59.74,56.27,-9.70,-0.79
2024/01/01 16:14:12.81,224.81,-31.64,-57.32,-59.74,56.27,-9.71,-0.78
2024/01/01 16:14:12.82,224.82,-31.63,-57.32,-59.73,56.29,-9.72,-0.75
2024/01/01 16:14:12.83,224.83,-31.63,-57.32,-59.73,56.31,-9.74,-0.73
2024/01/01 16:14:12.84,224.84,-31.63,-57.32,-59.73,56.34,-9.75,-0.72
2024/01/01 16:14:12.85,224.85,-31.63,-57.32,-59.73,56.36,-9.74,-0.72
2024/01/01 16:14:12.86,224.86,-31.63,-57.32,-59.73,56.36,-9.72,-0.72
2024/01/01 16:14:12.87,224.87,-31.63,-57.32,-59.73,56.34,-9.69,-0.73
2024/01/01 16:14:12.88,224.88,-31.63,-57.32,-59.73,56.30,-9.67,-0.75
2024/01/01 16:14:12.89,224.89,-31.62,-57.32,-59.73,56.27,-9.65,-0.75
2024/01/01 16:14:12.90,224.90,-31.62,-57.32,-59.73,56.26,-9.64,-0.75
2024/01/01 16:14:12.91,224.91,-31.62,-57.32,-59.73,56.28,-9.65,-0.76
2024/01/01 16:14:12.92,224.92,-31.62,-57.32,-59.73,56.31,-9.67,-0.76
2024/01/01 16:14:12.93,224.93,-31.61,-57.32,-59.73,56.33,-9.71,-0.76
2024/01/01 16:14:12.94,224.94,-31.61,-57.32,-59.73,56.34,-9.75,-0.76
2024/01/01 16:14:12.95,224.95,-31.60,-57.32,-59.73,56.33,-9.78,-0.75
2024/01/01 16:14:12.96,224.96,-31.59,-57.31,-59.73,56.32,-9.79,-0.74
2024/01/01 16:14:12.97,224.97,-31.59,-57.31,-59.73,56.32,-9.79,-0.74
2024/01/01 16:14:12.98,224.98,-31.59,-57.32,-59.73,56.32,-9.76,-0.75
2024/01/01 16:14:12.99,224.99,-31.59,-57.32,-59.73,56.33,-9.71,-0.76
2024/01/01 16:14:13.00,225.00,-31.59,-57.32,-59.73,56.34,-9.68,-0.77
2024/01/01 16:14:13.01,225.01,-31.59,-57.32,-59.73,56.33,-9.65,-0.77
2024/01/01 16:14:13.02,225.02,-31.59,-57.33,-59.73,56.33,-9.65,-0.76
2024/01/01 16:14:13.03,225.03,-31.59,-57.33,-59.74,56.32,-9.65,-0.75
2024/01/01 16:14:13.04,225.04,-31.59,-57.33,-59.74,56.32,-9.66,-0.74
2024/01/01 16:14:13.05,225.05,-31.58,-57.33,-59.74,56.34,-9.68,-0.73
2024/01/01 16:14:13.06,225.06,-31.58,-57.33,-59.74,56.37,-9.70,-0.74
2024/01/01 16:14:13.07,225.07,-31.58,-57.33,-59.74,56.41,-9.71,-0.76
2024/01/01 16:14:13.08,225.08,-31.58,-57.33,-59.74,56.42,-9.70,-0.77
2024/01/01 16:14:13.09,225.09,-31.58,-57.33,-59.74,56.41,-9.70,-0.77
2024/01/01 16:14:13.10,225.10,-31.58,-57.33,-59.74,56.37,-9.71,-0.78
2024/01/01 16:14:13.11,225.11,-31.58,-57.33,-59.73,56.34,-9.73,-0.79
2024/01/01 16:14:13.12,225.12,-31.57,-57.33,-59.73,56.32,-9.74,-0.77
2024/01/01 16:14:13.13,225.13,-31.57,-57.33,-59.74,56.32,-9.76,-0.76
2024/01/01 16:14:13.14,225.14,-31.57,-57.34,-59.74,56.33,-9.76,-0.75
2024/01/01 16:14:13.15,225.15,-31.57,-57.34,-59.74,56.33,-9.75,-0.75
2024/01/01 16:14:13.16,225.16,-31.57,-57.35,-59.74,56.34,-9.73,-0.77
2024/01/01 16:14:13.17,225.17,-31.57,-57.35,-59.74,56.35,-9.71,-0.80
2024/01/01 16:14:13.18,225.18,-31.57,-57.36,-59.75,56.37,-9.71,-0.79
2024/01/01 16:14:13.19,225.19,-31.57,-57.36,-59.75,56.39,-9.72,-0.77
2024/01/01 16:14:13.20,225.20,-31.56,-57.37,-59.75,56.40,-9.74,-0.77
2024/01/01 16:14:13.21,225.21,-31.56,-57.37,-59.75,56.39,-9.74,-0.77
2024/01/01 16:14:13.22,225.22,-31.56,-57.37,-59.75,56.37,-9.74,-0.77
2024/01/01 16:14:13.23,225.23,-31.56,-57.37,-59.75,56.36,-9.75,-0.77
2024/01/01 16:14:13.24,225.24,-31.56,-57.36,-59.76,56.35,-9.76,-0.78
2024/01/01 16:14:13.25,225.25,-31.56,-57.36,-59.76,56.36,-9.76,-0.79
2024/01/01 16:14:13.26,225.26,-31.56,-57.35,-59.76,56.36,-9.75,-0.80
2024/01/01 16:14:13.27,225.27,-31.56,-57.35,-59.76,56.35,-9.74,-0.80
2024/01/01 16:14:13.28,225.28,-31.56,-57.36,-59.76,56.37,-9.73,-0.80
2024/01/01 16:14:13.29,225.29,-31.56,-57.36,-59.77,56.39,-9.74,-0.78
2024/01/01 16:14:13.30,225.30,-31.57,-57.37,-59.76,56.41,-9.75,-0.76
2024/01/01 16:14:13.31,225.31,-31.57,-57.37,-59.76,56.42,-9.76,-0.76
2024/01/01 16:14:13.32,225.32,-31.57,-57.37,-59.76,56.41,-9.76,-0.78
2024/01/01 16:14:13.33,225.33,-31.57,-57.37,-59.76,56.39,-9.74,-0.80
2024/01/01 16:14:13.34,225.34,-31.57,-57.37,-59.76,56.36,-9.73,-0.79
2024/01/01 16:14:13.35,225.35,-31.57,-57.37,-59.76,56.34,-9.73,-0.78
2024/01/01 16:14:13.36,225.36,-31.56,-57.37,-59.76,56.33,-9.74,-0.77
2024/01/01 16:14:13.37,225.37,-31.56,-57.38,-59.76,56.33,-9.77,-0.78
2024/01/01 16:14:13.38,225.38,-31.56,-57.39,-59.77,56.33,-9.78,-0.80
2024/01/01 16:14:13.39,225.39,-31.57,-57.39,-59.77,56.32,-9.78,-0.80
2024/01/01 16:14:13.40,225.40,-31.57,-57.39,-59.77,56.33,-9.76,-0.81
2024/01/01 16:14:13.41,225.41,-31.57,-57.38,-59.77,56.34,-9.73,-0.82
2024/01/01 16:14:13.42,225.42,-31.57,-57.38,-59.78,56.37,-9.72,-0.83
2024/01/01 16:14:13.43,225.43,-31.57,-57.38,-59.78,56.40,-9.71,-0.81
2024/01/01 16:14:13.44,225.44,-31.57,-57.38,-59.78,56.41,-9.72,-0.79
2024/01/01 16:14:13.45,225.45,-31.57,-57.38,-59.79,56.41,-9.75,-0.77
2024/01/01 16:14:13.46,225.46,-31.57,-57.38,-59.79,56.39,-9.78,-0.79
2024/01/01 16:14:13.47,225.47,-31.57,-57.38,-59.79,56.38,-9.81,-0.80
2024/01/01 16:14:13.48,225.48,-31.57,-57.38,-59.78,56.37,-9.83,-0.80
2024/01/01 16:14:13.49,225.49,-31.57,-57.38,-59.79,56.37,-9.83,-0.81
2024/01/01 16:14:13.50,225.50,-31.57,-57.38,-59.79,56.36,-9.81,-0.82
2024/01/01 16:14:13.51,225.51,-31.57,-57.39,-59.80,56.36,-9.77,-0.82
2024/01/01 16:14:13.52,225.52,-31.56,-57.39,-59.80,56.36,-9.74,-0.82
2024/01/01 16:14:13.53,225.53,-31.56,-57.39,-59.80,56.36,-9.72,-0.82
2024/01/01 16:14:13.54,225.54,-31.56,-57.38,-59.80,56.37,-9.71,-0.83
2024/01/01 16:14:13.55,225.55,-31.56,-57.38,-59.81,56.38,-9.73,-0.83
2024/01/01 16:14:13.56,225.56,-31.56,-57.38,-59.81,56.37,-9.76,-0.83
2024/01/01 16:14:13.57,225.57,-31.56,-57.38,-59.82,56.34,-9.78,-0.82
2024/01/01 16:14:13.58,225.58,-31.57,-57.37,-59.83,56.32,-9.80,-0.84
2024/01/01 16:14:13.59,225.59,-31.57,-57.37,-59.83,56.31,-9.80,-0.88
2024/01/01 16:14:13.60,225.60,-31.57,-57.37,-59.83,56.33,-9.78,-0.88
2024/01/01 16:14:13.61,225.61,-31.58,-57.37,-59.84,56.37,-9.77,-0.87
2024/01/01 16:14:13.62,225.62,-31.58,-57.37,-59.84,56.40,-9.75,-0.87
2024/01/01 16:14:13.63,225.63,-31.58,-57.36,-59.85,56.41,-9.71,-0.87
2024/01/01 16:14:13.64,225.64,-31.58,-57.36,-59.85,56.40,-9.69,-0.87
2024/01/01 16:14:13.65,225.65,-31.58,-57.35,-59.85,56.38,-9.68,-0.85
2024/01/01 16:14:13.66,225.66,-31.58,-57.35,-59.85,56.35,-9.70,-0.85
2024/01/01 16:14:13.67,225.67,-31.59,-57.34,-59.85,56.34,-9.73,-0.86
2024/01/01 16:14:13.68,225.68,-31.59,-57.34,-59.84,56.34,-9.75,-0.87
2024/01/01 16:14:13.69,225.69,-31.59,-57.34,-59.84,56.35,-9.77,-0.86
2024/01/01 16:14:13.70,225.70,-31.59,-57.34,-59.85,56.35,-9.77,-0.86
2024/01/01 16:14:13.71,225.71,-31.58,-57.34,-59.85,56.34,-9.75,-0.85
2024/01/01 16:14:13.72,225.72,-31.57,-57.34,-59.86,56.33,-9.73,-0.85
2024/01/01 16:14:13.73,225.73,-31.57,-57.33,-59.86,56.32,-9.71,-0.86
2024/01/01 16:14:13.74,225.74,-31.57,-57.33,-59.87,56.33,-9.68,-0.88
2024/01/01 16:14:13.75,225.75,-31.58,-57.32,-59.87,56.33,-9.66,-0.90
2024/01/01 16:14:13.76,225.76,-31.58,-57.32,-59.87,56.32,-9.64,-0.92
2024/01/01 16:14:13.77,225.77,-31.59,-57.32,-59.88,56.30,-9.63,-0.94
2024/01/01 16:14:13.78,225.78,-31.59,-57.32,-59.88,56.29,-9.64,-0.93
2024/01/01 16:14:13.79,225.79,-31.59,-57.31,-59.89,56.29,-9.67,-0.91
2024/01/01 16:14:13.80,225.80,-31.59,-57.31,-59.90,56.32,-9.70,-0.89
2024/01/01 16:14:13.81,225.81,-31.58,-57.31,-59.90,56.36,-9.74,-0.88
2024/01/01 16:14:13.82,225.82,-31.58,-57.30,-59.90,56.39,-9.76,-0.89
2024/01/01 16:14:13.83,225.83,-31.58,-57.30,-59.91,56.40,-9.76,-0.91
2024/01/01 16:14:13.84,225.84,-31.57,-57.31,-59.92,56.39,-9.74,-0.93
2024/01/01 16:14:13.85,225.85,-31.57,-57.31,-59.93,56.37,-9.72,-0.95
2024/01/01 16:14:13.86,225.86,-31.57,-57.31,-59.93,56.36,-9.69,-0.97
2024/01/01 16:14:13.87,225.87,-31.58,-57.31,-59.92,56.36,-9.66,-0.98
2024/01/01 16:14:13.88,225.88,-31.58,-57.30,-59.92,56.34,-9.65,-0.99
2024/01/01 16:14:13.89,225.89,-31.59,-57.30,-59.92,56.33,-9.64,-0.98
2024/01/01 16:14:13.90,225.90,-31.59,-57.30,-59.92,56.32,-9.64,-0.95
2024/01/01 16:14:13.91,225.91,-31.59,-57.29,-59.91,56.30,-9.66,-0.90
2024/01/01 16:14:13.92,225.92,-31.59,-57.29,-59.90,56.27,-9.67,-0.86
2024/01/01 16:14:13.93,225.93,-31.59,-57.29,-59.90,56.28,-9.68,-0.86
2024/01/01 16:14:13.94,225.94,-31.59,-57.29,-59.90,56.31,-9.68,-0.89
2024/01/01 16:14:13.95,225.95,-31.59,-57.28,-59.90,56.33,-9.68,-0.91
2024/01/01 16:14:13.96,225.96,-31.59,-57.28,-59.90,56.35,-9.69,-0.91
2024/01/01 16:14:13.97,225.97,-31.60,-57.28,-59.90,56.34,-9.69,-0.93
2024/01/01 16:14:13.98,225.98,-31.61,-57.28,-59.91,56.32,-9.69,-0.95
2024/01/01 16:14:13.99,225.99,-31.61,-57.27,-59.91,56.32,-9.67,-0.95
2024/01/01 16:14:14.00,226.00,-31.62,-57.27,-59.91,56.32,-9.66,-0.92
2024/01/01 16:14:14.01,226.01,-31.62,-57.27,-59.90,56.33,-9.65,-0.88
2024/01/01 16:14:14.02,226.02,-31.63,-57.27,-59.90,56.32,-9.64,-0.88
2024/01/01 16:14:14.03,226.03,-31.64,-57.27,-59.89,56.30,-9.61,-0.89
2024/01/01 16:14:14.04,226.04,-31.64,-57.26,-59.89,56.26,-9.58,-0.88
2024/01/01 16:14:14.05,226.05,-31.64,-57.26,-59.90,56.24,-9.58,-0.88
2024/01/01 16:14:14.06,226.06,-31.64,-57.26,-59.90,56.23,-9.59,-0.88
2024/01/01 16:14:14.07,226.07,-31.64,-57.26,-59.90,56.25,-9.62,-0.90
2024/01/01 16:14:14.08,226.08,-31.65,-57.26,-59.91,56.27,-9.66,-0.93
2024/01/01 16:14:14.09,226.09,-31.65,-57.26,-59.91,56.28,-9.70,-0.95
2024/01/01 16:14:14.10,226.10,-31.65,-57.26,-59.91,56.28,-9.72,-0.95
2024/01/01 16:14:14.11,226.11,-31.65,-57.25,-59.91,56.26,-9.73,-0.93
2024/01/01 16:14:14.12,226.12,-31.65,-57.26,-59.90,56.24,-9.72,-0.90
2024/01/01 16:14:14.13,226.13,-31.66,-57.26,-59.90,56.22,-9.69,-0.88
2024/01/01 16:14:14.14,226.14,-31.66,-57.26,-59.90,56.20,-9.65,-0.88
2024/01/01 16:14:14.15,226.15,-31.66,-57.27,-59.89,56.20,-9.62,-0.88
2024/01/01 16:14:14.16,226.16,-31.66,-57.27,-59.89,56.22,-9.60,-0.89
2024/01/01 16:14:14.17,226.17,-31.66,-57.27,-59.89,56.24,-9.59,-0.89
2024/01/01 16:14:14.18,226.18,-31.65,-57.26,-59.89,56.25,-9.60,-0.91
2024/01/01 16:14:14.19,226.19,-31.65,-57.25,-59.89,56.25,-9.61,-0.92
2024/01/01 16:14:14.20,226.20,-31.65,-57.25,-59.89,56.24,-9.63,-0.92
2024/01/01 16:14:14.21,226.21,-31.65,-57.25,-59.89,56.25,-9.66,-0.91
2024/01/01 16:14:14.22,226.22,-31.65,-57.24,-59.89,56.28,-9.70,-0.89
2024/01/01 16:14:14.23,226.23,-31.65,-57.24,-59.88,56.31,-9.72,-0.88
2024/01/01 16:14:14.24,226.24,-31.64,-57.24,-59.88,56.32,-9.72,-0.88
2024/01/01 16:14:14.25,226.25,-31.64,-57.24,-59.88,56.30,-9.71,-0.89
2024/01/01 16:14:14.26,226.26,-31.64,-57.24,-59.88,56.26,-9.68,-0.89
2024/01/01 16:14:14.27,226.27,-31.64,-57.23,-59.87,56.22,-9.63,-0.86
2024/01/01 16:14:14.28,226.28,-31.64,-57.23,-59.87,56.20,-9.58,-0.85
2024/01/01 16:14:14.29,226.29,-31.65,-57.23,-59.86,56.23,-9.53,-0.86
2024/01/01 16:14:14.30,226.30,-31.64,-57.23,-59.86,56.28,-9.52,-0.88
2024/01/01 16:14:14.31,226.31,-31.63,-57.24,-59.86,56.32,-9.52,-0.88
2024/01/01 16:14:14.32,226.32,-31.63,-57.24,-59.86,56.33,-9.55,-0.87
2024/01/01 16:14:14.33,226.33,-31.63,-57.24,-59.86,56.31,-9.58,-0.85
2024/01/01 16:14:14.34,226.34,-31.63,-57.23,-59.86,56.28,-9.61,-0.86
2024/01/01 16:14:14.35,226.35,-31.63,-57.23,-59.85,56.25,-9.63,-0.87
2024/01/01 16:14:14.36,226.36,-31.63,-57.22,-59.85,56.24,-9.63,-0.87
2024/01/01 16:14:14.37,226.37,-31.63,-57.21,-59.85,56.24,-9.63,-0.86
2024/01/01 16:14:14.38,226.38,-31.63,-57.21,-59.84,56.24,-9.63,-0.85
2024/01/01 16:14:14.39,226.39,-31.64,-57.21,-59.83,56.25,-9.63,-0.83
2024/01/01 16:14:14.40,226.40,-31.64,-57.21,-59.82,56.26,-9.63,-0.81
2024/01/01 16:14:14.41,226.41,-31.64,-57.21,-59.82,56.28,-9.62,-0.80
2024/01/01 16:14:14.42,226.42,-31.64,-57.22,-59.82,56.30,-9.61,-0.80
2024/01/01 16:14:14.43,226.43,-31.65,-57.22,-59.82,56.31,-9.61,-0.79
2024/01/01 16:14:14.44,226.44,-31.65,-57.23,-59.82,56.29,-9.61,-0.79
2024/01/01 16:14:14.45,226.45,-31.65,-57.23,-59.81,56.26,-9.60,-0.80
2024/01/01 16:14:14.46,226.46,-31.65,-57.23,-59.81,56.25,-9.58,-0.83
2024/01/01 16:14:14.47,226.47,-31.65,-57.23,-59.81,56.25,-9.57,-0.85
2024/01/01 16:14:14.48,226.48,-31.65,-57.23,-59.81,56.26,-9.57,-0.85
2024/01/01 16:14:14.49,226.49,-31.64,-57.24,-59.81,56.27,-9.59,-0.83
2024/01/01 16:14:14.50,226.50,-31.64,-57.24,-59.81,56.27,-9.60,-0.81
2024/01/01 16:14:14.51,226.51,-31.64,-57.24,-59.81,56.26,-9.61,-0.80
2024/01/01 16:14:14.52,226.52,-31.64,-57.24,-59.81,56.25,-9.62,-0.79
2024/01/01 16:14:14.53,226.53,-31.64,-57.24,-59.81,56.26,-9.63,-0.78
2024/01/01 16:14:14.54,226.54,-31.64,-57.24,-59.81,56.27,-9.64,-0.80
2024/01/01 16:14:14.55,226.55,-31.65,-57.24,-59.81,56.30,-9.63,-0.84
2024/01/01 16:14:14.56,226.56,-31.65,-57.23,-59.81,56.32,-9.61,-0.85
2024/01/01 16:14:14.57,226.57,-31.65,-57.22,-59.81,56.33,-9.59,-0.86
2024/01/01 16:14:14.58,226.58,-31.65,-57.22,-59.82,56.32,-9.59,-0.85
2024/01/01 16:14:14.59,226.59,-31.64,-57.22,-59.81,56.31,-9.61,-0.82
2024/01/01 16:14:14.60,226.60,-31.63,-57.22,-59.81,56.28,-9.65,-0.80
2024/01/01 16:14:14.61,226.61,-31.63,-57.23,-59.81,56.26,-9.70,-0.79
2024/01/01 16:14:14.62,226.62,-31.63,-57.23,-59.81,56.25,-9.73,-0.81
2024/01/01 16:14:14.63,226.63,-31.64,-57.23,-59.81,56.25,-9.72,-0.83
2024/01/01 16:14:14.64,226.64,-31.65,-57.22,-59.81,56.25,-9.67,-0.83
2024/01/01 16:14:14.65,226.65,-31.65,-57.22,-59.81,56.25,-9.61,-0.83
2024/01/01 16:14:14.66,226.66,-31.65,-57.21,-59.81,56.24,-9.54,-0.82
2024/01/01 16:14:14.67,226.67,-31.65,-57.21,-59.81,56.23,-9.50,-0.81
2024/01/01 16:14:14.68,226.68,-31.64,-57.21,-59.80,56.23,-9.49,-0.80
2024/01/01 16:14:14.69,226.69,-31.64,-57.21,-59.80,56.25,-9.52,-0.79
2024/01/01 16:14:14.70,226.70,-31.64,-57.21,-59.80,56.30,-9.55,-0.79
2024/01/01 16:14:14.71,226.71,-31.65,-57.21,-59.80,56.33,-9.58,-0.82
2024/01/01 16:14:14.72,226.72,-31.64,-57.20,-59.80,56.33,-9.59,-0.84
2024/01/01 16:14:14.73,226.73,-31.64,-57.20,-59.79,56.30,-9.59,-0.84
2024/01/01 16:14:14.74,226.74,-31.64,-57.19,-59.79,56.27,-9.59,-0.81
2024/01/01 16:14:14.75,226.75,-31.64,-57.18,-59.79,56.24,-9.59,-0.79
2024/01/01 16:14:14.76,226.76,-31.64,-57.18,-59.79,56.25,-9.58,-0.77
2024/01/01 16:14:14.77,226.77,-31.65,-57.18,-59.78,56.27,-9.58,-0.76
2024/01/01 16:14:14.78,226.78,-31.65,-57.17,-59.78,56.28,-9.58,-0.76
2024/01/01 16:14:14.79,226.79,-31.65,-57.17,-59.77,56.27,-9.58,-0.79
2024/01/01 16:14:14.80,226.80,-31.65,-57.17,-59.77,56.25,-9.57,-0.81
2024/01/01 16:14:14.81,226.81,-31.65,-57.17,-59.77,56.24,-9.56,-0.80
2024/01/01 16:14:14.82,226.82,-31.66,-57.18,-59.76,56.23,-9.54,-0.79
2024/01/01 16:14:14.83,226.83,-31.67,-57.19,-59.76,56.25,-9.54,-0.78
2024/01/01 16:14:14.84,226.84,-31.67,-57.19,-59.77,56.27,-9.55,-0.77
2024/01/01 16:14:14.85,226.85,-31.67,-57.18,-59.77,56.27,-9.56,-0.75
2024/01/01 16:14:14.86,226.86,-31.67,-57.17,-59.77,56.26,-9.58,-0.74
2024/01/01 16:14:14.87,226.87,-31.67,-57.17,-59.77,56.24,-9.57,-0.76
2024/01/01 16:14:14.88,226.88,-31.66,-57.17,-59.77,56.23,-9.55,-0.80
2024/01/01 16:14:14.89,226.89,-31.67,-57.17,-59.78,56.23,-9.52,-0.83
2024/01/01 16:14:14.90,226.90,-31.67,-57.17,-59.79,56.23,-9.52,-0.82
2024/01/01 16:14:14.91,226.91,-31.67,-57.17,-59.80,56.24,-9.55,-0.81
2024/01/01 16:14:14.92,226.92,-31.67,-57.17,-59.80,56.25,-9.57,-0.80
2024/01/01 16:14:14.93,226.93,-31.67,-57.16,-59.80,56.26,-9.59,-0.81
2024/01/01 16:14:14.94,226.94,-31.66,-57.16,-59.80,56.27,-9.58,-0.82
2024/01/01 16:14:14.95,226.95,-31.66,-57.16,-59.80,56.27,-9.56,-0.82
2024/01/01 16:14:14.96,226.96,-31.66,-57.16,-59.81,56.26,-9.54,-0.82
2024/01/01 16:14:14.97,226.97,-31.66,-57.16,-59.81,56.24,-9.53,-0.83
2024/01/01 16:14:14.98,226.98,-31.66,-57.16,-59.81,56.23,-9.54,-0.84
2024/01/01 16:14:14.99,226.99,-31.66,-57.16,-59.81,56.22,-9.55,-0.83
2024/01/01 16:14:15.00,227.00,-31.66,-57.16,-59.81,56.22,-9.56,-0.82
2024/01/01 16:14:15.01,227.01,-31.67,-57.16,-59.80,56.22,-9.53,-0.82
2024/01/01 16:14:15.02,227.02,-31.68,-57.16,-59.80,56.22,-9.51,-0.83
2024/01/01 16:14:15.03,227.03,-31.68,-57.16,-59.80,56.24,-9.49,-0.82
2024/01/01 16:14:15.04,227.04,-31.68,-57.17,-59.80,56.25,-9.49,-0.81
2024/01/01 16:14:15.05,227.05,-31.68,-57.17,-59.80,56.26,-9.51,-0.80
2024/01/01 16:14:15.06,227.06,-31.68,-57.17,-59.79,56.26,-9.54,-0.79
2024/01/01 16:14:15.07,227.07,-31.69,-57.17,-59.79,56.25,-9.58,-0.80
2024/01/01 16:14:15.08,227.08,-31.69,-57.18,-59.80,56.23,-9.60,-0.80
2024/01/01 16:14:15.09,227.09,-31.69,-57.18,-59.80,56.20,-9.61,-0.80
2024/01/01 16:14:15.10,227.10,-31.69,-57.18,-59.80,56.19,-9.59,-0.80
2024/01/01 16:14:15.11,227.11,-31.69,-57.18,-59.80,56.19,-9.57,-0.82
2024/01/01 16:14:15.12,227.12,-31.69,-57.17,-59.80,56.21,-9.56,-0.83
2024/01/01 16:14:15.13,227.13,-31.70,-57.17,-59.80,56.22,-9.56,-0.84
2024/01/01 16:14:15.14,227.14,-31.70,-57.16,-59.80,56.22,-9.59,-0.82
2024/01/01 16:14:15.15,227.15,-31.70,-57.16,-59.81,56.21,-9.61,-0.81
2024/01/01 16:14:15.16,227.16,-31.70,-57.16,-59.81,56.20,-9.61,-0.79
2024/01/01 16:14:15.17,227.17,-31.70,-57.16,-59.80,56.20,-9.58,-0.79
2024/01/01 16:14:15.18,227.18,-31.70,-57.17,-59.80,56.20,-9.55,-0.81
2024/01/01 16:14:15.19,227.19,-31.71,-57.17,-59.80,56.21,-9.53,-0.85
2024/01/01 16:14:15.20,227.20,-31.70,-57.17,-59.80,56.21,-9.52,-0.87
2024/01/01 16:14:15.21,227.21,-31.70,-57.17,-59.80,56.19,-9.53,-0.85
2024/01/01 16:14:15.22,227.22,-31.70,-57.17,-59.80,56.17,-9.54,-0.81
2024/01/01 16:14:15.23,227.23,-31.69,-57.17,-59.80,56.15,-9.54,-0.78
2024/01/01 16:14:15.24,227.24,-31.68,-57.17,-59.80,56.16,-9.52,-0.77
2024/01/01 16:14:15.25,227.25,-31.68,-57.17,-59.80,56.18,-9.51,-0.79
2024/01/01 16:14:15.26,227.26,-31.68,-57.16,-59.80,56.21,-9.51,-0.82
2024/01/01 16:14:15.27,227.27,-31.68,-57.16,-59.81,56.23,-9.53,-0.85
2024/01/01 16:14:15.28,227.28,-31.68,-57.16,-59.81,56.23,-9.57,-0.87
2024/01/01 16:14:15.29,227.29,-31.67,-57.16,-59.81,56.23,-9.60,-0.87
2024/01/01 16:14:15.30,227.30,-31.67,-57.17,-59.82,56.26,-9.62,-0.83
2024/01/01 16:14:15.31,227.31,-31.66,-57.17,-59.82,56.29,-9.61,-0.81
2024/01/01 16:14:15.32,227.32,-31.66,-57.17,-59.82,56.30,-9.60,-0.80
2024/01/01 16:14:15.33,227.33,-31.66,-57.17,-59.82,56.30,-9.58,-0.82
2024/01/01 16:14:15.34,227.34,-31.66,-57.16,-59.81,56.28,-9.55,-0.84
2024/01/01 16:14:15.35,227.35,-31.66,-57.16,-59.81,56.26,-9.52,-0.87
2024/01/01 16:14:15.36,227.36,-31.66,-57.17,-59.81,56.25,-9.50,-0.86
2024/01/01 16:14:15.37,227.37,-31.66,-57.17,-59.80,56.25,-9.49,-0.83
2024/01/01 16:14:15.38,227.38,-31.65,-57.18,-59.80,56.25,-9.50,-0.80
2024/01/01 16:14:15.39,227.39,-31.65,-57.18,-59.80,56.26,-9.52,-0.78
2024/01/01 16:14:15.40,227.40,-31.65,-57.18,-59.80,56.27,-9.53,-0.78
2024/01/01 16:14:15.41,227.41,-31.65,-57.18,-59.80,56.29,-9.54,-0.79
2024/01/01 16:14:15.42,227.42,-31.65,-57.18,-59.80,56.28,-9.55,-0.81
2024/01/01 16:14:15.43,227.43,-31.65,-57.19,-59.80,56.26,-9.55,-0.84
2024/01/01 16:14:15.44,227.44,-31.65,-57.18,-59.80,56.23,-9.55,-0.86
2024/01/01 16:14:15.45,227.45,-31.65,-57.18,-59.81,56.23,-9.57,-0.86
2024/01/01 16:14:15.46,227.46,-31.65,-57.18,-59.80,56.25,-9.59,-0.83
2024/01/01 16:14:15.47,227.47,-31.66,-57.18,-59.80,56.28,-9.61,-0.81
2024/01/01 16:14:15.48,227.48,-31.66,-57.18,-59.80,56.31,-9.61,-0.81
2024/01/01 16:14:15.49,227.49,-31.67,-57.19,-59.80,56.31,-9.61,-0.81
2024/01/01 16:14:15.50,227.50,-31.67,-57.19,-59.81,56.28,-9.61,-0.80
2024/01/01 16:14:15.51,227.51,-31.67,-57.18,-59.81,56.23,-9.61,-0.80
2024/01/01 16:14:15.52,227.52,-31.68,-57.18,-59.81,56.20,-9.60,-0.81
2024/01/01 16:14:15.53,227.53,-31.68,-57.18,-59.81,56.21,-9.59,-0.82
2024/01/01 16:14:15.54,227.54,-31.68,-57.19,-59.82,56.24,-9.58,-0.82
2024/01/01 16:14:15.55,227.55,-31.68,-57.19,-59.82,56.26,-9.57,-0.83
2024/01/01 16:14:15.56,227.56,-31.68,-57.19,-59.82,56.27,-9.57,-0.84
2024/01/01 16:14:15.57,227.57,-31.68,-57.19,-59.82,56.25,-9.57,-0.85
2024/01/01 16:14:15.58,227.58,-31.68,-57.19,-59.82,56.22,-9.56,-0.86
2024/01/01 16:14:15.59,227.59,-31.68,-57.19,-59.82,56.20,-9.56,-0.85
2024/01/01 16:14:15.60,227.60,-31.67,-57.19,-59.83,56.20,-9.55,-0.84
2024/01/01 16:14:15.61,227.61,-31.67,-57.19,-59.83,56.21,-9.55,-0.83
2024/01/01 16:14:15.62,227.62,-31.68,-57.18,-59.83,56.22,-9.54,-0.83
2024/01/01 16:14:15.63,227.63,-31.68,-57.18,-59.83,56.22,-9.53,-0.84
2024/01/01 16:14:15.64,227.64,-31.68,-57.17,-59.84,56.22,-9.53,-0.85
2024/01/01 16:14:15.65,227.65,-31.68,-57.17,-59.83,56.23,-9.53,-0.87
2024/01/01 16:14:15.66,227.66,-31.68,-57.16,-59.83,56.24,-9.54,-0.87
2024/01/01 16:14:15.67,227.67,-31.68,-57.17,-59.83,56.24,-9.57,-0.88
2024/01/01 16:14:15.68,227.68,-31.68,-57.17,-59.83,56.24,-9.61,-0.85
2024/01/01 16:14:15.69,227.69,-31.68,-57.18,-59.83,56.22,-9.66,-0.81
2024/01/01 16:14:15.70,227.70,-31.67,-57.18,-59.83,56.21,-9.68,-0.79
2024/01/01 16:14:15.71,227.71,-31.67,-57.18,-59.83,56.22,-9.66,-0.80
2024/01/01 16:14:15.72,227.72,-31.68,-57.18,-59.83,56.24,-9.61,-0.84
2024/01/01 16:14:15.73,227.73,-31.68,-57.17,-59.84,56.26,-9.55,-0.87
2024/01/01 16:14:15.74,227.74,-31.69,-57.17,-59.84,56.25,-9.50,-0.87
2024/01/01 16:14:15.75,227.75,-31.69,-57.18,-59.84,56.24,-9.47,-0.87
2024/01/01 16:14:15.76,227.76,-31.69,-57.18,-59.84,56.21,-9.47,-0.87
2024/01/01 16:14:15.77,227.77,-31.68,-57.17,-59.85,56.18,-9.51,-0.87
2024/01/01 16:14:15.78,227.78,-31.67,-57.18,-59.85,56.16,-9.57,-0.84
2024/01/01 16:14:15.79,227.79,-31.67,-57.17,-59.85,56.18,-9.62,-0.83
2024/01/01 16:14:15.80,227.80,-31.67,-57.16,-59.85,56.22,-9.63,-0.84
2024/01/01 16:14:15.81,227.81,-31.67,-57.16,-59.86,56.26,-9.59,-0.87
2024/01/01 16:14:15.82,227.82,-31.66,-57.15,-59.86,56.29,-9.53,-0.89
2024/01/01 16:14:15.83,227.83,-31.66,-57.16,-59.86,56.29,-9.48,-0.89
2024/01/01 16:14:15.84,227.84,-31.67,-57.16,-59.87,56.26,-9.46,-0.88
2024/01/01 16:14:15.85,227.85,-31.67,-57.16,-59.87,56.23,-9.48,-0.87
2024/01/01 16:14:15.86,227.86,-31.66,-57.17,-59.88,56.22,-9.53,-0.87
2024/01/01 16:14:15.87,227.87,-31.66,-57.17,-59.88,56.24,-9.57,-0.85
2024/01/01 16:14:15.88,227.88,-31.66,-57.17,-59.89,56.28,-9.58,-0.86
2024/01/01 16:14:15.89,227.89,-31.65,-57.18,-59.89,56.30,-9.56,-0.90
2024/01/01 16:14:15.90,227.90,-31.65,-57.18,-59.90,56.30,-9.53,-0.93
2024/01/01 16:14:15.91,227.91,-31.65,-57.18,-59.90,56.28,-9.51,-0.93
2024/01/01 16:14:15.92,227.92,-31.65,-57.18,-59.91,56.24,-9.53,-0.93
2024/01/01 16:14:15.93,227.93,-31.65,-57.18,-59.91,56.20,-9.58,-0.92
2024/01/01 16:14:15.94,227.94,-31.64,-57.18,-59.91,56.18,-9.62,-0.93
2024/01/01 16:14:15.95,227.95,-31.65,-57.18,-59.91,56.18,-9.65,-0.93
2024/01/01 16:14:15.96,227.96,-31.66,-57.18,-59.92,56.20,-9.67,-0.93
2024/01/01 16:14:15.97,227.97,-31.66,-57.18,-59.92,56.22,-9.65,-0.93
2024/01/01 16:14:15.98,227.98,-31.67,-57.18,-59.92,56.23,-9.62,-0.94
2024/01/01 16:14:15.99,227.99,-31.68,-57.19,-59.91,56.24,-9.58,-0.92
2024/01/01 16:14:16.00,228.00,-31.68,-57.19,-59.90,56.25,-9.53,-0.91
2024/01/01 16:14:16.01,228.01,-31.68,-57.19,-59.90,56.25,-9.50,-0.89
2024/01/01 16:14:16.02,228.02,-31.69,-57.19,-59.90,56.25,-9.49,-0.87
2024/01/01 16:14:16.03,228.03,-31.69,-57.19,-59.90,56.26,-9.50,-0.88
2024/01/01 16:14:16.04,228.04,-31.69,-57.19,-59.90,56.25,-9.53,-0.89
2024/01/01 16:14:16.05,228.05,-31.69,-57.19,-59.90,56.24,-9.58,-0.91
2024/01/01 16:14:16.06,228.06,-31.69,-57.19,-59.89,56.22,-9.61,-0.92
2024/01/01 16:14:16.07,228.07,-31.69,-57.19,-59.90,56.19,-9.63,-0.92
2024/01/01 16:14:16.08,228.08,-31.68,-57.19,-59.89,56.18,-9.64,-0.90
2024/01/01 16:14:16.09,228.09,-31.68,-57.19,-59.89,56.18,-9.63,-0.87
2024/01/01 16:14:16.10,228.10,-31.68,-57.18,-59.90,56.18,-9.61,-0.87
2024/01/01 16:14:16.11,228.11,-31.68,-57.18,-59.90,56.19,-9.58,-0.88
2024/01/01 16:14:16.12,228.12,-31.68,-57.18,-59.90,56.18,-9.55,-0.91
2024/01/01 16:14:16.13,228.13,-31.68,-57.17,-59.90,56.17,-9.53,-0.92
2024/01/01 16:14:16.14,228.14,-31.68,-57.17,-59.90,56.16,-9.53,-0.94
2024/01/01 16:14:16.15,228.15,-31.68,-57.18,-59.91,56.15,-9.54,-0.95
2024/01/01 16:14:16.16,228.16,-31.69,-57.18,-59.91,56.16,-9.55,-0.93
2024/01/01 16:14:16.17,228.17,-31.69,-57.19,-59.92,56.17,-9.56,-0.91
2024/01/01 16:14:16.18,228.18,-31.69,-57.19,-59.92,56.19,-9.57,-0.90
2024/01/01 16:14:16.19,228.19,-31.69,-57.19,-59.92,56.22,-9.57,-0.90
2024/01/01 16:14:16.20,228.20,-31.68,-57.19,-59.93,56.24,-9.57,-0.89
2024/01/01 16:14:16.21,228.21,-31.69,-57.19,-59.93,56.26,-9.56,-0.89
2024/01/01 16:14:16.22,228.22,-31.68,-57.19,-59.94,56.28,-9.56,-0.90
2024/01/01 16:14:16.23,228.23,-31.68,-57.18,-59.94,56.28,-9.56,-0.94
2024/01/01 16:14:16.24,228.24,-31.67,-57.18,-59.94,56.27,-9.56,-0.97
2024/01/01 16:14:16.25,228.25,-31.67,-57.18,-59.95,56.24,-9.57,-0.98
2024/01/01 16:14:16.26,228.26,-31.67,-57.18,-59.95,56.21,-9.59,-0.98
2024/01/01 16:14:16.27,228.27,-31.67,-57.18,-59.95,56.19,-9.61,-0.98
2024/01/01 16:14:16.28,228.28,-31.67,-57.18,-59.95,56.19,-9.60,-0.97
2024/01/01 16:14:16.29,228.29,-31.66,-57.18,-59.96,56.21,-9.59,-0.96
2024/01/01 16:14:16.30,228.30,-31.66,-57.18,-59.96,56.23,-9.57,-0.95
2024/01/01 16:14:16.31,228.31,-31.66,-57.19,-59.95,56.23,-9.56,-0.96
2024/01/01 16:14:16.32,228.32,-31.66,-57.19,-59.95,56.21,-9.54,-0.99
2024/01/01 16:14:16.33,228.33,-31.66,-57.19,-59.95,56.18,-9.53,-1.01
2024/01/01 16:14:16.34,228.34,-31.67,-57.18,-59.95,56.15,-9.52,-0.99
2024/01/01 16:14:16.35,228.35,-31.67,-57.18,-59.95,56.14,-9.54,-0.96
2024/01/01 16:14:16.36,228.36,-31.66,-57.18,-59.95,56.16,-9.58,-0.93
2024/01/01 16:14:16.37,228.37,-31.66,-57.18,-59.95,56.21,-9.60,-0.91
2024/01/01 16:14:16.38,228.38,-31.66,-57.17,-59.95,56.26,-9.61,-0.91
2024/01/01 16:14:16.39,228.39,-31.67,-57.17,-59.95,56.29,-9.60,-0.92
2024/01/01 16:14:16.40,228.40,-31.68,-57.17,-59.96,56.30,-9.59,-0.95
2024/01/01 16:14:16.41,228.41,-31.69,-57.17,-59.96,56.30,-9.58,-0.98
2024/01/01 16:14:16.42,228.42,-31.69,-57.17,-59.96,56.28,-9.58,-0.97
2024/01/01 16:14:16.43,228.43,-31.69,-57.17,-59.96,56.24,-9.57,-0.95
2024/01/01 16:14:16.44,228.44,-31.68,-57.18,-59.96,56.20,-9.56,-0.94
2024/01/01 16:14:16.45,228.45,-31.68,-57.18,-59.96,56.18,-9.54,-0.94
2024/01/01 16:14:16.46,228.46,-31.69,-57.18,-59.97,56.18,-9.53,-0.94
2024/01/01 16:14:16.47,228.47,-31.69,-57.17,-59.97,56.18,-9.54,-0.96
2024/01/01 16:14:16.48,228.48,-31.69,-57.17,-59.97,56.18,-9.55,-0.99
2024/01/01 16:14:16.49,228.49,-31.69,-57.17,-59.97,56.16,-9.57,-1.02
2024/01/01 16:14:16.50,228.50,-31.69,-57.18,-59.97,56.13,-9.57,-1.02
2024/01/01 16:14:16.51,228.51,-31.68,-57.19,-59.97,56.11,-9.58,-1.00
2024/01/01 16:14:16.52,228.52,-31.67,-57.20,-59.98,56.14,-9.57,-0.97
2024/01/01 16:14:16.53,228.53,-31.67,-57.20,-59.98,56.19,-9.55,-0.96
2024/01/01 16:14:16.54,228.54,-31.67,-57.20,-59.98,56.25,-9.55,-0.97
2024/01/01 16:14:16.55,228.55,-31.67,-57.20,-59.98,56.26,-9.57,-0.98
2024/01/01 16:14:16.56,228.56,-31.68,-57.21,-59.99,56.23,-9.59,-1.00
2024/01/01 16:14:16.57,228.57,-31.68,-57.21,-59.99,56.18,-9.59,-1.02
2024/01/01 16:14:16.58,228.58,-31.68,-57.21,-59.99,56.17,-9.59,-1.02
2024/01/01 16:14:16.59,228.59,-31.67,-57.21,-60.00,56.19,-9.60,-1.00
2024/01/01 16:14:16.60,228.60,-31.67,-57.21,-60.00,56.25,-9.63,-0.98
2024/01/01 16:14:16.61,228.61,-31.67,-57.22,-60.00,56.31,-9.66,-0.98
2024/01/01 16:14:16.62,228.62,-31.67,-57.22,-60.00,56.33,-9.68,-0.99
2024/01/01 16:14:16.63,228.63,-31.67,-57.21,-60.00,56.31,-9.67,-1.02
2024/01/01 16:14:16.64,228.64,-31.66,-57.21,-60.00,56.27,-9.65,-1.03
2024/01/01 16:14:16.65,228.65,-31.65,-57.21,-60.00,56.20,-9.62,-1.03
2024/01/01 16:14:16.66,228.66,-31.64,-57.21,-60.00,56.15,-9.62,-1.03
2024/01/01 16:14:16.67,228.67,-31.64,-57.20,-60.01,56.14,-9.62,-1.04
2024/01/01 16:14:16.68,228.68,-31.64,-57.20,-60.01,56.17,-9.62,-1.03
2024/01/01 16:14:16.69,228.69,-31.64,-57.21,-60.01,56.22,-9.61,-1.02
2024/01/01 16:14:16.70,228.70,-31.64,-57.21,-60.01,56.26,-9.59,-1.03
2024/01/01 16:14:16.71,228.71,-31.65,-57.20,-60.01,56.29,-9.56,-1.05
2024/01/01 16:14:16.72,228.72,-31.65,-57.20,-60.00,56.28,-9.52,-1.05
2024/01/01 16:14:16.73,228.73,-31.66,-57.20,-60.00,56.27,-9.51,-1.02
2024/01/01 16:14:16.74,228.74,-31.66,-57.19,-60.00,56.27,-9.54,-1.00
2024/01/01 16:14:16.75,228.75,-31.66,-57.19,-60.00,56.27,-9.58,-0.98
2024/01/01 16:14:16.76,228.76,-31.65,-57.19,-60.00,56.27,-9.59,-0.95
2024/01/01 16:14:16.77,228.77,-31.64,-57.19,-60.01,56.25,-9.61,-0.94
2024/01/01 16:14:16.78,228.78,-31.63,-57.18,-60.01,56.24,-9.60,-0.96
2024/01/01 16:14:16.79,228.79,-31.63,-57.18,-60.02,56.24,-9.59,-0.99
2024/01/01 16:14:16.80,228.80,-31.63,-57.18,-60.02,56.26,-9.56,-1.04
2024/01/01 16:14:16.81,228.81,-31.64,-57.18,-60.03,56.28,-9.54,-1.08
2024/01/01 16:14:16.82,228.82,-31.64,-57.18,-60.03,56.29,-9.52,-1.10
2024/01/01 16:14:16.83,228.83,-31.65,-57.18,-60.03,56.26,-9.52,-1.11
2024/01/01 16:14:16.84,228.84,-31.65,-57.19,-60.02,56.22,-9.53,-1.10
2024/01/01 16:14:16.85,228.85,-31.65,-57.19,-60.02,56.20,-9.54,-1.06
2024/01/01 16:14:16.86,228.86,-31.64,-57.19,-60.01,56.20,-9.54,-1.00
2024/01/01 16:14:16.87,228.87,-31.63,-57.20,-60.01,56.21,-9.55,-0.96
2024/01/01 16:14:16.88,228.88,-31.63,-57.20,-60.00,56.23,-9.57,-0.95
2024/01/01 16:14:16.89,228.89,-31.63,-57.20,-59.99,56.23,-9.59,-0.97
2024/01/01 16:14:16.90,228.90,-31.63,-57.20,-59.99,56.24,-9.61,-1.01
2024/01/01 16:14:16.91,228.91,-31.64,-57.20,-59.99,56.25,-9.63,-1.04
2024/01/01 16:14:16.92,228.92,-31.64,-57.20,-60.00,56.26,-9.65,-1.05
2024/01/01 16:14:16.93,228.93,-31.63,-57.21,-60.00,56.29,-9.66,-1.03
2024/01/01 16:14:16.94,228.94,-31.63,-57.21,-60.00,56.32,-9.65,-1.00
2024/01/01 16:14:16.95,228.95,-31.63,-57.21,-60.00,56.33,-9.64,-0.98
2024/01/01 16:14:16.96,228.96,-31.63,-57.22,-60.00,56.33,-9.63,-0.99
2024/01/01 16:14:16.97,228.97,-31.63,-57.22,-60.00,56.32,-9.63,-1.01
2024/01/01 16:14:16.98,228.98,-31.63,-57.22,-60.00,56.30,-9.62,-1.02
2024/01/01 16:14:16.99,228.99,-31.63,-57.22,-59.99,56.29,-9.61,-1.03
2024/01/01 16:14:17.00,229.00,-31.63,-57.23,-59.99,56.28,-9.59,-1.02
2024/01/01 16:14:17.01,229.01,-31.62,-57.23,-60.00,56.27,-9.57,-1.00
2024/01/01 16:14:17.02,229.02,-31.62,-57.23,-60.00,56.27,-9.57,-0.98
2024/01/01 16:14:17.03,229.03,-31.62,-57.22,-60.00,56.27,-9.61,-0.98
2024/01/01 16:14:17.04,229.04,-31.62,-57.22,-60.00,56.27,-9.63,-1.01
2024/01/01 16:14:17.05,229.05,-31.63,-57.22,-60.00,56.25,-9.65,-1.04
2024/01/01 16:14:17.06,229.06,-31.64,-57.22,-60.00,56.23,-9.64,-1.06
2024/01/01 16:14:17.07,229.07,-31.65,-57.21,-60.00,56.21,-9.62,-1.04
2024/01/01 16:14:17.08,229.08,-31.65,-57.21,-60.00,56.21,-9.60,-1.00
2024/01/01 16:14:17.09,229.09,-31.65,-57.21,-60.00,56.23,-9.59,-0.97
2024/01/01 16:14:17.10,229.10,-31.64,-57.21,-60.00,56.29,-9.59,-0.96
2024/01/01 16:14:17.11,229.11,-31.64,-57.21,-60.00,56.34,-9.61,-0.97
2024/01/01 16:14:17.12,229.12,-31.64,-57.21,-60.00,56.36,-9.61,-1.00
2024/01/01 16:14:17.13,229.13,-31.64,-57.21,-60.00,56.34,-9.60,-1.03
2024/01/01 16:14:17.14,229.14,-31.64,-57.22,-60.00,56.28,-9.60,-1.05
2024/01/01 16:14:17.15,229.15,-31.63,-57.22,-60.00,56.23,-9.59,-1.06
2024/01/01 16:14:17.16,229.16,-31.63,-57.22,-60.00,56.19,-9.57,-1.06
2024/01/01 16:14:17.17,229.17,-31.64,-57.22,-59.99,56.18,-9.57,-1.05
2024/01/01 16:14:17.18,229.18,-31.64,-57.22,-59.99,56.19,-9.57,-1.02
2024/01/01 16:14:17.19,229.19,-31.65,-57.22,-59.99,56.22,-9.58,-0.99
2024/01/01 16:14:17.20,229.20,-31.65,-57.22,-59.98,56.23,-9.58,-0.98
2024/01/01 16:14:17.21,229.21,-31.65,-57.22,-59.98,56.24,-9.59,-0.98
2024/01/01 16:14:17.22,229.22,-31.64,-57.22,-59.98,56.24,-9.61,-0.99
2024/01/01 16:14:17.23,229.23,-31.64,-57.22,-59.98,56.26,-9.65,-0.98
2024/01/01 16:14:17.24,229.24,-31.64,-57.22,-59.99,56.30,-9.68,-0.98
2024/01/01 16:14:17.25,229.25,-31.64,-57.22,-59.99,56.34,-9.69,-0.98
2024/01/01 16:14:17.26,229.26,-31.64,-57.22,-59.99,56.36,-9.67,-1.01
2024/01/01 16:14:17.27,229.27,-31.64,-57.23,-59.99,56.34,-9.63,-1.03
2024/01/01 16:14:17.28,229.28,-31.64,-57.23,-59.99,56.29,-9.59,-1.04
2024/01/01 16:14:17.29,229.29,-31.64,-57.23,-59.98,56.24,-9.57,-1.03
2024/01/01 16:14:17.30,229.30,-31.64,-57.23,-59.98,56.20,-9.58,-1.02
2024/01/01 16:14:17.31,229.31,-31.64,-57.23,-59.98,56.19,-9.60,-0.99
2024/01/01 16:14:17.32,229.32,-31.64,-57.22,-59.98,56.21,-9.63,-0.96
2024/01/01 16:14:17.33,229.33,-31.64,-57.22,-59.98,56.25,-9.65,-0.95
2024/01/01 16:14:17.34,229.34,-31.64,-57.21,-59.98,56.28,-9.66,-0.96
2024/01/01 16:14:17.35,229.35,-31.64,-57.21,-59.99,56.30,-9.64,-1.00
2024/01/01 16:14:17.36,229.36,-31.64,-57.22,-59.99,56.31,-9.63,-1.03
2024/01/01 16:14:17.37,229.37,-31.65,-57.22,-59.99,56.31,-9.63,-1.05
2024/01/01 16:14:17.38,229.38,-31.65,-57.22,-59.99,56.30,-9.63,-1.03
2024/01/01 16:14:17.39,229.39,-31.65,-57.23,-59.99,56.28,-9.63,-1.01
2024/01/01 16:14:17.40,229.40,-31.64,-57.23,-59.99,56.27,-9.62,-1.00
2024/01/01 16:14:17.41,229.41,-31.64,-57.24,-59.99,56.26,-9.61,-0.99
2024/01/01 16:14:17.42,229.42,-31.65,-57.24,-59.99,56.23,-9.59,-0.97
2024/01/01 16:14:17.43,229.43,-31.66,-57.24,-59.99,56.20,-9.57,-0.98
2024/01/01 16:14:17.44,229.44,-31.66,-57.24,-59.98,56.19,-9.55,-1.01
2024/01/01 16:14:17.45,229.45,-31.66,-57.24,-59.98,56.18,-9.56,-1.02
2024/01/01 16:14:17.46,229.46,-31.66,-57.24,-59.98,56.19,-9.59,-1.01
2024/01/01 16:14:17.47,229.47,-31.65,-57.24,-59.98,56.21,-9.63,-1.01
2024/01/01 16:14:17.48,229.48,-31.66,-57.24,-59.98,56.24,-9.66,-0.99
2024/01/01 16:14:17.49,229.49,-31.66,-57.24,-59.98,56.26,-9.68,-0.97
2024/01/01 16:14:17.50,229.50,-31.66,-57.24,-59.98,56.27,-9.70,-0.97
2024/01/01 16:14:17.51,229.51,-31.67,-57.24,-59.99,56.28,-9.71,-0.98
2024/01/01 16:14:17.52,229.52,-31.67,-57.24,-59.99,56.26,-9.71,-1.00
2024/01/01 16:14:17.53,229.53,-31.67,-57.24,-59.99,56.22,-9.70,-1.03
2024/01/01 16:14:17.54,229.54,-31.67,-57.25,-59.99,56.19,-9.68,-1.03
2024/01/01 16:14:17.55,229.55,-31.67,-57.25,-59.99,56.18,-9.65,-1.02
2024/01/01 16:14:17.56,229.56,-31.68,-57.25,-59.99,56.20,-9.62,-1.02
2024/01/01 16:14:17.57,229.57,-31.67,-57.26,-59.99,56.23,-9.60,-1.02
2024/01/01 16:14:17.58,229.58,-31.67,-57.26,-59.99,56.26,-9.59,-1.00
2024/01/01 16:14:17.59,229.59,-31.67,-57.26,-59.98,56.27,-9.59,-0.97
2024/01/01 16:14:17.60,229.60,-31.67,-57.26,-59.97,56.24,-9.61,-0.97
2024/01/01 16:14:17.61,229.61,-31.67,-57.26,-59.97,56.19,-9.63,-0.97
2024/01/01 16:14:17.62,229.62,-31.67,-57.26,-59.97,56.17,-9.65,-0.99
2024/01/01 16:14:17.63,229.63,-31.67,-57.26,-59.97,56.18,-9.67,-1.00
2024/01/01 16:14:17.64,229.64,-31.68,-57.26,-59.97,56.21,-9.70,-0.98
2024/01/01 16:14:17.65,229.65,-31.68,-57.25,-59.97,56.23,-9.72,-0.98
2024/01/01 16:14:17.66,229.66,-31.68,-57.25,-59.97,56.25,-9.73,-0.98
2024/01/01 16:14:17.67,229.67,-31.68,-57.25,-59.97,56.27,-9.71,-0.98
2024/01/01 16:14:17.68,229.68,-31.68,-57.26,-59.97,56.28,-9.68,-0.97
2024/01/01 16:14:17.69,229.69,-31.68,-57.26,-59.97,56.29,-9.66,-0.96
2024/01/01 16:14:17.70,229.70,-31.68,-57.26,-59.97,56.28,-9.63,-0.98
2024/01/01 16:14:17.71,229.71,-31.68,-57.26,-59.97,56.26,-9.60,-0.99
2024/01/01 16:14:17.72,229.72,-31.68,-57.26,-59.96,56.21,-9.59,-0.98
2024/01/01 16:14:17.73,229.73,-31.68,-57.26,-59.96,56.16,-9.60,-0.99
2024/01/01 16:14:17.74,229.74,-31.69,-57.27,-59.96,56.13,-9.62,-1.00
2024/01/01 16:14:17.75,229.75,-31.69,-57.27,-59.96,56.12,-9.65,-0.98
2024/01/01 16:14:17.76,229.76,-31.69,-57.28,-59.96,56.13,-9.69,-0.96
2024/01/01 16:14:17.77,229.77,-31.69,-57.28,-59.96,56.15,-9.72,-0.96
2024/01/01 16:14:17.78,229.78,-31.69,-57.28,-59.96,56.17,-9.73,-0.97
2024/01/01 16:14:17.79,229.79,-31.69,-57.28,-59.95,56.19,-9.71,-0.99
2024/01/01 16:14:17.80,229.80,-31.69,-57.28,-59.95,56.23,-9.68,-0.99
2024/01/01 16:14:17.81,229.81,-31.70,-57.27,-59.95,56.27,-9.65,-0.96
2024/01/01 16:14:17.82,229.82,-31.70,-57.27,-59.95,56.27,-9.63,-0.95
2024/01/01 16:14:17.83,229.83,-31.70,-57.27,-59.96,56.26,-9.64,-0.95
2024/01/01 16:14:17.84,229.84,-31.69,-57.27,-59.96,56.22,-9.66,-0.95
2024/01/01 16:14:17.85,229.85,-31.68,-57.28,-59.96,56.19,-9.70,-0.95
2024/01/01 16:14:17.86,229.86,-31.68,-57.28,-59.97,56.18,-9.74,-0.97
2024/01/01 16:14:17.87,229.87,-31.67,-57.27,-59.97,56.20,-9.75,-1.00
2024/01/01 16:14:17.88,229.88,-31.67,-57.27,-59.97,56.22,-9.74,-1.02
2024/01/01 16:14:17.89,229.89,-31.67,-57.28,-59.98,56.23,-9.70,-1.02
2024/01/01 16:14:17.90,229.90,-31.67,-57.28,-59.98,56.24,-9.66,-1.01
2024/01/01 16:14:17.91,229.91,-31.67,-57.28,-59.99,56.24,-9.62,-1.00
2024/01/01 16:14:17.92,229.92,-31.66,-57.28,-59.98,56.23,-9.61,-0.99
2024/01/01 16:14:17.93,229.93,-31.66,-57.28,-59.98,56.22,-9.62,-0.98
2024/01/01 16:14:17.94,229.94,-31.66,-57.27,-59.98,56.22,-9.63,-0.98
2024/01/01 16:14:17.95,229.95,-31.65,-57.26,-59.97,56.24,-9.63,-0.99
2024/01/01 16:14:17.96,229.96,-31.65,-57.26,-59.97,56.26,-9.63,-1.01
2024/01/01 16:14:17.97,229.97,-31.65,-57.26,-59.97,56.28,-9.64,-1.01
2024/01/01 16:14:17.98,229.98,-31.65,-57.27,-59.97,56.29,-9.66,-0.99
2024/01/01 16:14:17.99,229.99,-31.65,-57.27,-59.97,56.28,-9.69,-0.97
2024/01/01 16:14:18.00,230.00,-31.64,-57.27,-59.98,56.26,-9.71,-0.96
2024/01/01 16:14:18.01,230.01,-31.64,-57.27,-59.97,56.25,-9.71,-0.96
2024/01/01 16:14:18.02,230.02,-31.63,-57.28,-59.97,56.26,-9.69,-0.96
2024/01/01 16:14:18.03,230.03,-31.63,-57.28,-59.98,56.26,-9.66,-0.97
2024/01/01 16:14:18.04,230.04,-31.64,-57.28,-59.98,56.27,-9.62,-1.00
2024/01/01 16:14:18.05,230.05,-31.64,-57.27,-59.98,56.26,-9.61,-1.03
2024/01/01 16:14:18.06,230.06,-31.65,-57.27,-59.98,56.25,-9.61,-1.03
2024/01/01 16:14:18.07,230.07,-31.66,-57.26,-59.97,56.23,-9.65,-1.01
2024/01/01 16:14:18.08,230.08,-31.67,-57.26,-59.97,56.22,-9.68,-0.99
2024/01/01 16:14:18.09,230.09,-31.68,-57.27,-59.97,56.23,-9.69,-0.96
2024/01/01 16:14:18.10,230.10,-31.67,-57.27,-59.97,56.26,-9.68,-0.93
2024/01/01 16:14:18.11,230.11,-31.66,-57.26,-59.97,56.29,-9.67,-0.93
2024/01/01 16:14:18.12,230.12,-31.66,-57.26,-59.97,56.30,-9.67,-0.95
2024/01/01 16:14:18.13,230.13,-31.65,-57.26,-59.97,56.28,-9.67,-0.98
2024/01/01 16:14:18.14,230.14,-31.66,-57.26,-59.97,56.25,-9.66,-1.02
2024/01/01 16:14:18.15,230.15,-31.66,-57.26,-59.97,56.19,-9.66,-1.05
2024/01/01 16:14:18.16,230.16,-31.67,-57.26,-59.97,56.15,-9.65,-1.03
2024/01/01 16:14:18.17,230.17,-31.67,-57.26,-59.98,56.13,-9.63,-1.00
2024/01/01 16:14:18.18,230.18,-31.66,-57.26,-59.99,56.14,-9.61,-0.99
2024/01/01 16:14:18.19,230.19,-31.66,-57.26,-59.99,56.20,-9.61,-0.96
2024/01/01 16:14:18.20,230.20,-31.65,-57.26,-59.99,56.26,-9.61,-0.95
2024/01/01 16:14:18.21,230.21,-31.65,-57.26,-59.99,56.29,-9.63,-0.98
2024/01/01 16:14:18.22,230.22,-31.64,-57.26,-59.99,56.31,-9.65,-1.03
2024/01/01 16:14:18.23,230.23,-31.64,-57.26,-59.99,56.30,-9.66,-1.05
2024/01/01 16:14:18.24,230.24,-31.65,-57.26,-60.00,56.26,-9.67,-1.06
2024/01/01 16:14:18.25,230.25,-31.64,-57.26,-60.01,56.23,-9.66,-1.05
2024/01/01 16:14:18.26,230.26,-31.64,-57.27,-60.01,56.22,-9.64,-1.03
2024/01/01 16:14:18.27,230.27,-31.63,-57.27,-60.02,56.23,-9.64,-1.01
2024/01/01 16:14:18.28,230.28,-31.63,-57.27,-60.02,56.25,-9.64,-1.00
2024/01/01 16:14:18.29,230.29,-31.62,-57.27,-60.02,56.28,-9.63,-1.00
2024/01/01 16:14:18.30,230.30,-31.62,-57.26,-60.02,56.29,-9.63,-1.04
2024/01/01 16:14:18.31,230.31,-31.62,-57.26,-60.02,56.28,-9.63,-1.08
2024/01/01 16:14:18.32,230.32,-31.62,-57.26,-60.02,56.26,-9.64,-1.09
2024/01/01 16:14:18.33,230.33,-31.61,-57.26,-60.02,56.26,-9.66,-1.08
2024/01/01 16:14:18.34,230.34,-31.62,-57.26,-60.02,56.27,-9.68,-1.06
2024/01/01 16:14:18.35,230.35,-31.62,-57.26,-60.02,56.29,-9.70,-1.03
2024/01/01 16:14:18.36,230.36,-31.63,-57.25,-60.02,56.31,-9.71,-0.99
2024/01/01 16:14:18.37,230.37,-31.63,-57.25,-60.02,56.31,-9.70,-0.99
2024/01/01 16:14:18.38,230.38,-31.62,-57.26,-60.02,56.30,-9.67,-1.00
2024/01/01 16:14:18.39,230.39,-31.62,-57.26,-60.02,56.29,-9.63,-1.00
2024/01/01 16:14:18.40,230.40,-31.61,-57.26,-60.02,56.28,-9.61,-1.03
2024/01/01 16:14:18.41,230.41,-31.61,-57.25,-60.02,56.28,-9.61,-1.06
2024/01/01 16:14:18.42,230.42,-31.61,-57.25,-60.02,56.30,-9.61,-1.08
2024/01/01 16:14:18.43,230.43,-31.61,-57.25,-60.02,56.31,-9.61,-1.08
2024/01/01 16:14:18.44,230.44,-31.60,-57.25,-60.02,56.31,-9.60,-1.07
2024/01/01 16:14:18.45,230.45,-31.59,-57.25,-60.03,56.28,-9.59,-1.04
2024/01/01 16:14:18.46,230.46,-31.59,-57.25,-60.03,56.25,-9.59,-1.03
2024/01/01 16:14:18.47,230.47,-31.58,-57.25,-60.02,56.23,-9.61,-1.03
2024/01/01 16:14:18.48,230.48,-31.59,-57.24,-60.01,56.23,-9.63,-1.03
2024/01/01 16:14:18.49,230.49,-31.59,-57.24,-60.01,56.25,-9.65,-1.05
2024/01/01 16:14:18.50,230.50,-31.59,-57.25,-60.01,56.28,-9.65,-1.05
2024/01/01 16:14:18.51,230.51,-31.59,-57.25,-60.01,56.30,-9.64,-1.03
2024/01/01 16:14:18.52,230.52,-31.59,-57.26,-60.02,56.33,-9.62,-1.01
2024/01/01 16:14:18.53,230.53,-31.59,-57.27,-60.02,56.35,-9.62,-1.00
2024/01/01 16:14:18.54,230.54,-31.59,-57.28,-60.02,56.37,-9.62,-1.01
2024/01/01 16:14:18.55,230.55,-31.59,-57.28,-60.02,56.39,-9.65,-1.02
2024/01/01 16:14:18.56,230.56,-31.59,-57.28,-60.02,56.40,-9.67,-1.06
2024/01/01 16:14:18.57,230.57,-31.60,-57.28,-60.02,56.39,-9.68,-1.09
2024/01/01 16:14:18.58,230.58,-31.60,-57.27,-60.02,56.35,-9.67,-1.08
2024/01/01 16:14:18.59,230.59,-31.59,-57.27,-60.03,56.30,-9.64,-1.05
2024/01/01 16:14:18.60,230.60,-31.58,-57.27,-60.03,56.27,-9.62,-1.02
2024/01/01 16:14:18.61,230.61,-31.58,-57.26,-60.03,56.26,-9.64,-1.01
2024/01/01 16:14:18.62,230.62,-31.58,-57.26,-60.03,56.28,-9.68,-1.01
2024/01/01 16:14:18.63,230.63,-31.58,-57.25,-60.03,56.32,-9.73,-1.06
2024/01/01 16:14:18.64,230.64,-31.59,-57.25,-60.03,56.36,-9.75,-1.10
2024/01/01 16:14:18.65,230.65,-31.60,-57.25,-60.03,56.35,-9.74,-1.11
2024/01/01 16:14:18.66,230.66,-31.61,-57.26,-60.03,56.31,-9.70,-1.10
2024/01/01 16:14:18.67,230.67,-31.61,-57.27,-60.04,56.26,-9.66,-1.07
2024/01/01 16:14:18.68,230.68,-31.61,-57.27,-60.04,56.24,-9.62,-1.04
2024/01/01 16:14:18.69,230.69,-31.60,-57.28,-60.03,56.26,-9.59,-0.99
2024/01/01 16:14:18.70,230.70,-31.59,-57.28,-60.03,56.30,-9.57,-0.98
2024/01/01 16:14:18.71,230.71,-31.59,-57.27,-60.03,56.33,-9.56,-1.02
2024/01/01 16:14:18.72,230.72,-31.59,-57.26,-60.03,56.32,-9.55,-1.07
2024/01/01 16:14:18.73,230.73,-31.59,-57.26,-60.03,56.29,-9.57,-1.08
2024/01/01 16:14:18.74,230.74,-31.59,-57.25,-60.03,56.25,-9.62,-1.09
2024/01/01 16:14:18.75,230.75,-31.60,-57.24,-60.03,56.23,-9.68,-1.08
2024/01/01 16:14:18.76,230.76,-31.60,-57.23,-60.04,56.24,-9.72,-1.05
2024/01/01 16:14:18.77,230.77,-31.59,-57.23,-60.03,56.28,-9.74,-1.02
2024/01/01 16:14:18.78,230.78,-31.59,-57.24,-60.03,56.33,-9.72,-1.00
2024/01/01 16:14:18.79,230.79,-31.59,-57.24,-60.03,56.37,-9.68,-1.01
2024/01/01 16:14:18.80,230.80,-31.60,-57.25,-60.03,56.37,-9.62,-1.03
2024/01/01 16:14:18.81,230.81,-31.60,-57.26,-60.03,56.36,-9.57,-1.04
2024/01/01 16:14:18.82,230.82,-31.60,-57.26,-60.02,56.34,-9.55,-1.05
2024/01/01 16:14:18.83,230.83,-31.60,-57.27,-60.02,56.32,-9.56,-1.04
2024/01/01 16:14:18.84,230.84,-31.60,-57.27,-60.02,56.28,-9.59,-1.03
2024/01/01 16:14:18.85,230.85,-31.60,-57.26,-60.02,56.26,-9.61,-1.03
2024/01/01 16:14:18.86,230.86,-31.60,-57.26,-60.02,56.26,-9.63,-1.05
2024/01/01 16:14:18.87,230.87,-31.60,-57.26,-60.02,56.27,-9.63,-1.05
2024/01/01 16:14:18.88,230.88,-31.59,-57.26,-60.02,56.29,-9.63,-1.05
2024/01/01 16:14:18.89,230.89,-31.59,-57.26,-60.02,56.32,-9.64,-1.04
2024/01/01 16:14:18.90,230.90,-31.58,-57.26,-60.02,56.34,-9.66,-1.03
2024/01/01 16:14:18.91,230.91,-31.58,-57.26,-60.02,56.34,-9.69,-1.02
2024/01/01 16:14:18.92,230.92,-31.58,-57.26,-60.01,56.32,-9.71,-1.01
2024/01/01 16:14:18.93,230.93,-31.58,-57.26,-60.02,56.30,-9.71,-1.01
2024/01/01 16:14:18.94,230.94,-31.58,-57.26,-60.02,56.30,-9.70,-1.03
2024/01/01 16:14:18.95,230.95,-31.58,-57.26,-60.02,56.31,-9.66,-1.06
2024/01/01 16:14:18.96,230.96,-31.58,-57.26,-60.02,56.30,-9.62,-1.07
2024/01/01 16:14:18.97,230.97,-31.58,-57.27,-60.03,56.30,-9.59,-1.07
2024/01/01 16:14:18.98,230.98,-31.57,-57.27,-60.03,56.32,-9.60,-1.06
2024/01/01 16:14:18.99,230.99,-31.57,-57.27,-60.04,56.33,-9.63,-1.04
2024/01/01 16:14:19.00,231.00,-31.56,-57.27,-60.04,56.36,-9.67,-1.01
2024/01/01 16:14:19.01,231.01,-31.56,-57.27,-60.04,56.39,-9.70,-1.01
2024/01/01 16:14:19.02,231.02,-31.56,-57.26,-60.03,56.39,-9.70,-1.04
2024/01/01 16:14:19.03,231.03,-31.56,-57.26,-60.02,56.38,-9.68,-1.05
2024/01/01 16:14:19.04,231.04,-31.55,-57.26,-60.02,56.36,-9.66,-1.06
2024/01/01 16:14:19.05,231.05,-31.54,-57.26,-60.02,56.33,-9.65,-1.05
2024/01/01 16:14:19.06,231.06,-31.53,-57.26,-60.01,56.31,-9.63,-1.02
2024/01/01 16:14:19.07,231.07,-31.53,-57.25,-60.01,56.29,-9.62,-1.00
2024/01/01 16:14:19.08,231.08,-31.53,-57.25,-60.00,56.30,-9.61,-1.02
2024/01/01 16:14:19.09,231.09,-31.53,-57.25,-59.99,56.33,-9.60,-1.04
2024/01/01 16:14:19.10,231.10,-31.53,-57.25,-59.99,56.35,-9.59,-1.02
2024/01/01 16:14:19.11,231.11,-31.54,-57.25,-59.98,56.37,-9.60,-0.99
2024/01/01 16:14:19.12,231.12,-31.55,-57.26,-59.97,56.37,-9.61,-0.97
2024/01/01 16:14:19.13,231.13,-31.55,-57.25,-59.97,56.37,-9.63,-0.97
2024/01/01 16:14:19.14,231.14,-31.54,-57.25,-59.96,56.38,-9.65,-0.97
2024/01/01 16:14:19.15,231.15,-31.54,-57.25,-59.96,56.38,-9.66,-0.96
2024/01/01 16:14:19.16,231.16,-31.53,-57.24,-59.96,56.38,-9.65,-0.95
2024/01/01 16:14:19.17,231.17,-31.53,-57.23,-59.96,56.37,-9.63,-0.96
2024/01/01 16:14:19.18,231.18,-31.53,-57.22,-59.96,56.38,-9.60,-0.97
2024/01/01 16:14:19.19,231.19,-31.53,-57.21,-59.95,56.40,-9.59,-0.96
2024/01/01 16:14:19.20,231.20,-31.52,-57.20,-59.95,56.42,-9.58,-0.97
2024/01/01 16:14:19.21,231.21,-31.51,-57.21,-59.95,56.45,-9.59,-0.98
2024/01/01 16:14:19.22,231.22,-31.51,-57.21,-59.95,56.45,-9.60,-0.99
2024/01/01 16:14:19.23,231.23,-31.50,-57.22,-59.95,56.43,-9.61,-0.99
2024/01/01 16:14:19.24,231.24,-31.49,-57.23,-59.94,56.40,-9.60,-0.98
2024/01/01 16:14:19.25,231.25,-31.49,-57.23,-59.94,56.37,-9.57,-0.96
2024/01/01 16:14:19.26,231.26,-31.50,-57.22,-59.93,56.34,-9.53,-0.96
2024/01/01 16:14:19.27,231.27,-31.51,-57.22,-59.93,56.33,-9.51,-0.97
2024/01/01 16:14:19.28,231.28,-31.52,-57.22,-59.93,56.33,-9.51,-0.96
2024/01/01 16:14:19.29,231.29,-31.52,-57.22,-59.94,56.34,-9.53,-0.95
2024/01/01 16:14:19.30,231.30,-31.52,-57.22,-59.94,56.35,-9.57,-0.94
2024/01/01 16:14:19.31,231.31,-31.51,-57.22,-59.94,56.39,-9.63,-0.94
2024/01/01 16:14:19.32,231.32,-31.50,-57.21,-59.94,56.44,-9.67,-0.93
2024/01/01 16:14:19.33,231.33,-31.50,-57.22,-59.93,56.48,-9.68,-0.94
2024/01/01 16:14:19.34,231.34,-31.50,-57.22,-59.93,56.51,-9.65,-0.97
2024/01/01 16:14:19.35,231.35,-31.50,-57.22,-59.93,56.51,-9.62,-0.97
2024/01/01 16:14:19.36,231.36,-31.50,-57.22,-59.93,56.46,-9.60,-0.97
2024/01/01 16:14:19.37,231.37,-31.50,-57.22,-59.93,56.38,-9.59,-0.97
2024/01/01 16:14:19.38,231.38,-31.51,-57.22,-59.93,56.32,-9.59,-0.97
2024/01/01 16:14:19.39,231.39,-31.50,-57.22,-59.94,56.29,-9.58,-0.95
2024/01/01 16:14:19.40,231.40,-31.50,-57.22,-59.93,56.31,-9.58,-0.94
2024/01/01 16:14:19.41,231.41,-31.50,-57.22,-59.93,56.37,-9.58,-0.95
2024/01/01 16:14:19.42,231.42,-31.50,-57.22,-59.93,56.43,-9.57,-0.97
2024/01/01 16:14:19.43,231.43,-31.50,-57.22,-59.92,56.45,-9.57,-0.97
2024/01/01 16:14:19.44,231.44,-31.50,-57.23,-59.92,56.44,-9.57,-0.94
2024/01/01 16:14:19.45,231.45,-31.50,-57.23,-59.92,56.40,-9.59,-0.94
2024/01/01 16:14:19.46,231.46,-31.49,-57.24,-59.92,56.39,-9.62,-0.95
2024/01/01 16:14:19.47,231.47,-31.50,-57.23,-59.92,56.39,-9.64,-0.95
2024/01/01 16:14:19.48,231.48,-31.50,-57.23,-59.92,56.42,-9.66,-0.94
2024/01/01 16:14:19.49,231.49,-31.50,-57.22,-59.92,56.43,-9.65,-0.94
2024/01/01 16:14:19.50,231.50,-31.49,-57.21,-59.91,56.43,-9.63,-0.94
2024/01/01 16:14:19.51,231.51,-31.49,-57.22,-59.91,56.41,-9.60,-0.93
2024/01/01 16:14:19.52,231.52,-31.49,-57.22,-59.90,56.40,-9.58,-0.92
2024/01/01 16:14:19.53,231.53,-31.50,-57.23,-59.90,56.41,-9.57,-0.93
2024/01/01 16:14:19.54,231.54,-31.50,-57.23,-59.90,56.42,-9.57,-0.93
2024/01/01 16:14:19.55,231.55,-31.50,-57.23,-59.90,56.43,-9.58,-0.92
2024/01/01 16:14:19.56,231.56,-31.51,-57.24,-59.90,56.43,-9.60,-0.90
2024/01/01 16:14:19.57,231.57,-31.51,-57.23,-59.89,56.43,-9.60,-0.90
2024/01/01 16:14:19.58,231.58,-31.50,-57.24,-59.89,56.42,-9.59,-0.90
2024/01/01 16:14:19.59,231.59,-31.50,-57.24,-59.89,56.41,-9.58,-0.90
2024/01/01 16:14:19.60,231.60,-31.50,-57.23,-59.88,56.38,-9.58,-0.90
2024/01/01 16:14:19.61,231.61,-31.51,-57.23,-59.88,56.36,-9.59,-0.91
2024/01/01 16:14:19.62,231.62,-31.51,-57.23,-59.87,56.35,-9.60,-0.93
2024/01/01 16:14:19.63,231.63,-31.50,-57.23,-59.87,56.34,-9.62,-0.94
2024/01/01 16:14:19.64,231.64,-31.50,-57.23,-59.87,56.35,-9.63,-0.91
2024/01/01 16:14:19.65,231.65,-31.49,-57.23,-59.87,56.37,-9.62,-0.89
2024/01/01 16:14:19.66,231.66,-31.49,-57.23,-59.87,56.40,-9.60,-0.89
2024/01/01 16:14:19.67,231.67,-31.49,-57.23,-59.86,56.43,-9.58,-0.88
2024/01/01 16:14:19.68,231.68,-31.50,-57.23,-59.86,56.46,-9.56,-0.87
2024/01/01 16:14:19.69,231.69,-31.50,-57.23,-59.86,56.48,-9.55,-0.87
2024/01/01 16:14:19.70,231.70,-31.50,-57.24,-59.85,56.45,-9.54,-0.88
2024/01/01 16:14:19.71,231.71,-31.50,-57.24,-59.85,56.40,-9.56,-0.89
2024/01/01 16:14:19.72,231.72,-31.50,-57.24,-59.84,56.36,-9.60,-0.90
2024/01/01 16:14:19.73,231.73,-31.50,-57.24,-59.84,56.36,-9.65,-0.88
2024/01/01 16:14:19.74,231.74,-31.49,-57.23,-59.84,56.39,-9.69,-0.84
2024/01/01 16:14:19.75,231.75,-31.49,-57.23,-59.84,56.45,-9.69,-0.82
2024/01/01 16:14:19.76,231.76,-31.48,-57.23,-59.84,56.50,-9.67,-0.83
2024/01/01 16:14:19.77,231.77,-31.48,-57.23,-59.83,56.51,-9.62,-0.85
2024/01/01 16:14:19.78,231.78,-31.47,-57.22,-59.83,56.48,-9.58,-0.88
2024/01/01 16:14:19.79,231.79,-31.47,-57.22,-59.83,56.43,-9.55,-0.90
2024/01/01 16:14:19.80,231.80,-31.47,-57.22,-59.83,56.39,-9.56,-0.90
2024/01/01 16:14:19.81,231.81,-31.47,-57.22,-59.83,56.38,-9.57,-0.87
2024/01/01 16:14:19.82,231.82,-31.47,-57.22,-59.83,56.40,-9.59,-0.83
2024/01/01 16:14:19.83,231.83,-31.47,-57.22,-59.83,56.43,-9.60,-0.82
2024/01/01 16:14:19.84,231.84,-31.47,-57.22,-59.83,56.44,-9.59,-0.84
2024/01/01 16:14:19.85,231.85,-31.48,-57.21,-59.82,56.46,-9.58,-0.88
2024/01/01 16:14:19.86,231.86,-31.47,-57.21,-59.82,56.46,-9.56,-0.87
2024/01/01 16:14:19.87,231.87,-31.47,-57.21,-59.83,56.47,-9.54,-0.85
2024/01/01 16:14:19.88,231.88,-31.46,-57.21,-59.83,56.48,-9.53,-0.84
2024/01/01 16:14:19.89,231.89,-31.45,-57.21,-59.82,56.49,-9.53,-0.85
2024/01/01 16:14:19.90,231.90,-31.45,-57.20,-59.82,56.50,-9.54,-0.86
2024/01/01 16:14:19.91,231.91,-31.45,-57.20,-59.81,56.48,-9.57,-0.87
2024/01/01 16:14:19.92,231.92,-31.45,-57.20,-59.80,56.46,-9.61,-0.87
2024/01/01 16:14:19.93,231.93,-31.45,-57.20,-59.80,56.43,-9.62,-0.85
2024/01/01 16:14:19.94,231.94,-31.45,-57.20,-59.80,56.42,-9.62,-0.82
2024/01/01 16:14:19.95,231.95,-31.45,-57.19,-59.80,56.42,-9.58,-0.79
2024/01/01 16:14:19.96,231.96,-31.45,-57.19,-59.80,56.42,-9.54,-0.78
2024/01/01 16:14:19.97,231.97,-31.45,-57.18,-59.79,56.45,-9.51,-0.79
2024/01/01 16:14:19.98,231.98,-31.46,-57.18,-59.79,56.49,-9.50,-0.81
2024/01/01 16:14:19.99,231.99,-31.46,-57.18,-59.79,56.52,-9.50,-0.83
2024/01/01 16:14:20.00,232.00,-31.46,-57.18,-59.79,56.54,-9.50,-0.84
2024/01/01 16:14:20.01,232.01,-31.45,-57.19,-59.79,56.54,-9.52,-0.83
2024/01/01 16:14:20.02,232.02,-31.45,-57.19,-59.79,56.50,-9.54,-0.81
2024/01/01 16:14:20.03,232.03,-31.45,-57.19,-59.79,56.46,-9.56,-0.79
2024/01/01 16:14:20.04,232.04,-31.46,-57.19,-59.79,56.44,-9.57,-0.80
2024/01/01 16:14:20.05,232.05,-31.46,-57.18,-59.79,56.42,-9.56,-0.81
2024/01/01 16:14:20.06,232.06,-31.47,-57.18,-59.79,56.41,-9.52,-0.82
2024/01/01 16:14:20.07,232.07,-31.47,-57.18,-59.79,56.40,-9.49,-0.83
2024/01/01 16:14:20.08,232.08,-31.48,-57.18,-59.79,56.42,-9.48,-0.84
2024/01/01 16:14:20.09,232.09,-31.48,-57.18,-59.79,56.44,-9.48,-0.83
2024/01/01 16:14:20.10,232.10,-31.48,-57.18,-59.79,56.46,-9.52,-0.82
2024/01/01 16:14:20.11,232.11,-31.49,-57.19,-59.79,56.48,-9.56,-0.81
2024/01/01 16:14:20.12,232.12,-31.49,-57.19,-59.79,56.47,-9.59,-0.80
2024/01/01 16:14:20.13,232.13,-31.50,-57.19,-59.78,56.45,-9.61,-0.80
2024/01/01 16:14:20.14,232.14,-31.51,-57.19,-59.78,56.41,-9.63,-0.80
2024/01/01 16:14:20.15,232.15,-31.52,-57.18,-59.78,56.38,-9.63,-0.80
2024/01/01 16:14:20.16,232.16,-31.53,-57.18,-59.78,56.36,-9.62,-0.78
2024/01/01 16:14:20.17,232.17,-31.53,-57.18,-59.77,56.34,-9.60,-0.76
2024/01/01 16:14:20.18,232.18,-31.53,-57.18,-59.77,56.32,-9.57,-0.77
2024/01/01 16:14:20.19,232.19,-31.53,-57.18,-59.77,56.33,-9.52,-0.79
2024/01/01 16:14:20.20,232.20,-31.53,-57.19,-59.77,56.34,-9.50,-0.79
2024/01/01 16:14:20.21,232.21,-31.53,-57.19,-59.77,56.36,-9.50,-0.81
2024/01/01 16:14:20.22,232.22,-31.54,-57.19,-59.77,56.39,-9.52,-0.82
2024/01/01 16:14:20.23,232.23,-31.54,-57.19,-59.77,56.41,-9.54,-0.81
2024/01/01 16:14:20.24,232.24,-31.54,-57.18,-59.77,56.42,-9.54,-0.79
2024/01/01 16:14:20.25,232.25,-31.54,-57.17,-59.77,56.41,-9.54,-0.77
2024/01/01 16:14:20.26,232.26,-31.54,-57.16,-59.77,56.40,-9.54,-0.77
2024/01/01 16:14:20.27,232.27,-31.55,-57.16,-59.76,56.38,-9.53,-0.77
2024/01/01 16:14:20.28,232.28,-31.55,-57.17,-59.76,56.35,-9.52,-0.77
2024/01/01 16:14:20.29,232.29,-31.56,-57.17,-59.76,56.33,-9.53,-0.78
2024/01/01 16:14:20.30,232.30,-31.56,-57.17,-59.75,56.32,-9.56,-0.79
2024/01/01 16:14:20.31,232.31,-31.57,-57.17,-59.74,56.32,-9.57,-0.78
2024/01/01 16:14:20.32,232.32,-31.58,-57.16,-59.74,56.34,-9.57,-0.76
2024/01/01 16:14:20.33,232.33,-31.58,-57.16,-59.74,56.35,-9.58,-0.74
2024/01/01 16:14:20.34,232.34,-31.58,-57.16,-59.74,56.36,-9.57,-0.73
2024/01/01 16:14:20.35,232.35,-31.58,-57.17,-59.73,56.36,-9.55,-0.72
2024/01/01 16:14:20.36,232.36,-31.59,-57.17,-59.73,56.34,-9.53,-0.72
2024/01/01 16:14:20.37,232.37,-31.59,-57.17,-59.73,56.32,-9.52,-0.75
2024/01/01 16:14:20.38,232.38,-31.59,-57.16,-59.72,56.31,-9.51,-0.76
2024/01/01 16:14:20.39,232.39,-31.60,-57.16,-59.72,56.30,-9.53,-0.75
2024/01/01 16:14:20.40,232.40,-31.61,-57.16,-59.71,56.29,-9.55,-0.74
2024/01/01 16:14:20.41,232.41,-31.62,-57.16,-59.71,56.27,-9.56,-0.73
2024/01/01 16:14:20.42,232.42,-31.62,-57.15,-59.71,56.27,-9.55,-0.73
2024/01/01 16:14:20.43,232.43,-31.62,-57.15,-59.71,56.28,-9.53,-0.71
2024/01/01 16:14:20.44,232.44,-31.63,-57.15,-59.71,56.29,-9.52,-0.70
2024/01/01 16:14:20.45,232.45,-31.63,-57.15,-59.71,56.31,-9.52,-0.71
2024/01/01 16:14:20.46,232.46,-31.64,-57.15,-59.71,56.31,-9.50,-0.73
2024/01/01 16:14:20.47,232.47,-31.64,-57.16,-59.71,56.29,-9.48,-0.75
2024/01/01 16:14:20.48,232.48,-31.65,-57.15,-59.71,56.27,-9.47,-0.76
2024/01/01 16:14:20.49,232.49,-31.65,-57.15,-59.71,56.25,-9.48,-0.76
2024/01/01 16:14:20.50,232.50,-31.65,-57.15,-59.71,56.25,-9.51,-0.74
2024/01/01 16:14:20.51,232.51,-31.65,-57.15,-59.71,56.26,-9.54,-0.71
2024/01/01 16:14:20.52,232.52,-31.65,-57.16,-59.71,56.27,-9.57,-0.69
2024/01/01 16:14:20.53,232.53,-31.65,-57.16,-59.71,56.27,-9.61,-0.69
2024/01/01 16:14:20.54,232.54,-31.66,-57.16,-59.70,56.26,-9.62,-0.70
2024/01/01 16:14:20.55,232.55,-31.66,-57.16,-59.70,56.25,-9.60,-0.73
2024/01/01 16:14:20.56,232.56,-31.67,-57.16,-59.71,56.24,-9.57,-0.75
2024/01/01 16:14:20.57,232.57,-31.68,-57.16,-59.71,56.25,-9.54,-0.75
2024/01/01 16:14:20.58,232.58,-31.68,-57.15,-59.72,56.26,-9.52,-0.74
2024/01/01 16:14:20.59,232.59,-31.69,-57.15,-59.72,56.27,-9.52,-0.72
2024/01/01 16:14:20.60,232.60,-31.69,-57.15,-59.72,56.27,-9.53,-0.71
2024/01/01 16:14:20.61,232.61,-31.70,-57.15,-59.71,56.26,-9.54,-0.71
2024/01/01 16:14:20.62,232.62,-31.70,-57.14,-59.71,56.24,-9.54,-0.72
2024/01/01 16:14:20.63,232.63,-31.70,-57.14,-59.71,56.20,-9.53,-0.72
2024/01/01 16:14:20.64,232.64,-31.71,-57.14,-59.71,56.17,-9.52,-0.73
2024/01/01 16:14:20.65,232.65,-31.71,-57.14,-59.71,56.15,-9.51,-0.72
2024/01/01 16:14:20.66,232.66,-31.71,-57.14,-59.72,56.14,-9.50,-0.73
2024/01/01 16:14:20.67,232.67,-31.71,-57.14,-59.72,56.16,-9.51,-0.73
2024/01/01 16:14:20.68,232.68,-31.72,-57.14,-59.72,56.18,-9.52,-0.72
2024/01/01 16:14:20.69,232.69,-31.72,-57.13,-59.71,56.19,-9.51,-0.72
2024/01/01 16:14:20.70,232.70,-31.73,-57.13,-59.71,56.20,-9.50,-0.73
2024/01/01 16:14:20.71,232.71,-31.73,-57.13,-59.71,56.20,-9.49,-0.74
2024/01/01 16:14:20.72,232.72,-31.74,-57.13,-59.71,56.18,-9.49,-0.72
2024/01/01 16:14:20.73,232.73,-31.75,-57.12,-59.71,56.16,-9.51,-0.71
2024/01/01 16:14:20.74,232.74,-31.75,-57.12,-59.71,56.16,-9.54,-0.71
2024/01/01 16:14:20.75,232.75,-31.75,-57.12,-59.71,56.16,-9.55,-0.71
2024/01/01 16:14:20.76,232.76,-31.74,-57.11,-59.71,56.17,-9.55,-0.70
2024/01/01 16:14:20.77,232.77,-31.74,-57.11,-59.71,56.18,-9.54,-0.70
2024/01/01 16:14:20.78,232.78,-31.75,-57.10,-59.71,56.19,-9.52,-0.72
2024/01/01 16:14:20.79,232.79,-31.75,-57.10,-59.71,56.17,-9.50,-0.74
2024/01/01 16:14:20.80,232.80,-31.76,-57.11,-59.71,56.15,-9.49,-0.73
2024/01/01 16:14:20.81,232.81,-31.76,-57.11,-59.71,56.13,-9.50,-0.72
2024/01/01 16:14:20.82,232.82,-31.76,-57.12,-59.71,56.13,-9.50,-0.71
2024/01/01 16:14:20.83,232.83,-31.76,-57.11,-59.72,56.13,-9.48,-0.72
2024/01/01 16:14:20.84,232.84,-31.76,-57.11,-59.71,56.14,-9.47,-0.72
2024/01/01 16:14:20.85,232.85,-31.76,-57.11,-59.71,56.15,-9.45,-0.71
2024/01/01 16:14:20.86,232.86,-31.76,-57.10,-59.71,56.15,-9.44,-0.72
2024/01/01 16:14:20.87,232.87,-31.77,-57.10,-59.71,56.15,-9.44,-0.75
2024/01/01 16:14:20.88,232.88,-31.77,-57.11,-59.72,56.15,-9.45,-0.75
2024/01/01 16:14:20.89,232.89,-31.77,-57.11,-59.72,56.15,-9.48,-0.72
2024/01/01 16:14:20.90,232.90,-31.78,-57.11,-59.72,56.14,-9.53,-0.71
2024/01/01 16:14:20.91,232.91,-31.78,-57.11,-59.72,56.14,-9.56,-0.70
2024/01/01 16:14:20.92,232.92,-31.77,-57.10,-59.72,56.14,-9.57,-0.70
2024/01/01 16:14:20.93,232.93,-31.77,-57.10,-59.72,56.15,-9.55,-0.70
2024/01/01 16:14:20.94,232.94,-31.78,-57.10,-59.72,56.16,-9.51,-0.71
2024/01/01 16:14:20.95,232.95,-31.78,-57.10,-59.72,56.15,-9.46,-0.74
2024/01/01 16:14:20.96,232.96,-31.78,-57.10,-59.72,56.12,-9.44,-0.75
2024/01/01 16:14:20.97,232.97,-31.79,-57.10,-59.72,56.08,-9.44,-0.75
2024/01/01 16:14:20.98,232.98,-31.80,-57.10,-59.72,56.07,-9.48,-0.72
2024/01/01 16:14:20.99,232.99,-31.80,-57.10,-59.72,56.07,-9.53,-0.70
2024/01/01 16:14:21.00,233.00,-31.80,-57.10,-59.73,56.08,-9.56,-0.69
2024/01/01 16:14:21.01,233.01,-31.81,-57.10,-59.73,56.10,-9.55,-0.70
2024/01/01 16:14:21.02,233.02,-31.81,-57.10,-59.73,56.12,-9.52,-0.72
2024/01/01 16:14:21.03,233.03,-31.81,-57.10,-59.74,56.13,-9.49,-0.75
2024/01/01 16:14:21.04,233.04,-31.81,-57.10,-59.74,56.14,-9.48,-0.76
2024/01/01 16:14:21.05,233.05,-31.81,-57.10,-59.74,56.13,-9.48,-0.76
2024/01/01 16:14:21.06,233.06,-31.81,-57.09,-59.74,56.10,-9.48,-0.75
2024/01/01 16:14:21.07,233.07,-31.80,-57.09,-59.75,56.06,-9.48,-0.74
2024/01/01 16:14:21.08,233.08,-31.81,-57.09,-59.75,56.02,-9.47,-0.73
2024/01/01 16:14:21.09,233.09,-31.81,-57.09,-59.75,56.02,-9.47,-0.73
2024/01/01 16:14:21.10,233.10,-31.82,-57.09,-59.75,56.05,-9.48,-0.75
2024/01/01 16:14:21.11,233.11,-31.82,-57.09,-59.75,56.09,-9.50,-0.77
2024/01/01 16:14:21.12,233.12,-31.82,-57.09,-59.76,56.12,-9.51,-0.78
2024/01/01 16:14:21.13,233.13,-31.82,-57.10,-59.76,56.12,-9.50,-0.77
2024/01/01 16:14:21.14,233.14,-31.82,-57.10,-59.76,56.10,-9.49,-0.75
2024/01/01 16:14:21.15,233.15,-31.82,-57.10,-59.76,56.09,-9.47,-0.74
2024/01/01 16:14:21.16,233.16,-31.81,-57.09,-59.76,56.10,-9.45,-0.76
2024/01/01 16:14:21.17,233.17,-31.81,-57.09,-59.77,56.12,-9.46,-0.77
2024/01/01 16:14:21.18,233.18,-31.81,-57.09,-59.77,56.12,-9.48,-0.77
2024/01/01 16:14:21.19,233.19,-31.82,-57.10,-59.77,56.08,-9.52,-0.77
2024/01/01 16:14:21.20,233.20,-31.82,-57.10,-59.78,56.04,-9.55,-0.78
2024/01/01 16:14:21.21,233.21,-31.83,-57.10,-59.78,56.01,-9.57,-0.79
2024/01/01 16:14:21.22,233.22,-31.83,-57.11,-59.79,56.02,-9.57,-0.79
2024/01/01 16:14:21.23,233.23,-31.83,-57.11,-59.79,56.06,-9.55,-0.77
2024/01/01 16:14:21.24,233.24,-31.82,-57.11,-59.79,56.10,-9.51,-0.77
2024/01/01 16:14:21.25,233.25,-31.82,-57.11,-59.80,56.13,-9.46,-0.78
2024/01/01 16:14:21.26,233.26,-31.82,-57.11,-59.80,56.13,-9.44,-0.80
2024/01/01 16:14:21.27,233.27,-31.82,-57.11,-59.81,56.11,-9.45,-0.81
2024/01/01 16:14:21.28,233.28,-31.82,-57.12,-59.82,56.08,-9.49,-0.81
2024/01/01 16:14:21.29,233.29,-31.83,-57.12,-59.82,56.06,-9.53,-0.83
2024/01/01 16:14:21.30,233.30,-31.83,-57.12,-59.83,56.04,-9.56,-0.85
2024/01/01 16:14:21.31,233.31,-31.83,-57.12,-59.83,56.04,-9.56,-0.85
2024/01/01 16:14:21.32,233.32,-31.84,-57.12,-59.83,56.05,-9.55,-0.84
2024/01/01 16:14:21.33,233.33,-31.83,-57.12,-59.83,56.07,-9.52,-0.84
2024/01/01 16:14:21.34,233.34,-31.83,-57.13,-59.84,56.08,-9.50,-0.83
2024/01/01 16:14:21.35,233.35,-31.83,-57.14,-59.84,56.08,-9.50,-0.81
2024/01/01 16:14:21.36,233.36,-31.83,-57.14,-59.84,56.06,-9.52,-0.79
2024/01/01 16:14:21.37,233.37,-31.84,-57.14,-59.83,56.04,-9.55,-0.80
2024/01/01 16:14:21.38,233.38,-31.84,-57.14,-59.83,56.03,-9.57,-0.84
2024/01/01 16:14:21.39,233.39,-31.85,-57.14,-59.84,56.04,-9.57,-0.86
2024/01/01 16:14:21.40,233.40,-31.85,-57.14,-59.84,56.04,-9.56,-0.85
2024/01/01 16:14:21.41,233.41,-31.85,-57.14,-59.84,56.04,-9.56,-0.84
2024/01/01 16:14:21.42,233.42,-31.84,-57.15,-59.85,56.03,-9.56,-0.84
2024/01/01 16:14:21.43,233.43,-31.84,-57.15,-59.85,56.04,-9.56,-0.85
2024/01/01 16:14:21.44,233.44,-31.83,-57.16,-59.86,56.06,-9.57,-0.83
2024/01/01 16:14:21.45,233.45,-31.83,-57.16,-59.86,56.08,-9.59,-0.82
2024/01/01 16:14:21.46,233.46,-31.83,-57.16,-59.86,56.07,-9.59,-0.85
2024/01/01 16:14:21.47,233.47,-31.83,-57.17,-59.86,56.05,-9.58,-0.89
2024/01/01 16:14:21.48,233.48,-31.84,-57.17,-59.87,56.03,-9.55,-0.90
2024/01/01 16:14:21.49,233.49,-31.84,-57.18,-59.88,56.01,-9.52,-0.88
2024/01/01 16:14:21.50,233.50,-31.84,-57.18,-59.88,56.03,-9.51,-0.86
2024/01/01 16:14:21.51,233.51,-31.84,-57.19,-59.88,56.07,-9.51,-0.87
2024/01/01 16:14:21.52,233.52,-31.84,-57.19,-59.88,56.13,-9.53,-0.87
2024/01/01 16:14:21.53,233.53,-31.83,-57.19,-59.88,56.17,-9.57,-0.86
2024/01/01 16:14:21.54,233.54,-31.83,-57.19,-59.88,56.15,-9.63,-0.85
2024/01/01 16:14:21.55,233.55,-31.82,-57.19,-59.88,56.11,-9.68,-0.87
2024/01/01 16:14:21.56,233.56,-31.82,-57.20,-59.89,56.07,-9.69,-0.90
2024/01/01 16:14:21.57,233.57,-31.81,-57.20,-59.90,56.05,-9.68,-0.91
2024/01/01 16:14:21.58,233.58,-31.81,-57.20,-59.90,56.05,-9.66,-0.90
2024/01/01 16:14:21.59,233.59,-31.82,-57.21,-59.91,56.05,-9.65,-0.90
2024/01/01 16:14:21.60,233.60,-31.82,-57.21,-59.91,56.05,-9.63,-0.93
2024/01/01 16:14:21.61,233.61,-31.82,-57.21,-59.90,56.05,-9.62,-0.94
2024/01/01 16:14:21.62,233.62,-31.82,-57.21,-59.90,56.06,-9.62,-0.90
2024/01/01 16:14:21.63,233.63,-31.82,-57.22,-59.90,56.06,-9.63,-0.88
2024/01/01 16:14:21.64,233.64,-31.82,-57.23,-59.90,56.06,-9.62,-0.88
2024/01/01 16:14:21.65,233.65,-31.82,-57.24,-59.91,56.07,-9.62,-0.88
2024/01/01 16:14:21.66,233.66,-31.82,-57.25,-59.91,56.08,-9.64,-0.87
2024/01/01 16:14:21.67,233.67,-31.82,-57.25,-59.91,56.08,-9.66,-0.88
2024/01/01 16:14:21.68,233.68,-31.82,-57.25,-59.92,56.08,-9.66,-0.91
2024/01/01 16:14:21.69,233.69,-31.82,-57.26,-59.92,56.08,-9.65,-0.94
2024/01/01 16:14:21.70,233.70,-31.82,-57.25,-59.93,56.10,-9.62,-0.94
2024/01/01 16:14:21.71,233.71,-31.82,-57.25,-59.93,56.11,-9.60,-0.93
2024/01/01 16:14:21.72,233.72,-31.81,-57.25,-59.93,56.13,-9.58,-0.93
2024/01/01 16:14:21.73,233.73,-31.81,-57.25,-59.93,56.12,-9.60,-0.93
2024/01/01 16:14:21.74,233.74,-31.80,-57.25,-59.93,56.09,-9.65,-0.92
2024/01/01 16:14:21.75,233.75,-31.80,-57.25,-59.93,56.06,-9.70,-0.91
2024/01/01 16:14:21.76,233.76,-31.80,-57.26,-59.93,56.04,-9.74,-0.92
2024/01/01 16:14:21.77,233.77,-31.80,-57.26,-59.93,56.04,-9.74,-0.93
2024/01/01 16:14:21.78,233.78,-31.80,-57.27,-59.94,56.06,-9.71,-0.95
2024/01/01 16:14:21.79,233.79,-31.80,-57.27,-59.94,56.10,-9.68,-0.97
2024/01/01 16:14:21.80,233.80,-31.80,-57.27,-59.94,56.11,-9.66,-0.95
2024/01/01 16:14:21.81,233.81,-31.80,-57.28,-59.94,56.11,-9.67,-0.93
2024/01/01 16:14:21.82,233.82,-31.79,-57.28,-59.94,56.12,-9.69,-0.93
2024/01/01 16:14:21.83,233.83,-31.79,-57.29,-59.94,56.14,-9.72,-0.93
2024/01/01 16:14:21.84,233.84,-31.79,-57.30,-59.94,56.16,-9.73,-0.92
2024/01/01 16:14:21.85,233.85,-31.79,-57.30,-59.94,56.16,-9.74,-0.92
2024/01/01 16:14:21.86,233.86,-31.78,-57.30,-59.94,56.15,-9.73,-0.94
2024/01/01 16:14:21.87,233.87,-31.78,-57.30,-59.94,56.14,-9.71,-0.95
2024/01/01 16:14:21.88,233.88,-31.78,-57.29,-59.94,56.12,-9.69,-0.95
2024/01/01 16:14:21.89,233.89,-31.77,-57.30,-59.94,56.11,-9.68,-0.95
2024/01/01 16:14:21.90,233.90,-31.77,-57.30,-59.94,56.11,-9.69,-0.94
2024/01/01 16:14:21.91,233.91,-31.77,-57.30,-59.94,56.11,-9.70,-0.93
2024/01/01 16:14:21.92,233.92,-31.77,-57.30,-59.94,56.12,-9.71,-0.93
2024/01/01 16:14:21.93,233.93,-31.77,-57.31,-59.94,56.13,-9.71,-0.94
2024/01/01 16:14:21.94,233.94,-31.78,-57.31,-59.94,56.15,-9.71,-0.93
2024/01/01 16:14:21.95,233.95,-31.79,-57.31,-59.95,56.15,-9.69,-0.93
2024/01/01 16:14:21.96,233.96,-31.80,-57.31,-59.95,56.16,-9.68,-0.95
2024/01/01 16:14:21.97,233.97,-31.80,-57.30,-59.95,56.16,-9.68,-0.96
2024/01/01 16:14:21.98,233.98,-31.79,-57.30,-59.95,56.16,-9.71,-0.95
2024/01/01 16:14:21.99,233.99,-31.79,-57.30,-59.95,56.15,-9.75,-0.94
2024/01/01 16:14:22.00,234.00,-31.78,-57.30,-59.96,56.14,-9.79,-0.95
2024/01/01 16:14:22.01,234.01,-31.77,-57.31,-59.96,56.13,-9.80,-0.97
2024/01/01 16:14:22.02,234.02,-31.77,-57.31,-59.97,56.13,-9.78,-0.99
2024/01/01 16:14:22.03,234.03,-31.77,-57.32,-59.98,56.12,-9.76,-0.99
2024/01/01 16:14:22.04,234.04,-31.77,-57.31,-59.98,56.11,-9.75,-1.00
2024/01/01 16:14:22.05,234.05,-31.78,-57.31,-59.98,56.10,-9.73,-1.01
2024/01/01 16:14:22.06,234.06,-31.78,-57.30,-59.98,56.09,-9.71,-0.99
2024/01/01 16:14:22.07,234.07,-31.78,-57.30,-59.98,56.09,-9.69,-0.97
2024/01/01 16:14:22.08,234.08,-31.78,-57.30,-59.98,56.11,-9.66,-0.97
2024/01/01 16:14:22.09,234.09,-31.78,-57.30,-59.97,56.14,-9.63,-0.97
2024/01/01 16:14:22.10,234.10,-31.77,-57.29,-59.97,56.15,-9.63,-0.97
2024/01/01 16:14:22.11,234.11,-31.77,-57.29,-59.96,56.16,-9.66,-0.99
2024/01/01 16:14:22.12,234.12,-31.78,-57.29,-59.96,56.17,-9.71,-0.98
2024/01/01 16:14:22.13,234.13,-31.78,-57.29,-59.96,56.16,-9.75,-0.95
2024/01/01 16:14:22.14,234.14,-31.78,-57.29,-59.96,56.14,-9.76,-0.95
2024/01/01 16:14:22.15,234.15,-31.78,-57.29,-59.96,56.13,-9.74,-0.96
2024/01/01 16:14:22.16,234.16,-31.78,-57.29,-59.96,56.13,-9.71,-0.97
2024/01/01 16:14:22.17,234.17,-31.77,-57.29,-59.96,56.13,-9.67,-0.96
2024/01/01 16:14:22.18,234.18,-31.77,-57.29,-59.96,56.14,-9.64,-0.95
2024/01/01 16:14:22.19,234.19,-31.77,-57.29,-59.96,56.15,-9.62,-0.95
2024/01/01 16:14:22.20,234.20,-31.77,-57.29,-59.96,56.15,-9.62,-0.96
2024/01/01 16:14:22.21,234.21,-31.77,-57.29,-59.96,56.14,-9.64,-0.97
2024/01/01 16:14:22.22,234.22,-31.78,-57.29,-59.96,56.13,-9.67,-0.97
2024/01/01 16:14:22.23,234.23,-31.77,-57.28,-59.96,56.12,-9.70,-0.97
2024/01/01 16:14:22.24,234.24,-31.77,-57.28,-59.97,56.13,-9.73,-0.98
2024/01/01 16:14:22.25,234.25,-31.76,-57.28,-59.98,56.14,-9.75,-0.98
2024/01/01 16:14:22.26,234.26,-31.76,-57.28,-59.98,56.15,-9.76,-0.98
2024/01/01 16:14:22.27,234.27,-31.75,-57.28,-59.99,56.15,-9.75,-0.97
2024/01/01 16:14:22.28,234.28,-31.75,-57.28,-59.99,56.14,-9.73,-0.97
2024/01/01 16:14:22.29,234.29,-31.75,-57.28,-60.00,56.13,-9.70,-1.00
2024/01/01 16:14:22.30,234.30,-31.75,-57.28,-60.00,56.13,-9.68,-1.02
2024/01/01 16:14:22.31,234.31,-31.75,-57.28,-60.00,56.13,-9.66,-1.04
2024/01/01 16:14:22.32,234.32,-31.75,-57.28,-60.00,56.14,-9.65,-1.04
2024/01/01 16:14:22.33,234.33,-31.75,-57.29,-60.01,56.16,-9.63,-1.03
2024/01/01 16:14:22.34,234.34,-31.75,-57.29,-60.01,56.18,-9.63,-1.01
2024/01/01 16:14:22.35,234.35,-31.74,-57.28,-60.01,56.20,-9.65,-0.98
2024/01/01 16:14:22.36,234.36,-31.74,-57.28,-60.01,56.22,-9.67,-0.97
2024/01/01 16:14:22.37,234.37,-31.73,-57.27,-60.00,56.23,-9.68,-0.99
2024/01/01 16:14:22.38,234.38,-31.73,-57.27,-60.00,56.23,-9.68,-1.01
2024/01/01 16:14:22.39,234.39,-31.74,-57.27,-59.99,56.20,-9.68,-1.02
2024/01/01 16:14:22.40,234.40,-31.74,-57.26,-59.99,56.17,-9.68,-1.03
2024/01/01 16:14:22.41,234.41,-31.73,-57.26,-59.98,56.13,-9.69,-1.02
2024/01/01 16:14:22.42,234.42,-31.73,-57.26,-59.98,56.12,-9.71,-1.00
2024/01/01 16:14:22.43,234.43,-31.72,-57.27,-59.98,56.13,-9.71,-0.97
2024/01/01 16:14:22.44,234.44,-31.72,-57.27,-59.98,56.17,-9.70,-0.94
2024/01/01 16:14:22.45,234.45,-31.72,-57.27,-59.99,56.19,-9.66,-0.93
2024/01/01 16:14:22.46,234.46,-31.72,-57.27,-59.99,56.20,-9.63,-0.96
2024/01/01 16:14:22.47,234.47,-31.73,-57.26,-59.98,56.20,-9.61,-1.00
2024/01/01 16:14:22.48,234.48,-31.73,-57.26,-59.99,56.18,-9.61,-1.02
2024/01/01 16:14:22.49,234.49,-31.73,-57.25,-59.99,56.15,-9.62,-1.02
2024/01/01 16:14:22.50,234.50,-31.72,-57.24,-59.99,56.14,-9.64,-1.02
2024/01/01 16:14:22.51,234.51,-31.72,-57.24,-59.99,56.15,-9.66,-1.01
2024/01/01 16:14:22.52,234.52,-31.72,-57.23,-59.99,56.19,-9.67,-0.99
2024/01/01 16:14:22.53,234.53,-31.71,-57.23,-59.99,56.22,-9.67,-0.97
2024/01/01 16:14:22.54,234.54,-31.70,-57.23,-59.99,56.23,-9.67,-0.96
2024/01/01 16:14:22.55,234.55,-31.70,-57.23,-59.99,56.21,-9.67,-0.97
2024/01/01 16:14:22.56,234.56,-31.70,-57.22,-59.99,56.18,-9.66,-0.99
2024/01/01 16:14:22.57,234.57,-31.70,-57.22,-60.00,56.15,-9.64,-1.02
2024/01/01 16:14:22.58,234.58,-31.70,-57.21,-60.00,56.14,-9.60,-1.02
2024/01/01 16:14:22.59,234.59,-31.70,-57.22,-60.00,56.16,-9.56,-1.01
2024/01/01 16:14:22.60,234.60,-31.70,-57.22,-60.00,56.18,-9.53,-1.02
2024/01/01 16:14:22.61,234.61,-31.69,-57.22,-60.00,56.21,-9.51,-1.02
2024/01/01 16:14:22.62,234.62,-31.69,-57.21,-60.00,56.22,-9.51,-1.01
2024/01/01 16:14:22.63,234.63,-31.68,-57.21,-60.00,56.23,-9.55,-0.99
2024/01/01 16:14:22.64,234.64,-31.67,-57.21,-60.00,56.24,-9.60,-0.98
2024/01/01 16:14:22.65,234.65,-31.66,-57.20,-59.99,56.25,-9.64,-0.98
2024/01/01 16:14:22.66,234.66,-31.66,-57.20,-59.98,56.27,-9.65,-0.98
2024/01/01 16:14:22.67,234.67,-31.65,-57.20,-59.98,56.28,-9.64,-0.99
2024/01/01 16:14:22.68,234.68,-31.64,-57.20,-59.97,56.28,-9.61,-1.01
2024/01/01 16:14:22.69,234.69,-31.64,-57.20,-59.97,56.26,-9.57,-1.00
2024/01/01 16:14:22.70,234.70,-31.63,-57.20,-59.97,56.23,-9.55,-0.98
2024/01/01 16:14:22.71,234.71,-31.63,-57.20,-59.96,56.22,-9.55,-0.97
2024/01/01 16:14:22.72,234.72,-31.63,-57.21,-59.96,56.23,-9.56,-0.97
2024/01/01 16:14:22.73,234.73,-31.63,-57.22,-59.96,56.26,-9.57,-0.96
2024/01/01 16:14:22.74,234.74,-31.63,-57.22,-59.96,56.29,-9.59,-0.95
2024/01/01 16:14:22.75,234.75,-31.64,-57.22,-59.95,56.32,-9.60,-0.94
2024/01/01 16:14:22.76,234.76,-31.64,-57.21,-59.95,56.33,-9.60,-0.94
2024/01/01 16:14:22.77,234.77,-31.64,-57.21,-59.94,56.33,-9.61,-0.96
2024/01/01 16:14:22.78,234.78,-31.64,-57.21,-59.95,56.32,-9.63,-0.97
2024/01/01 16:14:22.79,234.79,-31.64,-57.22,-59.95,56.30,-9.65,-0.95
2024/01/01 16:14:22.80,234.80,-31.63,-57.22,-59.94,56.29,-9.66,-0.92
2024/01/01 16:14:22.81,234.81,-31.62,-57.22,-59.94,56.26,-9.66,-0.92
2024/01/01 16:14:22.82,234.82,-31.61,-57.22,-59.94,56.24,-9.66,-0.95
2024/01/01 16:14:22.83,234.83,-31.61,-57.21,-59.94,56.23,-9.64,-0.96
2024/01/01 16:14:22.84,234.84,-31.61,-57.21,-59.95,56.24,-9.61,-0.96
2024/01/01 16:14:22.85,234.85,-31.62,-57.21,-59.95,56.24,-9.58,-0.95
2024/01/01 16:14:22.86,234.86,-31.62,-57.21,-59.95,56.25,-9.54,-0.96
2024/01/01 16:14:22.87,234.87,-31.63,-57.21,-59.95,56.26,-9.52,-0.97
2024/01/01 16:14:22.88,234.88,-31.63,-57.21,-59.95,56.26,-9.50,-0.97
2024/01/01 16:14:22.89,234.89,-31.63,-57.21,-59.95,56.28,-9.52,-0.96
2024/01/01 16:14:22.90,234.90,-31.63,-57.21,-59.94,56.30,-9.56,-0.96
2024/01/01 16:14:22.91,234.91,-31.62,-57.22,-59.94,56.33,-9.60,-0.96
2024/01/01 16:14:22.92,234.92,-31.62,-57.22,-59.93,56.34,-9.62,-0.96
2024/01/01 16:14:22.93,234.93,-31.62,-57.22,-59.93,56.32,-9.63,-0.95
2024/01/01 16:14:22.94,234.94,-31.62,-57.23,-59.93,56.29,-9.65,-0.92
2024/01/01 16:14:22.95,234.95,-31.61,-57.23,-59.93,56.26,-9.67,-0.90
2024/01/01 16:14:22.96,234.96,-31.61,-57.23,-59.93,56.24,-9.67,-0.91
2024/01/01 16:14:22.97,234.97,-31.61,-57.23,-59.93,56.24,-9.65,-0.92
2024/01/01 16:14:22.98,234.98,-31.61,-57.23,-59.93,56.26,-9.61,-0.95
2024/01/01 16:14:22.99,234.99,-31.61,-57.23,-59.93,56.28,-9.56,-0.97
2024/01/01 16:14:23.00,235.00,-31.61,-57.23,-59.93,56.30,-9.54,-0.98
2024/01/01 16:14:23.01,235.01,-31.61,-57.22,-59.93,56.31,-9.54,-0.96
2024/01/01 16:14:23.02,235.02,-31.60,-57.22,-59.93,56.30,-9.58,-0.93
2024/01/01 16:14:23.03,235.03,-31.60,-57.22,-59.94,56.29,-9.64,-0.92
2024/01/01 16:14:23.04,235.04,-31.60,-57.22,-59.94,56.29,-9.69,-0.94
2024/01/01 16:14:23.05,235.05,-31.60,-57.22,-59.94,56.32,-9.70,-0.95
2024/01/01 16:14:23.06,235.06,-31.61,-57.23,-59.94,56.35,-9.69,-0.96
2024/01/01 16:14:23.07,235.07,-31.61,-57.24,-59.94,56.36,-9.65,-0.98
2024/01/01 16:14:23.08,235.08,-31.61,-57.24,-59.94,56.35,-9.61,-0.99
2024/01/01 16:14:23.09,235.09,-31.61,-57.24,-59.95,56.32,-9.58,-0.98
2024/01/01 16:14:23.10,235.10,-31.60,-57.23,-59.95,56.29,-9.56,-0.95
2024/01/01 16:14:23.11,235.11,-31.60,-57.23,-59.95,56.28,-9.55,-0.94
2024/01/01 16:14:23.12,235.12,-31.60,-57.22,-59.95,56.29,-9.55,-0.93
2024/01/01 16:14:23.13,235.13,-31.60,-57.22,-59.95,56.30,-9.56,-0.96
2024/01/01 16:14:23.14,235.14,-31.60,-57.22,-59.94,56.32,-9.59,-0.98
2024/01/01 16:14:23.15,235.15,-31.60,-57.22,-59.94,56.31,-9.63,-0.97
2024/01/01 16:14:23.16,235.16,-31.60,-57.22,-59.94,56.30,-9.66,-0.97
2024/01/01 16:14:23.17,235.17,-31.61,-57.22,-59.94,56.29,-9.66,-0.97
2024/01/01 16:14:23.18,235.18,-31.61,-57.22,-59.93,56.29,-9.65,-0.95
2024/01/01 16:14:23.19,235.19,-31.61,-57.23,-59.94,56.28,-9.63,-0.91
2024/01/01 16:14:23.20,235.20,-31.62,-57.23,-59.94,56.27,-9.61,-0.89
2024/01/01 16:14:23.21,235.21,-31.62,-57.23,-59.94,56.27,-9.59,-0.90
2024/01/01 16:14:23.22,235.22,-31.62,-57.23,-59.94,56.28,-9.58,-0.94
2024/01/01 16:14:23.23,235.23,-31.62,-57.23,-59.95,56.28,-9.58,-0.98
2024/01/01 16:14:23.24,235.24,-31.62,-57.23,-59.95,56.28,-9.59,-1.01
2024/01/01 16:14:23.25,235.25,-31.62,-57.24,-59.96,56.27,-9.61,-1.01
2024/01/01 16:14:23.26,235.26,-31.62,-57.24,-59.96,56.25,-9.61,-0.99
2024/01/01 16:14:23.27,235.27,-31.62,-57.24,-59.95,56.24,-9.62,-0.98
2024/01/01 16:14:23.28,235.28,-31.62,-57.24,-59.95,56.25,-9.63,-0.98
2024/01/01 16:14:23.29,235.29,-31.61,-57.24,-59.95,56.27,-9.64,-0.98
2024/01/01 16:14:23.30,235.30,-31.61,-57.24,-59.95,56.29,-9.65,-0.96
2024/01/01 16:14:23.31,235.31,-31.61,-57.24,-59.95,56.29,-9.65,-0.95
2024/01/01 16:14:23.32,235.32,-31.61,-57.24,-59.94,56.28,-9.65,-0.96
2024/01/01 16:14:23.33,235.33,-31.61,-57.24,-59.94,56.27,-9.64,-0.98
2024/01/01 16:14:23.34,235.34,-31.60,-57.24,-59.93,56.28,-9.63,-0.97
2024/01/01 16:14:23.35,235.35,-31.60,-57.24,-59.93,56.30,-9.62,-0.94
2024/01/01 16:14:23.36,235.36,-31.60,-57.25,-59.92,56.33,-9.63,-0.93
2024/01/01 16:14:23.37,235.37,-31.60,-57.25,-59.92,56.34,-9.64,-0.93
2024/01/01 16:14:23.38,235.38,-31.60,-57.26,-59.92,56.35,-9.66,-0.93
2024/01/01 16:14:23.39,235.39,-31.59,-57.26,-59.92,56.34,-9.69,-0.91
2024/01/01 16:14:23.40,235.40,-31.59,-57.26,-59.92,56.33,-9.70,-0.89
2024/01/01 16:14:23.41,235.41,-31.59,-57.27,-59.93,56.32,-9.70,-0.91
2024/01/01 16:14:23.42,235.42,-31.59,-57.27,-59.93,56.31,-9.68,-0.95
2024/01/01 16:14:23.43,235.43,-31.59,-57.27,-59.93,56.31,-9.65,-0.97
2024/01/01 16:14:23.44,235.44,-31.59,-57.27,-59.93,56.30,-9.61,-0.97
2024/01/01 16:14:23.45,235.45,-31.58,-57.27,-59.94,56.29,-9.59,-0.98
2024/01/01 16:14:23.46,235.46,-31.58,-57.28,-59.95,56.29,-9.57,-0.97
2024/01/01 16:14:23.47,235.47,-31.58,-57.28,-59.96,56.29,-9.57,-0.95
2024/01/01 16:14:23.48,235.48,-31.57,-57.27,-59.97,56.32,-9.59,-0.96
2024/01/01 16:14:23.49,235.49,-31.57,-57.27,-59.97,56.35,-9.62,-0.99
2024/01/01 16:14:23.50,235.50,-31.58,-57.26,-59.97,56.37,-9.65,-1.02
2024/01/01 16:14:23.51,235.51,-31.58,-57.26,-59.98,56.38,-9.69,-1.03
2024/01/01 16:14:23.52,235.52,-31.58,-57.26,-59.98,56.39,-9.71,-1.02
2024/01/01 16:14:23.53,235.53,-31.57,-57.26,-59.98,56.37,-9.73,-1.00
2024/01/01 16:14:23.54,235.54,-31.57,-57.26,-59.98,56.34,-9.73,-0.97
2024/01/01 16:14:23.55,235.55,-31.58,-57.26,-59.98,56.31,-9.72,-0.97
2024/01/01 16:14:23.56,235.56,-31.58,-57.26,-59.97,56.31,-9.70,-0.98
2024/01/01 16:14:23.57,235.57,-31.58,-57.27,-59.97,56.33,-9.67,-0.99
2024/01/01 16:14:23.58,235.58,-31.57,-57.28,-59.97,56.35,-9.64,-1.00
2024/01/01 16:14:23.59,235.59,-31.57,-57.29,-59.97,56.34,-9.61,-1.00
2024/01/01 16:14:23.60,235.60,-31.57,-57.30,-59.97,56.30,-9.59,-0.99
2024/01/01 16:14:23.61,235.61,-31.57,-57.30,-59.98,56.27,-9.57,-0.98
2024/01/01 16:14:23.62,235.62,-31.57,-57.30,-59.98,56.27,-9.58,-0.99
2024/01/01 16:14:23.63,235.63,-31.57,-57.29,-59.98,56.28,-9.61,-1.01
2024/01/01 16:14:23.64,235.64,-31.58,-57.29,-59.98,56.30,-9.64,-1.03
2024/01/01 16:14:23.65,235.65,-31.58,-57.28,-59.97,56.31,-9.67,-1.03
2024/01/01 16:14:23.66,235.66,-31.58,-57.28,-59.97,56.31,-9.70,-1.01
2024/01/01 16:14:23.67,235.67,-31.59,-57.27,-59.97,56.31,-9.72,-0.99
2024/01/01 16:14:23.68,235.68,-31.59,-57.28,-59.96,56.33,-9.74,-0.97
2024/01/01 16:14:23.69,235.69,-31.59,-57.29,-59.95,56.37,-9.76,-0.94
2024/01/01 16:14:23.70,235.70,-31.59,-57.29,-59.95,56.39,-9.77,-0.93
2024/01/01 16:14:23.71,235.71,-31.59,-57.30,-59.96,56.39,-9.74,-0.93
2024/01/01 16:14:23.72,235.72,-31.59,-57.31,-59.96,56.36,-9.70,-0.93
2024/01/01 16:14:23.73,235.73,-31.58,-57.32,-59.95,56.32,-9.65,-0.95
2024/01/01 16:14:23.74,235.74,-31.59,-57.32,-59.95,56.30,-9.62,-0.98
2024/01/01 16:14:23.75,235.75,-31.58,-57.32,-59.95,56.30,-9.62,-1.01
2024/01/01 16:14:23.76,235.76,-31.58,-57.32,-59.95,56.31,-9.64,-1.01
2024/01/01 16:14:23.77,235.77,-31.58,-57.32,-59.95,56.29,-9.67,-0.99
2024/01/01 16:14:23.78,235.78,-31.58,-57.32,-59.96,56.27,-9.70,-0.97
2024/01/01 16:14:23.79,235.79,-31.58,-57.31,-59.95,56.27,-9.73,-0.97
2024/01/01 16:14:23.80,235.80,-31.58,-57.31,-59.95,56.27,-9.76,-0.98
2024/01/01 16:14:23.81,235.81,-31.58,-57.31,-59.95,56.28,-9.79,-0.97
2024/01/01 16:14:23.82,235.82,-31.57,-57.31,-59.95,56.32,-9.80,-0.96
2024/01/01 16:14:23.83,235.83,-31.57,-57.31,-59.96,56.36,-9.78,-0.97
2024/01/01 16:14:23.84,235.84,-31.56,-57.32,-59.96,56.39,-9.73,-0.97
2024/01/01 16:14:23.85,235.85,-31.56,-57.33,-59.96,56.41,-9.68,-0.97
2024/01/01 16:14:23.86,235.86,-31.57,-57.33,-59.96,56.40,-9.63,-0.98
2024/01/01 16:14:23.87,235.87,-31.57,-57.34,-59.96,56.38,-9.61,-0.98
2024/01/01 16:14:23.88,235.88,-31.57,-57.35,-59.96,56.35,-9.63,-0.99
2024/01/01 16:14:23.89,235.89,-31.57,-57.35,-59.96,56.33,-9.67,-1.00
2024/01/01 16:14:23.90,235.90,-31.56,-57.35,-59.96,56.32,-9.70,-0.98
2024/01/01 16:14:23.91,235.91,-31.56,-57.34,-59.96,56.33,-9.72,-0.96
2024/01/01 16:14:23.92,235.92,-31.56,-57.34,-59.96,56.35,-9.73,-0.96
2024/01/01 16:14:23.93,235.93,-31.56,-57.34,-59.96,56.37,-9.75,-0.98
2024/01/01 16:14:23.94,235.94,-31.56,-57.33,-59.95,56.36,-9.78,-0.98
2024/01/01 16:14:23.95,235.95,-31.56,-57.34,-59.95,56.36,-9.80,-0.99
2024/01/01 16:14:23.96,235.96,-31.56,-57.34,-59.95,56.35,-9.81,-1.00
2024/01/01 16:14:23.97,235.97,-31.55,-57.34,-59.95,56.36,-9.80,-0.99
2024/01/01 16:14:23.98,235.98,-31.55,-57.35,-59.95,56.37,-9.78,-0.97
2024/01/01 16:14:23.99,235.99,-31.55,-57.35,-59.95,56.37,-9.77,-0.95
2024/01/01 16:14:24.00,236.00,-31.55,-57.35,-59.96,56.37,-9.77,-0.95
2024/01/01 16:14:24.01,236.01,-31.55,-57.35,-59.96,56.35,-9.74,-0.96
2024/01/01 16:14:24.02,236.02,-31.55,-57.35,-59.95,56.33,-9.71,-0.97
2024/01/01 16:14:24.03,236.03,-31.56,-57.34,-59.95,56.32,-9.67,-0.97
2024/01/01 16:14:24.04,236.04,-31.55,-57.34,-59.95,56.32,-9.65,-0.97
2024/01/01 16:14:24.05,236.05,-31.55,-57.34,-59.95,56.32,-9.64,-0.99
2024/01/01 16:14:24.06,236.06,-31.55,-57.35,-59.95,56.33,-9.66,-0.98
2024/01/01 16:14:24.07,236.07,-31.55,-57.35,-59.95,56.34,-9.70,-0.96
2024/01/01 16:14:24.08,236.08,-31.55,-57.34,-59.95,56.37,-9.75,-0.95
2024/01/01 16:14:24.09,236.09,-31.55,-57.34,-59.95,56.41,-9.77,-0.97
2024/01/01 16:14:24.10,236.10,-31.56,-57.34,-59.95,56.44,-9.77,-0.99
2024/01/01 16:14:24.11,236.11,-31.56,-57.35,-59.95,56.44,-9.74,-0.99
2024/01/01 16:14:24.12,236.12,-31.55,-57.35,-59.94,56.43,-9.72,-0.97
2024/01/01 16:14:24.13,236.13,-31.55,-57.35,-59.94,56.39,-9.70,-0.95
2024/01/01 16:14:24.14,236.14,-31.55,-57.35,-59.93,56.35,-9.68,-0.94
2024/01/01 16:14:24.15,236.15,-31.55,-57.36,-59.93,56.34,-9.69,-0.93
2024/01/01 16:14:24.16,236.16,-31.55,-57.35,-59.93,56.34,-9.71,-0.90
2024/01/01 16:14:24.17,236.17,-31.55,-57.35,-59.93,56.35,-9.73,-0.90
2024/01/01 16:14:24.18,236.18,-31.55,-57.35,-59.92,56.35,-9.75,-0.94
2024/01/01 16:14:24.19,236.19,-31.55,-57.35,-59.92,56.35,-9.77,-0.99
2024/01/01 16:14:24.20,236.20,-31.56,-57.36,-59.92,56.36,-9.79,-1.01
2024/01/01 16:14:24.21,236.21,-31.55,-57.36,-59.93,56.37,-9.81,-0.98
2024/01/01 16:14:24.22,236.22,-31.55,-57.36,-59.93,56.38,-9.81,-0.94
2024/01/01 16:14:24.23,236.23,-31.55,-57.37,-59.93,56.38,-9.80,-0.91
2024/01/01 16:14:24.24,236.24,-31.55,-57.37,-59.92,56.37,-9.80,-0.91
2024/01/01 16:14:24.25,236.25,-31.55,-57.37,-59.91,56.35,-9.77,-0.92
2024/01/01 16:14:24.26,236.26,-31.55,-57.37,-59.91,56.33,-9.73,-0.94
2024/01/01 16:14:24.27,236.27,-31.55,-57.37,-59.91,56.33,-9.70,-0.95
2024/01/01 16:14:24.28,236.28,-31.54,-57.37,-59.91,56.33,-9.67,-0.95
2024/01/01 16:14:24.29,236.29,-31.54,-57.36,-59.90,56.34,-9.66,-0.94
2024/01/01 16:14:24.30,236.30,-31.54,-57.36,-59.90,56.36,-9.67,-0.93
2024/01/01 16:14:24.31,236.31,-31.55,-57.36,-59.89,56.37,-9.70,-0.93
2024/01/01 16:14:24.32,236.32,-31.55,-57.36,-59.89,56.39,-9.73,-0.92
2024/01/01 16:14:24.33,236.33,-31.54,-57.37,-59.88,56.41,-9.76,-0.89
2024/01/01 16:14:24.34,236.34,-31.54,-57.37,-59.88,56.42,-9.79,-0.87
2024/01/01 16:14:24.35,236.35,-31.54,-57.37,-59.88,56.42,-9.81,-0.87
2024/01/01 16:14:24.36,236.36,-31.53,-57.38,-59.88,56.42,-9.82,-0.88
2024/01/01 16:14:24.37,236.37,-31.53,-57.38,-59.87,56.43,-9.82,-0.88
2024/01/01 16:14:24.38,236.38,-31.53,-57.38,-59.87,56.41,-9.80,-0.87
2024/01/01 16:14:24.39,236.39,-31.53,-57.38,-59.87,56.40,-9.77,-0.89
2024/01/01 16:14:24.40,236.40,-31.53,-57.38,-59.88,56.39,-9.72,-0.92
2024/01/01 16:14:24.41,236.41,-31.53,-57.38,-59.88,56.40,-9.68,-0.93
2024/01/01 16:14:24.42,236.42,-31.54,-57.38,-59.88,56.42,-9.67,-0.92
2024/01/01 16:14:24.43,236.43,-31.54,-57.37,-59.88,56.43,-9.70,-0.90
2024/01/01 16:14:24.44,236.44,-31.55,-57.37,-59.88,56.42,-9.75,-0.90
2024/01/01 16:14:24.45,236.45,-31.55,-57.38,-59.87,56.40,-9.79,-0.90
2024/01/01 16:14:24.46,236.46,-31.55,-57.38,-59.87,56.39,-9.82,-0.88
2024/01/01 16:14:24.47,236.47,-31.54,-57.38,-59.88,56.39,-9.84,-0.86
2024/01/01 16:14:24.48,236.48,-31.54,-57.38,-59.88,56.39,-9.83,-0.86
2024/01/01 16:14:24.49,236.49,-31.54,-57.38,-59.88,56.39,-9.81,-0.87
2024/01/01 16:14:24.50,236.50,-31.53,-57.38,-59.87,56.36,-9.79,-0.89
2024/01/01 16:14:24.51,236.51,-31.53,-57.38,-59.87,56.34,-9.76,-0.93
2024/01/01 16:14:24.52,236.52,-31.53,-57.38,-59.87,56.34,-9.73,-0.96
2024/01/01 16:14:24.53,236.53,-31.53,-57.38,-59.87,56.37,-9.71,-0.94
2024/01/01 16:14:24.54,236.54,-31.53,-57.38,-59.86,56.39,-9.70,-0.90
2024/01/01 16:14:24.55,236.55,-31.53,-57.38,-59.85,56.40,-9.71,-0.86
2024/01/01 16:14:24.56,236.56,-31.53,-57.38,-59.85,56.39,-9.73,-0.85
2024/01/01 16:14:24.57,236.57,-31.53,-57.38,-59.84,56.38,-9.76,-0.86
2024/01/01 16:14:24.58,236.58,-31.53,-57.38,-59.83,56.38,-9.78,-0.85
2024/01/01 16:14:24.59,236.59,-31.54,-57.37,-59.83,56.39,-9.79,-0.85
2024/01/01 16:14:24.60,236.60,-31.54,-57.37,-59.83,56.42,-9.77,-0.85
2024/01/01 16:14:24.61,236.61,-31.54,-57.36,-59.83,56.45,-9.74,-0.87
2024/01/01 16:14:24.62,236.62,-31.54,-57.36,-59.83,56.47,-9.73,-0.85
2024/01/01 16:14:24.63,236.63,-31.54,-57.36,-59.82,56.47,-9.76,-0.81
2024/01/01 16:14:24.64,236.64,-31.54,-57.36,-59.82,56.44,-9.80,-0.79
2024/01/01 16:14:24.65,236.65,-31.54,-57.35,-59.82,56.42,-9.82,-0.79
2024/01/01 16:14:24.66,236.66,-31.54,-57.35,-59.82,56.41,-9.82,-0.80
2024/01/01 16:14:24.67,236.67,-31.55,-57.34,-59.83,56.41,-9.77,-0.83
2024/01/01 16:14:24.68,236.68,-31.55,-57.34,-59.83,56.40,-9.71,-0.87
2024/01/01 16:14:24.69,236.69,-31.55,-57.33,-59.83,56.38,-9.65,-0.90
2024/01/01 16:14:24.70,236.70,-31.55,-57.32,-59.82,56.35,-9.60,-0.90
2024/01/01 16:14:24.71,236.71,-31.55,-57.32,-59.82,56.33,-9.61,-0.86
2024/01/01 16:14:24.72,236.72,-31.55,-57.31,-59.81,56.32,-9.66,-0.83
2024/01/01 16:14:24.73,236.73,-31.54,-57.31,-59.81,56.33,-9.71,-0.81
2024/01/01 16:14:24.74,236.74,-31.54,-57.31,-59.80,56.35,-9.74,-0.80
2024/01/01 16:14:24.75,236.75,-31.54,-57.32,-59.80,56.35,-9.75,-0.79
2024/01/01 16:14:24.76,236.76,-31.54,-57.32,-59.79,56.33,-9.75,-0.80
2024/01/01 16:14:24.77,236.77,-31.55,-57.33,-59.79,56.31,-9.73,-0.83
2024/01/01 16:14:24.78,236.78,-31.55,-57.34,-59.79,56.30,-9.69,-0.84
2024/01/01 16:14:24.79,236.79,-31.55,-57.34,-59.79,56.32,-9.64,-0.82
2024/01/01 16:14:24.80,236.80,-31.55,-57.34,-59.79,56.35,-9.61,-0.79
2024/01/01 16:14:24.81,236.81,-31.55,-57.34,-59.78,56.38,-9.61,-0.78
2024/01/01 16:14:24.82,236.82,-31.55,-57.33,-59.78,56.40,-9.64,-0.78
2024/01/01 16:14:24.83,236.83,-31.55,-57.32,-59.78,56.42,-9.69,-0.79
2024/01/01 16:14:24.84,236.84,-31.55,-57.32,-59.77,56.42,-9.75,-0.80
2024/01/01 16:14:24.85,236.85,-31.55,-57.31,-59.77,56.44,-9.80,-0.80
2024/01/01 16:14:24.86,236.86,-31.55,-57.30,-59.77,56.46,-9.83,-0.79
2024/01/01 16:14:24.87,236.87,-31.55,-57.30,-59.77,56.48,-9.83,-0.79
2024/01/01 16:14:24.88,236.88,-31.55,-57.29,-59.77,56.49,-9.81,-0.79
2024/01/01 16:14:24.89,236.89,-31.55,-57.29,-59.77,56.49,-9.76,-0.78
2024/01/01 16:14:24.90,236.90,-31.55,-57.28,-59.77,56.45,-9.71,-0.77
2024/01/01 16:14:24.91,236.91,-31.54,-57.28,-59.77,56.37,-9.68,-0.77
2024/01/01 16:14:24.92,236.92,-31.54,-57.28,-59.77,56.30,-9.65,-0.78
2024/01/01 16:14:24.93,236.93,-31.53,-57.29,-59.77,56.26,-9.61,-0.79
2024/01/01 16:14:24.94,236.94,-31.53,-57.29,-59.76,56.27,-9.58,-0.80
2024/01/01 16:14:24.95,236.95,-31.53,-57.28,-59.76,56.30,-9.56,-0.81
2024/01/01 16:14:24.96,236.96,-31.53,-57.28,-59.76,56.35,-9.53,-0.81
2024/01/01 16:14:24.97,236.97,-31.53,-57.28,-59.76,56.37,-9.51,-0.81
2024/01/01 16:14:24.98,236.98,-31.53,-57.27,-59.76,56.37,-9.50,-0.80
2024/01/01 16:14:24.99,236.99,-31.53,-57.27,-59.76,56.37,-9.54,-0.79
2024/01/01 16:14:25.00,237.00,-31.53,-57.26,-59.75,56.38,-9.59,-0.77
2024/01/01 16:14:25.01,237.01,-31.53,-57.25,-59.75,56.40,-9.66,-0.76
2024/01/01 16:14:25.02,237.02,-31.53,-57.25,-59.75,56.43,-9.72,-0.75
2024/01/01 16:14:25.03,237.03,-31.53,-57.25,-59.75,56.44,-9.76,-0.76
2024/01/01 16:14:25.04,237.04,-31.54,-57.25,-59.75,56.44,-9.75,-0.76
2024/01/01 16:14:25.05,237.05,-31.55,-57.25,-59.76,56.44,-9.71,-0.76
2024/01/01 16:14:25.06,237.06,-31.55,-57.25,-59.76,56.43,-9.66,-0.76
2024/01/01 16:14:25.07,237.07,-31.55,-57.25,-59.76,56.43,-9.62,-0.74
2024/01/01 16:14:25.08,237.08,-31.55,-57.26,-59.76,56.42,-9.59,-0.74
2024/01/01 16:14:25.09,237.09,-31.55,-57.26,-59.75,56.42,-9.59,-0.78
2024/01/01 16:14:25.10,237.10,-31.56,-57.26,-59.74,56.42,-9.60,-0.81
2024/01/01 16:14:25.11,237.11,-31.55,-57.26,-59.74,56.40,-9.63,-0.82
2024/01/01 16:14:25.12,237.12,-31.55,-57.25,-59.73,56.38,-9.67,-0.80
2024/01/01 16:14:25.13,237.13,-31.54,-57.24,-59.73,56.34,-9.71,-0.78
2024/01/01 16:14:25.14,237.14,-31.54,-57.24,-59.73,56.29,-9.72,-0.74
2024/01/01 16:14:25.15,237.15,-31.55,-57.23,-59.73,56.26,-9.70,-0.70
2024/01/01 16:14:25.16,237.16,-31.56,-57.22,-59.73,56.25,-9.68,-0.70
2024/01/01 16:14:25.17,237.17,-31.57,-57.21,-59.73,56.28,-9.65,-0.74
2024/01/01 16:14:25.18,237.18,-31.57,-57.20,-59.73,56.32,-9.61,-0.79
2024/01/01 16:14:25.19,237.19,-31.58,-57.20,-59.74,56.34,-9.57,-0.80
2024/01/01 16:14:25.20,237.20,-31.58,-57.20,-59.74,56.36,-9.54,-0.78
2024/01/01 16:14:25.21,237.21,-31.57,-57.20,-59.75,56.38,-9.50,-0.77
2024/01/01 16:14:25.22,237.22,-31.57,-57.21,-59.75,56.40,-9.49,-0.74
2024/01/01 16:14:25.23,237.23,-31.56,-57.21,-59.75,56.43,-9.49,-0.74
2024/01/01 16:14:25.24,237.24,-31.55,-57.20,-59.75,56.43,-9.50,-0.76
2024/01/01 16:14:25.25,237.25,-31.55,-57.20,-59.75,56.40,-9.51,-0.78
2024/01/01 16:14:25.26,237.26,-31.55,-57.19,-59.75,56.33,-9.51,-0.79
2024/01/01 16:14:25.27,237.27,-31.55,-57.18,-59.76,56.27,-9.50,-0.80
2024/01/01 16:14:25.28,237.28,-31.56,-57.17,-59.76,56.26,-9.48,-0.80
2024/01/01 16:14:25.29,237.29,-31.56,-57.16,-59.75,56.30,-9.48,-0.79
2024/01/01 16:14:25.30,237.30,-31.56,-57.16,-59.75,56.35,-9.51,-0.78
2024/01/01 16:14:25.31,237.31,-31.56,-57.16,-59.74,56.40,-9.55,-0.76
2024/01/01 16:14:25.32,237.32,-31.56,-57.16,-59.74,56.42,-9.59,-0.74
2024/01/01 16:14:25.33,237.33,-31.56,-57.16,-59.73,56.42,-9.63,-0.72
2024/01/01 16:14:25.34,237.34,-31.56,-57.15,-59.73,56.42,-9.63,-0.71
2024/01/01 16:14:25.35,237.35,-31.56,-57.15,-59.72,56.43,-9.60,-0.72
2024/01/01 16:14:25.36,237.36,-31.56,-57.15,-59.71,56.43,-9.56,-0.74
2024/01/01 16:14:25.37,237.37,-31.56,-57.15,-59.71,56.40,-9.52,-0.75
2024/01/01 16:14:25.38,237.38,-31.56,-57.16,-59.71,56.36,-9.50,-0.76
2024/01/01 16:14:25.39,237.39,-31.57,-57.17,-59.70,56.30,-9.48,-0.77
2024/01/01 16:14:25.40,237.40,-31.57,-57.18,-59.70,56.26,-9.49,-0.74
2024/01/01 16:14:25.41,237.41,-31.57,-57.17,-59.71,56.24,-9.52,-0.72
2024/01/01 16:14:25.42,237.42,-31.58,-57.17,-59.71,56.26,-9.54,-0.71
2024/01/01 16:14:25.43,237.43,-31.58,-57.16,-59.71,56.31,-9.55,-0.70
2024/01/01 16:14:25.44,237.44,-31.58,-57.16,-59.71,56.35,-9.54,-0.71
2024/01/01 16:14:25.45,237.45,-31.58,-57.16,-59.71,56.38,-9.53,-0.76
2024/01/01 16:14:25.46,237.46,-31.59,-57.16,-59.71,56.39,-9.51,-0.79
2024/01/01 16:14:25.47,237.47,-31.59,-57.16,-59.72,56.36,-9.50,-0.78
2024/01/01 16:14:25.48,237.48,-31.58,-57.16,-59.72,56.32,-9.51,-0.75
2024/01/01 16:14:25.49,237.49,-31.58,-57.16,-59.72,56.29,-9.54,-0.73
2024/01/01 16:14:25.50,237.50,-31.59,-57.15,-59.71,56.29,-9.54,-0.71
2024/01/01 16:14:25.51,237.51,-31.59,-57.15,-59.70,56.31,-9.54,-0.70
2024/01/01 16:14:25.52,237.52,-31.59,-57.14,-59.70,56.33,-9.53,-0.71
2024/01/01 16:14:25.53,237.53,-31.58,-57.14,-59.70,56.35,-9.53,-0.73
2024/01/01 16:14:25.54,237.54,-31.59,-57.14,-59.70,56.35,-9.54,-0.73
2024/01/01 16:14:25.55,237.55,-31.59,-57.14,-59.70,56.33,-9.55,-0.73
2024/01/01 16:14:25.56,237.56,-31.59,-57.14,-59.70,56.33,-9.55,-0.72
2024/01/01 16:14:25.57,237.57,-31.59,-57.14,-59.70,56.35,-9.52,-0.70
2024/01/01 16:14:25.58,237.58,-31.60,-57.14,-59.70,56.39,-9.49,-0.70
2024/01/01 16:14:25.59,237.59,-31.60,-57.13,-59.70,56.41,-9.48,-0.70
2024/01/01 16:14:25.60,237.60,-31.59,-57.13,-59.69,56.39,-9.50,-0.69
2024/01/01 16:14:25.61,237.61,-31.59,-57.11,-59.69,56.35,-9.52,-0.68
2024/01/01 16:14:25.62,237.62,-31.59,-57.11,-59.69,56.31,-9.53,-0.69
2024/01/01 16:14:25.63,237.63,-31.59,-57.10,-59.69,56.29,-9.51,-0.72
2024/01/01 16:14:25.64,237.64,-31.60,-57.09,-59.69,56.29,-9.47,-0.74
2024/01/01 16:14:25.65,237.65,-31.61,-57.08,-59.69,56.30,-9.43,-0.75
2024/01/01 16:14:25.66,237.66,-31.62,-57.07,-59.69,56.29,-9.40,-0.75
2024/01/01 16:14:25.67,237.67,-31.63,-57.07,-59.68,56.26,-9.39,-0.74
2024/01/01 16:14:25.68,237.68,-31.63,-57.06,-59.68,56.25,-9.41,-0.69
2024/01/01 16:14:25.69,237.69,-31.63,-57.06,-59.68,56.26,-9.44,-0.66
2024/01/01 16:14:25.70,237.70,-31.63,-57.07,-59.68,56.28,-9.46,-0.67
2024/01/01 16:14:25.71,237.71,-31.63,-57.08,-59.68,56.30,-9.48,-0.68
2024/01/01 16:14:25.72,237.72,-31.64,-57.08,-59.69,56.30,-9.50,-0.67
2024/01/01 16:14:25.73,237.73,-31.65,-57.08,-59.69,56.28,-9.51,-0.65
2024/01/01 16:14:25.74,237.74,-31.65,-57.08,-59.70,56.25,-9.47,-0.66
2024/01/01 16:14:25.75,237.75,-31.66,-57.08,-59.70,56.22,-9.40,-0.70
2024/01/01 16:14:25.76,237.76,-31.66,-57.07,-59.70,56.21,-9.32,-0.74
2024/01/01 16:14:25.77,237.77,-31.66,-57.07,-59.71,56.20,-9.28,-0.77
2024/01/01 16:14:25.78,237.78,-31.65,-57.07,-59.72,56.22,-9.29,-0.78
2024/01/01 16:14:25.79,237.79,-31.65,-57.07,-59.72,56.25,-9.35,-0.76
2024/01/01 16:14:25.80,237.80,-31.65,-57.07,-59.71,56.28,-9.45,-0.72
2024/01/01 16:14:25.81,237.81,-31.65,-57.07,-59.70,56.29,-9.54,-0.70
2024/01/01 16:14:25.82,237.82,-31.65,-57.06,-59.70,56.28,-9.59,-0.70
2024/01/01 16:14:25.83,237.83,-31.65,-57.06,-59.70,56.24,-9.60,-0.71
2024/01/01 16:14:25.84,237.84,-31.66,-57.06,-59.70,56.20,-9.57,-0.70
2024/01/01 16:14:25.85,237.85,-31.66,-57.07,-59.70,56.19,-9.52,-0.70
2024/01/01 16:14:25.86,237.86,-31.66,-57.07,-59.69,56.20,-9.46,-0.72
2024/01/01 16:14:25.87,237.87,-31.66,-57.08,-59.69,56.23,-9.41,-0.75
2024/01/01 16:14:25.88,237.88,-31.66,-57.08,-59.68,56.26,-9.38,-0.74
2024/01/01 16:14:25.89,237.89,-31.66,-57.09,-59.67,56.28,-9.39,-0.71
2024/01/01 16:14:25.90,237.90,-31.66,-57.09,-59.67,56.29,-9.42,-0.66
2024/01/01 16:14:25.91,237.91,-31.66,-57.10,-59.66,56.27,-9.45,-0.62
2024/01/01 16:14:25.92,237.92,-31.68,-57.10,-59.66,56.27,-9.49,-0.62
2024/01/01 16:14:25.93,237.93,-31.69,-57.10,-59.66,56.28,-9.50,-0.65
2024/01/01 16:14:25.94,237.94,-31.70,-57.10,-59.67,56.29,-9.49,-0.68
2024/01/01 16:14:25.95,237.95,-31.71,-57.10,-59.68,56.29,-9.48,-0.69
2024/01/01 16:14:25.96,237.96,-31.72,-57.10,-59.69,56.26,-9.47,-0.70
2024/01/01 16:14:25.97,237.97,-31.72,-57.10,-59.69,56.24,-9.47,-0.69
2024/01/01 16:14:25.98,237.98,-31.73,-57.10,-59.70,56.24,-9.46,-0.67
2024/01/01 16:14:25.99,237.99,-31.73,-57.09,-59.70,56.25,-9.46,-0.66
2024/01/01 16:14:26.00,238.00,-31.72,-57.09,-59.71,56.26,-9.48,-0.68
2024/01/01 16:14:26.01,238.01,-31.71,-57.08,-59.71,56.23,-9.52,-0.70
2024/01/01 16:14:26.02,238.02,-31.69,-57.08,-59.71,56.15,-9.57,-0.74
2024/01/01 16:14:26.03,238.03,-31.68,-57.07,-59.72,56.07,-9.58,-0.79
2024/01/01 16:14:26.04,238.04,-31.68,-57.07,-59.72,56.01,-9.55,-0.80
2024/01/01 16:14:26.05,238.05,-31.68,-57.08,-59.72,56.00,-9.49,-0.78
2024/01/01 16:14:26.06,238.06,-31.68,-57.08,-59.72,56.02,-9.42,-0.76
2024/01/01 16:14:26.07,238.07,-31.69,-57.08,-59.71,56.05,-9.38,-0.74
2024/01/01 16:14:26.08,238.08,-31.69,-57.09,-59.71,56.09,-9.36,-0.73
2024/01/01 16:14:26.09,238.09,-31.70,-57.10,-59.71,56.13,-9.39,-0.73
2024/01/01 16:14:26.10,238.10,-31.71,-57.10,-59.71,56.19,-9.43,-0.72
2024/01/01 16:14:26.11,238.11,-31.73,-57.10,-59.71,56.27,-9.45,-0.70
2024/01/01 16:14:26.12,238.12,-31.75,-57.10,-59.70,56.34,-9.46,-0.69
2024/01/01 16:14:26.13,238.13,-31.76,-57.10,-59.70,56.39,-9.45,-0.68
2024/01/01 16:14:26.14,238.14,-31.76,-57.09,-59.70,56.42,-9.44,-0.67
2024/01/01 16:14:26.15,238.15,-31.76,-57.09,-59.70,56.40,-9.43,-0.67
2024/01/01 16:14:26.16,238.16,-31.75,-57.08,-59.70,56.37,-9.44,-0.66
2024/01/01 16:14:26.17,238.17,-31.73,-57.08,-59.69,56.32,-9.47,-0.66
2024/01/01 16:14:26.18,238.18,-31.72,-57.08,-59.69,56.26,-9.53,-0.69
2024/01/01 16:14:26.19,238.19,-31.72,-57.09,-59.69,56.19,-9.60,-0.72
2024/01/01 16:14:26.20,238.20,-31.72,-57.10,-59.70,56.12,-9.64,-0.74
2024/01/01 16:14:26.21,238.21,-31.73,-57.11,-59.70,56.06,-9.64,-0.74
2024/01/01 16:14:26.22,238.22,-31.74,-57.11,-59.71,56.02,-9.60,-0.75
2024/01/01 16:14:26.23,238.23,-31.75,-57.12,-59.71,55.98,-9.53,-0.74
2024/01/01 16:14:26.24,238.24,-31.76,-57.13,-59.72,55.97,-9.45,-0.72
2024/01/01 16:14:26.25,238.25,-31.77,-57.14,-59.72,55.97,-9.38,-0.71
2024/01/01 16:14:26.26,238.26,-31.77,-57.14,-59.73,56.01,-9.36,-0.72
2024/01/01 16:14:26.27,238.27,-31.77,-57.14,-59.73,56.06,-9.37,-0.74
2024/01/01 16:14:26.28,238.28,-31.77,-57.13,-59.74,56.11,-9.43,-0.75
2024/01/01 16:14:26.29,238.29,-31.77,-57.12,-59.75,56.14,-9.53,-0.76
2024/01/01 16:14:26.30,238.30,-31.76,-57.12,-59.76,56.14,-9.64,-0.76
2024/01/01 16:14:26.31,238.31,-31.75,-57.12,-59.77,56.15,-9.72,-0.77
2024/01/01 16:14:26.32,238.32,-31.74,-57.13,-59.78,56.17,-9.75,-0.76
2024/01/01 16:14:26.33,238.33,-31.73,-57.13,-59.79,56.20,-9.72,-0.76
2024/01/01 16:14:26.34,238.34,-31.72,-57.13,-59.79,56.23,-9.64,-0.78
2024/01/01 16:14:26.35,238.35,-31.72,-57.14,-59.79,56.23,-9.52,-0.82
2024/01/01 16:14:26.36,238.36,-31.72,-57.14,-59.79,56.23,-9.40,-0.84
2024/01/01 16:14:26.37,238.37,-31.73,-57.14,-59.78,56.21,-9.32,-0.82
2024/01/01 16:14:26.38,238.38,-31.74,-57.14,-59.78,56.19,-9.29,-0.80
2024/01/01 16:14:26.39,238.39,-31.74,-57.14,-59.78,56.18,-9.31,-0.78
2024/01/01 16:14:26.40,238.40,-31.74,-57.15,-59.78,56.18,-9.37,-0.75
2024/01/01 16:14:26.41,238.41,-31.73,-57.15,-59.77,56.18,-9.46,-0.74
2024/01/01 16:14:26.42,238.42,-31.73,-57.15,-59.77,56.19,-9.55,-0.75
2024/01/01 16:14:26.43,238.43,-31.72,-57.15,-59.77,56.21,-9.63,-0.76
2024/01/01 16:14:26.44,238.44,-31.71,-57.14,-59.78,56.22,-9.67,-0.77
2024/01/01 16:14:26.45,238.45,-31.70,-57.14,-59.78,56.22,-9.69,-0.79
2024/01/01 16:14:26.46,238.46,-31.70,-57.14,-59.79,56.20,-9.66,-0.81
2024/01/01 16:14:26.47,238.47,-31.69,-57.14,-59.80,56.17,-9.62,-0.83
2024/01/01 16:14:26.48,238.48,-31.69,-57.14,-59.80,56.14,-9.58,-0.83
2024/01/01 16:14:26.49,238.49,-31.69,-57.14,-59.80,56.13,-9.53,-0.81
2024/01/01 16:14:26.50,238.50,-31.69,-57.14,-59.81,56.14,-9.48,-0.81
2024/01/01 16:14:26.51,238.51,-31.70,-57.14,-59.81,56.18,-9.44,-0.81
2024/01/01 16:14:26.52,238.52,-31.71,-57.14,-59.81,56.20,-9.42,-0.82
2024/01/01 16:14:26.53,238.53,-31.73,-57.14,-59.81,56.23,-9.45,-0.82
2024/01/01 16:14:26.54,238.54,-31.74,-57.14,-59.82,56.24,-9.51,-0.82
2024/01/01 16:14:26.55,238.55,-31.75,-57.13,-59.82,56.23,-9.59,-0.81
2024/01/01 16:14:26.56,238.56,-31.75,-57.13,-59.83,56.22,-9.66,-0.80
2024/01/01 16:14:26.57,238.57,-31.75,-57.12,-59.84,56.21,-9.69,-0.82
2024/01/01 16:14:26.58,238.58,-31.75,-57.12,-59.84,56.19,-9.67,-0.84
2024/01/01 16:14:26.59,238.59,-31.74,-57.13,-59.85,56.18,-9.61,-0.86
2024/01/01 16:14:26.60,238.60,-31.74,-57.13,-59.86,56.17,-9.54,-0.88
2024/01/01 16:14:26.61,238.61,-31.74,-57.14,-59.86,56.16,-9.47,-0.89
2024/01/01 16:14:26.62,238.62,-31.74,-57.14,-59.86,56.13,-9.41,-0.88
2024/01/01 16:14:26.63,238.63,-31.75,-57.13,-59.87,56.09,-9.38,-0.87
2024/01/01 16:14:26.64,238.64,-31.75,-57.12,-59.87,56.06,-9.35,-0.85
2024/01/01 16:14:26.65,238.65,-31.75,-57.11,-59.87,56.04,-9.36,-0.83
2024/01/01 16:14:26.66,238.66,-31.75,-57.11,-59.86,56.03,-9.40,-0.82
2024/01/01 16:14:26.67,238.67,-31.75,-57.11,-59.86,56.06,-9.44,-0.84
2024/01/01 16:14:26.68,238.68,-31.74,-57.11,-59.86,56.10,-9.49,-0.88
2024/01/01 16:14:26.69,238.69,-31.74,-57.12,-59.87,56.14,-9.56,-0.91
2024/01/01 16:14:26.70,238.70,-31.73,-57.13,-59.88,56.17,-9.62,-0.91
2024/01/01 16:14:26.71,238.71,-31.72,-57.14,-59.89,56.18,-9.67,-0.92
2024/01/01 16:14:26.72,238.72,-31.71,-57.15,-59.91,56.17,-9.69,-0.93
2024/01/01 16:14:26.73,238.73,-31.70,-57.15,-59.92,56.15,-9.66,-0.96
2024/01/01 16:14:26.74,238.74,-31.69,-57.15,-59.93,56.14,-9.60,-0.97
2024/01/01 16:14:26.75,238.75,-31.69,-57.15,-59.94,56.14,-9.52,-0.97
2024/01/01 16:14:26.76,238.76,-31.69,-57.15,-59.94,56.15,-9.44,-0.98
2024/01/01 16:14:26.77,238.77,-31.69,-57.14,-59.94,56.18,-9.38,-1.00
2024/01/01 16:14:26.78,238.78,-31.70,-57.14,-59.94,56.19,-9.35,-0.99
2024/01/01 16:14:26.79,238.79,-31.70,-57.14,-59.95,56.20,-9.39,-0.94
2024/01/01 16:14:26.80,238.80,-31.72,-57.13,-59.95,56.21,-9.47,-0.91
2024/01/01 16:14:26.81,238.81,-31.73,-57.13,-59.95,56.24,-9.57,-0.90
2024/01/01 16:14:26.82,238.82,-31.74,-57.13,-59.96,56.30,-9.66,-0.91
2024/01/01 16:14:26.83,238.83,-31.74,-57.13,-59.97,56.38,-9.72,-0.91
2024/01/01 16:14:26.84,238.84,-31.74,-57.13,-59.97,56.44,-9.74,-0.91
2024/01/01 16:14:26.85,238.85,-31.74,-57.14,-59.97,56.45,-9.69,-0.93
2024/01/01 16:14:26.86,238.86,-31.75,-57.14,-59.98,56.39,-9.60,-0.97
2024/01/01 16:14:26.87,238.87,-31.74,-57.15,-59.98,56.26,-9.52,-1.01
2024/01/01 16:14:26.88,238.88,-31.73,-57.16,-59.98,56.11,-9.46,-1.01
2024/01/01 16:14:26.89,238.89,-31.72,-57.16,-59.98,55.97,-9.43,-0.99
2024/01/01 16:14:26.90,238.90,-31.72,-57.15,-59.98,55.87,-9.44,-1.01
2024/01/01 16:14:26.91,238.91,-31.71,-57.15,-59.97,55.82,-9.46,-1.03
2024/01/01 16:14:26.92,238.92,-31.71,-57.14,-59.97,55.82,-9.49,-1.04
2024/01/01 16:14:26.93,238.93,-31.71,-57.14,-59.96,55.86,-9.50,-1.03
2024/01/01 16:14:26.94,238.94,-31.70,-57.13,-59.96,55.91,-9.51,-1.02
2024/01/01 16:14:26.95,238.95,-31.71,-57.12,-59.96,55.99,-9.51,-1.00
2024/01/01 16:14:26.96,238.96,-31.72,-57.12,-59.96,56.08,-9.51,-0.97
2024/01/01 16:14:26.97,238.97,-31.73,-57.12,-59.96,56.17,-9.52,-0.95
2024/01/01 16:14:26.98,238.98,-31.73,-57.13,-59.97,56.24,-9.53,-0.94
2024/01/01 16:14:26.99,238.99,-31.73,-57.13,-59.97,56.31,-9.53,-0.96
2024/01/01 16:14:27.00,239.00,-31.73,-57.14,-59.98,56.36,-9.52,-0.97
2024/01/01 16:14:27.01,239.01,-31.72,-57.15,-59.98,56.39,-9.52,-0.96
2024/01/01 16:14:27.02,239.02,-31.72,-57.15,-59.99,56.40,-9.52,-0.95
2024/01/01 16:14:27.03,239.03,-31.71,-57.15,-59.99,56.40,-9.50,-0.97
2024/01/01 16:14:27.04,239.04,-31.70,-57.15,-59.99,56.39,-9.48,-0.98
2024/01/01 16:14:27.05,239.05,-31.69,-57.15,-60.00,56.34,-9.47,-0.98
2024/01/01 16:14:27.06,239.06,-31.67,-57.15,-60.00,56.26,-9.50,-1.00
2024/01/01 16:14:27.07,239.07,-31.67,-57.15,-60.01,56.16,-9.55,-1.04
2024/01/01 16:14:27.08,239.08,-31.66,-57.15,-60.01,56.09,-9.60,-1.07
2024/01/01 16:14:27.09,239.09,-31.66,-57.15,-60.01,56.08,-9.66,-1.07
2024/01/01 16:14:27.10,239.10,-31.66,-57.15,-60.02,56.12,-9.71,-1.06
2024/01/01 16:14:27.11,239.11,-31.66,-57.16,-60.02,56.17,-9.72,-1.03
2024/01/01 16:14:27.12,239.12,-31.66,-57.16,-60.02,56.19,-9.70,-1.02
2024/01/01 16:14:27.13,239.13,-31.67,-57.17,-60.02,56.18,-9.65,-1.03
2024/01/01 16:14:27.14,239.14,-31.68,-57.18,-60.02,56.16,-9.58,-1.05
2024/01/01 16:14:27.15,239.15,-31.69,-57.19,-60.03,56.14,-9.52,-1.03
2024/01/01 16:14:27.16,239.16,-31.70,-57.20,-60.03,56.15,-9.48,-1.01
2024/01/01 16:14:27.17,239.17,-31.70,-57.20,-60.02,56.18,-9.45,-1.03
2024/01/01 16:14:27.18,239.18,-31.71,-57.21,-60.02,56.21,-9.43,-1.05
2024/01/01 16:14:27.19,239.19,-31.71,-57.21,-60.02,56.23,-9.43,-1.06
2024/01/01 16:14:27.20,239.20,-31.70,-57.20,-60.02,56.25,-9.46,-1.04
2024/01/01 16:14:27.21,239.21,-31.70,-57.20,-60.03,56.25,-9.51,-0.99
2024/01/01 16:14:27.22,239.22,-31.69,-57.19,-60.03,56.24,-9.57,-0.98
2024/01/01 16:14:27.23,239.23,-31.69,-57.19,-60.03,56.23,-9.63,-1.01
2024/01/01 16:14:27.24,239.24,-31.69,-57.18,-60.03,56.21,-9.67,-1.04
2024/01/01 16:14:27.25,239.25,-31.69,-57.18,-60.03,56.19,-9.71,-1.06
2024/01/01 16:14:27.26,239.26,-31.69,-57.17,-60.03,56.18,-9.70,-1.08
2024/01/01 16:14:27.27,239.27,-31.68,-57.17,-60.04,56.18,-9.66,-1.07
2024/01/01 16:14:27.28,239.28,-31.68,-57.17,-60.04,56.17,-9.59,-1.05
2024/01/01 16:14:27.29,239.29,-31.67,-57.17,-60.05,56.17,-9.52,-1.03
2024/01/01 16:14:27.30,239.30,-31.66,-57.18,-60.05,56.17,-9.48,-1.03
2024/01/01 16:14:27.31,239.31,-31.65,-57.18,-60.05,56.18,-9.48,-1.05
2024/01/01 16:14:27.32,239.32,-31.65,-57.19,-60.06,56.21,-9.52,-1.08
2024/01/01 16:14:27.33,239.33,-31.65,-57.20,-60.08,56.24,-9.57,-1.08
2024/01/01 16:14:27.34,239.34,-31.65,-57.21,-60.08,56.28,-9.61,-1.07
2024/01/01 16:14:27.35,239.35,-31.65,-57.21,-60.09,56.32,-9.63,-1.08
2024/01/01 16:14:27.36,239.36,-31.66,-57.21,-60.09,56.34,-9.62,-1.11
2024/01/01 16:14:27.37,239.37,-31.67,-57.21,-60.10,56.35,-9.60,-1.11
2024/01/01 16:14:27.38,239.38,-31.67,-57.21,-60.10,56.34,-9.60,-1.09
2024/01/01 16:14:27.39,239.39,-31.68,-57.21,-60.11,56.31,-9.62,-1.09
2024/01/01 16:14:27.40,239.40,-31.68,-57.21,-60.12,56.26,-9.64,-1.11
2024/01/01 16:14:27.41,239.41,-31.67,-57.21,-60.12,56.21,-9.65,-1.12
2024/01/01 16:14:27.42,239.42,-31.66,-57.21,-60.11,56.19,-9.65,-1.13
2024/01/01 16:14:27.43,239.43,-31.65,-57.21,-60.11,56.19,-9.65,-1.14
2024/01/01 16:14:27.44,239.44,-31.65,-57.21,-60.11,56.20,-9.63,-1.16
2024/01/01 16:14:27.45,239.45,-31.64,-57.21,-60.11,56.20,-9.60,-1.16
2024/01/01 16:14:27.46,239.46,-31.64,-57.22,-60.10,56.19,-9.59,-1.12
2024/01/01 16:14:27.47,239.47,-31.64,-57.23,-60.10,56.16,-9.59,-1.09
2024/01/01 16:14:27.48,239.48,-31.64,-57.23,-60.09,56.13,-9.60,-1.10
2024/01/01 16:14:27.49,239.49,-31.64,-57.23,-60.08,56.12,-9.61,-1.10
2024/01/01 16:14:27.50,239.50,-31.64,-57.24,-60.07,56.14,-9.62,-1.08
2024/01/01 16:14:27.51,239.51,-31.64,-57.24,-60.07,56.19,-9.63,-1.07
2024/01/01 16:14:27.52,239.52,-31.64,-57.24,-60.07,56.25,-9.63,-1.06
2024/01/01 16:14:27.53,239.53,-31.64,-57.24,-60.07,56.29,-9.62,-1.05
2024/01/01 16:14:27.54,239.54,-31.64,-57.24,-60.07,56.33,-9.61,-1.05
2024/01/01 16:14:27.55,239.55,-31.64,-57.24,-60.08,56.35,-9.63,-1.07
2024/01/01 16:14:27.56,239.56,-31.64,-57.23,-60.08,56.35,-9.65,-1.08
2024/01/01 16:14:27.57,239.57,-31.64,-57.23,-60.09,56.33,-9.67,-1.09
2024/01/01 16:14:27.58,239.58,-31.63,-57.22,-60.09,56.32,-9.66,-1.10
2024/01/01 16:14:27.59,239.59,-31.63,-57.22,-60.10,56.32,-9.63,-1.11
2024/01/01 16:14:27.60,239.60,-31.62,-57.22,-60.10,56.31,-9.60,-1.12
2024/01/01 16:14:27.61,239.61,-31.62,-57.22,-60.11,56.28,-9.59,-1.12
2024/01/01 16:14:27.62,239.62,-31.62,-57.22,-60.11,56.25,-9.61,-1.11
2024/01/01 16:14:27.63,239.63,-31.63,-57.22,-60.11,56.21,-9.65,-1.11
2024/01/01 16:14:27.64,239.64,-31.62,-57.22,-60.11,56.19,-9.67,-1.11
2024/01/01 16:14:27.65,239.65,-31.62,-57.23,-60.12,56.19,-9.67,-1.11
2024/01/01 16:14:27.66,239.66,-31.61,-57.23,-60.12,56.23,-9.64,-1.10
2024/01/01 16:14:27.67,239.67,-31.61,-57.23,-60.12,56.28,-9.59,-1.10
2024/01/01 16:14:27.68,239.68,-31.61,-57.23,-60.11,56.31,-9.55,-1.12
2024/01/01 16:14:27.69,239.69,-31.61,-57.24,-60.11,56.34,-9.53,-1.15
2024/01/01 16:14:27.70,239.70,-31.61,-57.25,-60.10,56.34,-9.53,-1.16
2024/01/01 16:14:27.71,239.71,-31.61,-57.25,-60.09,56.31,-9.55,-1.13
2024/01/01 16:14:27.72,239.72,-31.61,-57.25,-60.09,56.26,-9.57,-1.11
2024/01/01 16:14:27.73,239.73,-31.60,-57.25,-60.09,56.22,-9.60,-1.10
2024/01/01 16:14:27.74,239.74,-31.60,-57.24,-60.09,56.20,-9.65,-1.10
2024/01/01 16:14:27.75,239.75,-31.60,-57.24,-60.09,56.21,-9.69,-1.08
2024/01/01 16:14:27.76,239.76,-31.60,-57.24,-60.08,56.25,-9.72,-1.08
2024/01/01 16:14:27.77,239.77,-31.59,-57.24,-60.09,56.31,-9.73,-1.09
2024/01/01 16:14:27.78,239.78,-31.59,-57.25,-60.09,56.37,-9.72,-1.10
2024/01/01 16:14:27.79,239.79,-31.58,-57.26,-60.10,56.41,-9.70,-1.10
2024/01/01 16:14:27.80,239.80,-31.58,-57.26,-60.10,56.42,-9.67,-1.09
2024/01/01 16:14:27.81,239.81,-31.57,-57.26,-60.10,56.40,-9.64,-1.09
2024/01/01 16:14:27.82,239.82,-31.57,-57.26,-60.10,56.36,-9.62,-1.11
2024/01/01 16:14:27.83,239.83,-31.56,-57.26,-60.11,56.31,-9.62,-1.12
2024/01/01 16:14:27.84,239.84,-31.56,-57.26,-60.11,56.28,-9.61,-1.12
2024/01/01 16:14:27.85,239.85,-31.56,-57.26,-60.11,56.26,-9.60,-1.12
2024/01/01 16:14:27.86,239.86,-31.56,-57.26,-60.12,56.28,-9.59,-1.15
2024/01/01 16:14:27.87,239.87,-31.56,-57.26,-60.12,56.32,-9.58,-1.15
2024/01/01 16:14:27.88,239.88,-31.56,-57.26,-60.12,56.36,-9.58,-1.12
2024/01/01 16:14:27.89,239.89,-31.55,-57.27,-60.11,56.37,-9.60,-1.11
2024/01/01 16:14:27.90,239.90,-31.55,-57.27,-60.10,56.38,-9.63,-1.12
2024/01/01 16:14:27.91,239.91,-31.55,-57.28,-60.10,56.38,-9.66,-1.12
2024/01/01 16:14:27.92,239.92,-31.55,-57.28,-60.10,56.37,-9.69,-1.10
2024/01/01 16:14:27.93,239.93,-31.55,-57.28,-60.09,56.36,-9.70,-1.09
2024/01/01 16:14:27.94,239.94,-31.55,-57.28,-60.09,56.35,-9.69,-1.10
2024/01/01 16:14:27.95,239.95,-31.55,-57.27,-60.08,56.34,-9.65,-1.12
2024/01/01 16:14:27.96,239.96,-31.56,-57.27,-60.08,56.32,-9.62,-1.13
2024/01/01 16:14:27.97,239.97,-31.56,-57.27,-60.08,56.32,-9.61,-1.12
2024/01/01 16:14:27.98,239.98,-31.56,-57.28,-60.07,56.32,-9.63,-1.10
2024/01/01 16:14:27.99,239.99,-31.57,-57.28,-60.07,56.34,-9.68,-1.08
2024/01/01 16:14:28.00,240.00,-31.57,-57.29,-60.07,56.37,-9.73,-1.07
2024/01/01 16:14:28.01,240.01,-31.56,-57.30,-60.07,56.40,-9.77,-1.08
2024/01/01 16:14:28.02,240.02,-31.56,-57.30,-60.06,56.41,-9.77,-1.08
2024/01/01 16:14:28.03,240.03,-31.55,-57.31,-60.06,56.39,-9.75,-1.09
2024/01/01 16:14:28.04,240.04,-31.54,-57.32,-60.06,56.37,-9.70,-1.09
2024/01/01 16:14:28.05,240.05,-31.54,-57.34,-60.06,56.35,-9.66,-1.08
2024/01/01 16:14:28.06,240.06,-31.53,-57.35,-60.06,56.34,-9.65,-1.08
2024/01/01 16:14:28.07,240.07,-31.53,-57.35,-60.06,56.32,-9.67,-1.08
2024/01/01 16:14:28.08,240.08,-31.53,-57.35,-60.06,56.31,-9.71,-1.08
2024/01/01 16:14:28.09,240.09,-31.54,-57.36,-60.06,56.30,-9.74,-1.09
2024/01/01 16:14:28.10,240.10,-31.54,-57.36,-60.07,56.30,-9.76,-1.11
2024/01/01 16:14:28.11,240.11,-31.55,-57.36,-60.07,56.33,-9.76,-1.10
2024/01/01 16:14:28.12,240.12,-31.56,-57.35,-60.07,56.40,-9.74,-1.08
2024/01/01 16:14:28.13,240.13,-31.57,-57.34,-60.07,56.46,-9.73,-1.06
2024/01/01 16:14:28.14,240.14,-31.57,-57.33,-60.06,56.51,-9.73,-1.06
2024/01/01 16:14:28.15,240.15,-31.58,-57.33,-60.06,56.51,-9.74,-1.05
2024/01/01 16:14:28.16,240.16,-31.58,-57.32,-60.06,56.46,-9.74,-1.05
2024/01/01 16:14:28.17,240.17,-31.57,-57.32,-60.05,56.39,-9.75,-1.05
2024/01/01 16:14:28.18,240.18,-31.57,-57.32,-60.05,56.32,-9.75,-1.05
2024/01/01 16:14:28.19,240.19,-31.56,-57.33,-60.04,56.29,-9.75,-1.06
2024/01/01 16:14:28.20,240.20,-31.56,-57.33,-60.04,56.29,-9.75,-1.07
2024/01/01 16:14:28.21,240.21,-31.56,-57.34,-60.04,56.30,-9.73,-1.07
2024/01/01 16:14:28.22,240.22,-31.56,-57.34,-60.03,56.28,-9.72,-1.06
2024/01/01 16:14:28.23,240.23,-31.57,-57.34,-60.03,56.25,-9.69,-1.06
2024/01/01 16:14:28.24,240.24,-31.58,-57.34,-60.02,56.21,-9.67,-1.06
2024/01/01 16:14:28.25,240.25,-31.59,-57.34,-60.01,56.19,-9.65,-1.06
2024/01/01 16:14:28.26,240.26,-31.59,-57.34,-60.00,56.21,-9.65,-1.05
2024/01/01 16:14:28.27,240.27,-31.59,-57.34,-60.00,56.25,-9.66,-1.03
2024/01/01 16:14:28.28,240.28,-31.59,-57.33,-60.00,56.29,-9.69,-1.02
2024/01/01 16:14:28.29,240.29,-31.59,-57.33,-60.00,56.33,-9.73,-1.01
2024/01/01 16:14:28.30,240.30,-31.59,-57.32,-60.00,56.36,-9.77,-0.99
2024/01/01 16:14:28.31,240.31,-31.58,-57.31,-60.00,56.40,-9.79,-0.97
2024/01/01 16:14:28.32,240.32,-31.57,-57.30,-59.99,56.43,-9.80,-0.97
2024/01/01 16:14:28.33,240.33,-31.56,-57.30,-59.99,56.45,-9.79,-0.99
2024/01/01 16:14:28.34,240.34,-31.56,-57.30,-59.99,56.45,-9.77,-1.02
2024/01/01 16:14:28.35,240.35,-31.56,-57.30,-59.98,56.42,-9.73,-1.04
2024/01/01 16:14:28.36,240.36,-31.56,-57.31,-59.97,56.36,-9.67,-1.04
2024/01/01 16:14:28.37,240.37,-31.56,-57.31,-59.97,56.32,-9.62,-1.00
2024/01/01 16:14:28.38,240.38,-31.56,-57.32,-59.96,56.29,-9.58,-0.97
2024/01/01 16:14:28.39,240.39,-31.56,-57.32,-59.96,56.30,-9.57,-0.94
2024/01/01 16:14:28.40,240.40,-31.57,-57.32,-59.96,56.33,-9.58,-0.91
2024/01/01 16:14:28.41,240.41,-31.57,-57.32,-59.95,56.37,-9.60,-0.90
2024/01/01 16:14:28.42,240.42,-31.58,-57.32,-59.95,56.40,-9.65,-0.93
2024/01/01 16:14:28.43,240.43,-31.58,-57.32,-59.96,56.41,-9.70,-0.96
2024/01/01 16:14:28.44,240.44,-31.58,-57.33,-59.97,56.40,-9.76,-0.98
2024/01/01 16:14:28.45,240.45,-31.57,-57.33,-59.97,56.39,-9.81,-0.99
2024/01/01 16:14:28.46,240.46,-31.57,-57.33,-59.98,56.37,-9.84,-0.99
2024/01/01 16:14:28.47,240.47,-31.58,-57.33,-59.97,56.35,-9.84,-0.97
2024/01/01 16:14:28.48,240.48,-31.58,-57.33,-59.97,56.35,-9.80,-0.96
2024/01/01 16:14:28.49,240.49,-31.57,-57.32,-59.97,56.33,-9.71,-0.97
2024/01/01 16:14:28.50,240.50,-31.57,-57.32,-59.96,56.31,-9.63,-0.99
2024/01/01 16:14:28.51,240.51,-31.58,-57.32,-59.96,56.28,-9.58,-1.01
2024/01/01 16:14:28.52,240.52,-31.58,-57.32,-59.95,56.25,-9.58,-1.02
2024/01/01 16:14:28.53,240.53,-31.59,-57.32,-59.95,56.24,-9.62,-1.02
2024/01/01 16:14:28.54,240.54,-31.60,-57.33,-59.95,56.25,-9.69,-0.99
2024/01/01 16:14:28.55,240.55,-31.60,-57.34,-59.94,56.28,-9.75,-0.96
2024/01/01 16:14:28.56,240.56,-31.61,-57.34,-59.94,56.31,-9.80,-0.93
2024/01/01 16:14:28.57,240.57,-31.61,-57.34,-59.94,56.32,-9.82,-0.92
2024/01/01 16:14:28.58,240.58,-31.62,-57.34,-59.94,56.32,-9.81,-0.93
2024/01/01 16:14:28.59,240.59,-31.62,-57.34,-59.93,56.32,-9.78,-0.96
2024/01/01 16:14:28.60,240.60,-31.62,-57.34,-59.93,56.32,-9.74,-0.97
2024/01/01 16:14:28.61,240.61,-31.62,-57.34,-59.92,56.31,-9.71,-0.96
2024/01/01 16:14:28.62,240.62,-31.61,-57.33,-59.92,56.30,-9.70,-0.95
2024/01/01 16:14:28.63,240.63,-31.61,-57.33,-59.91,56.29,-9.70,-0.94
2024/01/01 16:14:28.64,240.64,-31.61,-57.33,-59.91,56.28,-9.69,-0.93
2024/01/01 16:14:28.65,240.65,-31.60,-57.33,-59.91,56.30,-9.70,-0.94
2024/01/01 16:14:28.66,240.66,-31.61,-57.33,-59.90,56.33,-9.72,-0.94
2024/01/01 16:14:28.67,240.67,-31.61,-57.33,-59.90,56.37,-9.74,-0.92
2024/01/01 16:14:28.68,240.68,-31.62,-57.33,-59.90,56.36,-9.75,-0.89
2024/01/01 16:14:28.69,240.69,-31.62,-57.33,-59.90,56.33,-9.75,-0.89
2024/01/01 16:14:28.70,240.70,-31.62,-57.33,-59.90,56.29,-9.72,-0.88
2024/01/01 16:14:28.71,240.71,-31.63,-57.34,-59.90,56.26,-9.68,-0.85
2024/01/01 16:14:28.72,240.72,-31.64,-57.34,-59.90,56.25,-9.65,-0.85
2024/01/01 16:14:28.73,240.73,-31.65,-57.35,-59.90,56.28,-9.64,-0.89
2024/01/01 16:14:28.74,240.74,-31.65,-57.35,-59.89,56.30,-9.65,-0.94
2024/01/01 16:14:28.75,240.75,-31.66,-57.34,-59.89,56.31,-9.69,-0.95
2024/01/01 16:14:28.76,240.76,-31.66,-57.34,-59.89,56.31,-9.73,-0.94
2024/01/01 16:14:28.77,240.77,-31.65,-57.33,-59.89,56.29,-9.78,-0.91
2024/01/01 16:14:28.78,240.78,-31.65,-57.32,-59.89,56.27,-9.80,-0.89
2024/01/01 16:14:28.79,240.79,-31.65,-57.32,-59.90,56.25,-9.80,-0.87
2024/01/01 16:14:28.80,240.80,-31.65,-57.33,-59.90,56.23,-9.79,-0.86
2024/01/01 16:14:28.81,240.81,-31.65,-57.33,-59.91,56.22,-9.77,-0.89
2024/01/01 16:14:28.82,240.82,-31.66,-57.33,-59.91,56.20,-9.75,-0.93
2024/01/01 16:14:28.83,240.83,-31.66,-57.34,-59.92,56.19,-9.73,-0.98
2024/01/01 16:14:28.84,240.84,-31.66,-57.35,-59.92,56.20,-9.72,-1.00
2024/01/01 16:14:28.85,240.85,-31.67,-57.35,-59.92,56.22,-9.72,-0.99
2024/01/01 16:14:28.86,240.86,-31.67,-57.35,-59.92,56.24,-9.72,-0.96
2024/01/01 16:14:28.87,240.87,-31.67,-57.35,-59.92,56.27,-9.72,-0.92
2024/01/01 16:14:28.88,240.88,-31.66,-57.35,-59.92,56.29,-9.72,-0.91
2024/01/01 16:14:28.89,240.89,-31.66,-57.35,-59.91,56.29,-9.72,-0.91
2024/01/01 16:14:28.90,240.90,-31.66,-57.34,-59.90,56.28,-9.72,-0.92
2024/01/01 16:14:28.91,240.91,-31.66,-57.34,-59.90,56.25,-9.71,-0.95
2024/01/01 16:14:28.92,240.92,-31.66,-57.33,-59.89,56.23,-9.71,-0.96
2024/01/01 16:14:28.93,240.93,-31.66,-57.33,-59.89,56.22,-9.71,-0.92
2024/01/01 16:14:28.94,240.94,-31.65,-57.34,-59.89,56.22,-9.73,-0.89
2024/01/01 16:14:28.95,240.95,-31.65,-57.34,-59.88,56.24,-9.74,-0.88
2024/01/01 16:14:28.96,240.96,-31.65,-57.35,-59.88,56.26,-9.75,-0.87
2024/01/01 16:14:28.97,240.97,-31.65,-57.36,-59.87,56.28,-9.77,-0.87
2024/01/01 16:14:28.98,240.98,-31.65,-57.36,-59.88,56.28,-9.77,-0.88
2024/01/01 16:14:28.99,240.99,-31.66,-57.35,-59.88,56.27,-9.77,-0.88
2024/01/01 16:14:29.00,241.00,-31.67,-57.35,-59.87,56.25,-9.73,-0.88
2024/01/01 16:14:29.01,241.01,-31.68,-57.34,-59.87,56.25,-9.70,-0.90
2024/01/01 16:14:29.02,241.02,-31.68,-57.33,-59.88,56.27,-9.69,-0.91
2024/01/01 16:14:29.03,241.03,-31.68,-57.33,-59.89,56.30,-9.71,-0.91
2024/01/01 16:14:29.04,241.04,-31.67,-57.32,-59.89,56.31,-9.75,-0.88
2024/01/01 16:14:29.05,241.05,-31.67,-57.32,-59.89,56.31,-9.81,-0.87
2024/01/01 16:14:29.06,241.06,-31.67,-57.31,-59.90,56.30,-9.83,-0.89
2024/01/01 16:14:29.07,241.07,-31.67,-57.31,-59.90,56.29,-9.82,-0.92
2024/01/01 16:14:29.08,241.08,-31.67,-57.31,-59.91,56.26,-9.77,-0.93
2024/01/01 16:14:29.09,241.09,-31.67,-57.31,-59.91,56.23,-9.71,-0.94
2024/01/01 16:14:29.10,241.10,-31.68,-57.32,-59.91,56.19,-9.64,-0.95
2024/01/01 16:14:29.11,241.11,-31.69,-57.31,-59.91,56.14,-9.57,-0.95
2024/01/01 16:14:29.12,241.12,-31.69,-57.31,-59.90,56.09,-9.52,-0.93
2024/01/01 16:14:29.13,241.13,-31.70,-57.31,-59.90,56.08,-9.51,-0.92
2024/01/01 16:14:29.14,241.14,-31.70,-57.31,-59.91,56.10,-9.53,-0.91
2024/01/01 16:14:29.15,241.15,-31.70,-57.31,-59.91,56.15,-9.57,-0.91
2024/01/01 16:14:29.16,241.16,-31.70,-57.31,-59.91,56.21,-9.66,-0.92
2024/01/01 16:14:29.17,241.17,-31.70,-57.31,-59.92,56.26,-9.76,-0.94
2024/01/01 16:14:29.18,241.18,-31.71,-57.31,-59.92,56.29,-9.87,-0.94
2024/01/01 16:14:29.19,241.19,-31.71,-57.31,-59.93,56.29,-9.93,-0.93
2024/01/01 16:14:29.20,241.20,-31.70,-57.31,-59.94,56.28,-9.94,-0.92
2024/01/01 16:14:29.21,241.21,-31.70,-57.31,-59.94,56.25,-9.88,-0.92
2024/01/01 16:14:29.22,241.22,-31.69,-57.30,-59.94,56.21,-9.79,-0.93
2024/01/01 16:14:29.23,241.23,-31.69,-57.30,-59.94,56.18,-9.68,-0.95
2024/01/01 16:14:29.24,241.24,-31.68,-57.31,-59.94,56.17,-9.61,-0.98
2024/01/01 16:14:29.25,241.25,-31.68,-57.31,-59.94,56.19,-9.59,-0.98
2024/01/01 16:14:29.26,241.26,-31.68,-57.31,-59.94,56.21,-9.59,-0.97
2024/01/01 16:14:29.27,241.27,-31.68,-57.32,-59.95,56.21,-9.62,-0.95
2024/01/01 16:14:29.28,241.28,-31.68,-57.31,-59.95,56.21,-9.65,-0.94
2024/01/01 16:14:29.29,241.29,-31.68,-57.30,-59.94,56.20,-9.67,-0.96
2024/01/01 16:14:29.30,241.30,-31.68,-57.30,-59.94,56.20,-9.68,-0.98
2024/01/01 16:14:29.31,241.31,-31.68,-57.29,-59.94,56.21,-9.69,-0.98
2024/01/01 16:14:29.32,241.32,-31.68,-57.28,-59.94,56.22,-9.70,-0.98
2024/01/01 16:14:29.33,241.33,-31.68,-57.27,-59.94,56.22,-9.70,-0.98
2024/01/01 16:14:29.34,241.34,-31.68,-57.27,-59.94,56.21,-9.71,-0.96
2024/01/01 16:14:29.35,241.35,-31.68,-57.27,-59.94,56.21,-9.71,-0.94
2024/01/01 16:14:29.36,241.36,-31.68,-57.26,-59.94,56.21,-9.71,-0.93
2024/01/01 16:14:29.37,241.37,-31.68,-57.25,-59.94,56.22,-9.69,-0.95
2024/01/01 16:14:29.38,241.38,-31.68,-57.25,-59.94,56.24,-9.66,-0.97
2024/01/01 16:14:29.39,241.39,-31.68,-57.25,-59.94,56.26,-9.62,-0.97
2024/01/01 16:14:29.40,241.40,-31.67,-57.25,-59.94,56.28,-9.59,-0.97
2024/01/01 16:14:29.41,241.41,-31.67,-57.25,-59.95,56.28,-9.57,-0.96
2024/01/01 16:14:29.42,241.42,-31.67,-57.24,-59.95,56.27,-9.56,-0.94
2024/01/01 16:14:29.43,241.43,-31.68,-57.24,-59.96,56.24,-9.58,-0.92
2024/01/01 16:14:29.44,241.44,-31.68,-57.24,-59.96,56.22,-9.61,-0.93
2024/01/01 16:14:29.45,241.45,-31.68,-57.23,-59.97,56.21,-9.63,-0.95
2024/01/01 16:14:29.46,241.46,-31.69,-57.23,-59.98,56.21,-9.66,-0.97
2024/01/01 16:14:29.47,241.47,-31.70,-57.23,-59.99,56.23,-9.68,-0.99
2024/01/01 16:14:29.48,241.48,-31.70,-57.23,-59.99,56.25,-9.69,-1.02
2024/01/01 16:14:29.49,241.49,-31.71,-57.22,-60.00,56.26,-9.69,-1.03
2024/01/01 16:14:29.50,241.50,-31.71,-57.22,-60.00,56.24,-9.64,-1.01
2024/01/01 16:14:29.51,241.51,-31.71,-57.21,-59.99,56.21,-9.58,-0.98
2024/01/01 16:14:29.52,241.52,-31.71,-57.21,-59.99,56.16,-9.52,-0.98
2024/01/01 16:14:29.53,241.53,-31.71,-57.21,-59.99,56.12,-9.49,-0.99
2024/01/01 16:14:29.54,241.54,-31.71,-57.21,-59.99,56.09,-9.49,-1.01
2024/01/01 16:14:29.55,241.55,-31.71,-57.21,-59.98,56.06,-9.54,-1.04
2024/01/01 16:14:29.56,241.56,-31.71,-57.21,-59.98,56.05,-9.61,-1.07
2024/01/01 16:14:29.57,241.57,-31.71,-57.22,-59.99,56.05,-9.68,-1.07
2024/01/01 16:14:29.58,241.58,-31.71,-57.22,-59.99,56.07,-9.72,-1.02
2024/01/01 16:14:29.59,241.59,-31.71,-57.23,-59.99,56.10,-9.72,-0.97
2024/01/01 16:14:29.60,241.60,-31.71,-57.23,-59.99,56.15,-9.70,-0.95
2024/01/01 16:14:29.61,241.61,-31.71,-57.24,-59.99,56.19,-9.67,-0.95
2024/01/01 16:14:29.62,241.62,-31.71,-57.24,-59.99,56.22,-9.62,-0.98
2024/01/01 16:14:29.63,241.63,-31.71,-57.24,-60.00,56.24,-9.57,-1.01
2024/01/01 16:14:29.64,241.64,-31.70,-57.23,-60.01,56.24,-9.53,-1.03
2024/01/01 16:14:29.65,241.65,-31.70,-57.23,-60.01,56.24,-9.51,-1.03
2024/01/01 16:14:29.66,241.66,-31.69,-57.22,-60.02,56.24,-9.51,-1.02
2024/01/01 16:14:29.67,241.67,-31.69,-57.21,-60.02,56.25,-9.55,-1.00
2024/01/01 16:14:29.68,241.68,-31.68,-57.20,-60.03,56.26,-9.61,-1.01
2024/01/01 16:14:29.69,241.69,-31.67,-57.20,-60.03,56.27,-9.65,-1.02
2024/01/01 16:14:29.70,241.70,-31.67,-57.19,-60.04,56.27,-9.68,-1.03
2024/01/01 16:14:29.71,241.71,-31.67,-57.19,-60.04,56.26,-9.71,-1.04
2024/01/01 16:14:29.72,241.72,-31.67,-57.20,-60.05,56.25,-9.70,-1.06
2024/01/01 16:14:29.73,241.73,-31.68,-57.20,-60.04,56.23,-9.65,-1.06
2024/01/01 16:14:29.74,241.74,-31.68,-57.20,-60.04,56.22,-9.60,-1.04
2024/01/01 16:14:29.75,241.75,-31.68,-57.21,-60.04,56.19,-9.56,-1.02
2024/01/01 16:14:29.76,241.76,-31.67,-57.21,-60.04,56.17,-9.53,-1.04
2024/01/01 16:14:29.77,241.77,-31.68,-57.21,-60.03,56.14,-9.51,-1.06
2024/01/01 16:14:29.78,241.78,-31.68,-57.21,-60.03,56.11,-9.51,-1.07
2024/01/01 16:14:29.79,241.79,-31.68,-57.21,-60.02,56.09,-9.54,-1.07
2024/01/01 16:14:29.80,241.80,-31.69,-57.21,-60.02,56.10,-9.59,-1.06
2024/01/01 16:14:29.81,241.81,-31.69,-57.20,-60.02,56.12,-9.62,-1.05
2024/01/01 16:14:29.82,241.82,-31.69,-57.20,-60.01,56.15,-9.64,-1.02
2024/01/01 16:14:29.83,241.83,-31.70,-57.19,-60.02,56.19,-9.65,-1.01
2024/01/01 16:14:29.84,241.84,-31.70,-57.19,-60.02,56.22,-9.64,-1.00
2024/01/01 16:14:29.85,241.85,-31.70,-57.19,-60.01,56.25,-9.63,-0.99
2024/01/01 16:14:29.86,241.86,-31.69,-57.19,-60.01,56.27,-9.65,-0.99
2024/01/01 16:14:29.87,241.87,-31.69,-57.19,-60.01,56.29,-9.65,-1.00
2024/01/01 16:14:29.88,241.88,-31.68,-57.20,-60.01,56.31,-9.63,-1.01
2024/01/01 16:14:29.89,241.89,-31.67,-57.21,-60.01,56.29,-9.60,-1.03
2024/01/01 16:14:29.90,241.90,-31.67,-57.21,-60.01,56.26,-9.56,-1.03
2024/01/01 16:14:29.91,241.91,-31.67,-57.21,-60.02,56.22,-9.54,-1.04
2024/01/01 16:14:29.92,241.92,-31.67,-57.21,-60.03,56.18,-9.52,-1.05
2024/01/01 16:14:29.93,241.93,-31.67,-57.21,-60.03,56.17,-9.51,-1.07
2024/01/01 16:14:29.94,241.94,-31.67,-57.21,-60.04,56.18,-9.52,-1.07
2024/01/01 16:14:29.95,241.95,-31.67,-57.20,-60.03,56.20,-9.54,-1.05
2024/01/01 16:14:29.96,241.96,-31.67,-57.19,-60.03,56.22,-9.57,-1.04
2024/01/01 16:14:29.97,241.97,-31.68,-57.19,-60.03,56.23,-9.61,-1.03
2024/01/01 16:14:29.98,241.98,-31.68,-57.19,-60.03,56.24,-9.64,-1.01
2024/01/01 16:14:29.99,241.99,-31.69,-57.19,-60.04,56.25,-9.66,-0.98
2024/01/01 16:14:30.00,242.00,-31.70,-57.19,-60.04,56.24,-9.66,-0.99
2024/01/01 16:14:30.01,242.01,-31.71,-57.18,-60.04,56.22,-9.63,-1.03
2024/01/01 16:14:30.02,242.02,-31.71,-57.18,-60.04,56.20,-9.60,-1.06
2024/01/01 16:14:30.03,242.03,-31.71,-57.17,-60.05,56.17,-9.58,-1.07
2024/01/01 16:14:30.04,242.04,-31.71,-57.17,-60.05,56.16,-9.57,-1.06
2024/01/01 16:14:30.05,242.05,-31.70,-57.17,-60.05,56.15,-9.58,-1.06
2024/01/01 16:14:30.06,242.06,-31.70,-57.17,-60.04,56.14,-9.58,-1.05
2024/01/01 16:14:30.07,242.07,-31.70,-57.17,-60.04,56.13,-9.58,-1.05
2024/01/01 16:14:30.08,242.08,-31.70,-57.17,-60.03,56.12,-9.56,-1.05
2024/01/01 16:14:30.09,242.09,-31.71,-57.16,-60.03,56.11,-9.56,-1.05
2024/01/01 16:14:30.10,242.10,-31.71,-57.16,-60.03,56.10,-9.56,-1.06
2024/01/01 16:14:30.11,242.11,-31.71,-57.16,-60.03,56.10,-9.55,-1.06
2024/01/01 16:14:30.12,242.12,-31.72,-57.15,-60.04,56.13,-9.53,-1.05
2024/01/01 16:14:30.13,242.13,-31.71,-57.15,-60.04,56.18,-9.50,-1.05
2024/01/01 16:14:30.14,242.14,-31.71,-57.15,-60.04,56.24,-9.49,-1.05
2024/01/01 16:14:30.15,242.15,-31.70,-57.15,-60.05,56.27,-9.49,-1.04
2024/01/01 16:14:30.16,242.16,-31.70,-57.15,-60.05,56.26,-9.52,-1.03
2024/01/01 16:14:30.17,242.17,-31.70,-57.15,-60.05,56.24,-9.54,-1.03
2024/01/01 16:14:30.18,242.18,-31.69,-57.15,-60.04,56.22,-9.55,-1.04
2024/01/01 16:14:30.19,242.19,-31.68,-57.15,-60.04,56.21,-9.55,-1.05
2024/01/01 16:14:30.20,242.20,-31.68,-57.16,-60.04,56.21,-9.54,-1.05
2024/01/01 16:14:30.21,242.21,-31.67,-57.16,-60.04,56.22,-9.52,-1.05
2024/01/01 16:14:30.22,242.22,-31.67,-57.16,-60.04,56.22,-9.51,-1.05
2024/01/01 16:14:30.23,242.23,-31.67,-57.16,-60.03,56.21,-9.52,-1.04
2024/01/01 16:14:30.24,242.24,-31.67,-57.16,-60.03,56.20,-9.54,-1.02
2024/01/01 16:14:30.25,242.25,-31.67,-57.16,-60.03,56.20,-9.57,-1.03
2024/01/01 16:14:30.26,242.26,-31.68,-57.16,-60.02,56.20,-9.59,-1.02
2024/01/01 16:14:30.27,242.27,-31.68,-57.16,-60.02,56.19,-9.60,-1.02
2024/01/01 16:14:30.28,242.28,-31.69,-57.17,-60.01,56.18,-9.62,-1.03
2024/01/01 16:14:30.29,242.29,-31.69,-57.17,-60.01,56.19,-9.63,-1.04
2024/01/01 16:14:30.30,242.30,-31.69,-57.17,-60.01,56.20,-9.61,-1.04
2024/01/01 16:14:30.31,242.31,-31.68,-57.17,-60.01,56.21,-9.58,-1.02
2024/01/01 16:14:30.32,242.32,-31.68,-57.17,-60.01,56.20,-9.55,-1.00
2024/01/01 16:14:30.33,242.33,-31.68,-57.17,-60.00,56.18,-9.52,-1.00
2024/01/01 16:14:30.34,242.34,-31.68,-57.17,-60.00,56.17,-9.51,-1.00
2024/01/01 16:14:30.35,242.35,-31.68,-57.16,-59.99,56.17,-9.50,-1.00
2024/01/01 16:14:30.36,242.36,-31.69,-57.16,-59.99,56.19,-9.51,-1.00
2024/01/01 16:14:30.37,242.37,-31.69,-57.16,-59.99,56.23,-9.53,-1.00
2024/01/01 16:14:30.38,242.38,-31.69,-57.16,-59.98,56.25,-9.56,-1.00
2024/01/01 16:14:30.39,242.39,-31.69,-57.16,-59.98,56.26,-9.58,-1.00
2024/01/01 16:14:30.40,242.40,-31.68,-57.15,-59.98,56.27,-9.59,-0.98
2024/01/01 16:14:30.41,242.41,-31.68,-57.14,-59.97,56.27,-9.59,-0.95
2024/01/01 16:14:30.42,242.42,-31.68,-57.13,-59.97,56.26,-9.57,-0.94
2024/01/01 16:14:30.43,242.43,-31.69,-57.13,-59.97,56.24,-9.54,-0.96
2024/01/01 16:14:30.44,242.44,-31.69,-57.13,-59.97,56.22,-9.52,-0.98
2024/01/01 16:14:30.45,242.45,-31.69,-57.14,-59.97,56.20,-9.50,-0.99
2024/01/01 16:14:30.46,242.46,-31.69,-57.14,-59.97,56.20,-9.49,-1.00
2024/01/01 16:14:30.47,242.47,-31.69,-57.14,-59.97,56.20,-9.50,-1.01
2024/01/01 16:14:30.48,242.48,-31.69,-57.14,-59.97,56.19,-9.51,-0.98
2024/01/01 16:14:30.49,242.49,-31.69,-57.15,-59.97,56.18,-9.51,-0.95
2024/01/01 16:14:30.50,242.50,-31.70,-57.15,-59.97,56.17,-9.49,-0.95
2024/01/01 16:14:30.51,242.51,-31.70,-57.15,-59.97,56.16,-9.48,-0.96
2024/01/01 16:14:30.52,242.52,-31.70,-57.15,-59.97,56.15,-9.47,-0.97
2024/01/01 16:14:30.53,242.53,-31.70,-57.15,-59.97,56.15,-9.50,-0.98
2024/01/01 16:14:30.54,242.54,-31.70,-57.15,-59.97,56.16,-9.53,-1.00
2024/01/01 16:14:30.55,242.55,-31.70,-57.16,-59.97,56.18,-9.56,-1.01
2024/01/01 16:14:30.56,242.56,-31.69,-57.16,-59.97,56.20,-9.58,-0.99
2024/01/01 16:14:30.57,242.57,-31.68,-57.16,-59.97,56.23,-9.61,-0.96
2024/01/01 16:14:30.58,242.58,-31.68,-57.17,-59.97,56.24,-9.63,-0.96
2024/01/01 16:14:30.59,242.59,-31.67,-57.17,-59.97,56.24,-9.65,-0.97
2024/01/01 16:14:30.60,242.60,-31.67,-57.18,-59.97,56.23,-9.64,-0.99
2024/01/01 16:14:30.61,242.61,-31.67,-57.18,-59.97,56.22,-9.61,-0.99
2024/01/01 16:14:30.62,242.62,-31.67,-57.18,-59.96,56.21,-9.57,-0.97
2024/01/01 16:14:30.63,242.63,-31.67,-57.18,-59.96,56.20,-9.53,-0.96
2024/01/01 16:14:30.64,242.64,-31.67,-57.19,-59.96,56.20,-9.49,-0.97
2024/01/01 16:14:30.65,242.65,-31.67,-57.19,-59.96,56.22,-9.47,-0.97
2024/01/01 16:14:30.66,242.66,-31.67,-57.19,-59.96,56.24,-9.49,-0.97
2024/01/01 16:14:30.67,242.67,-31.67,-57.20,-59.96,56.25,-9.53,-0.96
2024/01/01 16:14:30.68,242.68,-31.67,-57.20,-59.95,56.26,-9.59,-0.96
2024/01/01 16:14:30.69,242.69,-31.67,-57.20,-59.95,56.26,-9.65,-0.97
2024/01/01 16:14:30.70,242.70,-31.66,-57.20,-59.95,56.27,-9.69,-0.96
2024/01/01 16:14:30.71,242.71,-31.66,-57.20,-59.94,56.30,-9.69,-0.94
2024/01/01 16:14:30.72,242.72,-31.66,-57.19,-59.93,56.31,-9.67,-0.92
2024/01/01 16:14:30.73,242.73,-31.66,-57.19,-59.93,56.31,-9.63,-0.92
2024/01/01 16:14:30.74,242.74,-31.67,-57.18,-59.93,56.27,-9.58,-0.94
2024/01/01 16:14:30.75,242.75,-31.67,-57.18,-59.92,56.21,-9.54,-0.95
2024/01/01 16:14:30.76,242.76,-31.67,-57.17,-59.92,56.15,-9.53,-0.93
2024/01/01 16:14:30.77,242.77,-31.68,-57.17,-59.92,56.11,-9.54,-0.91
2024/01/01 16:14:30.78,242.78,-31.68,-57.17,-59.91,56.11,-9.55,-0.91
2024/01/01 16:14:30.79,242.79,-31.68,-57.17,-59.91,56.14,-9.54,-0.92
2024/01/01 16:14:30.80,242.80,-31.68,-57.17,-59.92,56.20,-9.53,-0.91
2024/01/01 16:14:30.81,242.81,-31.68,-57.17,-59.92,56.24,-9.54,-0.91
2024/01/01 16:14:30.82,242.82,-31.68,-57.17,-59.92,56.25,-9.55,-0.92
2024/01/01 16:14:30.83,242.83,-31.69,-57.17,-59.93,56.23,-9.55,-0.94
2024/01/01 16:14:30.84,242.84,-31.69,-57.17,-59.93,56.19,-9.56,-0.95
2024/01/01 16:14:30.85,242.85,-31.69,-57.17,-59.93,56.15,-9.56,-0.95
2024/01/01 16:14:30.86,242.86,-31.69,-57.17,-59.93,56.16,-9.55,-0.95
2024/01/01 16:14:30.87,242.87,-31.68,-57.16,-59.93,56.19,-9.54,-0.96
2024/01/01 16:14:30.88,242.88,-31.68,-57.16,-59.93,56.23,-9.53,-0.95
2024/01/01 16:14:30.89,242.89,-31.67,-57.16,-59.92,56.28,-9.53,-0.93
2024/01/01 16:14:30.90,242.90,-31.67,-57.17,-59.92,56.30,-9.53,-0.92
2024/01/01 16:14:30.91,242.91,-31.66,-57.17,-59.91,56.31,-9.54,-0.92
2024/01/01 16:14:30.92,242.92,-31.66,-57.18,-59.91,56.29,-9.55,-0.91
2024/01/01 16:14:30.93,242.93,-31.66,-57.18,-59.90,56.25,-9.57,-0.91
2024/01/01 16:14:30.94,242.94,-31.66,-57.18,-59.90,56.20,-9.60,-0.91
2024/01/01 16:14:30.95,242.95,-31.66,-57.17,-59.89,56.17,-9.61,-0.92
2024/01/01 16:14:30.96,242.96,-31.66,-57.17,-59.89,56.16,-9.61,-0.93
2024/01/01 16:14:30.97,242.97,-31.66,-57.18,-59.89,56.19,-9.59,-0.92
2024/01/01 16:14:30.98,242.98,-31.66,-57.18,-59.89,56.24,-9.57,-0.90
2024/01/01 16:14:30.99,242.99,-31.66,-57.19,-59.89,56.28,-9.54,-0.88
2024/01/01 16:14:31.00,243.00,-31.66,-57.19,-59.88,56.29,-9.53,-0.87
2024/01/01 16:14:31.01,243.01,-31.65,-57.19,-59.88,56.30,-9.53,-0.87
2024/01/01 16:14:31.02,243.02,-31.65,-57.18,-59.87,56.30,-9.56,-0.88
2024/01/01 16:14:31.03,243.03,-31.65,-57.18,-59.87,56.29,-9.58,-0.89
2024/01/01 16:14:31.04,243.04,-31.65,-57.18,-59.88,56.28,-9.59,-0.89
2024/01/01 16:14:31.05,243.05,-31.65,-57.18,-59.87,56.24,-9.60,-0.90
2024/01/01 16:14:31.06,243.06,-31.65,-57.18,-59.87,56.20,-9.59,-0.90
2024/01/01 16:14:31.07,243.07,-31.65,-57.18,-59.87,56.18,-9.59,-0.89
2024/01/01 16:14:31.08,243.08,-31.65,-57.18,-59.87,56.19,-9.60,-0.87
2024/01/01 16:14:31.09,243.09,-31.64,-57.18,-59.87,56.22,-9.59,-0.86
2024/01/01 16:14:31.10,243.10,-31.64,-57.18,-59.87,56.26,-9.58,-0.85
2024/01/01 16:14:31.11,243.11,-31.63,-57.18,-59.86,56.27,-9.56,-0.86
2024/01/01 16:14:31.12,243.12,-31.63,-57.18,-59.86,56.27,-9.53,-0.88
2024/01/01 16:14:31.13,243.13,-31.63,-57.18,-59.86,56.26,-9.50,-0.89
2024/01/01 16:14:31.14,243.14,-31.63,-57.18,-59.87,56.27,-9.50,-0.89
2024/01/01 16:14:31.15,243.15,-31.63,-57.17,-59.87,56.28,-9.52,-0.90
2024/01/01 16:14:31.16,243.16,-31.63,-57.17,-59.86,56.27,-9.55,-0.89
2024/01/01 16:14:31.17,243.17,-31.63,-57.17,-59.86,56.27,-9.57,-0.88
2024/01/01 16:14:31.18,243.18,-31.62,-57.17,-59.86,56.26,-9.59,-0.86
2024/01/01 16:14:31.19,243.19,-31.62,-57.17,-59.86,56.28,-9.60,-0.84
2024/01/01 16:14:31.20,243.20,-31.63,-57.17,-59.85,56.32,-9.60,-0.84
2024/01/01 16:14:31.21,243.21,-31.63,-57.16,-59.85,56.37,-9.60,-0.87
2024/01/01 16:14:31.22,243.22,-31.63,-57.16,-59.84,56.39,-9.58,-0.89
2024/01/01 16:14:31.23,243.23,-31.62,-57.16,-59.84,56.38,-9.56,-0.89
2024/01/01 16:14:31.24,243.24,-31.61,-57.17,-59.84,56.33,-9.54,-0.87
2024/01/01 16:14:31.25,243.25,-31.61,-57.17,-59.84,56.27,-9.52,-0.85
2024/01/01 16:14:31.26,243.26,-31.60,-57.16,-59.84,56.23,-9.52,-0.84
2024/01/01 16:14:31.27,243.27,-31.60,-57.16,-59.84,56.23,-9.51,-0.85
2024/01/01 16:14:31.28,243.28,-31.60,-57.15,-59.83,56.24,-9.52,-0.86
2024/01/01 16:14:31.29,243.29,-31.60,-57.15,-59.83,56.26,-9.53,-0.85
2024/01/01 16:14:31.30,243.30,-31.60,-57.15,-59.83,56.28,-9.55,-0.85
2024/01/01 16:14:31.31,243.31,-31.60,-57.16,-59.84,56.28,-9.55,-0.85
2024/01/01 16:14:31.32,243.32,-31.61,-57.16,-59.84,56.28,-9.54,-0.85
2024/01/01 16:14:31.33,243.33,-31.61,-57.16,-59.84,56.29,-9.52,-0.84
2024/01/01 16:14:31.34,243.34,-31.62,-57.16,-59.84,56.32,-9.51,-0.83
2024/01/01 16:14:31.35,243.35,-31.62,-57.16,-59.84,56.35,-9.50,-0.84
2024/01/01 16:14:31.36,243.36,-31.62,-57.15,-59.84,56.38,-9.50,-0.86
2024/01/01 16:14:31.37,243.37,-31.62,-57.14,-59.83,56.37,-9.52,-0.86
2024/01/01 16:14:31.38,243.38,-31.62,-57.14,-59.83,56.34,-9.55,-0.86
2024/01/01 16:14:31.39,243.39,-31.61,-57.14,-59.83,56.29,-9.57,-0.85
2024/01/01 16:14:31.40,243.40,-31.61,-57.14,-59.82,56.27,-9.57,-0.84
2024/01/01 16:14:31.41,243.41,-31.61,-57.14,-59.82,56.26,-9.57,-0.83
2024/01/01 16:14:31.42,243.42,-31.62,-57.14,-59.81,56.27,-9.56,-0.84
2024/01/01 16:14:31.43,243.43,-31.62,-57.15,-59.81,56.27,-9.55,-0.85
2024/01/01 16:14:31.44,243.44,-31.63,-57.15,-59.81,56.26,-9.55,-0.84
2024/01/01 16:14:31.45,243.45,-31.63,-57.15,-59.80,56.24,-9.54,-0.81
2024/01/01 16:14:31.46,243.46,-31.63,-57.15,-59.79,56.23,-9.53,-0.79
2024/01/01 16:14:31.47,243.47,-31.63,-57.15,-59.79,56.24,-9.52,-0.78
2024/01/01 16:14:31.48,243.48,-31.63,-57.15,-59.79,56.27,-9.51,-0.78
2024/01/01 16:14:31.49,243.49,-31.63,-57.15,-59.79,56.30,-9.50,-0.79
2024/01/01 16:14:31.50,243.50,-31.63,-57.14,-59.79,56.31,-9.49,-0.80
2024/01/01 16:14:31.51,243.51,-31.63,-57.14,-59.79,56.30,-9.50,-0.81
2024/01/01 16:14:31.52,243.52,-31.62,-57.13,-59.79,56.26,-9.53,-0.82
2024/01/01 16:14:31.53,243.53,-31.62,-57.12,-59.79,56.24,-9.57,-0.83
2024/01/01 16:14:31.54,243.54,-31.62,-57.12,-59.80,56.24,-9.58,-0.83
2024/01/01 16:14:31.55,243.55,-31.63,-57.12,-59.80,56.27,-9.57,-0.82
2024/01/01 16:14:31.56,243.56,-31.63,-57.13,-59.81,56.30,-9.53,-0.81
2024/01/01 16:14:31.57,243.57,-31.63,-57.13,-59.81,56.31,-9.49,-0.81
2024/01/01 16:14:31.58,243.58,-31.63,-57.14,-59.81,56.29,-9.47,-0.83
2024/01/01 16:14:31.59,243.59,-31.63,-57.14,-59.81,56.27,-9.46,-0.83
2024/01/01 16:14:31.60,243.60,-31.63,-57.13,-59.81,56.25,-9.46,-0.83
2024/01/01 16:14:31.61,243.61,-31.63,-57.14,-59.81,56.25,-9.46,-0.82
2024/01/01 16:14:31.62,243.62,-31.63,-57.14,-59.81,56.27,-9.48,-0.82
2024/01/01 16:14:31.63,243.63,-31.63,-57.14,-59.81,56.28,-9.48,-0.81
2024/01/01 16:14:31.64,243.64,-31.63,-57.14,-59.81,56.27,-9.50,-0.81
2024/01/01 16:14:31.65,243.65,-31.63,-57.14,-59.81,56.26,-9.53,-0.82
2024/01/01 16:14:31.66,243.66,-31.63,-57.13,-59.81,56.23,-9.58,-0.82
2024/01/01 16:14:31.67,243.67,-31.63,-57.13,-59.81,56.23,-9.61,-0.83
2024/01/01 16:14:31.68,243.68,-31.63,-57.13,-59.80,56.26,-9.61,-0.85
2024/01/01 16:14:31.69,243.69,-31.63,-57.13,-59.80,56.30,-9.57,-0.85
2024/01/01 16:14:31.70,243.70,-31.62,-57.13,-59.81,56.33,-9.52,-0.82
2024/01/01 16:14:31.71,243.71,-31.62,-57.13,-59.81,56.33,-9.49,-0.79
2024/01/01 16:14:31.72,243.72,-31.63,-57.14,-59.80,56.30,-9.49,-0.80
2024/01/01 16:14:31.73,243.73,-31.63,-57.14,-59.79,56.27,-9.50,-0.80
2024/01/01 16:14:31.74,243.74,-31.64,-57.14,-59.79,56.25,-9.51,-0.82
2024/01/01 16:14:31.75,243.75,-31.65,-57.14,-59.79,56.24,-9.52,-0.85
2024/01/01 16:14:31.76,243.76,-31.65,-57.15,-59.79,56.25,-9.52,-0.83
2024/01/01 16:14:31.77,243.77,-31.66,-57.15,-59.79,56.26,-9.53,-0.79
2024/01/01 16:14:31.78,243.78,-31.65,-57.14,-59.79,56.27,-9.54,-0.77
2024/01/01 16:14:31.79,243.79,-31.65,-57.14,-59.78,56.28,-9.55,-0.77
2024/01/01 16:14:31.80,243.80,-31.65,-57.13,-59.78,56.28,-9.55,-0.77
2024/01/01 16:14:31.81,243.81,-31.65,-57.13,-59.77,56.28,-9.55,-0.77
2024/01/01 16:14:31.82,243.82,-31.65,-57.12,-59.77,56.26,-9.54,-0.79
2024/01/01 16:14:31.83,243.83,-31.65,-57.12,-59.77,56.22,-9.53,-0.81
2024/01/01 16:14:31.84,243.84,-31.65,-57.11,-59.77,56.19,-9.52,-0.81
2024/01/01 16:14:31.85,243.85,-31.65,-57.11,-59.77,56.16,-9.52,-0.79
2024/01/01 16:14:31.86,243.86,-31.64,-57.11,-59.78,56.15,-9.52,-0.78
2024/01/01 16:14:31.87,243.87,-31.64,-57.12,-59.78,56.17,-9.52,-0.78
2024/01/01 16:14:31.88,243.88,-31.64,-57.13,-59.78,56.20,-9.50,-0.79
2024/01/01 16:14:31.89,243.89,-31.64,-57.13,-59.78,56.23,-9.46,-0.79
2024/01/01 16:14:31.90,243.90,-31.65,-57.13,-59.78,56.26,-9.43,-0.80
2024/01/01 16:14:31.91,243.91,-31.65,-57.13,-59.78,56.27,-9.42,-0.81
2024/01/01 16:14:31.92,243.92,-31.65,-57.12,-59.78,56.28,-9.42,-0.80
2024/01/01 16:14:31.93,243.93,-31.65,-57.12,-59.78,56.29,-9.46,-0.78
2024/01/01 16:14:31.94,243.94,-31.65,-57.12,-59.78,56.30,-9.52,-0.77
2024/01/01 16:14:31.95,243.95,-31.65,-57.12,-59.78,56.32,-9.57,-0.77
2024/01/01 16:14:31.96,243.96,-31.65,-57.12,-59.77,56.34,-9.58,-0.78
2024/01/01 16:14:31.97,243.97,-31.64,-57.12,-59.77,56.35,-9.57,-0.78
2024/01/01 16:14:31.98,243.98,-31.63,-57.12,-59.77,56.33,-9.55,-0.78
2024/01/01 16:14:31.99,243.99,-31.63,-57.12,-59.77,56.28,-9.53,-0.79
2024/01/01 16:14:32.00,244.00,-31.63,-57.12,-59.77,56.23,-9.51,-0.79
2024/01/01 16:14:32.01,244.01,-31.63,-57.13,-59.77,56.21,-9.50,-0.77
2024/01/01 16:14:32.02,244.02,-31.63,-57.13,-59.77,56.23,-9.49,-0.75
2024/01/01 16:14:32.03,244.03,-31.64,-57.15,-59.76,56.27,-9.48,-0.77
2024/01/01 16:14:32.04,244.04,-31.64,-57.16,-59.76,56.28,-9.48,-0.82
2024/01/01 16:14:32.05,244.05,-31.64,-57.17,-59.77,56.26,-9.48,-0.83
2024/01/01 16:14:32.06,244.06,-31.64,-57.17,-59.77,56.22,-9.51,-0.80
2024/01/01 16:14:32.07,244.07,-31.65,-57.17,-59.76,56.19,-9.55,-0.77
2024/01/01 16:14:32.08,244.08,-31.65,-57.16,-59.76,56.20,-9.57,-0.74
2024/01/01 16:14:32.09,244.09,-31.66,-57.16,-59.75,56.25,-9.58,-0.73
2024/01/01 16:14:32.10,244.10,-31.66,-57.16,-59.76,56.31,-9.57,-0.74
2024/01/01 16:14:32.11,244.11,-31.67,-57.16,-59.76,56.33,-9.55,-0.76
2024/01/01 16:14:32.12,244.12,-31.67,-57.16,-59.76,56.30,-9.55,-0.76
2024/01/01 16:14:32.13,244.13,-31.67,-57.16,-59.76,56.26,-9.57,-0.76
2024/01/01 16:14:32.14,244.14,-31.67,-57.16,-59.76,56.23,-9.60,-0.77
2024/01/01 16:14:32.15,244.15,-31.67,-57.16,-59.76,56.23,-9.62,-0.78
2024/01/01 16:14:32.16,244.16,-31.67,-57.16,-59.76,56.25,-9.62,-0.79
2024/01/01 16:14:32.17,244.17,-31.67,-57.16,-59.76,56.26,-9.60,-0.79
2024/01/01 16:14:32.18,244.18,-31.67,-57.16,-59.76,56.25,-9.58,-0.77
2024/01/01 16:14:32.19,244.19,-31.68,-57.16,-59.75,56.20,-9.55,-0.76
2024/01/01 16:14:32.20,244.20,-31.68,-57.15,-59.74,56.16,-9.53,-0.75
2024/01/01 16:14:32.21,244.21,-31.68,-57.15,-59.74,56.13,-9.52,-0.75
2024/01/01 16:14:32.22,244.22,-31.69,-57.16,-59.74,56.14,-9.51,-0.75
2024/01/01 16:14:32.23,244.23,-31.69,-57.16,-59.74,56.18,-9.50,-0.75
2024/01/01 16:14:32.24,244.24,-31.69,-57.16,-59.74,56.21,-9.50,-0.75
2024/01/01 16:14:32.25,244.25,-31.68,-57.16,-59.75,56.24,-9.52,-0.76
2024/01/01 16:14:32.26,244.26,-31.68,-57.15,-59.76,56.27,-9.55,-0.78
2024/01/01 16:14:32.27,244.27,-31.68,-57.15,-59.76,56.29,-9.56,-0.78
2024/01/01 16:14:32.28,244.28,-31.68,-57.14,-59.76,56.31,-9.56,-0.78
2024/01/01 16:14:32.29,244.29,-31.67,-57.14,-59.77,56.31,-9.56,-0.79
2024/01/01 16:14:32.30,244.30,-31.67,-57.14,-59.77,56.28,-9.53,-0.80
2024/01/01 16:14:32.31,244.31,-31.66,-57.14,-59.77,56.24,-9.49,-0.79
2024/01/01 16:14:32.32,244.32,-31.66,-57.15,-59.76,56.19,-9.48,-0.76
2024/01/01 16:14:32.33,244.33,-31.66,-57.15,-59.75,56.16,-9.49,-0.75
2024/01/01 16:14:32.34,244.34,-31.66,-57.16,-59.75,56.18,-9.49,-0.76
2024/01/01 16:14:32.35,244.35,-31.67,-57.17,-59.74,56.21,-9.51,-0.78
2024/01/01 16:14:32.36,244.36,-31.68,-57.18,-59.74,56.24,-9.52,-0.77
2024/01/01 16:14:32.37,244.37,-31.68,-57.19,-59.73,56.27,-9.53,-0.75
2024/01/01 16:14:32.38,244.38,-31.68,-57.20,-59.73,56.27,-9.54,-0.72
2024/01/01 16:14:32.39,244.39,-31.67,-57.20,-59.73,56.28,-9.57,-0.71
2024/01/01 16:14:32.40,244.40,-31.67,-57.19,-59.72,56.28,-9.61,-0.70
2024/01/01 16:14:32.41,244.41,-31.68,-57.19,-59.72,56.28,-9.65,-0.70
2024/01/01 16:14:32.42,244.42,-31.69,-57.18,-59.72,56.27,-9.67,-0.73
2024/01/01 16:14:32.43,244.43,-31.70,-57.18,-59.72,56.25,-9.66,-0.76
2024/01/01 16:14:32.44,244.44,-31.70,-57.19,-59.72,56.21,-9.64,-0.76
2024/01/01 16:14:32.45,244.45,-31.70,-57.19,-59.73,56.17,-9.63,-0.75
2024/01/01 16:14:32.46,244.46,-31.71,-57.19,-59.73,56.17,-9.63,-0.74
2024/01/01 16:14:32.47,244.47,-31.71,-57.20,-59.73,56.18,-9.64,-0.73
2024/01/01 16:14:32.48,244.48,-31.71,-57.20,-59.74,56.22,-9.64,-0.72
2024/01/01 16:14:32.49,244.49,-31.71,-57.20,-59.74,56.25,-9.62,-0.72
2024/01/01 16:14:32.50,244.50,-31.71,-57.21,-59.74,56.26,-9.59,-0.74
2024/01/01 16:14:32.51,244.51,-31.71,-57.22,-59.74,56.23,-9.55,-0.77
2024/01/01 16:14:32.52,244.52,-31.71,-57.22,-59.74,56.17,-9.53,-0.79
2024/01/01 16:14:32.53,244.53,-31.71,-57.22,-59.74,56.12,-9.53,-0.79
2024/01/01 16:14:32.54,244.54,-31.71,-57.22,-59.74,56.10,-9.56,-0.76
2024/01/01 16:14:32.55,244.55,-31.70,-57.21,-59.75,56.12,-9.60,-0.73
2024/01/01 16:14:32.56,244.56,-31.70,-57.21,-59.75,56.17,-9.62,-0.72
2024/01/01 16:14:32.57,244.57,-31.69,-57.20,-59.74,56.22,-9.62,-0.72
2024/01/01 16:14:32.58,244.58,-31.70,-57.20,-59.74,56.26,-9.61,-0.74
2024/01/01 16:14:32.59,244.59,-31.70,-57.19,-59.73,56.27,-9.60,-0.78
2024/01/01 16:14:32.60,244.60,-31.70,-57.19,-59.73,56.26,-9.60,-0.80
2024/01/01 16:14:32.61,244.61,-31.70,-57.19,-59.73,56.25,-9.61,-0.78
2024/01/01 16:14:32.62,244.62,-31.70,-57.20,-59.73,56.23,-9.62,-0.74
2024/01/01 16:14:32.63,244.63,-31.69,-57.20,-59.73,56.23,-9.60,-0.70
2024/01/01 16:14:32.64,244.64,-31.69,-57.21,-59.72,56.24,-9.57,-0.69
2024/01/01 16:14:32.65,244.65,-31.69,-57.22,-59.72,56.26,-9.54,-0.70
2024/01/01 16:14:32.66,244.66,-31.69,-57.22,-59.72,56.27,-9.53,-0.71
2024/01/01 16:14:32.67,244.67,-31.70,-57.23,-59.72,56.26,-9.56,-0.73
2024/01/01 16:14:32.68,244.68,-31.70,-57.22,-59.72,56.24,-9.60,-0.74
2024/01/01 16:14:32.69,244.69,-31.71,-57.22,-59.72,56.22,-9.64,-0.74
2024/01/01 16:14:32.70,244.70,-31.71,-57.22,-59.71,56.22,-9.66,-0.74
2024/01/01 16:14:32.71,244.71,-31.71,-57.22,-59.71,56.22,-9.67,-0.72
2024/01/01 16:14:32.72,244.72,-31.70,-57.22,-59.71,56.23,-9.65,-0.70
2024/01/01 16:14:32.73,244.73,-31.70,-57.22,-59.71,56.24,-9.62,-0.71
2024/01/01 16:14:32.74,244.74,-31.70,-57.22,-59.72,56.23,-9.60,-0.73
2024/01/01 16:14:32.75,244.75,-31.71,-57.23,-59.72,56.21,-9.61,-0.72
2024/01/01 16:14:32.76,244.76,-31.72,-57.23,-59.72,56.17,-9.65,-0.70
2024/01/01 16:14:32.77,244.77,-31.72,-57.24,-59.73,56.14,-9.68,-0.71
2024/01/01 16:14:32.78,244.78,-31.73,-57.24,-59.73,56.12,-9.68,-0.73
2024/01/01 16:14:32.79,244.79,-31.74,-57.24,-59.74,56.13,-9.66,-0.75
2024/01/01 16:14:32.80,244.80,-31.73,-57.24,-59.74,56.16,-9.62,-0.76
2024/01/01 16:14:32.81,244.81,-31.73,-57.24,-59.74,56.20,-9.59,-0.75
2024/01/01 16:14:32.82,244.82,-31.73,-57.24,-59.74,56.23,-9.58,-0.76
2024/01/01 16:14:32.83,244.83,-31.73,-57.23,-59.74,56.25,-9.60,-0.76
2024/01/01 16:14:32.84,244.84,-31.72,-57.23,-59.73,56.26,-9.63,-0.77
2024/01/01 16:14:32.85,244.85,-31.72,-57.23,-59.73,56.25,-9.67,-0.75
2024/01/01 16:14:32.86,244.86,-31.73,-57.23,-59.72,56.21,-9.69,-0.73
2024/01/01 16:14:32.87,244.87,-31.72,-57.23,-59.71,56.17,-9.69,-0.72
2024/01/01 16:14:32.88,244.88,-31.72,-57.24,-59.71,56.14,-9.68,-0.73
2024/01/01 16:14:32.89,244.89,-31.71,-57.24,-59.71,56.14,-9.67,-0.72
2024/01/01 16:14:32.90,244.90,-31.70,-57.25,-59.70,56.17,-9.65,-0.69
2024/01/01 16:14:32.91,244.91,-31.69,-57.25,-59.70,56.20,-9.62,-0.68
2024/01/01 16:14:32.92,244.92,-31.69,-57.26,-59.69,56.22,-9.58,-0.70
2024/01/01 16:14:32.93,244.93,-31.69,-57.26,-59.69,56.23,-9.53,-0.72
2024/01/01 16:14:32.94,244.94,-31.70,-57.26,-59.69,56.22,-9.52,-0.72
2024/01/01 16:14:32.95,244.95,-31.70,-57.26,-59.70,56.19,-9.54,-0.71
2024/01/01 16:14:32.96,244.96,-31.71,-57.26,-59.70,56.18,-9.59,-0.71
2024/01/01 16:14:32.97,244.97,-31.71,-57.25,-59.70,56.20,-9.66,-0.70
2024/01/01 16:14:32.98,244.98,-31.71,-57.24,-59.70,56.25,-9.73,-0.70
2024/01/01 16:14:32.99,244.99,-31.70,-57.24,-59.70,56.31,-9.76,-0.70
2024/01/01 16:14:33.00,245.00,-31.69,-57.23,-59.71,56.36,-9.75,-0.71
2024/01/01 16:14:33.01,245.01,-31.67,-57.23,-59.71,56.39,-9.71,-0.70
2024/01/01 16:14:33.02,245.02,-31.67,-57.23,-59.71,56.36,-9.67,-0.69
2024/01/01 16:14:33.03,245.03,-31.67,-57.23,-59.70,56.30,-9.65,-0.70
2024/01/01 16:14:33.04,245.04,-31.68,-57.24,-59.70,56.24,-9.64,-0.74
2024/01/01 16:14:33.05,245.05,-31.68,-57.25,-59.71,56.20,-9.62,-0.76
2024/01/01 16:14:33.06,245.06,-31.68,-57.25,-59.71,56.18,-9.61,-0.71
2024/01/01 16:14:33.07,245.07,-31.67,-57.26,-59.71,56.18,-9.59,-0.67
2024/01/01 16:14:33.08,245.08,-31.67,-57.26,-59.71,56.17,-9.56,-0.67
2024/01/01 16:14:33.09,245.09,-31.67,-57.26,-59.71,56.18,-9.53,-0.71
2024/01/01 16:14:33.10,245.10,-31.68,-57.26,-59.71,56.20,-9.52,-0.73
2024/01/01 16:14:33.11,245.11,-31.68,-57.25,-59.71,56.24,-9.55,-0.74
2024/01/01 16:14:33.12,245.12,-31.68,-57.25,-59.71,56.26,-9.61,-0.75
2024/01/01 16:14:33.13,245.13,-31.68,-57.24,-59.71,56.27,-9.69,-0.75
2024/01/01 16:14:33.14,245.14,-31.67,-57.24,-59.71,56.25,-9.75,-0.72
2024/01/01 16:14:33.15,245.15,-31.66,-57.25,-59.71,56.25,-9.79,-0.69
2024/01/01 16:14:33.16,245.16,-31.65,-57.25,-59.71,56.28,-9.78,-0.69
2024/01/01 16:14:33.17,245.17,-31.65,-57.26,-59.71,56.33,-9.73,-0.69
2024/01/01 16:14:33.18,245.18,-31.64,-57.27,-59.70,56.36,-9.66,-0.69
2024/01/01 16:14:33.19,245.19,-31.64,-57.28,-59.71,56.35,-9.59,-0.72
2024/01/01 16:14:33.20,245.20,-31.63,-57.28,-59.71,56.31,-9.53,-0.76
2024/01/01 16:14:33.21,245.21,-31.63,-57.28,-59.71,56.25,-9.50,-0.77
2024/01/01 16:14:33.22,245.22,-31.63,-57.28,-59.71,56.21,-9.52,-0.74
2024/01/01 16:14:33.23,245.23,-31.63,-57.28,-59.71,56.22,-9.57,-0.73
2024/01/01 16:14:33.24,245.24,-31.64,-57.28,-59.70,56.27,-9.63,-0.74
2024/01/01 16:14:33.25,245.25,-31.64,-57.29,-59.70,56.31,-9.69,-0.73
2024/01/01 16:14:33.26,245.26,-31.64,-57.29,-59.70,56.33,-9.76,-0.71
2024/01/01 16:14:33.27,245.27,-31.64,-57.29,-59.70,56.34,-9.81,-0.69
2024/01/01 16:14:33.28,245.28,-31.63,-57.30,-59.71,56.34,-9.85,-0.68
2024/01/01 16:14:33.29,245.29,-31.63,-57.30,-59.72,56.34,-9.86,-0.68
2024/01/01 16:14:33.30,245.30,-31.63,-57.30,-59.73,56.35,-9.83,-0.70
2024/01/01 16:14:33.31,245.31,-31.63,-57.31,-59.73,56.36,-9.77,-0.72
2024/01/01 16:14:33.32,245.32,-31.63,-57.31,-59.74,56.38,-9.68,-0.75
2024/01/01 16:14:33.33,245.33,-31.63,-57.31,-59.75,56.38,-9.60,-0.78
2024/01/01 16:14:33.34,245.34,-31.62,-57.31,-59.75,56.36,-9.54,-0.80
2024/01/01 16:14:33.35,245.35,-31.62,-57.30,-59.75,56.33,-9.54,-0.81
2024/01/01 16:14:33.36,245.36,-31.62,-57.30,-59.76,56.29,-9.59,-0.81
2024/01/01 16:14:33.37,245.37,-31.61,-57.30,-59.76,56.25,-9.66,-0.80
2024/01/01 16:14:33.38,245.38,-31.61,-57.30,-59.76,56.22,-9.72,-0.78
2024/01/01 16:14:33.39,245.39,-31.61,-57.30,-59.75,56.23,-9.76,-0.74
2024/01/01 16:14:33.40,245.40,-31.62,-57.29,-59.75,56.25,-9.77,-0.73
2024/01/01 16:14:33.41,245.41,-31.62,-57.28,-59.74,56.27,-9.76,-0.76
2024/01/01 16:14:33.42,245.42,-31.62,-57.28,-59.73,56.28,-9.74,-0.79
2024/01/01 16:14:33.43,245.43,-31.61,-57.28,-59.73,56.28,-9.73,-0.77
2024/01/01 16:14:33.44,245.44,-31.61,-57.30,-59.73,56.28,-9.70,-0.74
2024/01/01 16:14:33.45,245.45,-31.60,-57.31,-59.73,56.28,-9.66,-0.73
2024/01/01 16:14:33.46,245.46,-31.61,-57.32,-59.72,56.29,-9.61,-0.73
2024/01/01 16:14:33.47,245.47,-31.61,-57.32,-59.72,56.31,-9.59,-0.74
2024/01/01 16:14:33.48,245.48,-31.62,-57.32,-59.72,56.34,-9.58,-0.74
2024/01/01 16:14:33.49,245.49,-31.62,-57.32,-59.72,56.37,-9.59,-0.73
2024/01/01 16:14:33.50,245.50,-31.62,-57.31,-59.73,56.40,-9.61,-0.72
2024/01/01 16:14:33.51,245.51,-31.61,-57.31,-59.73,56.42,-9.65,-0.71
2024/01/01 16:14:33.52,245.52,-31.60,-57.31,-59.73,56.43,-9.69,-0.71
2024/01/01 16:14:33.53,245.53,-31.60,-57.31,-59.73,56.42,-9.74,-0.73
2024/01/01 16:14:33.54,245.54,-31.59,-57.32,-59.74,56.40,-9.78,-0.76
2024/01/01 16:14:33.55,245.55,-31.59,-57.32,-59.75,56.35,-9.83,-0.77
2024/01/01 16:14:33.56,245.56,-31.60,-57.32,-59.75,56.31,-9.87,-0.77
2024/01/01 16:14:33.57,245.57,-31.60,-57.33,-59.76,56.28,-9.85,-0.78
2024/01/01 16:14:33.58,245.58,-31.60,-57.32,-59.75,56.26,-9.78,-0.80
2024/01/01 16:14:33.59,245.59,-31.59,-57.32,-59.75,56.29,-9.69,-0.80
2024/01/01 16:14:33.60,245.60,-31.58,-57.31,-59.75,56.32,-9.60,-0.79
2024/01/01 16:14:33.61,245.61,-31.57,-57.31,-59.75,56.33,-9.57,-0.77
2024/01/01 16:14:33.62,245.62,-31.57,-57.31,-59.75,56.31,-9.58,-0.76
2024/01/01 16:14:33.63,245.63,-31.57,-57.31,-59.75,56.28,-9.61,-0.78
2024/01/01 16:14:33.64,245.64,-31.59,-57.31,-59.75,56.26,-9.66,-0.81
2024/01/01 16:14:33.65,245.65,-31.60,-57.32,-59.75,56.27,-9.71,-0.81
2024/01/01 16:14:33.66,245.66,-31.61,-57.32,-59.75,56.30,-9.76,-0.78
2024/01/01 16:14:33.67,245.67,-31.62,-57.32,-59.75,56.35,-9.78,-0.74
2024/01/01 16:14:33.68,245.68,-31.62,-57.32,-59.75,56.41,-9.76,-0.72
2024/01/01 16:14:33.69,245.69,-31.62,-57.31,-59.74,56.48,-9.71,-0.71
2024/01/01 16:14:33.70,245.70,-31.61,-57.31,-59.74,56.52,-9.67,-0.72
2024/01/01 16:14:33.71,245.71,-31.60,-57.30,-59.74,56.52,-9.65,-0.72
2024/01/01 16:14:33.72,245.72,-31.59,-57.29,-59.74,56.44,-9.66,-0.73
2024/01/01 16:14:33.73,245.73,-31.58,-57.29,-59.74,56.30,-9.70,-0.75
2024/01/01 16:14:33.74,245.74,-31.58,-57.29,-59.74,56.17,-9.74,-0.78
2024/01/01 16:14:33.75,245.75,-31.59,-57.29,-59.74,56.11,-9.75,-0.81
2024/01/01 16:14:33.76,245.76,-31.59,-57.29,-59.75,56.14,-9.72,-0.80
2024/01/01 16:14:33.77,245.77,-31.59,-57.28,-59.75,56.21,-9.67,-0.77
2024/01/01 16:14:33.78,245.78,-31.59,-57.29,-59.75,56.28,-9.62,-0.76
2024/01/01 16:14:33.79,245.79,-31.59,-57.29,-59.75,56.31,-9.59,-0.77
2024/01/01 16:14:33.80,245.80,-31.60,-57.29,-59.75,56.31,-9.58,-0.78
2024/01/01 16:14:33.81,245.81,-31.60,-57.29,-59.75,56.30,-9.59,-0.77
2024/01/01 16:14:33.82,245.82,-31.60,-57.30,-59.75,56.31,-9.62,-0.76
2024/01/01 16:14:33.83,245.83,-31.61,-57.30,-59.75,56.34,-9.65,-0.78
2024/01/01 16:14:33.84,245.84,-31.61,-57.31,-59.75,56.38,-9.67,-0.79
2024/01/01 16:14:33.85,245.85,-31.61,-57.31,-59.75,56.41,-9.69,-0.78
2024/01/01 16:14:33.86,245.86,-31.60,-57.31,-59.75,56.43,-9.69,-0.75
2024/01/01 16:14:33.87,245.87,-31.60,-57.31,-59.75,56.45,-9.69,-0.74
2024/01/01 16:14:33.88,245.88,-31.59,-57.31,-59.75,56.46,-9.68,-0.74
2024/01/01 16:14:33.89,245.89,-31.59,-57.31,-59.75,56.46,-9.68,-0.75
2024/01/01 16:14:33.90,245.90,-31.58,-57.31,-59.75,56.44,-9.70,-0.76
2024/01/01 16:14:33.91,245.91,-31.58,-57.32,-59.75,56.38,-9.72,-0.77
2024/01/01 16:14:33.92,245.92,-31.58,-57.32,-59.76,56.30,-9.74,-0.76
2024/01/01 16:14:33.93,245.93,-31.58,-57.32,-59.76,56.24,-9.75,-0.77
2024/01/01 16:14:33.94,245.94,-31.58,-57.32,-59.77,56.22,-9.74,-0.81
2024/01/01 16:14:33.95,245.95,-31.58,-57.31,-59.78,56.24,-9.71,-0.84
2024/01/01 16:14:33.96,245.96,-31.58,-57.31,-59.79,56.28,-9.69,-0.84
2024/01/01 16:14:33.97,245.97,-31.58,-57.31,-59.80,56.30,-9.71,-0.83
2024/01/01 16:14:33.98,245.98,-31.58,-57.32,-59.81,56.31,-9.73,-0.83
2024/01/01 16:14:33.99,245.99,-31.59,-57.32,-59.81,56.32,-9.74,-0.84
2024/01/01 16:14:34.00,246.00,-31.59,-57.32,-59.82,56.34,-9.74,-0.85
2024/01/01 16:14:34.01,246.01,-31.59,-57.33,-59.82,56.35,-9.74,-0.84
2024/01/01 16:14:34.02,246.02,-31.59,-57.33,-59.81,56.37,-9.72,-0.83
2024/01/01 16:14:34.03,246.03,-31.59,-57.33,-59.81,56.39,-9.69,-0.83
2024/01/01 16:14:34.04,246.04,-31.58,-57.33,-59.81,56.39,-9.65,-0.82
2024/01/01 16:14:34.05,246.05,-31.57,-57.33,-59.82,56.39,-9.61,-0.81
2024/01/01 16:14:34.06,246.06,-31.57,-57.32,-59.82,56.39,-9.59,-0.80
2024/01/01 16:14:34.07,246.07,-31.56,-57.32,-59.81,56.39,-9.60,-0.80
2024/01/01 16:14:34.08,246.08,-31.56,-57.31,-59.81,56.38,-9.63,-0.83
2024/01/01 16:14:34.09,246.09,-31.56,-57.31,-59.80,56.37,-9.67,-0.86
2024/01/01 16:14:34.10,246.10,-31.56,-57.30,-59.80,56.36,-9.72,-0.85
2024/01/01 16:14:34.11,246.11,-31.55,-57.30,-59.80,56.34,-9.76,-0.82
2024/01/01 16:14:34.12,246.12,-31.55,-57.30,-59.80,56.31,-9.79,-0.81
2024/01/01 16:14:34.13,246.13,-31.56,-57.30,-59.80,56.29,-9.78,-0.80
2024/01/01 16:14:34.14,246.14,-31.56,-57.30,-59.79,56.29,-9.75,-0.79
2024/01/01 16:14:34.15,246.15,-31.55,-57.30,-59.79,56.31,-9.72,-0.79
2024/01/01 16:14:34.16,246.16,-31.55,-57.31,-59.78,56.35,-9.68,-0.80
2024/01/01 16:14:34.17,246.17,-31.55,-57.31,-59.78,56.41,-9.64,-0.82
2024/01/01 16:14:34.18,246.18,-31.54,-57.31,-59.78,56.45,-9.60,-0.84
2024/01/01 16:14:34.19,246.19,-31.54,-57.31,-59.79,56.46,-9.60,-0.83
2024/01/01 16:14:34.20,246.20,-31.54,-57.31,-59.79,56.44,-9.62,-0.80
2024/01/01 16:14:34.21,246.21,-31.54,-57.31,-59.79,56.40,-9.66,-0.80
2024/01/01 16:14:34.22,246.22,-31.54,-57.31,-59.79,56.39,-9.70,-0.83
2024/01/01 16:14:34.23,246.23,-31.54,-57.31,-59.79,56.40,-9.73,-0.85
2024/01/01 16:14:34.24,246.24,-31.53,-57.31,-59.80,56.43,-9.73,-0.84
2024/01/01 16:14:34.25,246.25,-31.52,-57.31,-59.81,56.44,-9.71,-0.82
2024/01/01 16:14:34.26,246.26,-31.52,-57.31,-59.81,56.44,-9.68,-0.79
2024/01/01 16:14:34.27,246.27,-31.52,-57.32,-59.80,56.42,-9.66,-0.79
2024/01/01 16:14:34.28,246.28,-31.52,-57.31,-59.81,56.40,-9.66,-0.82
2024/01/01 16:14:34.29,246.29,-31.51,-57.31,-59.81,56.40,-9.67,-0.85
2024/01/01 16:14:34.30,246.30,-31.51,-57.32,-59.82,56.39,-9.68,-0.86
2024/01/01 16:14:34.31,246.31,-31.51,-57.32,-59.82,56.38,-9.69,-0.84
2024/01/01 16:14:34.32,246.32,-31.51,-57.31,-59.82,56.38,-9.68,-0.84
2024/01/01 16:14:34.33,246.33,-31.52,-57.31,-59.83,56.40,-9.66,-0.87
2024/01/01 16:14:34.34,246.34,-31.52,-57.31,-59.83,56.43,-9.64,-0.88
2024/01/01 16:14:34.35,246.35,-31.53,-57.31,-59.84,56.45,-9.65,-0.86
2024/01/01 16:14:34.36,246.36,-31.53,-57.31,-59.84,56.45,-9.69,-0.85
2024/01/01 16:14:34.37,246.37,-31.54,-57.31,-59.84,56.42,-9.74,-0.86
2024/01/01 16:14:34.38,246.38,-31.54,-57.31,-59.85,56.39,-9.77,-0.86
2024/01/01 16:14:34.39,246.39,-31.55,-57.31,-59.85,56.37,-9.77,-0.85
2024/01/01 16:14:34.40,246.40,-31.55,-57.31,-59.85,56.39,-9.75,-0.85
2024/01/01 16:14:34.41,246.41,-31.55,-57.32,-59.85,56.42,-9.71,-0.87
2024/01/01 16:14:34.42,246.42,-31.54,-57.32,-59.86,56.44,-9.65,-0.90
2024/01/01 16:14:34.43,246.43,-31.54,-57.32,-59.86,56.42,-9.61,-0.90
2024/01/01 16:14:34.44,246.44,-31.54,-57.32,-59.85,56.37,-9.60,-0.89
2024/01/01 16:14:34.45,246.45,-31.55,-57.32,-59.85,56.32,-9.62,-0.88
2024/01/01 16:14:34.46,246.46,-31.55,-57.31,-59.85,56.29,-9.64,-0.88
2024/01/01 16:14:34.47,246.47,-31.55,-57.31,-59.85,56.29,-9.67,-0.88
2024/01/01 16:14:34.48,246.48,-31.54,-57.31,-59.85,56.30,-9.71,-0.86
2024/01/01 16:14:34.49,246.49,-31.54,-57.31,-59.85,56.31,-9.74,-0.86
2024/01/01 16:14:34.50,246.50,-31.54,-57.31,-59.86,56.32,-9.75,-0.86
2024/01/01 16:14:34.51,246.51,-31.54,-57.31,-59.86,56.34,-9.74,-0.86
2024/01/01 16:14:34.52,246.52,-31.54,-57.31,-59.86,56.38,-9.73,-0.87
2024/01/01 16:14:34.53,246.53,-31.55,-57.31,-59.87,56.43,-9.71,-0.90
2024/01/01 16:14:34.54,246.54,-31.55,-57.31,-59.87,56.45,-9.69,-0.91
2024/01/01 16:14:34.55,246.55,-31.56,-57.31,-59.87,56.44,-9.67,-0.91
2024/01/01 16:14:34.56,246.56,-31.56,-57.32,-59.87,56.42,-9.65,-0.89
2024/01/01 16:14:34.57,246.57,-31.56,-57.32,-59.87,56.39,-9.64,-0.88
2024/01/01 16:14:34.58,246.58,-31.56,-57.32,-59.87,56.37,-9.64,-0.87
2024/01/01 16:14:34.59,246.59,-31.55,-57.31,-59.86,56.37,-9.65,-0.87
2024/01/01 16:14:34.60,246.60,-31.55,-57.30,-59.86,56.37,-9.66,-0.89
2024/01/01 16:14:34.61,246.61,-31.54,-57.29,-59.87,56.37,-9.67,-0.90
2024/01/01 16:14:34.62,246.62,-31.54,-57.29,-59.87,56.35,-9.69,-0.91
2024/01/01 16:14:34.63,246.63,-31.54,-57.29,-59.88,56.33,-9.71,-0.91
2024/01/01 16:14:34.64,246.64,-31.54,-57.29,-59.88,56.34,-9.73,-0.90
2024/01/01 16:14:34.65,246.65,-31.53,-57.29,-59.89,56.36,-9.76,-0.91
2024/01/01 16:14:34.66,246.66,-31.53,-57.29,-59.89,56.39,-9.77,-0.92
2024/01/01 16:14:34.67,246.67,-31.53,-57.28,-59.89,56.41,-9.73,-0.92
2024/01/01 16:14:34.68,246.68,-31.54,-57.28,-59.90,56.42,-9.67,-0.92
2024/01/01 16:14:34.69,246.69,-31.53,-57.27,-59.90,56.43,-9.61,-0.93
2024/01/01 16:14:34.70,246.70,-31.52,-57.27,-59.90,56.44,-9.55,-0.93
2024/01/01 16:14:34.71,246.71,-31.52,-57.27,-59.91,56.43,-9.53,-0.93
2024/01/01 16:14:34.72,246.72,-31.51,-57.26,-59.91,56.43,-9.56,-0.92
2024/01/01 16:14:34.73,246.73,-31.51,-57.26,-59.91,56.41,-9.61,-0.93
2024/01/01 16:14:34.74,246.74,-31.51,-57.26,-59.91,56.40,-9.65,-0.94
2024/01/01 16:14:34.75,246.75,-31.51,-57.27,-59.91,56.39,-9.67,-0.96
2024/01/01 16:14:34.76,246.76,-31.51,-57.27,-59.92,56.38,-9.67,-0.96
2024/01/01 16:14:34.77,246.77,-31.52,-57.26,-59.92,56.38,-9.65,-0.94
2024/01/01 16:14:34.78,246.78,-31.52,-57.25,-59.93,56.38,-9.63,-0.93
2024/01/01 16:14:34.79,246.79,-31.52,-57.24,-59.93,56.38,-9.61,-0.94
2024/01/01 16:14:34.80,246.80,-31.53,-57.23,-59.93,56.39,-9.60,-0.94
2024/01/01 16:14:34.81,246.81,-31.54,-57.23,-59.93,56.40,-9.59,-0.95
2024/01/01 16:14:34.82,246.82,-31.55,-57.23,-59.93,56.40,-9.60,-0.97
2024/01/01 16:14:34.83,246.83,-31.55,-57.23,-59.93,56.39,-9.61,-0.98
2024/01/01 16:14:34.84,246.84,-31.55,-57.23,-59.93,56.38,-9.62,-0.96
2024/01/01 16:14:34.85,246.85,-31.54,-57.24,-59.94,56.37,-9.64,-0.93
2024/01/01 16:14:34.86,246.86,-31.53,-57.23,-59.94,56.35,-9.64,-0.91
2024/01/01 16:14:34.87,246.87,-31.53,-57.23,-59.94,56.34,-9.61,-0.92
2024/01/01 16:14:34.88,246.88,-31.54,-57.22,-59.94,56.34,-9.57,-0.96
2024/01/01 16:14:34.89,246.89,-31.55,-57.22,-59.94,56.34,-9.54,-1.01
2024/01/01 16:14:34.90,246.90,-31.55,-57.21,-59.95,56.34,-9.54,-1.03
2024/01/01 16:14:34.91,246.91,-31.55,-57.21,-59.95,56.33,-9.56,-1.03
2024/01/01 16:14:34.92,246.92,-31.55,-57.21,-59.96,56.33,-9.58,-0.99
2024/01/01 16:14:34.93,246.93,-31.54,-57.20,-59.96,56.33,-9.60,-0.95
2024/01/01 16:14:34.94,246.94,-31.54,-57.20,-59.96,56.37,-9.61,-0.92
2024/01/01 16:14:34.95,246.95,-31.55,-57.19,-59.96,56.41,-9.61,-0.93
2024/01/01 16:14:34.96,246.96,-31.55,-57.18,-59.96,56.43,-9.60,-0.96
2024/01/01 16:14:34.97,246.97,-31.56,-57.18,-59.96,56.40,-9.58,-0.98
2024/01/01 16:14:34.98,246.98,-31.56,-57.18,-59.97,56.33,-9.56,-0.99
2024/01/01 16:14:34.99,246.99,-31.57,-57.18,-59.98,56.26,-9.54,-1.01
2024/01/01 16:14:35.00,247.00,-31.57,-57.18,-59.98,56.23,-9.52,-1.02
2024/01/01 16:14:35.01,247.01,-31.57,-57.18,-59.98,56.27,-9.52,-1.02
2024/01/01 16:14:35.02,247.02,-31.57,-57.18,-59.98,56.34,-9.52,-1.01
2024/01/01 16:14:35.03,247.03,-31.56,-57.18,-59.97,56.40,-9.54,-1.00
2024/01/01 16:14:35.04,247.04,-31.56,-57.18,-59.97,56.41,-9.55,-0.98
2024/01/01 16:14:35.05,247.05,-31.55,-57.19,-59.96,56.38,-9.56,-0.96
2024/01/01 16:14:35.06,247.06,-31.55,-57.19,-59.96,56.33,-9.57,-0.95
2024/01/01 16:14:35.07,247.07,-31.54,-57.19,-59.96,56.30,-9.56,-0.97
2024/01/01 16:14:35.08,247.08,-31.54,-57.18,-59.96,56.30,-9.55,-0.99
2024/01/01 16:14:35.09,247.09,-31.54,-57.18,-59.96,56.32,-9.54,-0.99
2024/01/01 16:14:35.10,247.10,-31.55,-57.17,-59.96,56.35,-9.52,-0.99
2024/01/01 16:14:35.11,247.11,-31.55,-57.16,-59.96,56.36,-9.51,-1.01
2024/01/01 16:14:35.12,247.12,-31.55,-57.16,-59.97,56.37,-9.50,-1.00
2024/01/01 16:14:35.13,247.13,-31.55,-57.16,-59.97,56.38,-9.52,-0.98
2024/01/01 16:14:35.14,247.14,-31.54,-57.16,-59.97,56.39,-9.55,-0.96
2024/01/01 16:14:35.15,247.15,-31.53,-57.16,-59.98,56.39,-9.60,-0.97
2024/01/01 16:14:35.16,247.16,-31.54,-57.17,-59.98,56.39,-9.63,-0.99
2024/01/01 16:14:35.17,247.17,-31.54,-57.17,-59.98,56.38,-9.62,-1.00
2024/01/01 16:14:35.18,247.18,-31.55,-57.18,-59.99,56.37,-9.57,-1.00
2024/01/01 16:14:35.19,247.19,-31.55,-57.19,-59.99,56.35,-9.52,-1.01
2024/01/01 16:14:35.20,247.20,-31.54,-57.19,-60.00,56.32,-9.48,-1.02
2024/01/01 16:14:35.21,247.21,-31.54,-57.19,-60.01,56.30,-9.47,-1.03
2024/01/01 16:14:35.22,247.22,-31.54,-57.19,-60.01,56.31,-9.48,-1.01
2024/01/01 16:14:35.23,247.23,-31.54,-57.19,-60.01,56.35,-9.51,-0.99
2024/01/01 16:14:35.24,247.24,-31.54,-57.18,-60.01,56.39,-9.53,-1.01
2024/01/01 16:14:35.25,247.25,-31.54,-57.18,-60.01,56.42,-9.56,-1.05
2024/01/01 16:14:35.26,247.26,-31.55,-57.17,-60.01,56.42,-9.59,-1.07
2024/01/01 16:14:35.27,247.27,-31.55,-57.17,-60.01,56.37,-9.61,-1.05
2024/01/01 16:14:35.28,247.28,-31.56,-57.17,-60.01,56.33,-9.61,-1.04
2024/01/01 16:14:35.29,247.29,-31.56,-57.17,-60.01,56.30,-9.59,-1.03
2024/01/01 16:14:35.30,247.30,-31.56,-57.17,-60.01,56.29,-9.56,-1.01
2024/01/01 16:14:35.31,247.31,-31.56,-57.16,-60.01,56.29,-9.53,-1.00
2024/01/01 16:14:35.32,247.32,-31.56,-57.16,-60.00,56.28,-9.53,-1.00
2024/01/01 16:14:35.33,247.33,-31.56,-57.16,-60.00,56.28,-9.53,-1.02
2024/01/01 16:14:35.34,247.34,-31.56,-57.16,-60.00,56.29,-9.55,-1.03
2024/01/01 16:14:35.35,247.35,-31.57,-57.16,-60.01,56.31,-9.56,-1.04
2024/01/01 16:14:35.36,247.36,-31.57,-57.17,-60.01,56.35,-9.56,-1.04
2024/01/01 16:14:35.37,247.37,-31.57,-57.17,-60.01,56.38,-9.55,-1.03
2024/01/01 16:14:35.38,247.38,-31.57,-57.17,-60.02,56.39,-9.53,-1.03
2024/01/01 16:14:35.39,247.39,-31.57,-57.17,-60.02,56.37,-9.53,-1.02
2024/01/01 16:14:35.40,247.40,-31.56,-57.17,-60.02,56.35,-9.52,-1.01
2024/01/01 16:14:35.41,247.41,-31.56,-57.17,-60.03,56.34,-9.51,-1.01
2024/01/01 16:14:35.42,247.42,-31.55,-57.16,-60.02,56.33,-9.49,-1.05
2024/01/01 16:14:35.43,247.43,-31.55,-57.17,-60.03,56.33,-9.48,-1.07
2024/01/01 16:14:35.44,247.44,-31.55,-57.17,-60.03,56.32,-9.50,-1.09
2024/01/01 16:14:35.45,247.45,-31.56,-57.17,-60.03,56.30,-9.55,-1.10
2024/01/01 16:14:35.46,247.46,-31.56,-57.17,-60.03,56.28,-9.61,-1.08
2024/01/01 16:14:35.47,247.47,-31.55,-57.17,-60.03,56.27,-9.64,-1.04
2024/01/01 16:14:35.48,247.48,-31.55,-57.17,-60.03,56.30,-9.62,-1.02
2024/01/01 16:14:35.49,247.49,-31.56,-57.18,-60.03,56.34,-9.58,-1.01
2024/01/01 16:14:35.50,247.50,-31.56,-57.18,-60.03,56.38,-9.53,-1.01
2024/01/01 16:14:35.51,247.51,-31.57,-57.18,-60.03,56.40,-9.51,-1.03
2024/01/01 16:14:35.52,247.52,-31.57,-57.19,-60.04,56.40,-9.51,-1.05
2024/01/01 16:14:35.53,247.53,-31.58,-57.20,-60.04,56.38,-9.52,-1.04
2024/01/01 16:14:35.54,247.54,-31.57,-57.20,-60.04,56.34,-9.55,-1.03
2024/01/01 16:14:35.55,247.55,-31.57,-57.21,-60.04,56.31,-9.56,-1.04
2024/01/01 16:14:35.56,247.56,-31.57,-57.20,-60.04,56.29,-9.57,-1.07
2024/01/01 16:14:35.57,247.57,-31.57,-57.19,-60.04,56.30,-9.57,-1.07
2024/01/01 16:14:35.58,247.58,-31.58,-57.19,-60.04,56.31,-9.58,-1.07
2024/01/01 16:14:35.59,247.59,-31.59,-57.18,-60.05,56.31,-9.59,-1.09
2024/01/01 16:14:35.60,247.60,-31.60,-57.18,-60.05,56.31,-9.60,-1.10
2024/01/01 16:14:35.61,247.61,-31.59,-57.18,-60.06,56.29,-9.60,-1.09
2024/01/01 16:14:35.62,247.62,-31.59,-57.18,-60.06,56.27,-9.61,-1.07
2024/01/01 16:14:35.63,247.63,-31.59,-57.19,-60.06,56.26,-9.62,-1.06
2024/01/01 16:14:35.64,247.64,-31.59,-57.19,-60.07,56.26,-9.60,-1.06
2024/01/01 16:14:35.65,247.65,-31.59,-57.20,-60.07,56.27,-9.57,-1.08
2024/01/01 16:14:35.66,247.66,-31.59,-57.20,-60.07,56.29,-9.55,-1.10
2024/01/01 16:14:35.67,247.67,-31.59,-57.19,-60.07,56.29,-9.53,-1.11
2024/01/01 16:14:35.68,247.68,-31.60,-57.18,-60.07,56.28,-9.54,-1.11
2024/01/01 16:14:35.69,247.69,-31.60,-57.18,-60.07,56.26,-9.55,-1.11
2024/01/01 16:14:35.70,247.70,-31.60,-57.18,-60.07,56.26,-9.56,-1.08
2024/01/01 16:14:35.71,247.71,-31.60,-57.18,-60.07,56.28,-9.56,-1.05
2024/01/01 16:14:35.72,247.72,-31.60,-57.19,-60.06,56.30,-9.55,-1.04
2024/01/01 16:14:35.73,247.73,-31.61,-57.19,-60.06,56.32,-9.54,-1.06
2024/01/01 16:14:35.74,247.74,-31.61,-57.20,-60.06,56.32,-9.55,-1.09
2024/01/01 16:14:35.75,247.75,-31.61,-57.20,-60.06,56.32,-9.57,-1.11
2024/01/01 16:14:35.76,247.76,-31.61,-57.20,-60.07,56.31,-9.59,-1.07
2024/01/01 16:14:35.77,247.77,-31.61,-57.20,-60.07,56.29,-9.59,-1.04
2024/01/01 16:14:35.78,247.78,-31.60,-57.19,-60.07,56.29,-9.56,-1.04
2024/01/01 16:14:35.79,247.79,-31.60,-57.19,-60.07,56.29,-9.53,-1.08
2024/01/01 16:14:35.80,247.80,-31.60,-57.17,-60.07,56.29,-9.51,-1.12
2024/01/01 16:14:35.81,247.81,-31.59,-57.17,-60.08,56.27,-9.52,-1.13
2024/01/01 16:14:35.82,247.82,-31.59,-57.17,-60.08,56.24,-9.56,-1.12
2024/01/01 16:14:35.83,247.83,-31.59,-57.17,-60.08,56.20,-9.61,-1.10
2024/01/01 16:14:35.84,247.84,-31.60,-57.19,-60.08,56.18,-9.64,-1.10
2024/01/01 16:14:35.85,247.85,-31.59,-57.20,-60.09,56.20,-9.64,-1.10
2024/01/01 16:14:35.86,247.86,-31.59,-57.21,-60.09,56.25,-9.63,-1.09
2024/01/01 16:14:35.87,247.87,-31.58,-57.22,-60.09,56.31,-9.61,-1.09
2024/01/01 16:14:35.88,247.88,-31.58,-57.21,-60.09,56.35,-9.60,-1.10
2024/01/01 16:14:35.89,247.89,-31.58,-57.20,-60.08,56.36,-9.57,-1.12
2024/01/01 16:14:35.90,247.90,-31.59,-57.19,-60.08,56.35,-9.53,-1.11
2024/01/01 16:14:35.91,247.91,-31.60,-57.18,-60.07,56.33,-9.51,-1.10
2024/01/01 16:14:35.92,247.92,-31.61,-57.18,-60.07,56.32,-9.51,-1.09
2024/01/01 16:14:35.93,247.93,-31.61,-57.19,-60.07,56.31,-9.55,-1.08
2024/01/01 16:14:35.94,247.94,-31.61,-57.20,-60.06,56.29,-9.59,-1.07
2024/01/01 16:14:35.95,247.95,-31.61,-57.21,-60.06,56.29,-9.64,-1.05
2024/01/01 16:14:35.96,247.96,-31.61,-57.23,-60.06,56.31,-9.67,-1.03
2024/01/01 16:14:35.97,247.97,-31.61,-57.23,-60.05,56.34,-9.67,-1.04
2024/01/01 16:14:35.98,247.98,-31.61,-57.22,-60.05,56.35,-9.65,-1.07
2024/01/01 16:14:35.99,247.99,-31.61,-57.22,-60.05,56.33,-9.59,-1.08
2024/01/01 16:14:36.00,248.00,-31.62,-57.21,-60.05,56.26,-9.54,-1.07
2024/01/01 16:14:36.01,248.01,-31.62,-57.21,-60.05,56.18,-9.51,-1.06
2024/01/01 16:14:36.02,248.02,-31.63,-57.22,-60.05,56.12,-9.51,-1.07
2024/01/01 16:14:36.03,248.03,-31.63,-57.22,-60.05,56.14,-9.54,-1.07
2024/01/01 16:14:36.04,248.04,-31.63,-57.23,-60.05,56.20,-9.59,-1.06
2024/01/01 16:14:36.05,248.05,-31.62,-57.24,-60.05,56.26,-9.64,-1.06
2024/01/01 16:14:36.06,248.06,-31.62,-57.24,-60.06,56.31,-9.67,-1.07
2024/01/01 16:14:36.07,248.07,-31.62,-57.25,-60.07,56.32,-9.67,-1.08
2024/01/01 16:14:36.08,248.08,-31.62,-57.26,-60.07,56.30,-9.65,-1.07
2024/01/01 16:14:36.09,248.09,-31.62,-57.27,-60.08,56.27,-9.63,-1.08
2024/01/01 16:14:36.10,248.10,-31.62,-57.28,-60.08,56.24,-9.62,-1.10
2024/01/01 16:14:36.11,248.11,-31.62,-57.28,-60.08,56.22,-9.62,-1.12
2024/01/01 16:14:36.12,248.12,-31.61,-57.28,-60.07,56.23,-9.63,-1.12
2024/01/01 16:14:36.13,248.13,-31.60,-57.27,-60.07,56.26,-9.63,-1.09
2024/01/01 16:14:36.14,248.14,-31.59,-57.27,-60.07,56.31,-9.62,-1.08
2024/01/01 16:14:36.15,248.15,-31.59,-57.27,-60.06,56.35,-9.62,-1.08
2024/01/01 16:14:36.16,248.16,-31.59,-57.27,-60.06,56.39,-9.64,-1.09
2024/01/01 16:14:36.17,248.17,-31.58,-57.27,-60.07,56.39,-9.70,-1.08
2024/01/01 16:14:36.18,248.18,-31.59,-57.28,-60.07,56.36,-9.79,-1.07
2024/01/01 16:14:36.19,248.19,-31.59,-57.29,-60.07,56.32,-9.87,-1.06
2024/01/01 16:14:36.20,248.20,-31.59,-57.29,-60.07,56.28,-9.88,-1.06
2024/01/01 16:14:36.21,248.21,-31.60,-57.30,-60.06,56.26,-9.82,-1.08
2024/01/01 16:14:36.22,248.22,-31.61,-57.30,-60.06,56.27,-9.71,-1.10
2024/01/01 16:14:36.23,248.23,-31.61,-57.30,-60.06,56.30,-9.59,-1.11
2024/01/01 16:14:36.24,248.24,-31.61,-57.30,-60.06,56.33,-9.51,-1.09
2024/01/01 16:14:36.25,248.25,-31.61,-57.29,-60.06,56.33,-9.50,-1.05
2024/01/01 16:14:36.26,248.26,-31.60,-57.29,-60.06,56.32,-9.54,-1.03
2024/01/01 16:14:36.27,248.27,-31.58,-57.28,-60.06,56.30,-9.61,-1.03
2024/01/01 16:14:36.28,248.28,-31.57,-57.28,-60.06,56.29,-9.70,-1.04
2024/01/01 16:14:36.29,248.29,-31.57,-57.27,-60.06,56.30,-9.76,-1.07
2024/01/01 16:14:36.30,248.30,-31.58,-57.26,-60.06,56.30,-9.78,-1.11
2024/01/01 16:14:36.31,248.31,-31.59,-57.27,-60.07,56.28,-9.75,-1.15
2024/01/01 16:14:36.32,248.32,-31.61,-57.27,-60.07,56.25,-9.69,-1.15
2024/01/01 16:14:36.33,248.33,-31.61,-57.28,-60.07,56.23,-9.64,-1.10
2024/01/01 16:14:36.34,248.34,-31.61,-57.28,-60.07,56.24,-9.62,-1.06
2024/01/01 16:14:36.35,248.35,-31.61,-57.28,-60.06,56.27,-9.63,-1.04
2024/01/01 16:14:36.36,248.36,-31.61,-57.28,-60.06,56.31,-9.63,-1.04
2024/01/01 16:14:36.37,248.37,-31.61,-57.27,-60.06,56.36,-9.61,-1.03
2024/01/01 16:14:36.38,248.38,-31.62,-57.26,-60.06,56.38,-9.58,-1.04
2024/01/01 16:14:36.39,248.39,-31.63,-57.25,-60.05,56.37,-9.56,-1.08
2024/01/01 16:14:36.40,248.40,-31.62,-57.24,-60.05,56.33,-9.57,-1.12
2024/01/01 16:14:36.41,248.41,-31.61,-57.24,-60.05,56.26,-9.63,-1.12
2024/01/01 16:14:36.42,248.42,-31.60,-57.25,-60.05,56.21,-9.73,-1.09
2024/01/01 16:14:36.43,248.43,-31.59,-57.26,-60.05,56.18,-9.80,-1.07
2024/01/01 16:14:36.44,248.44,-31.59,-57.26,-60.05,56.20,-9.81,-1.05
2024/01/01 16:14:36.45,248.45,-31.60,-57.27,-60.05,56.26,-9.75,-1.03
2024/01/01 16:14:36.46,248.46,-31.61,-57.26,-60.06,56.30,-9.68,-1.04
2024/01/01 16:14:36.47,248.47,-31.62,-57.26,-60.06,56.32,-9.60,-1.08
2024/01/01 16:14:36.48,248.48,-31.62,-57.26,-60.07,56.30,-9.54,-1.10
2024/01/01 16:14:36.49,248.49,-31.61,-57.27,-60.08,56.27,-9.51,-1.09
2024/01/01 16:14:36.50,248.50,-31.60,-57.28,-60.08,56.27,-9.52,-1.06
2024/01/01 16:14:36.51,248.51,-31.60,-57.28,-60.08,56.30,-9.55,-1.05
2024/01/01 16:14:36.52,248.52,-31.61,-57.28,-60.08,56.35,-9.59,-1.09
2024/01/01 16:14:36.53,248.53,-31.62,-57.29,-60.08,56.37,-9.62,-1.13
2024/01/01 16:14:36.54,248.54,-31.62,-57.28,-60.07,56.34,-9.68,-1.13
2024/01/01 16:14:36.55,248.55,-31.63,-57.28,-60.07,56.27,-9.75,-1.12
2024/01/01 16:14:36.56,248.56,-31.63,-57.28,-60.08,56.19,-9.81,-1.11
2024/01/01 16:14:36.57,248.57,-31.63,-57.28,-60.08,56.17,-9.83,-1.08
2024/01/01 16:14:36.58,248.58,-31.63,-57.27,-60.08,56.20,-9.81,-1.04
2024/01/01 16:14:36.59,248.59,-31.63,-57.27,-60.07,56.27,-9.75,-1.02
2024/01/01 16:14:36.60,248.60,-31.64,-57.27,-60.07,56.32,-9.67,-1.05
2024/01/01 16:14:36.61,248.61,-31.64,-57.27,-60.06,56.32,-9.59,-1.10
2024/01/01 16:14:36.62,248.62,-31.65,-57.26,-60.05,56.30,-9.53,-1.12
2024/01/01 16:14:36.63,248.63,-31.66,-57.27,-60.05,56.27,-9.53,-1.11
2024/01/01 16:14:36.64,248.64,-31.66,-57.27,-60.05,56.26,-9.59,-1.06
2024/01/01 16:14:36.65,248.65,-31.67,-57.27,-60.05,56.23,-9.67,-1.02
2024/01/01 16:14:36.66,248.66,-31.67,-57.28,-60.06,56.19,-9.76,-1.03
2024/01/01 16:14:36.67,248.67,-31.67,-57.28,-60.06,56.16,-9.81,-1.05
2024/01/01 16:14:36.68,248.68,-31.67,-57.28,-60.06,56.12,-9.80,-1.07
2024/01/01 16:14:36.69,248.69,-31.67,-57.28,-60.06,56.12,-9.75,-1.09
2024/01/01 16:14:36.70,248.70,-31.66,-57.27,-60.06,56.15,-9.67,-1.10
2024/01/01 16:14:36.71,248.71,-31.66,-57.26,-60.06,56.22,-9.60,-1.09
2024/01/01 16:14:36.72,248.72,-31.65,-57.25,-60.07,56.29,-9.56,-1.08
2024/01/01 16:14:36.73,248.73,-31.65,-57.25,-60.07,56.31,-9.55,-1.07
2024/01/01 16:14:36.74,248.74,-31.64,-57.25,-60.07,56.29,-9.56,-1.06
2024/01/01 16:14:36.75,248.75,-31.65,-57.26,-60.07,56.24,-9.57,-1.07
2024/01/01 16:14:36.76,248.76,-31.65,-57.27,-60.07,56.19,-9.59,-1.09
2024/01/01 16:14:36.77,248.77,-31.66,-57.27,-60.08,56.17,-9.61,-1.10
2024/01/01 16:14:36.78,248.78,-31.67,-57.28,-60.07,56.18,-9.64,-1.08
2024/01/01 16:14:36.79,248.79,-31.67,-57.28,-60.07,56.22,-9.66,-1.07
2024/01/01 16:14:36.80,248.80,-31.68,-57.29,-60.06,56.24,-9.68,-1.07
2024/01/01 16:14:36.81,248.81,-31.69,-57.29,-60.06,56.26,-9.68,-1.08
2024/01/01 16:14:36.82,248.82,-31.69,-57.29,-60.05,56.27,-9.66,-1.06
2024/01/01 16:14:36.83,248.83,-31.68,-57.29,-60.05,56.28,-9.66,-1.04
2024/01/01 16:14:36.84,248.84,-31.68,-57.29,-60.05,56.29,-9.70,-1.03
2024/01/01 16:14:36.85,248.85,-31.67,-57.29,-60.05,56.29,-9.75,-1.03
2024/01/01 16:14:36.86,248.86,-31.67,-57.30,-60.05,56.29,-9.80,-1.05
2024/01/01 16:14:36.87,248.87,-31.67,-57.30,-60.05,56.26,-9.82,-1.06
2024/01/01 16:14:36.88,248.88,-31.67,-57.30,-60.04,56.22,-9.82,-1.08
2024/01/01 16:14:36.89,248.89,-31.67,-57.30,-60.04,56.18,-9.78,-1.10
2024/01/01 16:14:36.90,248.90,-31.68,-57.30,-60.04,56.15,-9.71,-1.09
2024/01/01 16:14:36.91,248.91,-31.68,-57.30,-60.05,56.12,-9.65,-1.07
2024/01/01 16:14:36.92,248.92,-31.69,-57.31,-60.05,56.11,-9.60,-1.05
2024/01/01 16:14:36.93,248.93,-31.70,-57.31,-60.04,56.14,-9.59,-1.05
2024/01/01 16:14:36.94,248.94,-31.70,-57.30,-60.04,56.18,-9.62,-1.06
2024/01/01 16:14:36.95,248.95,-31.71,-57.29,-60.04,56.22,-9.66,-1.05
2024/01/01 16:14:36.96,248.96,-31.71,-57.29,-60.05,56.25,-9.71,-1.05
2024/01/01 16:14:36.97,248.97,-31.72,-57.29,-60.05,56.26,-9.72,-1.06
2024/01/01 16:14:36.98,248.98,-31.71,-57.29,-60.05,56.25,-9.71,-1.07
2024/01/01 16:14:36.99,248.99,-31.71,-57.30,-60.04,56.23,-9.69,-1.06
2024/01/01 16:14:37.00,249.00,-31.71,-57.30,-60.04,56.22,-9.70,-1.04
2024/01/01 16:14:37.01,249.01,-31.70,-57.30,-60.03,56.20,-9.73,-1.02
2024/01/01 16:14:37.02,249.02,-31.70,-57.30,-60.02,56.18,-9.76,-1.01
2024/01/01 16:14:37.03,249.03,-31.70,-57.30,-60.02,56.17,-9.77,-1.02
2024/01/01 16:14:37.04,249.04,-31.70,-57.29,-60.02,56.16,-9.74,-1.02
2024/01/01 16:14:37.05,249.05,-31.71,-57.28,-60.02,56.14,-9.68,-1.02
2024/01/01 16:14:37.06,249.06,-31.72,-57.27,-60.01,56.13,-9.61,-1.02
2024/01/01 16:14:37.07,249.07,-31.73,-57.26,-60.01,56.13,-9.57,-1.03
2024/01/01 16:14:37.08,249.08,-31.73,-57.26,-60.01,56.17,-9.56,-1.04
2024/01/01 16:14:37.09,249.09,-31.73,-57.26,-60.00,56.21,-9.62,-1.02
2024/01/01 16:14:37.10,249.10,-31.73,-57.26,-60.00,56.24,-9.69,-0.99
2024/01/01 16:14:37.11,249.11,-31.73,-57.27,-60.00,56.23,-9.75,-0.98
2024/01/01 16:14:37.12,249.12,-31.73,-57.28,-60.00,56.20,-9.79,-0.98
2024/01/01 16:14:37.13,249.13,-31.73,-57.29,-60.01,56.15,-9.78,-0.99
2024/01/01 16:14:37.14,249.14,-31.73,-57.30,-60.01,56.11,-9.75,-0.99
2024/01/01 16:14:37.15,249.15,-31.72,-57.29,-60.01,56.09,-9.69,-1.01
2024/01/01 16:14:37.16,249.16,-31.72,-57.28,-60.00,56.11,-9.62,-1.04
2024/01/01 16:14:37.17,249.17,-31.72,-57.27,-60.00,56.14,-9.56,-1.06
2024/01/01 16:14:37.18,249.18,-31.71,-57.25,-60.00,56.18,-9.52,-1.05
2024/01/01 16:14:37.19,249.19,-31.71,-57.24,-60.01,56.23,-9.51,-1.03
2024/01/01 16:14:37.20,249.20,-31.71,-57.23,-60.01,56.27,-9.54,-0.99
2024/01/01 16:14:37.21,249.21,-31.71,-57.23,-60.00,56.29,-9.62,-0.96
2024/01/01 16:14:37.22,249.22,-31.71,-57.23,-60.00,56.27,-9.71,-0.97
2024/01/01 16:14:37.23,249.23,-31.72,-57.23,-59.99,56.23,-9.79,-1.01
2024/01/01 16:14:37.24,249.24,-31.72,-57.23,-59.99,56.19,-9.83,-1.02
2024/01/01 16:14:37.25,249.25,-31.72,-57.23,-59.99,56.15,-9.80,-1.01
2024/01/01 16:14:37.26,249.26,-31.73,-57.23,-59.99,56.14,-9.74,-0.99
2024/01/01 16:14:37.27,249.27,-31.74,-57.24,-59.99,56.16,-9.63,-0.97
2024/01/01 16:14:37.28,249.28,-31.74,-57.24,-59.98,56.19,-9.52,-0.98
2024/01/01 16:14:37.29,249.29,-31.74,-57.24,-59.98,56.20,-9.44,-1.00
2024/01/01 16:14:37.30,249.30,-31.74,-57.24,-59.98,56.18,-9.44,-0.99
2024/01/01 16:14:37.31,249.31,-31.74,-57.24,-59.98,56.13,-9.48,-0.98
2024/01/01 16:14:37.32,249.32,-31.75,-57.24,-59.98,56.09,-9.55,-0.97
2024/01/01 16:14:37.33,249.33,-31.75,-57.24,-59.98,56.08,-9.61,-0.97
2024/01/01 16:14:37.34,249.34,-31.76,-57.23,-59.99,56.11,-9.65,-1.00
2024/01/01 16:14:37.35,249.35,-31.76,-57.22,-59.98,56.18,-9.67,-1.02
2024/01/01 16:14:37.36,249.36,-31.76,-57.22,-59.98,56.22,-9.69,-1.01
2024/01/01 16:14:37.37,249.37,-31.76,-57.21,-59.98,56.19,-9.72,-0.99
2024/01/01 16:14:37.38,249.38,-31.75,-57.21,-59.98,56.12,-9.74,-0.97
2024/01/01 16:14:37.39,249.39,-31.75,-57.22,-59.98,56.04,-9.75,-0.95
2024/01/01 16:14:37.40,249.40,-31.75,-57.22,-59.97,56.00,-9.73,-0.92
2024/01/01 16:14:37.41,249.41,-31.75,-57.22,-59.97,56.02,-9.69,-0.93
2024/01/01 16:14:37.42,249.42,-31.75,-57.22,-59.97,56.08,-9.63,-0.98
2024/01/01 16:14:37.43,249.43,-31.75,-57.22,-59.97,56.16,-9.56,-1.02
2024/01/01 16:14:37.44,249.44,-31.76,-57.22,-59.98,56.20,-9.51,-1.04
2024/01/01 16:14:37.45,249.45,-31.76,-57.22,-59.98,56.21,-9.51,-1.01
2024/01/01 16:14:37.46,249.46,-31.75,-57.22,-59.98,56.19,-9.55,-0.99
2024/01/01 16:14:37.47,249.47,-31.75,-57.21,-59.98,56.17,-9.59,-0.98
2024/01/01 16:14:37.48,249.48,-31.75,-57.21,-59.99,56.16,-9.64,-0.98
2024/01/01 16:14:37.49,249.49,-31.76,-57.22,-59.99,56.14,-9.68,-0.97
2024/01/01 16:14:37.50,249.50,-31.76,-57.21,-59.99,56.14,-9.68,-0.95
2024/01/01 16:14:37.51,249.51,-31.76,-57.21,-59.99,56.13,-9.63,-0.97
2024/01/01 16:14:37.52,249.52,-31.76,-57.19,-59.99,56.13,-9.58,-1.00
2024/01/01 16:14:37.53,249.53,-31.76,-57.18,-59.99,56.15,-9.53,-1.02
2024/01/01 16:14:37.54,249.54,-31.76,-57.18,-59.99,56.18,-9.52,-1.03
2024/01/01 16:14:37.55,249.55,-31.75,-57.18,-59.99,56.21,-9.53,-1.00
2024/01/01 16:14:37.56,249.56,-31.74,-57.18,-59.98,56.21,-9.55,-0.96
2024/01/01 16:14:37.57,249.57,-31.74,-57.18,-59.97,56.17,-9.57,-0.95
2024/01/01 16:14:37.58,249.58,-31.74,-57.18,-59.96,56.10,-9.59,-0.96
2024/01/01 16:14:37.59,249.59,-31.74,-57.19,-59.96,56.04,-9.60,-0.96
2024/01/01 16:14:37.60,249.60,-31.74,-57.19,-59.96,56.01,-9.61,-0.95
2024/01/01 16:14:37.61,249.61,-31.75,-57.20,-59.97,56.01,-9.63,-0.96
2024/01/01 16:14:37.62,249.62,-31.76,-57.20,-59.98,56.04,-9.63,-0.99
2024/01/01 16:14:37.63,249.63,-31.76,-57.20,-59.98,56.09,-9.62,-1.02
2024/01/01 16:14:37.64,249.64,-31.76,-57.19,-59.98,56.13,-9.60,-1.02
2024/01/01 16:14:37.65,249.65,-31.76,-57.19,-59.98,56.16,-9.58,-0.99
2024/01/01 16:14:37.66,249.66,-31.76,-57.18,-59.98,56.20,-9.55,-0.96
2024/01/01 16:14:37.67,249.67,-31.76,-57.17,-59.98,56.24,-9.54,-0.97
2024/01/01 16:14:37.68,249.68,-31.76,-57.16,-59.98,56.27,-9.55,-0.97
2024/01/01 16:14:37.69,249.69,-31.76,-57.16,-59.98,56.26,-9.57,-0.97
2024/01/01 16:14:37.70,249.70,-31.75,-57.15,-59.97,56.21,-9.58,-0.96
2024/01/01 16:14:37.71,249.71,-31.75,-57.16,-59.97,56.15,-9.57,-0.96
2024/01/01 16:14:37.72,249.72,-31.75,-57.16,-59.97,56.08,-9.56,-0.97
2024/01/01 16:14:37.73,249.73,-31.75,-57.16,-59.98,56.06,-9.55,-0.99
2024/01/01 16:14:37.74,249.74,-31.74,-57.16,-59.98,56.07,-9.54,-0.99
2024/01/01 16:14:37.75,249.75,-31.74,-57.16,-59.98,56.11,-9.54,-0.97
2024/01/01 16:14:37.76,249.76,-31.73,-57.16,-59.97,56.14,-9.56,-0.96
2024/01/01 16:14:37.77,249.77,-31.73,-57.17,-59.97,56.15,-9.58,-0.98
2024/01/01 16:14:37.78,249.78,-31.74,-57.16,-59.96,56.14,-9.58,-1.01
2024/01/01 16:14:37.79,249.79,-31.75,-57.16,-59.96,56.12,-9.56,-1.01
2024/01/01 16:14:37.80,249.80,-31.76,-57.16,-59.96,56.12,-9.53,-0.99
2024/01/01 16:14:37.81,249.81,-31.77,-57.16,-59.96,56.14,-9.50,-0.96
2024/01/01 16:14:37.82,249.82,-31.77,-57.15,-59.96,56.16,-9.50,-0.92
2024/01/01 16:14:37.83,249.83,-31.77,-57.15,-59.95,56.17,-9.52,-0.90
2024/01/01 16:14:37.84,249.84,-31.76,-57.15,-59.95,56.17,-9.56,-0.91
2024/01/01 16:14:37.85,249.85,-31.76,-57.15,-59.95,56.17,-9.59,-0.93
2024/01/01 16:14:37.86,249.86,-31.75,-57.15,-59.95,56.16,-9.61,-0.94
2024/01/01 16:14:37.87,249.87,-31.76,-57.14,-59.95,56.15,-9.61,-0.97
2024/01/01 16:14:37.88,249.88,-31.76,-57.14,-59.95,56.11,-9.60,-1.00
2024/01/01 16:14:37.89,249.89,-31.76,-57.13,-59.95,56.07,-9.58,-1.00
2024/01/01 16:14:37.90,249.90,-31.76,-57.13,-59.94,56.03,-9.56,-0.96
2024/01/01 16:14:37.91,249.91,-31.76,-57.14,-59.94,56.02,-9.56,-0.94
2024/01/01 16:14:37.92,249.92,-31.76,-57.15,-59.93,56.05,-9.55,-0.93
2024/01/01 16:14:37.93,249.93,-31.76,-57.16,-59.93,56.11,-9.53,-0.92
2024/01/01 16:14:37.94,249.94,-31.76,-57.16,-59.93,56.16,-9.51,-0.91
2024/01/01 16:14:37.95,249.95,-31.76,-57.16,-59.94,56.18,-9.49,-0.92
2024/01/01 16:14:37.96,249.96,-31.76,-57.15,-59.94,56.18,-9.50,-0.95
2024/01/01 16:14:37.97,249.97,-31.77,-57.14,-59.94,56.14,-9.52,-0.96
2024/01/01 16:14:37.98,249.98,-31.77,-57.13,-59.93,56.11,-9.53,-0.96
2024/01/01 16:14:37.99,249.99,-31.77,-57.13,-59.93,56.11,-9.54,-0.94
2024/01/01 16:14:38.00,250.00,-31.77,-57.12,-59.93,56.13,-9.54,-0.93
2024/01/01 16:14:38.01,250.01,-31.76,-57.12,-59.93,56.16,-9.54,-0.91
2024/01/01 16:14:38.02,250.02,-31.76,-57.12,-59.92,56.19,-9.53,-0.89
2024/01/01 16:14:38.03,250.03,-31.76,-57.12,-59.92,56.18,-9.53,-0.88
2024/01/01 16:14:38.04,250.04,-31.76,-57.12,-59.92,56.14,-9.52,-0.90
2024/01/01 16:14:38.05,250.05,-31.77,-57.12,-59.92,56.10,-9.51,-0.94
2024/01/01 16:14:38.06,250.06,-31.77,-57.12,-59.92,56.08,-9.49,-0.95
2024/01/01 16:14:38.07,250.07,-31.77,-57.12,-59.92,56.08,-9.49,-0.93
2024/01/01 16:14:38.08,250.08,-31.77,-57.12,-59.92,56.09,-9.49,-0.91
2024/01/01 16:14:38.09,250.09,-31.77,-57.11,-59.91,56.09,-9.48,-0.92
2024/01/01 16:14:38.10,250.10,-31.76,-57.11,-59.91,56.10,-9.47,-0.93
2024/01/01 16:14:38.11,250.11,-31.76,-57.11,-59.91,56.10,-9.49,-0.92
2024/01/01 16:14:38.12,250.12,-31.76,-57.10,-59.91,56.12,-9.51,-0.91
2024/01/01 16:14:38.13,250.13,-31.76,-57.10,-59.91,56.13,-9.53,-0.90
2024/01/01 16:14:38.14,250.14,-31.76,-57.10,-59.90,56.13,-9.55,-0.90
2024/01/01 16:14:38.15,250.15,-31.76,-57.10,-59.90,56.11,-9.57,-0.91
2024/01/01 16:14:38.16,250.16,-31.76,-57.10,-59.91,56.10,-9.57,-0.92
2024/01/01 16:14:38.17,250.17,-31.76,-57.10,-59.91,56.11,-9.55,-0.91
2024/01/01 16:14:38.18,250.18,-31.75,-57.10,-59.91,56.12,-9.50,-0.89
2024/01/01 16:14:38.19,250.19,-31.75,-57.10,-59.91,56.15,-9.44,-0.89
2024/01/01 16:14:38.20,250.20,-31.75,-57.11,-59.91,56.16,-9.40,-0.90
2024/01/01 16:14:38.21,250.21,-31.75,-57.12,-59.91,56.16,-9.40,-0.92
2024/01/01 16:14:38.22,250.22,-31.75,-57.12,-59.91,56.15,-9.44,-0.93
2024/01/01 16:14:38.23,250.23,-31.75,-57.12,-59.90,56.13,-9.51,-0.92
2024/01/01 16:14:38.24,250.24,-31.75,-57.12,-59.90,56.13,-9.58,-0.90
2024/01/01 16:14:38.25,250.25,-31.75,-57.12,-59.90,56.14,-9.62,-0.87
2024/01/01 16:14:38.26,250.26,-31.75,-57.12,-59.90,56.15,-9.61,-0.87
2024/01/01 16:14:38.27,250.27,-31.75,-57.12,-59.90,56.18,-9.57,-0.89
2024/01/01 16:14:38.28,250.28,-31.75,-57.12,-59.90,56.20,-9.53,-0.90
2024/01/01 16:14:38.29,250.29,-31.74,-57.12,-59.90,56.17,-9.50,-0.91
2024/01/01 16:14:38.30,250.30,-31.74,-57.12,-59.89,56.12,-9.51,-0.91
2024/01/01 16:14:38.31,250.31,-31.74,-57.12,-59.89,56.08,-9.53,-0.89
2024/01/01 16:14:38.32,250.32,-31.75,-57.12,-59.88,56.05,-9.53,-0.87
2024/01/01 16:14:38.33,250.33,-31.75,-57.12,-59.88,56.08,-9.51,-0.89
2024/01/01 16:14:38.34,250.34,-31.75,-57.12,-59.88,56.16,-9.49,-0.90
2024/01/01 16:14:38.35,250.35,-31.75,-57.12,-59.88,56.23,-9.47,-0.89
2024/01/01 16:14:38.36,250.36,-31.75,-57.13,-59.87,56.25,-9.48,-0.88
2024/01/01 16:14:38.37,250.37,-31.74,-57.13,-59.87,56.20,-9.51,-0.89
2024/01/01 16:14:38.38,250.38,-31.74,-57.14,-59.87,56.13,-9.53,-0.88
2024/01/01 16:14:38.39,250.39,-31.74,-57.14,-59.87,56.09,-9.55,-0.86
2024/01/01 16:14:38.40,250.40,-31.74,-57.14,-59.86,56.10,-9.57,-0.84
2024/01/01 16:14:38.41,250.41,-31.74,-57.13,-59.86,56.14,-9.57,-0.85
2024/01/01 16:14:38.42,250.42,-31.74,-57.12,-59.86,56.18,-9.55,-0.88
2024/01/01 16:14:38.43,250.43,-31.75,-57.12,-59.87,56.18,-9.51,-0.90
2024/01/01 16:14:38.44,250.44,-31.74,-57.13,-59.87,56.17,-9.50,-0.89
2024/01/01 16:14:38.45,250.45,-31.74,-57.13,-59.86,56.15,-9.51,-0.87
2024/01/01 16:14:38.46,250.46,-31.74,-57.14,-59.86,56.15,-9.52,-0.86
2024/01/01 16:14:38.47,250.47,-31.74,-57.14,-59.85,56.15,-9.55,-0.86
2024/01/01 16:14:38.48,250.48,-31.73,-57.14,-59.85,56.15,-9.57,-0.87
2024/01/01 16:14:38.49,250.49,-31.73,-57.14,-59.85,56.14,-9.57,-0.86
2024/01/01 16:14:38.50,250.50,-31.73,-57.14,-59.85,56.12,-9.54,-0.85
2024/01/01 16:14:38.51,250.51,-31.73,-57.13,-59.85,56.11,-9.51,-0.84
2024/01/01 16:14:38.52,250.52,-31.74,-57.12,-59.85,56.13,-9.48,-0.84
2024/01/01 16:14:38.53,250.53,-31.74,-57.12,-59.85,56.18,-9.48,-0.85
2024/01/01 16:14:38.54,250.54,-31.74,-57.13,-59.84,56.23,-9.48,-0.87
2024/01/01 16:14:38.55,250.55,-31.74,-57.13,-59.84,56.26,-9.50,-0.88
2024/01/01 16:14:38.56,250.56,-31.74,-57.14,-59.83,56.26,-9.52,-0.86
2024/01/01 16:14:38.57,250.57,-31.74,-57.14,-59.83,56.22,-9.55,-0.83
2024/01/01 16:14:38.58,250.58,-31.73,-57.13,-59.82,56.18,-9.58,-0.82
2024/01/01 16:14:38.59,250.59,-31.73,-57.13,-59.81,56.15,-9.59,-0.81
2024/01/01 16:14:38.60,250.60,-31.72,-57.12,-59.80,56.15,-9.57,-0.78
2024/01/01 16:14:38.61,250.61,-31.72,-57.12,-59.80,56.16,-9.53,-0.78
2024/01/01 16:14:38.62,250.62,-31.72,-57.12,-59.80,56.16,-9.49,-0.81
2024/01/01 16:14:38.63,250.63,-31.72,-57.12,-59.80,56.14,-9.45,-0.83
2024/01/01 16:14:38.64,250.64,-31.72,-57.12,-59.80,56.11,-9.45,-0.84
2024/01/01 16:14:38.65,250.65,-31.72,-57.13,-59.80,56.11,-9.49,-0.84
2024/01/01 16:14:38.66,250.66,-31.72,-57.14,-59.80,56.13,-9.52,-0.84
2024/01/01 16:14:38.67,250.67,-31.72,-57.15,-59.81,56.18,-9.54,-0.81
2024/01/01 16:14:38.68,250.68,-31.71,-57.16,-59.81,56.22,-9.55,-0.79
2024/01/01 16:14:38.69,250.69,-31.71,-57.16,-59.82,56.25,-9.54,-0.80
2024/01/01 16:14:38.70,250.70,-31.71,-57.16,-59.82,56.24,-9.52,-0.83
2024/01/01 16:14:38.71,250.71,-31.71,-57.16,-59.82,56.21,-9.51,-0.85
2024/01/01 16:14:38.72,250.72,-31.71,-57.15,-59.83,56.17,-9.51,-0.86
2024/01/01 16:14:38.73,250.73,-31.71,-57.15,-59.83,56.15,-9.52,-0.86
2024/01/01 16:14:38.74,250.74,-31.71,-57.15,-59.83,56.17,-9.52,-0.86
2024/01/01 16:14:38.75,250.75,-31.71,-57.14,-59.83,56.21,-9.52,-0.86
2024/01/01 16:14:38.76,250.76,-31.71,-57.14,-59.82,56.26,-9.54,-0.84
2024/01/01 16:14:38.77,250.77,-31.71,-57.14,-59.82,56.29,-9.57,-0.82
2024/01/01 16:14:38.78,250.78,-31.71,-57.14,-59.81,56.29,-9.60,-0.81
2024/01/01 16:14:38.79,250.79,-31.71,-57.15,-59.80,56.26,-9.63,-0.81
2024/01/01 16:14:38.80,250.80,-31.70,-57.16,-59.80,56.21,-9.62,-0.80
2024/01/01 16:14:38.81,250.81,-31.71,-57.17,-59.80,56.16,-9.60,-0.77
2024/01/01 16:14:38.82,250.82,-31.71,-57.18,-59.79,56.13,-9.57,-0.76
2024/01/01 16:14:38.83,250.83,-31.72,-57.18,-59.79,56.12,-9.56,-0.77
2024/01/01 16:14:38.84,250.84,-31.72,-57.18,-59.79,56.13,-9.55,-0.81
2024/01/01 16:14:38.85,250.85,-31.72,-57.18,-59.79,56.14,-9.55,-0.82
2024/01/01 16:14:38.86,250.86,-31.72,-57.17,-59.78,56.16,-9.56,-0.82
2024/01/01 16:14:38.87,250.87,-31.72,-57.16,-59.78,56.17,-9.57,-0.82
2024/01/01 16:14:38.88,250.88,-31.71,-57.16,-59.79,56.18,-9.58,-0.82
2024/01/01 16:14:38.89,250.89,-31.71,-57.16,-59.80,56.20,-9.58,-0.81
2024/01/01 16:14:38.90,250.90,-31.70,-57.16,-59.81,56.21,-9.59,-0.80
2024/01/01 16:14:38.91,250.91,-31.71,-57.16,-59.81,56.21,-9.59,-0.79
2024/01/01 16:14:38.92,250.92,-31.71,-57.16,-59.82,56.21,-9.57,-0.83
2024/01/01 16:14:38.93,250.93,-31.71,-57.16,-59.83,56.22,-9.53,-0.87
2024/01/01 16:14:38.94,250.94,-31.71,-57.16,-59.83,56.22,-9.49,-0.86
2024/01/01 16:14:38.95,250.95,-31.71,-57.15,-59.84,56.22,-9.46,-0.84
2024/01/01 16:14:38.96,250.96,-31.70,-57.14,-59.84,56.22,-9.45,-0.83
2024/01/01 16:14:38.97,250.97,-31.70,-57.14,-59.84,56.21,-9.46,-0.85
2024/01/01 16:14:38.98,250.98,-31.70,-57.15,-59.84,56.21,-9.49,-0.86
2024/01/01 16:14:38.99,250.99,-31.69,-57.15,-59.84,56.21,-9.55,-0.85
2024/01/01 16:14:39.00,251.00,-31.69,-57.16,-59.84,56.22,-9.61,-0.84
2024/01/01 16:14:39.01,251.01,-31.69,-57.16,-59.84,56.21,-9.63,-0.85
2024/01/01 16:14:39.02,251.02,-31.69,-57.16,-59.84,56.19,-9.63,-0.86
2024/01/01 16:14:39.03,251.03,-31.69,-57.16,-59.84,56.17,-9.60,-0.87
2024/01/01 16:14:39.04,251.04,-31.69,-57.16,-59.84,56.15,-9.57,-0.86
2024/01/01 16:14:39.05,251.05,-31.69,-57.17,-59.83,56.15,-9.53,-0.85
2024/01/01 16:14:39.06,251.06,-31.70,-57.17,-59.83,56.18,-9.50,-0.84
2024/01/01 16:14:39.07,251.07,-31.70,-57.18,-59.83,56.22,-9.51,-0.83
2024/01/01 16:14:39.08,251.08,-31.70,-57.19,-59.83,56.25,-9.53,-0.83
2024/01/01 16:14:39.09,251.09,-31.69,-57.19,-59.83,56.26,-9.55,-0.83
2024/01/01 16:14:39.10,251.10,-31.69,-57.19,-59.83,56.25,-9.57,-0.84
2024/01/01 16:14:39.11,251.11,-31.69,-57.18,-59.83,56.22,-9.59,-0.86
2024/01/01 16:14:39.12,251.12,-31.69,-57.18,-59.84,56.20,-9.60,-0.86
2024/01/01 16:14:39.13,251.13,-31.69,-57.18,-59.85,56.20,-9.62,-0.86
2024/01/01 16:14:39.14,251.14,-31.69,-57.18,-59.85,56.20,-9.62,-0.86
2024/01/01 16:14:39.15,251.15,-31.69,-57.19,-59.85,56.20,-9.63,-0.86
2024/01/01 16:14:39.16,251.16,-31.69,-57.19,-59.85,56.20,-9.64,-0.86
2024/01/01 16:14:39.17,251.17,-31.68,-57.20,-59.85,56.21,-9.64,-0.87
2024/01/01 16:14:39.18,251.18,-31.68,-57.20,-59.85,56.22,-9.63,-0.87
2024/01/01 16:14:39.19,251.19,-31.68,-57.20,-59.85,56.23,-9.61,-0.86
2024/01/01 16:14:39.20,251.20,-31.68,-57.20,-59.85,56.24,-9.59,-0.84
2024/01/01 16:14:39.21,251.21,-31.68,-57.20,-59.85,56.24,-9.57,-0.84
2024/01/01 16:14:39.22,251.22,-31.68,-57.20,-59.85,56.22,-9.54,-0.85
2024/01/01 16:14:39.23,251.23,-31.68,-57.19,-59.85,56.20,-9.52,-0.87
2024/01/01 16:14:39.24,251.24,-31.68,-57.19,-59.85,56.18,-9.52,-0.87
2024/01/01 16:14:39.25,251.25,-31.68,-57.19,-59.85,56.19,-9.55,-0.87
2024/01/01 16:14:39.26,251.26,-31.68,-57.19,-59.84,56.21,-9.59,-0.87
2024/01/01 16:14:39.27,251.27,-31.69,-57.20,-59.85,56.23,-9.63,-0.87
2024/01/01 16:14:39.28,251.28,-31.68,-57.20,-59.85,56.25,-9.65,-0.85
2024/01/01 16:14:39.29,251.29,-31.67,-57.21,-59.84,56.24,-9.65,-0.81
2024/01/01 16:14:39.30,251.30,-31.67,-57.20,-59.83,56.22,-9.63,-0.79
2024/01/01 16:14:39.31,251.31,-31.66,-57.20,-59.83,56.21,-9.59,-0.81
2024/01/01 16:14:39.32,251.32,-31.66,-57.19,-59.83,56.23,-9.53,-0.83
2024/01/01 16:14:39.33,251.33,-31.66,-57.18,-59.83,56.26,-9.48,-0.83
2024/01/01 16:14:39.34,251.34,-31.66,-57.18,-59.84,56.27,-9.47,-0.85
2024/01/01 16:14:39.35,251.35,-31.66,-57.18,-59.84,56.25,-9.49,-0.91
2024/01/01 16:14:39.36,251.36,-31.66,-57.18,-59.85,56.21,-9.55,-0.94
2024/01/01 16:14:39.37,251.37,-31.66,-57.18,-59.85,56.18,-9.61,-0.90
2024/01/01 16:14:39.38,251.38,-31.66,-57.18,-59.86,56.19,-9.67,-0.85
2024/01/01 16:14:39.39,251.39,-31.65,-57.18,-59.85,56.24,-9.71,-0.82
2024/01/01 16:14:39.40,251.40,-31.65,-57.19,-59.85,56.31,-9.70,-0.81
2024/01/01 16:14:39.41,251.41,-31.65,-57.19,-59.84,56.35,-9.66,-0.82
2024/01/01 16:14:39.42,251.42,-31.66,-57.20,-59.84,56.35,-9.61,-0.84
2024/01/01 16:14:39.43,251.43,-31.65,-57.21,-59.84,56.32,-9.55,-0.85
2024/01/01 16:14:39.44,251.44,-31.65,-57.22,-59.85,56.26,-9.51,-0.85
2024/01/01 16:14:39.45,251.45,-31.65,-57.22,-59.84,56.21,-9.49,-0.86
2024/01/01 16:14:39.46,251.46,-31.65,-57.22,-59.84,56.21,-9.50,-0.86
2024/01/01 16:14:39.47,251.47,-31.65,-57.21,-59.84,56.24,-9.54,-0.87
2024/01/01 16:14:39.48,251.48,-31.65,-57.20,-59.84,56.27,-9.57,-0.87
2024/01/01 16:14:39.49,251.49,-31.65,-57.19,-59.84,56.30,-9.61,-0.85
2024/01/01 16:14:39.50,251.50,-31.64,-57.19,-59.84,56.30,-9.64,-0.83
2024/01/01 16:14:39.51,251.51,-31.64,-57.19,-59.85,56.26,-9.66,-0.84
2024/01/01 16:14:39.52,251.52,-31.63,-57.20,-59.85,56.22,-9.67,-0.86
2024/01/01 16:14:39.53,251.53,-31.63,-57.20,-59.85,56.20,-9.68,-0.87
2024/01/01 16:14:39.54,251.54,-31.64,-57.20,-59.85,56.20,-9.68,-0.89
2024/01/01 16:14:39.55,251.55,-31.64,-57.21,-59.85,56.21,-9.66,-0.91
2024/01/01 16:14:39.56,251.56,-31.64,-57.22,-59.85,56.22,-9.61,-0.91
2024/01/01 16:14:39.57,251.57,-31.64,-57.22,-59.85,56.22,-9.55,-0.88
2024/01/01 16:14:39.58,251.58,-31.64,-57.22,-59.85,56.23,-9.49,-0.84
2024/01/01 16:14:39.59,251.59,-31.64,-57.21,-59.84,56.26,-9.46,-0.81
2024/01/01 16:14:39.60,251.60,-31.65,-57.21,-59.84,56.31,-9.48,-0.82
2024/01/01 16:14:39.61,251.61,-31.65,-57.20,-59.84,56.36,-9.54,-0.84
2024/01/01 16:14:39.62,251.62,-31.66,-57.20,-59.84,56.38,-9.61,-0.85
2024/01/01 16:14:39.63,251.63,-31.66,-57.20,-59.84,56.36,-9.66,-0.86
2024/01/01 16:14:39.64,251.64,-31.65,-57.21,-59.84,56.32,-9.69,-0.86
2024/01/01 16:14:39.65,251.65,-31.64,-57.22,-59.84,56.29,-9.71,-0.85
2024/01/01 16:14:39.66,251.66,-31.62,-57.22,-59.84,56.29,-9.71,-0.83
2024/01/01 16:14:39.67,251.67,-31.62,-57.23,-59.83,56.31,-9.69,-0.80
2024/01/01 16:14:39.68,251.68,-31.63,-57.23,-59.83,56.31,-9.64,-0.81
2024/01/01 16:14:39.69,251.69,-31.64,-57.23,-59.82,56.26,-9.58,-0.85
2024/01/01 16:14:39.70,251.70,-31.65,-57.23,-59.82,56.19,-9.51,-0.89
2024/01/01 16:14:39.71,251.71,-31.65,-57.23,-59.83,56.13,-9.47,-0.88
2024/01/01 16:14:39.72,251.72,-31.66,-57.24,-59.83,56.09,-9.47,-0.84
2024/01/01 16:14:39.73,251.73,-31.66,-57.24,-59.83,56.11,-9.51,-0.83
2024/01/01 16:14:39.74,251.74,-31.66,-57.24,-59.83,56.17,-9.57,-0.83
2024/01/01 16:14:39.75,251.75,-31.66,-57.24,-59.83,56.27,-9.64,-0.83
2024/01/01 16:14:39.76,251.76,-31.65,-57.24,-59.82,56.36,-9.72,-0.82
2024/01/01 16:14:39.77,251.77,-31.65,-57.24,-59.83,56.41,-9.78,-0.85
2024/01/01 16:14:39.78,251.78,-31.64,-57.24,-59.83,56.41,-9.80,-0.88
2024/01/01 16:14:39.79,251.79,-31.65,-57.23,-59.83,56.36,-9.78,-0.86
2024/01/01 16:14:39.80,251.80,-31.65,-57.24,-59.84,56.29,-9.74,-0.82
2024/01/01 16:14:39.81,251.81,-31.65,-57.24,-59.84,56.23,-9.68,-0.82
2024/01/01 16:14:39.82,251.82,-31.65,-57.25,-59.84,56.21,-9.61,-0.84
2024/01/01 16:14:39.83,251.83,-31.64,-57.26,-59.84,56.23,-9.55,-0.85
2024/01/01 16:14:39.84,251.84,-31.64,-57.26,-59.84,56.24,-9.51,-0.85
2024/01/01 16:14:39.85,251.85,-31.64,-57.26,-59.84,56.25,-9.49,-0.88
2024/01/01 16:14:39.86,251.86,-31.63,-57.26,-59.84,56.25,-9.50,-0.90
2024/01/01 16:14:39.87,251.87,-31.63,-57.26,-59.83,56.25,-9.53,-0.88
2024/01/01 16:14:39.88,251.88,-31.63,-57.26,-59.83,56.27,-9.60,-0.85
2024/01/01 16:14:39.89,251.89,-31.63,-57.26,-59.82,56.28,-9.69,-0.83
2024/01/01 16:14:39.90,251.90,-31.63,-57.26,-59.82,56.27,-9.76,-0.82
2024/01/01 16:14:39.91,251.91,-31.64,-57.26,-59.83,56.26,-9.80,-0.82
2024/01/01 16:14:39.92,251.92,-31.64,-57.26,-59.83,56.25,-9.81,-0.82
2024/01/01 16:14:39.93,251.93,-31.64,-57.26,-59.83,56.27,-9.78,-0.82
2024/01/01 16:14:39.94,251.94,-31.64,-57.26,-59.83,56.31,-9.71,-0.85
2024/01/01 16:14:39.95,251.95,-31.64,-57.26,-59.83,56.35,-9.63,-0.87
2024/01/01 16:14:39.96,251.96,-31.64,-57.26,-59.83,56.37,-9.58,-0.85
2024/01/01 16:14:39.97,251.97,-31.64,-57.26,-59.82,56.37,-9.56,-0.83
2024/01/01 16:14:39.98,251.98,-31.64,-57.27,-59.82,56.35,-9.57,-0.81
2024/01/01 16:14:39.99,251.99,-31.64,-57.27,-59.81,56.31,-9.58,-0.81
2024/01/01 16:14:40.00,252.00,-31.64,-57.27,-59.81,56.27,-9.61,-0.81
2024/01/01 16:14:40.01,252.01,-31.64,-57.27,-59.81,56.24,-9.64,-0.81
2024/01/01 16:14:40.02,252.02,-31.64,-57.27,-59.81,56.22,-9.66,-0.81
2024/01/01 16:14:40.03,252.03,-31.64,-57.27,-59.81,56.21,-9.67,-0.82
2024/01/01 16:14:40.04,252.04,-31.64,-57.27,-59.82,56.20,-9.67,-0.82
2024/01/01 16:14:40.05,252.05,-31.64,-57.27,-59.82,56.21,-9.68,-0.83
2024/01/01 16:14:40.06,252.06,-31.64,-57.27,-59.82,56.23,-9.69,-0.84
2024/01/01 16:14:40.07,252.07,-31.65,-57.27,-59.82,56.26,-9.70,-0.85
2024/01/01 16:14:40.08,252.08,-31.65,-57.27,-59.81,56.29,-9.71,-0.84
2024/01/01 16:14:40.09,252.09,-31.65,-57.27,-59.81,56.31,-9.69,-0.84
2024/01/01 16:14:40.10,252.10,-31.65,-57.27,-59.81,56.33,-9.64,-0.84
2024/01/01 16:14:40.11,252.11,-31.64,-57.27,-59.82,56.32,-9.60,-0.82
2024/01/01 16:14:40.12,252.12,-31.63,-57.27,-59.82,56.30,-9.60,-0.81
2024/01/01 16:14:40.13,252.13,-31.63,-57.27,-59.82,56.29,-9.62,-0.80
2024/01/01 16:14:40.14,252.14,-31.64,-57.27,-59.81,56.27,-9.64,-0.82
2024/01/01 16:14:40.15,252.15,-31.63,-57.28,-59.82,56.26,-9.68,-0.85
2024/01/01 16:14:40.16,252.16,-31.63,-57.28,-59.82,56.27,-9.71,-0.86
2024/01/01 16:14:40.17,252.17,-31.62,-57.29,-59.82,56.28,-9.73,-0.83
2024/01/01 16:14:40.18,252.18,-31.62,-57.29,-59.82,56.29,-9.74,-0.81
2024/01/01 16:14:40.19,252.19,-31.61,-57.29,-59.82,56.31,-9.73,-0.83
2024/01/01 16:14:40.20,252.20,-31.61,-57.28,-59.82,56.31,-9.69,-0.85
2024/01/01 16:14:40.21,252.21,-31.62,-57.28,-59.82,56.32,-9.65,-0.84
2024/01/01 16:14:40.22,252.22,-31.62,-57.28,-59.81,56.32,-9.63,-0.86
2024/01/01 16:14:40.23,252.23,-31.62,-57.28,-59.81,56.31,-9.62,-0.88
2024/01/01 16:14:40.24,252.24,-31.62,-57.28,-59.81,56.31,-9.61,-0.85
2024/01/01 16:14:40.25,252.25,-31.62,-57.28,-59.81,56.31,-9.64,-0.80
2024/01/01 16:14:40.26,252.26,-31.61,-57.28,-59.80,56.32,-9.69,-0.77
2024/01/01 16:14:40.27,252.27,-31.61,-57.28,-59.80,56.33,-9.73,-0.75
2024/01/01 16:14:40.28,252.28,-31.61,-57.28,-59.80,56.36,-9.74,-0.75
2024/01/01 16:14:40.29,252.29,-31.61,-57.28,-59.80,56.37,-9.73,-0.79
2024/01/01 16:14:40.30,252.30,-31.60,-57.27,-59.80,56.36,-9.69,-0.84
2024/01/01 16:14:40.31,252.31,-31.60,-57.27,-59.80,56.33,-9.63,-0.87
2024/01/01 16:14:40.32,252.32,-31.60,-57.26,-59.80,56.29,-9.59,-0.86
2024/01/01 16:14:40.33,252.33,-31.61,-57.25,-59.80,56.26,-9.58,-0.84
2024/01/01 16:14:40.34,252.34,-31.62,-57.25,-59.79,56.27,-9.58,-0.83
2024/01/01 16:14:40.35,252.35,-31.62,-57.25,-59.79,56.30,-9.59,-0.82
2024/01/01 16:14:40.36,252.36,-31.63,-57.26,-59.78,56.32,-9.63,-0.79
2024/01/01 16:14:40.37,252.37,-31.63,-57.26,-59.78,56.30,-9.68,-0.76
2024/01/01 16:14:40.38,252.38,-31.62,-57.26,-59.77,56.27,-9.73,-0.75
2024/01/01 16:14:40.39,252.39,-31.62,-57.26,-59.77,56.26,-9.74,-0.76
2024/01/01 16:14:40.40,252.40,-31.63,-57.25,-59.77,56.27,-9.70,-0.78
2024/01/01 16:14:40.41,252.41,-31.63,-57.25,-59.77,56.32,-9.64,-0.80
2024/01/01 16:14:40.42,252.42,-31.64,-57.25,-59.77,56.35,-9.56,-0.80
2024/01/01 16:14:40.43,252.43,-31.64,-57.25,-59.77,56.35,-9.51,-0.80
2024/01/01 16:14:40.44,252.44,-31.64,-57.25,-59.77,56.31,-9.51,-0.80
2024/01/01 16:14:40.45,252.45,-31.63,-57.26,-59.77,56.28,-9.55,-0.77
2024/01/01 16:14:40.46,252.46,-31.62,-57.26,-59.77,56.27,-9.60,-0.74
2024/01/01 16:14:40.47,252.47,-31.62,-57.26,-59.77,56.28,-9.66,-0.74
2024/01/01 16:14:40.48,252.48,-31.62,-57.25,-59.77,56.30,-9.71,-0.78
2024/01/01 16:14:40.49,252.49,-31.62,-57.25,-59.78,56.32,-9.71,-0.81
2024/01/01 16:14:40.50,252.50,-31.62,-57.25,-59.78,56.31,-9.68,-0.81
2024/01/01 16:14:40.51,252.51,-31.62,-57.25,-59.78,56.29,-9.66,-0.81
2024/01/01 16:14:40.52,252.52,-31.62,-57.25,-59.78,56.26,-9.65,-0.82
2024/01/01 16:14:40.53,252.53,-31.62,-57.25,-59.79,56.26,-9.65,-0.81
2024/01/01 16:14:40.54,252.54,-31.62,-57.26,-59.78,56.27,-9.67,-0.80
2024/01/01 16:14:40.55,252.55,-31.62,-57.26,-59.78,56.29,-9.68,-0.79
2024/01/01 16:14:40.56,252.56,-31.62,-57.26,-59.78,56.31,-9.66,-0.80
2024/01/01 16:14:40.57,252.57,-31.62,-57.26,-59.78,56.32,-9.62,-0.81
2024/01/01 16:14:40.58,252.58,-31.62,-57.26,-59.77,56.31,-9.59,-0.82
2024/01/01 16:14:40.59,252.59,-31.62,-57.26,-59.77,56.30,-9.57,-0.81
2024/01/01 16:14:40.60,252.60,-31.62,-57.26,-59.77,56.29,-9.57,-0.79
2024/01/01 16:14:40.61,252.61,-31.62,-57.26,-59.77,56.30,-9.61,-0.78
2024/01/01 16:14:40.62,252.62,-31.62,-57.25,-59.77,56.32,-9.66,-0.77
2024/01/01 16:14:40.63,252.63,-31.62,-57.25,-59.77,56.33,-9.70,-0.77
2024/01/01 16:14:40.64,252.64,-31.62,-57.26,-59.77,56.34,-9.70,-0.79
2024/01/01 16:14:40.65,252.65,-31.62,-57.26,-59.77,56.34,-9.67,-0.81
2024/01/01 16:14:40.66,252.66,-31.62,-57.26,-59.76,56.34,-9.65,-0.80
2024/01/01 16:14:40.67,252.67,-31.61,-57.26,-59.76,56.35,-9.64,-0.78
2024/01/01 16:14:40.68,252.68,-31.61,-57.26,-59.76,56.35,-9.63,-0.76
2024/01/01 16:14:40.69,252.69,-31.61,-57.27,-59.76,56.33,-9.62,-0.76
2024/01/01 16:14:40.70,252.70,-31.61,-57.26,-59.76,56.29,-9.61,-0.75
2024/01/01 16:14:40.71,252.71,-31.62,-57.26,-59.77,56.26,-9.60,-0.76
2024/01/01 16:14:40.72,252.72,-31.62,-57.26,-59.76,56.25,-9.60,-0.78
2024/01/01 16:14:40.73,252.73,-31.62,-57.26,-59.76,56.25,-9.62,-0.81
2024/01/01 16:14:40.74,252.74,-31.62,-57.26,-59.76,56.26,-9.64,-0.82
2024/01/01 16:14:40.75,252.75,-31.62,-57.26,-59.76,56.27,-9.67,-0.81
2024/01/01 16:14:40.76,252.76,-31.61,-57.26,-59.76,56.29,-9.69,-0.79
2024/01/01 16:14:40.77,252.77,-31.62,-57.26,-59.75,56.29,-9.69,-0.76
2024/01/01 16:14:40.78,252.78,-31.62,-57.26,-59.75,56.31,-9.67,-0.76
2024/01/01 16:14:40.79,252.79,-31.62,-57.26,-59.75,56.33,-9.64,-0.76
2024/01/01 16:14:40.80,252.80,-31.63,-57.26,-59.75,56.34,-9.61,-0.75
2024/01/01 16:14:40.81,252.81,-31.63,-57.26,-59.74,56.33,-9.61,-0.72
2024/01/01 16:14:40.82,252.82,-31.63,-57.26,-59.74,56.32,-9.64,-0.71
2024/01/01 16:14:40.83,252.83,-31.63,-57.27,-59.74,56.32,-9.66,-0.74
2024/01/01 16:14:40.84,252.84,-31.63,-57.27,-59.74,56.33,-9.66,-0.77
2024/01/01 16:14:40.85,252.85,-31.63,-57.27,-59.74,56.34,-9.66,-0.76
2024/01/01 16:14:40.86,252.86,-31.62,-57.27,-59.73,56.32,-9.64,-0.75
2024/01/01 16:14:40.87,252.87,-31.61,-57.27,-59.73,56.29,-9.61,-0.77
2024/01/01 16:14:40.88,252.88,-31.61,-57.27,-59.74,56.27,-9.60,-0.78
2024/01/01 16:14:40.89,252.89,-31.61,-57.26,-59.74,56.26,-9.61,-0.77
2024/01/01 16:14:40.90,252.90,-31.61,-57.26,-59.74,56.27,-9.65,-0.76
2024/01/01 16:14:40.91,252.91,-31.62,-57.26,-59.74,56.28,-9.68,-0.75
2024/01/01 16:14:40.92,252.92,-31.63,-57.26,-59.74,56.27,-9.69,-0.78
2024/01/01 16:14:40.93,252.93,-31.64,-57.26,-59.74,56.27,-9.67,-0.79
2024/01/01 16:14:40.94,252.94,-31.64,-57.26,-59.75,56.28,-9.64,-0.77
2024/01/01 16:14:40.95,252.95,-31.64,-57.25,-59.75,56.30,-9.60,-0.74
2024/01/01 16:14:40.96,252.96,-31.63,-57.25,-59.75,56.34,-9.59,-0.73
2024/01/01 16:14:40.97,252.97,-31.62,-57.25,-59.75,56.38,-9.61,-0.74
2024/01/01 16:14:40.98,252.98,-31.62,-57.25,-59.75,56.39,-9.63,-0.75
2024/01/01 16:14:40.99,252.99,-31.62,-57.26,-59.75,56.37,-9.64,-0.77
2024/01/01 16:14:41.00,253.00,-31.62,-57.26,-59.75,56.34,-9.66,-0.79
2024/01/01 16:14:41.01,253.01,-31.63,-57.27,-59.75,56.29,-9.67,-0.80
2024/01/01 16:14:41.02,253.02,-31.63,-57.27,-59.75,56.26,-9.69,-0.79
2024/01/01 16:14:41.03,253.03,-31.62,-57.28,-59.75,56.24,-9.68,-0.77
2024/01/01 16:14:41.04,253.04,-31.61,-57.28,-59.75,56.25,-9.66,-0.76
2024/01/01 16:14:41.05,253.05,-31.61,-57.28,-59.75,56.26,-9.63,-0.74
2024/01/01 16:14:41.06,253.06,-31.61,-57.27,-59.76,56.27,-9.61,-0.73
2024/01/01 16:14:41.07,253.07,-31.61,-57.26,-59.76,56.29,-9.59,-0.74
2024/01/01 16:14:41.08,253.08,-31.61,-57.26,-59.76,56.30,-9.58,-0.77
2024/01/01 16:14:41.09,253.09,-31.61,-57.26,-59.76,56.30,-9.59,-0.80
2024/01/01 16:14:41.10,253.10,-31.61,-57.26,-59.76,56.31,-9.63,-0.82
2024/01/01 16:14:41.11,253.11,-31.61,-57.26,-59.76,56.32,-9.67,-0.82
2024/01/01 16:14:41.12,253.12,-31.61,-57.25,-59.76,56.34,-9.70,-0.81
2024/01/01 16:14:41.13,253.13,-31.60,-57.25,-59.77,56.37,-9.71,-0.79
2024/01/01 16:14:41.14,253.14,-31.60,-57.25,-59.77,56.39,-9.69,-0.77
2024/01/01 16:14:41.15,253.15,-31.60,-57.25,-59.77,56.39,-9.67,-0.76
2024/01/01 16:14:41.16,253.16,-31.60,-57.24,-59.76,56.37,-9.64,-0.76
2024/01/01 16:14:41.17,253.17,-31.61,-57.25,-59.76,56.35,-9.61,-0.77
2024/01/01 16:14:41.18,253.18,-31.61,-57.25,-59.76,56.32,-9.60,-0.80
2024/01/01 16:14:41.19,253.19,-31.61,-57.26,-59.76,56.32,-9.60,-0.79
2024/01/01 16:14:41.20,253.20,-31.60,-57.26,-59.76,56.32,-9.60,-0.77
2024/01/01 16:14:41.21,253.21,-31.60,-57.27,-59.75,56.31,-9.59,-0.76
2024/01/01 16:14:41.22,253.22,-31.60,-57.27,-59.75,56.31,-9.59,-0.76
2024/01/01 16:14:41.23,253.23,-31.60,-57.27,-59.75,56.30,-9.60,-0.77
2024/01/01 16:14:41.24,253.24,-31.61,-57.26,-59.75,56.29,-9.62,-0.77
2024/01/01 16:14:41.25,253.25,-31.61,-57.26,-59.76,56.28,-9.63,-0.76
2024/01/01 16:14:41.26,253.26,-31.61,-57.25,-59.76,56.26,-9.64,-0.77
2024/01/01 16:14:41.27,253.27,-31.61,-57.25,-59.76,56.27,-9.66,-0.79
2024/01/01 16:14:41.28,253.28,-31.61,-57.25,-59.76,56.30,-9.67,-0.79
2024/01/01 16:14:41.29,253.29,-31.60,-57.26,-59.77,56.35,-9.68,-0.78
2024/01/01 16:14:41.30,253.30,-31.60,-57.26,-59.77,56.39,-9.68,-0.79
2024/01/01 16:14:41.31,253.31,-31.60,-57.27,-59.78,56.40,-9.66,-0.80
2024/01/01 16:14:41.32,253.32,-31.61,-57.26,-59.79,56.36,-9.64,-0.80
2024/01/01 16:14:41.33,253.33,-31.61,-57.27,-59.79,56.31,-9.61,-0.79
2024/01/01 16:14:41.34,253.34,-31.62,-57.26,-59.78,56.26,-9.60,-0.79
2024/01/01 16:14:41.35,253.35,-31.62,-57.26,-59.78,56.26,-9.59,-0.80
2024/01/01 16:14:41.36,253.36,-31.61,-57.26,-59.78,56.27,-9.61,-0.81
2024/01/01 16:14:41.37,253.37,-31.61,-57.26,-59.78,56.28,-9.64,-0.81
2024/01/01 16:14:41.38,253.38,-31.61,-57.25,-59.78,56.27,-9.67,-0.80
2024/01/01 16:14:41.39,253.39,-31.61,-57.26,-59.78,56.27,-9.69,-0.79
2024/01/01 16:14:41.40,253.40,-31.60,-57.26,-59.78,56.29,-9.71,-0.80
2024/01/01 16:14:41.41,253.41,-31.60,-57.26,-59.78,56.32,-9.71,-0.81
2024/01/01 16:14:41.42,253.42,-31.59,-57.26,-59.79,56.36,-9.69,-0.79
2024/01/01 16:14:41.43,253.43,-31.59,-57.26,-59.79,56.37,-9.67,-0.80
2024/01/01 16:14:41.44,253.44,-31.59,-57.25,-59.80,56.35,-9.65,-0.82
2024/01/01 16:14:41.45,253.45,-31.59,-57.24,-59.80,56.32,-9.61,-0.82
2024/01/01 16:14:41.46,253.46,-31.58,-57.24,-59.81,56.32,-9.58,-0.82
2024/01/01 16:14:41.47,253.47,-31.58,-57.24,-59.81,56.34,-9.56,-0.83
2024/01/01 16:14:41.48,253.48,-31.57,-57.23,-59.81,56.37,-9.56,-0.84
2024/01/01 16:14:41.49,253.49,-31.57,-57.24,-59.82,56.39,-9.57,-0.85
2024/01/01 16:14:41.50,253.50,-31.57,-57.24,-59.82,56.38,-9.60,-0.84
2024/01/01 16:14:41.51,253.51,-31.57,-57.24,-59.82,56.36,-9.62,-0.83
2024/01/01 16:14:41.52,253.52,-31.58,-57.24,-59.82,56.33,-9.62,-0.83
2024/01/01 16:14:41.53,253.53,-31.57,-57.24,-59.83,56.33,-9.63,-0.85
2024/01/01 16:14:41.54,253.54,-31.57,-57.24,-59.83,56.35,-9.63,-0.86
2024/01/01 16:14:41.55,253.55,-31.56,-57.24,-59.84,56.37,-9.62,-0.86
2024/01/01 16:14:41.56,253.56,-31.56,-57.24,-59.84,56.37,-9.61,-0.85
2024/01/01 16:14:41.57,253.57,-31.55,-57.25,-59.84,56.36,-9.58,-0.87
2024/01/01 16:14:41.58,253.58,-31.55,-57.25,-59.84,56.35,-9.57,-0.88
2024/01/01 16:14:41.59,253.59,-31.55,-57.25,-59.84,56.34,-9.57,-0.87
2024/01/01 16:14:41.60,253.60,-31.55,-57.25,-59.84,56.32,-9.62,-0.85
2024/01/01 16:14:41.61,253.61,-31.56,-57.26,-59.84,56.31,-9.66,-0.86
2024/01/01 16:14:41.62,253.62,-31.56,-57.26,-59.83,56.31,-9.68,-0.86
2024/01/01 16:14:41.63,253.63,-31.57,-57.26,-59.83,56.32,-9.68,-0.86
2024/01/01 16:14:41.64,253.64,-31.57,-57.26,-59.83,56.36,-9.67,-0.84
2024/01/01 16:14:41.65,253.65,-31.57,-57.26,-59.84,56.40,-9.64,-0.84
2024/01/01 16:14:41.66,253.66,-31.57,-57.26,-59.84,56.43,-9.62,-0.85
2024/01/01 16:14:41.67,253.67,-31.57,-57.25,-59.84,56.43,-9.62,-0.84
2024/01/01 16:14:41.68,253.68,-31.57,-57.25,-59.84,56.41,-9.65,-0.84
2024/01/01 16:14:41.69,253.69,-31.56,-57.26,-59.84,56.37,-9.69,-0.86
2024/01/01 16:14:41.70,253.70,-31.57,-57.26,-59.84,56.34,-9.72,-0.87
2024/01/01 16:14:41.71,253.71,-31.57,-57.26,-59.84,56.32,-9.71,-0.87
2024/01/01 16:14:41.72,253.72,-31.57,-57.26,-59.84,56.32,-9.70,-0.87
2024/01/01 16:14:41.73,253.73,-31.57,-57.26,-59.84,56.32,-9.67,-0.87
2024/01/01 16:14:41.74,253.74,-31.57,-57.26,-59.84,56.32,-9.62,-0.85
2024/01/01 16:14:41.75,253.75,-31.56,-57.26,-59.84,56.32,-9.56,-0.83
2024/01/01 16:14:41.76,253.76,-31.56,-57.26,-59.85,56.31,-9.53,-0.83
2024/01/01 16:14:41.77,253.77,-31.56,-57.25,-59.85,56.30,-9.53,-0.85
2024/01/01 16:14:41.78,253.78,-31.56,-57.25,-59.85,56.30,-9.55,-0.87
2024/01/01 16:14:41.79,253.79,-31.56,-57.25,-59.86,56.31,-9.59,-0.89
2024/01/01 16:14:41.80,253.80,-31.56,-57.25,-59.86,56.35,-9.64,-0.90
2024/01/01 16:14:41.81,253.81,-31.55,-57.25,-59.87,56.39,-9.68,-0.90
2024/01/01 16:14:41.82,253.82,-31.55,-57.25,-59.88,56.42,-9.70,-0.89
2024/01/01 16:14:41.83,253.83,-31.54,-57.25,-59.88,56.43,-9.69,-0.90
2024/01/01 16:14:41.84,253.84,-31.53,-57.25,-59.88,56.42,-9.68,-0.90
2024/01/01 16:14:41.85,253.85,-31.53,-57.25,-59.88,56.41,-9.66,-0.91
2024/01/01 16:14:41.86,253.86,-31.53,-57.25,-59.89,56.39,-9.64,-0.90
2024/01/01 16:14:41.87,253.87,-31.53,-57.25,-59.88,56.38,-9.62,-0.89
2024/01/01 16:14:41.88,253.88,-31.53,-57.26,-59.88,56.37,-9.59,-0.90
2024/01/01 16:14:41.89,253.89,-31.53,-57.26,-59.89,56.35,-9.56,-0.91
2024/01/01 16:14:41.90,253.90,-31.52,-57.27,-59.89,56.34,-9.55,-0.91
2024/01/01 16:14:41.91,253.91,-31.53,-57.27,-59.89,56.34,-9.57,-0.90
2024/01/01 16:14:41.92,253.92,-31.53,-57.28,-59.89,56.38,-9.62,-0.90
2024/01/01 16:14:41.93,253.93,-31.54,-57.28,-59.89,56.42,-9.66,-0.92
2024/01/01 16:14:41.94,253.94,-31.54,-57.27,-59.89,56.44,-9.69,-0.94
2024/01/01 16:14:41.95,253.95,-31.53,-57.27,-59.89,56.43,-9.70,-0.92
2024/01/01 16:14:41.96,253.96,-31.52,-57.27,-59.89,56.40,-9.71,-0.91
2024/01/01 16:14:41.97,253.97,-31.52,-57.27,-59.89,56.38,-9.70,-0.90
2024/01/01 16:14:41.98,253.98,-31.52,-57.27,-59.89,56.37,-9.68,-0.88
2024/01/01 16:14:41.99,253.99,-31.52,-57.28,-59.89,56.39,-9.65,-0.88
2024/01/01 16:14:42.00,254.00,-31.52,-57.28,-59.89,56.42,-9.65,-0.91
2024/01/01 16:14:42.01,254.01,-31.52,-57.28,-59.89,56.41,-9.66,-0.92
2024/01/01 16:14:42.02,254.02,-31.52,-57.28,-59.89,56.37,-9.67,-0.93
2024/01/01 16:14:42.03,254.03,-31.52,-57.27,-59.89,56.34,-9.68,-0.93
2024/01/01 16:14:42.04,254.04,-31.53,-57.27,-59.88,56.34,-9.69,-0.93
2024/01/01 16:14:42.05,254.05,-31.53,-57.27,-59.88,56.37,-9.67,-0.91
2024/01/01 16:14:42.06,254.06,-31.53,-57.27,-59.89,56.42,-9.64,-0.90
2024/01/01 16:14:42.07,254.07,-31.53,-57.27,-59.89,56.46,-9.61,-0.90
2024/01/01 16:14:42.08,254.08,-31.53,-57.28,-59.89,56.48,-9.60,-0.89
2024/01/01 16:14:42.09,254.09,-31.53,-57.28,-59.89,56.44,-9.60,-0.89
2024/01/01 16:14:42.10,254.10,-31.53,-57.28,-59.89,56.38,-9.61,-0.90
2024/01/01 16:14:42.11,254.11,-31.53,-57.28,-59.89,56.35,-9.63,-0.92
2024/01/01 16:14:42.12,254.12,-31.53,-57.28,-59.89,56.34,-9.66,-0.92
2024/01/01 16:14:42.13,254.13,-31.53,-57.27,-59.88,56.35,-9.66,-0.91
2024/01/01 16:14:42.14,254.14,-31.53,-57.28,-59.88,56.37,-9.65,-0.93
2024/01/01 16:14:42.15,254.15,-31.52,-57.28,-59.88,56.38,-9.62,-0.93
2024/01/01 16:14:42.16,254.16,-31.52,-57.28,-59.88,56.37,-9.62,-0.91
2024/01/01 16:14:42.17,254.17,-31.52,-57.28,-59.88,56.37,-9.63,-0.88
2024/01/01 16:14:42.18,254.18,-31.52,-57.28,-59.88,56.39,-9.64,-0.88
2024/01/01 16:14:42.19,254.19,-31.52,-57.28,-59.89,56.43,-9.66,-0.89
2024/01/01 16:14:42.20,254.20,-31.52,-57.28,-59.89,56.46,-9.69,-0.90
2024/01/01 16:14:42.21,254.21,-31.52,-57.27,-59.89,56.47,-9.72,-0.91
2024/01/01 16:14:42.22,254.22,-31.52,-57.27,-59.89,56.45,-9.73,-0.91
2024/01/01 16:14:42.23,254.23,-31.51,-57.27,-59.89,56.40,-9.71,-0.92
2024/01/01 16:14:42.24,254.24,-31.51,-57.27,-59.90,56.35,-9.66,-0.92
2024/01/01 16:14:42.25,254.25,-31.51,-57.27,-59.90,56.35,-9.62,-0.91
2024/01/01 16:14:42.26,254.26,-31.51,-57.27,-59.90,56.38,-9.59,-0.90
2024/01/01 16:14:42.27,254.27,-31.51,-57.26,-59.89,56.42,-9.58,-0.91
2024/01/01 16:14:42.28,254.28,-31.52,-57.26,-59.89,56.44,-9.59,-0.95
2024/01/01 16:14:42.29,254.29,-31.53,-57.26,-59.89,56.44,-9.62,-0.97
2024/01/01 16:14:42.30,254.30,-31.53,-57.26,-59.89,56.42,-9.66,-0.95
2024/01/01 16:14:42.31,254.31,-31.52,-57.26,-59.89,56.40,-9.69,-0.91
2024/01/01 16:14:42.32,254.32,-31.52,-57.26,-59.88,56.39,-9.69,-0.87
2024/01/01 16:14:42.33,254.33,-31.53,-57.25,-59.88,56.39,-9.65,-0.86
2024/01/01 16:14:42.34,254.34,-31.53,-57.24,-59.88,56.41,-9.62,-0.87
2024/01/01 16:14:42.35,254.35,-31.53,-57.24,-59.88,56.43,-9.60,-0.88
2024/01/01 16:14:42.36,254.36,-31.53,-57.24,-59.88,56.42,-9.58,-0.89
2024/01/01 16:14:42.37,254.37,-31.53,-57.24,-59.88,56.39,-9.57,-0.91
2024/01/01 16:14:42.38,254.38,-31.52,-57.24,-59.88,56.36,-9.58,-0.92
2024/01/01 16:14:42.39,254.39,-31.52,-57.24,-59.88,56.34,-9.60,-0.93
2024/01/01 16:14:42.40,254.40,-31.52,-57.24,-59.89,56.36,-9.61,-0.92
2024/01/01 16:14:42.41,254.41,-31.53,-57.23,-59.89,56.39,-9.61,-0.90
2024/01/01 16:14:42.42,254.42,-31.53,-57.23,-59.89,56.41,-9.61,-0.89
2024/01/01 16:14:42.43,254.43,-31.53,-57.23,-59.88,56.39,-9.60,-0.90
2024/01/01 16:14:42.44,254.44,-31.53,-57.22,-59.88,56.36,-9.58,-0.92
2024/01/01 16:14:42.45,254.45,-31.53,-57.22,-59.88,56.34,-9.58,-0.93
2024/01/01 16:14:42.46,254.46,-31.52,-57.22,-59.89,56.35,-9.59,-0.91
2024/01/01 16:14:42.47,254.47,-31.52,-57.23,-59.90,56.39,-9.60,-0.88
2024/01/01 16:14:42.48,254.48,-31.52,-57.23,-59.90,56.43,-9.62,-0.88
2024/01/01 16:14:42.49,254.49,-31.53,-57.24,-59.90,56.43,-9.63,-0.91
2024/01/01 16:14:42.50,254.50,-31.54,-57.23,-59.91,56.42,-9.61,-0.95
2024/01/01 16:14:42.51,254.51,-31.55,-57.23,-59.91,56.39,-9.59,-0.97
2024/01/01 16:14:42.52,254.52,-31.55,-57.22,-59.90,56.38,-9.58,-0.97
2024/01/01 16:14:42.53,254.53,-31.55,-57.22,-59.90,56.38,-9.57,-0.95
2024/01/01 16:14:42.54,254.54,-31.54,-57.21,-59.90,56.37,-9.57,-0.93
2024/01/01 16:14:42.55,254.55,-31.54,-57.21,-59.89,56.36,-9.58,-0.90
2024/01/01 16:14:42.56,254.56,-31.53,-57.21,-59.88,56.36,-9.60,-0.86
2024/01/01 16:14:42.57,254.57,-31.53,-57.21,-59.88,56.35,-9.63,-0.85
2024/01/01 16:14:42.58,254.58,-31.53,-57.22,-59.88,56.36,-9.64,-0.87
2024/01/01 16:14:42.59,254.59,-31.54,-57.23,-59.89,56.36,-9.63,-0.89
2024/01/01 16:14:42.60,254.60,-31.55,-57.23,-59.89,56.35,-9.62,-0.90
2024/01/01 16:14:42.61,254.61,-31.55,-57.22,-59.90,56.32,-9.60,-0.94
2024/01/01 16:14:42.62,254.62,-31.55,-57.21,-59.90,56.32,-9.59,-0.97
2024/01/01 16:14:42.63,254.63,-31.55,-57.21,-59.91,56.33,-9.57,-0.95
2024/01/01 16:14:42.64,254.64,-31.56,-57.20,-59.92,56.35,-9.56,-0.93
2024/01/01 16:14:42.65,254.65,-31.56,-57.20,-59.91,56.38,-9.54,-0.91
2024/01/01 16:14:42.66,254.66,-31.56,-57.20,-59.91,56.39,-9.52,-0.92
2024/01/01 16:14:42.67,254.67,-31.56,-57.19,-59.91,56.40,-9.53,-0.93
2024/01/01 16:14:42.68,254.68,-31.55,-57.19,-59.91,56.40,-9.56,-0.93
2024/01/01 16:14:42.69,254.69,-31.56,-57.19,-59.92,56.39,-9.60,-0.91
2024/01/01 16:14:42.70,254.70,-31.55,-57.19,-59.92,56.36,-9.65,-0.91
2024/01/01 16:14:42.71,254.71,-31.55,-57.19,-59.92,56.31,-9.68,-0.95
2024/01/01 16:14:42.72,254.72,-31.56,-57.19,-59.92,56.29,-9.66,-0.97
2024/01/01 16:14:42.73,254.73,-31.56,-57.20,-59.92,56.29,-9.62,-0.97
2024/01/01 16:14:42.74,254.74,-31.56,-57.20,-59.93,56.32,-9.56,-0.95
2024/01/01 16:14:42.75,254.75,-31.56,-57.20,-59.93,56.35,-9.51,-0.94
2024/01/01 16:14:42.76,254.76,-31.56,-57.20,-59.93,56.35,-9.49,-0.93
2024/01/01 16:14:42.77,254.77,-31.56,-57.20,-59.93,56.34,-9.49,-0.92
2024/01/01 16:14:42.78,254.78,-31.56,-57.20,-59.93,56.32,-9.50,-0.93
2024/01/01 16:14:42.79,254.79,-31.57,-57.20,-59.93,56.33,-9.52,-0.95
2024/01/01 16:14:42.80,254.80,-31.57,-57.19,-59.94,56.35,-9.55,-0.99
2024/01/01 16:14:42.81,254.81,-31.57,-57.19,-59.94,56.37,-9.58,-1.01
2024/01/01 16:14:42.82,254.82,-31.58,-57.19,-59.94,56.36,-9.60,-0.99
2024/01/01 16:14:42.83,254.83,-31.58,-57.20,-59.94,56.33,-9.62,-0.96
2024/01/01 16:14:42.84,254.84,-31.57,-57.21,-59.94,56.31,-9.63,-0.93
2024/01/01 16:14:42.85,254.85,-31.56,-57.21,-59.93,56.31,-9.63,-0.92
2024/01/01 16:14:42.86,254.86,-31.56,-57.20,-59.94,56.34,-9.63,-0.92
2024/01/01 16:14:42.87,254.87,-31.56,-57.20,-59.94,56.35,-9.61,-0.93
2024/01/01 16:14:42.88,254.88,-31.57,-57.19,-59.94,56.34,-9.58,-0.96
2024/01/01 16:14:42.89,254.89,-31.58,-57.19,-59.94,56.32,-9.55,-0.98
2024/01/01 16:14:42.90,254.90,-31.58,-57.20,-59.94,56.31,-9.54,-0.99
2024/01/01 16:14:42.91,254.91,-31.58,-57.20,-59.94,56.30,-9.55,-0.98
2024/01/01 16:14:42.92,254.92,-31.57,-57.20,-59.94,56.32,-9.58,-0.96
2024/01/01 16:14:42.93,254.93,-31.57,-57.19,-59.94,56.34,-9.62,-0.96
2024/01/01 16:14:42.94,254.94,-31.57,-57.19,-59.94,56.35,-9.64,-0.95
2024/01/01 16:14:42.95,254.95,-31.57,-57.18,-59.94,56.35,-9.65,-0.93
2024/01/01 16:14:42.96,254.96,-31.57,-57.18,-59.94,56.33,-9.62,-0.95
2024/01/01 16:14:42.97,254.97,-31.57,-57.19,-59.94,56.31,-9.57,-0.98
2024/01/01 16:14:42.98,254.98,-31.57,-57.19,-59.94,56.29,-9.52,-0.98
2024/01/01 16:14:42.99,254.99,-31.57,-57.19,-59.94,56.27,-9.51,-0.98
2024/01/01 16:14:43.00,255.00,-31.57,-57.18,-59.94,56.27,-9.52,-0.98
2024/01/01 16:14:43.01,255.01,-31.57,-57.18,-59.94,56.29,-9.53,-0.96
2024/01/01 16:14:43.02,255.02,-31.58,-57.18,-59.93,56.32,-9.53,-0.93
2024/01/01 16:14:43.03,255.03,-31.58,-57.19,-59.93,56.35,-9.52,-0.92
2024/01/01 16:14:43.04,255.04,-31.59,-57.19,-59.93,56.36,-9.52,-0.93
2024/01/01 16:14:43.05,255.05,-31.58,-57.19,-59.93,56.37,-9.53,-0.95
2024/01/01 16:14:43.06,255.06,-31.58,-57.19,-59.94,56.36,-9.55,-0.95
2024/01/01 16:14:43.07,255.07,-31.58,-57.18,-59.94,56.34,-9.58,-0.94
2024/01/01 16:14:43.08,255.08,-31.58,-57.18,-59.94,56.32,-9.60,-0.93
2024/01/01 16:14:43.09,255.09,-31.59,-57.18,-59.94,56.31,-9.60,-0.94
2024/01/01 16:14:43.10,255.10,-31.59,-57.18,-59.94,56.31,-9.59,-0.95
2024/01/01 16:14:43.11,255.11,-31.58,-57.18,-59.94,56.32,-9.58,-0.96
2024/01/01 16:14:43.12,255.12,-31.58,-57.18,-59.95,56.32,-9.57,-0.97
2024/01/01 16:14:43.13,255.13,-31.58,-57.18,-59.95,56.32,-9.56,-0.97
2024/01/01 16:14:43.14,255.14,-31.58,-57.18,-59.95,56.29,-9.55,-0.96
2024/01/01 16:14:43.15,255.15,-31.58,-57.18,-59.95,56.27,-9.55,-0.96
2024/01/01 16:14:43.16,255.16,-31.57,-57.18,-59.95,56.26,-9.55,-0.98
2024/01/01 16:14:43.17,255.17,-31.57,-57.18,-59.96,56.26,-9.53,-0.99
2024/01/01 16:14:43.18,255.18,-31.57,-57.18,-59.96,56.26,-9.52,-0.99
2024/01/01 16:14:43.19,255.19,-31.58,-57.18,-59.96,56.28,-9.54,-0.99
2024/01/01 16:14:43.20,255.20,-31.58,-57.18,-59.96,56.30,-9.57,-1.00
2024/01/01 16:14:43.21,255.21,-31.58,-57.18,-59.97,56.33,-9.60,-1.00
2024/01/01 16:14:43.22,255.22,-31.58,-57.18,-59.97,56.34,-9.64,-0.98
2024/01/01 16:14:43.23,255.23,-31.58,-57.18,-59.96,56.34,-9.66,-0.95
2024/01/01 16:14:43.24,255.24,-31.59,-57.18,-59.95,56.33,-9.64,-0.94
2024/01/01 16:14:43.25,255.25,-31.59,-57.18,-59.95,56.33,-9.58,-0.96
2024/01/01 16:14:43.26,255.26,-31.59,-57.18,-59.95,56.36,-9.51,-0.97
2024/01/01 16:14:43.27,255.27,-31.59,-57.17,-59.94,56.39,-9.46,-0.97
2024/01/01 16:14:43.28,255.28,-31.58,-57.17,-59.94,56.39,-9.45,-0.95
2024/01/01 16:14:43.29,255.29,-31.58,-57.17,-59.94,56.36,-9.47,-0.94
2024/01/01 16:14:43.30,255.30,-31.58,-57.16,-59.94,56.31,-9.52,-0.95
2024/01/01 16:14:43.31,255.31,-31.57,-57.16,-59.95,56.27,-9.56,-0.93
2024/01/01 16:14:43.32,255.32,-31.58,-57.15,-59.95,56.27,-9.57,-0.93
2024/01/01 16:14:43.33,255.33,-31.58,-57.15,-59.95,56.28,-9.56,-0.96
2024/01/01 16:14:43.34,255.34,-31.58,-57.15,-59.96,56.31,-9.53,-0.99
2024/01/01 16:14:43.35,255.35,-31.58,-57.15,-59.96,56.32,-9.51,-1.01
2024/01/01 16:14:43.36,255.36,-31.57,-57.17,-59.97,56.31,-9.51,-1.03
2024/01/01 16:14:43.37,255.37,-31.57,-57.18,-59.98,56.29,-9.53,-1.01
2024/01/01 16:14:43.38,255.38,-31.57,-57.19,-59.98,56.28,-9.55,-0.98
2024/01/01 16:14:43.39,255.39,-31.58,-57.19,-59.98,56.29,-9.55,-0.98
2024/01/01 16:14:43.40,255.40,-31.59,-57.19,-59.98,56.30,-9.54,-0.99
2024/01/01 16:14:43.41,255.41,-31.60,-57.19,-59.97,56.32,-9.53,-1.00
2024/01/01 16:14:43.42,255.42,-31.60,-57.18,-59.97,56.32,-9.53,-1.00
2024/01/01 16:14:43.43,255.43,-31.60,-57.17,-59.97,56.30,-9.54,-0.99
2024/01/01 16:14:43.44,255.44,-31.59,-57.16,-59.97,56.29,-9.55,-0.97
2024/01/01 16:14:43.45,255.45,-31.59,-57.16,-59.96,56.28,-9.57,-0.94
2024/01/01 16:14:43.46,255.46,-31.59,-57.15,-59.95,56.30,-9.60,-0.94
2024/01/01 16:14:43.47,255.47,-31.59,-57.16,-59.95,56.33,-9.64,-0.97
2024/01/01 16:14:43.48,255.48,-31.59,-57.16,-59.95,56.36,-9.67,-0.98
2024/01/01 16:14:43.49,255.49,-31.59,-57.17,-59.95,56.33,-9.67,-0.97
2024/01/01 16:14:43.50,255.50,-31.59,-57.17,-59.95,56.27,-9.66,-0.98
2024/01/01 16:14:43.51,255.51,-31.59,-57.18,-59.95,56.22,-9.62,-0.99
2024/01/01 16:14:43.52,255.52,-31.59,-57.18,-59.95,56.21,-9.56,-0.98
2024/01/01 16:14:43.53,255.53,-31.58,-57.18,-59.96,56.25,-9.50,-0.95
2024/01/01 16:14:43.54,255.54,-31.58,-57.17,-59.96,56.31,-9.45,-0.93
2024/01/01 16:14:43.55,255.55,-31.58,-57.17,-59.96,56.34,-9.40,-0.94
2024/01/01 16:14:43.56,255.56,-31.58,-57.16,-59.96,56.35,-9.38,-0.99
2024/01/01 16:14:43.57,255.57,-31.58,-57.15,-59.96,56.33,-9.40,-1.02
2024/01/01 16:14:43.58,255.58,-31.58,-57.15,-59.97,56.30,-9.46,-1.01
2024/01/01 16:14:43.59,255.59,-31.57,-57.15,-59.97,56.29,-9.54,-0.98
2024/01/01 16:14:43.60,255.60,-31.57,-57.15,-59.97,56.32,-9.62,-0.96
2024/01/01 16:14:43.61,255.61,-31.56,-57.15,-59.97,56.35,-9.66,-0.96
2024/01/01 16:14:43.62,255.62,-31.57,-57.15,-59.97,56.39,-9.65,-0.99
2024/01/01 16:14:43.63,255.63,-31.57,-57.15,-59.98,56.42,-9.59,-1.02
2024/01/01 16:14:43.64,255.64,-31.57,-57.16,-59.98,56.41,-9.49,-1.02
2024/01/01 16:14:43.65,255.65,-31.57,-57.16,-59.98,56.35,-9.42,-1.00
2024/01/01 16:14:43.66,255.66,-31.58,-57.17,-59.98,56.29,-9.39,-0.98
2024/01/01 16:14:43.67,255.67,-31.58,-57.18,-59.98,56.27,-9.40,-0.98
2024/01/01 16:14:43.68,255.68,-31.58,-57.19,-59.97,56.28,-9.45,-0.98
2024/01/01 16:14:43.69,255.69,-31.58,-57.20,-59.97,56.32,-9.53,-0.98
2024/01/01 16:14:43.70,255.70,-31.59,-57.21,-59.97,56.36,-9.60,-0.98
2024/01/01 16:14:43.71,255.71,-31.60,-57.20,-59.97,56.37,-9.65,-0.99
2024/01/01 16:14:43.72,255.72,-31.60,-57.19,-59.97,56.34,-9.66,-1.01
2024/01/01 16:14:43.73,255.73,-31.61,-57.18,-59.97,56.30,-9.67,-0.99
2024/01/01 16:14:43.74,255.74,-31.61,-57.17,-59.97,56.26,-9.67,-0.94
2024/01/01 16:14:43.75,255.75,-31.60,-57.17,-59.96,56.24,-9.68,-0.95
2024/01/01 16:14:43.76,255.76,-31.60,-57.17,-59.95,56.24,-9.69,-0.97
2024/01/01 16:14:43.77,255.77,-31.60,-57.17,-59.95,56.25,-9.68,-0.99
2024/01/01 16:14:43.78,255.78,-31.61,-57.18,-59.96,56.25,-9.66,-1.00
2024/01/01 16:14:43.79,255.79,-31.62,-57.19,-59.96,56.25,-9.62,-0.99
2024/01/01 16:14:43.80,255.80,-31.63,-57.20,-59.96,56.24,-9.56,-0.97
2024/01/01 16:14:43.81,255.81,-31.62,-57.21,-59.96,56.21,-9.50,-0.97
2024/01/01 16:14:43.82,255.82,-31.62,-57.21,-59.95,56.19,-9.47,-0.97
2024/01/01 16:14:43.83,255.83,-31.62,-57.21,-59.95,56.20,-9.44,-0.97
2024/01/01 16:14:43.84,255.84,-31.62,-57.21,-59.95,56.24,-9.43,-0.98
2024/01/01 16:14:43.85,255.85,-31.63,-57.21,-59.95,56.29,-9.45,-1.00
2024/01/01 16:14:43.86,255.86,-31.62,-57.20,-59.95,56.32,-9.48,-0.99
2024/01/01 16:14:43.87,255.87,-31.62,-57.18,-59.94,56.32,-9.52,-0.98
2024/01/01 16:14:43.88,255.88,-31.61,-57.16,-59.94,56.30,-9.57,-0.96
2024/01/01 16:14:43.89,255.89,-31.60,-57.15,-59.94,56.28,-9.63,-0.95
2024/01/01 16:14:43.90,255.90,-31.60,-57.15,-59.94,56.30,-9.67,-0.92
2024/01/01 16:14:43.91,255.91,-31.60,-57.16,-59.94,56.36,-9.69,-0.89
2024/01/01 16:14:43.92,255.92,-31.60,-57.17,-59.95,56.42,-9.66,-0.91
2024/01/01 16:14:43.93,255.93,-31.60,-57.18,-59.95,56.45,-9.60,-0.96
2024/01/01 16:14:43.94,255.94,-31.60,-57.18,-59.95,56.42,-9.52,-0.98
2024/01/01 16:14:43.95,255.95,-31.60,-57.19,-59.95,56.36,-9.46,-0.97
2024/01/01 16:14:43.96,255.96,-31.60,-57.19,-59.95,56.30,-9.43,-0.96
2024/01/01 16:14:43.97,255.97,-31.61,-57.19,-59.95,56.25,-9.43,-0.95
2024/01/01 16:14:43.98,255.98,-31.61,-57.19,-59.95,56.22,-9.45,-0.95
2024/01/01 16:14:43.99,255.99,-31.62,-57.19,-59.95,56.20,-9.51,-0.95
2024/01/01 16:14:44.00,256.00,-31.62,-57.19,-59.95,56.19,-9.59,-0.96
2024/01/01 16:14:44.01,256.01,-31.62,-57.19,-59.96,56.21,-9.66,-0.99
2024/01/01 16:14:44.02,256.02,-31.62,-57.19,-59.97,56.26,-9.70,-1.00
2024/01/01 16:14:44.03,256.03,-31.62,-57.20,-59.97,56.33,-9.72,-0.99
2024/01/01 16:14:44.04,256.04,-31.64,-57.21,-59.98,56.37,-9.72,-0.97
2024/01/01 16:14:44.05,256.05,-31.65,-57.22,-59.99,56.37,-9.71,-0.97
2024/01/01 16:14:44.06,256.06,-31.66,-57.23,-59.99,56.32,-9.69,-0.99
2024/01/01 16:14:44.07,256.07,-31.67,-57.24,-59.99,56.24,-9.64,-1.02
2024/01/01 16:14:44.08,256.08,-31.67,-57.24,-59.99,56.18,-9.58,-1.03
2024/01/01 16:14:44.09,256.09,-31.67,-57.24,-59.99,56.14,-9.52,-1.03
2024/01/01 16:14:44.10,256.10,-31.67,-57.23,-59.99,56.15,-9.48,-1.02
2024/01/01 16:14:44.11,256.11,-31.67,-57.23,-59.98,56.19,-9.46,-0.99
2024/01/01 16:14:44.12,256.12,-31.68,-57.23,-59.97,56.23,-9.48,-0.97
2024/01/01 16:14:44.13,256.13,-31.67,-57.24,-59.95,56.24,-9.55,-0.97
2024/01/01 16:14:44.14,256.14,-31.68,-57.25,-59.95,56.21,-9.64,-0.98
2024/01/01 16:14:44.15,256.15,-31.68,-57.25,-59.95,56.16,-9.73,-0.98
2024/01/01 16:14:44.16,256.16,-31.69,-57.26,-59.96,56.11,-9.79,-0.97
2024/01/01 16:14:44.17,256.17,-31.70,-57.25,-59.97,56.12,-9.80,-0.95
2024/01/01 16:14:44.18,256.18,-31.72,-57.25,-59.97,56.18,-9.76,-0.95
2024/01/01 16:14:44.19,256.19,-31.73,-57.24,-59.97,56.24,-9.70,-0.97
2024/01/01 16:14:44.20,256.20,-31.74,-57.23,-59.97,56.26,-9.64,-0.97
2024/01/01 16:14:44.21,256.21,-31.74,-57.22,-59.96,56.24,-9.59,-0.96
2024/01/01 16:14:44.22,256.22,-31.72,-57.22,-59.96,56.21,-9.56,-0.95
2024/01/01 16:14:44.23,256.23,-31.70,-57.23,-59.95,56.19,-9.58,-0.96
2024/01/01 16:14:44.24,256.24,-31.69,-57.24,-59.96,56.21,-9.63,-0.97
2024/01/01 16:14:44.25,256.25,-31.68,-57.25,-59.96,56.25,-9.67,-0.97
2024/01/01 16:14:44.26,256.26,-31.67,-57.26,-59.97,56.25,-9.69,-0.98
2024/01/01 16:14:44.27,256.27,-31.67,-57.27,-59.97,56.20,-9.69,-1.01
2024/01/01 16:14:44.28,256.28,-31.68,-57.27,-59.98,56.14,-9.67,-1.02
2024/01/01 16:14:44.29,256.29,-31.69,-57.28,-59.98,56.08,-9.64,-1.01
2024/01/01 16:14:44.30,256.30,-31.69,-57.27,-59.99,56.06,-9.60,-1.00
2024/01/01 16:14:44.31,256.31,-31.69,-57.25,-59.99,56.11,-9.57,-0.98
2024/01/01 16:14:44.32,256.32,-31.70,-57.23,-59.99,56.20,-9.55,-0.95
2024/01/01 16:14:44.33,256.33,-31.71,-57.21,-59.98,56.29,-9.56,-0.95
2024/01/01 16:14:44.34,256.34,-31.72,-57.19,-59.97,56.35,-9.58,-1.00
2024/01/01 16:14:44.35,256.35,-31.72,-57.19,-59.98,56.39,-9.60,-1.04
2024/01/01 16:14:44.36,256.36,-31.72,-57.19,-59.98,56.38,-9.65,-1.02
2024/01/01 16:14:44.37,256.37,-31.71,-57.20,-59.99,56.34,-9.71,-0.98
2024/01/01 16:14:44.38,256.38,-31.70,-57.22,-60.00,56.28,-9.76,-0.95
2024/01/01 16:14:44.39,256.39,-31.69,-57.24,-60.00,56.21,-9.75,-0.96
2024/01/01 16:14:44.40,256.40,-31.69,-57.26,-60.00,56.13,-9.68,-1.00
2024/01/01 16:14:44.41,256.41,-31.69,-57.28,-60.00,56.07,-9.59,-1.02
2024/01/01 16:14:44.42,256.42,-31.70,-57.29,-60.00,56.02,-9.51,-1.03
2024/01/01 16:14:44.43,256.43,-31.72,-57.28,-60.00,56.01,-9.47,-1.05
2024/01/01 16:14:44.44,256.44,-31.73,-57.27,-60.00,56.03,-9.47,-1.05
2024/01/01 16:14:44.45,256.45,-31.73,-57.25,-60.00,56.09,-9.51,-1.02
2024/01/01 16:14:44.46,256.46,-31.73,-57.22,-60.00,56.17,-9.57,-0.99
2024/01/01 16:14:44.47,256.47,-31.73,-57.21,-60.00,56.24,-9.65,-0.97
2024/01/01 16:14:44.48,256.48,-31.73,-57.22,-60.00,56.29,-9.73,-0.98
2024/01/01 16:14:44.49,256.49,-31.73,-57.23,-60.01,56.31,-9.79,-1.03
2024/01/01 16:14:44.50,256.50,-31.72,-57.24,-60.01,56.29,-9.83,-1.05
2024/01/01 16:14:44.51,256.51,-31.72,-57.25,-60.02,56.23,-9.87,-1.02
2024/01/01 16:14:44.52,256.52,-31.72,-57.26,-60.02,56.15,-9.86,-1.00
2024/01/01 16:14:44.53,256.53,-31.72,-57.27,-60.02,56.08,-9.78,-1.01
2024/01/01 16:14:44.54,256.54,-31.71,-57.27,-60.02,56.05,-9.66,-1.01
2024/01/01 16:14:44.55,256.55,-31.71,-57.27,-60.02,56.06,-9.51,-1.00
2024/01/01 16:14:44.56,256.56,-31.71,-57.27,-60.01,56.09,-9.39,-1.00
2024/01/01 16:14:44.57,256.57,-31.71,-57.27,-60.00,56.14,-9.35,-1.02
2024/01/01 16:14:44.58,256.58,-31.72,-57.27,-59.99,56.18,-9.41,-1.06
2024/01/01 16:14:44.59,256.59,-31.73,-57.25,-59.99,56.22,-9.55,-1.08
2024/01/01 16:14:44.60,256.60,-31.73,-57.24,-60.00,56.24,-9.72,-1.06
2024/01/01 16:14:44.61,256.61,-31.73,-57.23,-60.00,56.24,-9.87,-1.02
2024/01/01 16:14:44.62,256.62,-31.74,-57.22,-60.01,56.23,-9.96,-0.97
2024/01/01 16:14:44.63,256.63,-31.74,-57.22,-60.01,56.22,-9.96,-0.96
2024/01/01 16:14:44.64,256.64,-31.74,-57.23,-60.01,56.23,-9.88,-0.99
2024/01/01 16:14:44.65,256.65,-31.73,-57.24,-60.01,56.25,-9.74,-1.00
2024/01/01 16:14:44.66,256.66,-31.72,-57.25,-60.01,56.23,-9.61,-0.98
2024/01/01 16:14:44.67,256.67,-31.72,-57.26,-60.01,56.18,-9.50,-1.00
2024/01/01 16:14:44.68,256.68,-31.73,-57.26,-60.02,56.11,-9.43,-1.05
2024/01/01 16:14:44.69,256.69,-31.73,-57.26,-60.04,56.06,-9.39,-1.05
2024/01/01 16:14:44.70,256.70,-31.73,-57.26,-60.04,56.07,-9.40,-1.02
2024/01/01 16:14:44.71,256.71,-31.73,-57.26,-60.05,56.13,-9.44,-1.00
2024/01/01 16:14:44.72,256.72,-31.73,-57.26,-60.05,56.20,-9.49,-1.03
2024/01/01 16:14:44.73,256.73,-31.74,-57.26,-60.05,56.23,-9.55,-1.07
2024/01/01 16:14:44.74,256.74,-31.74,-57.26,-60.05,56.23,-9.65,-1.08
2024/01/01 16:14:44.75,256.75,-31.75,-57.25,-60.05,56.21,-9.75,-1.06
2024/01/01 16:14:44.76,256.76,-31.75,-57.24,-60.04,56.17,-9.84,-1.05
2024/01/01 16:14:44.77,256.77,-31.76,-57.23,-60.04,56.13,-9.91,-1.06
2024/01/01 16:14:44.78,256.78,-31.76,-57.23,-60.04,56.10,-9.94,-1.06
2024/01/01 16:14:44.79,256.79,-31.77,-57.23,-60.04,56.08,-9.92,-1.03
2024/01/01 16:14:44.80,256.80,-31.77,-57.23,-60.04,56.08,-9.87,-1.04
2024/01/01 16:14:44.81,256.81,-31.77,-57.24,-60.04,56.08,-9.76,-1.05
2024/01/01 16:14:44.82,256.82,-31.77,-57.24,-60.04,56.09,-9.63,-1.06
2024/01/01 16:14:44.83,256.83,-31.78,-57.25,-60.05,56.08,-9.49,-1.05
2024/01/01 16:14:44.84,256.84,-31.78,-57.26,-60.05,56.07,-9.38,-1.05
2024/01/01 16:14:44.85,256.85,-31.79,-57.26,-60.05,56.05,-9.31,-1.07
2024/01/01 16:14:44.86,256.86,-31.79,-57.27,-60.05,56.04,-9.33,-1.08
2024/01/01 16:14:44.87,256.87,-31.79,-57.28,-60.06,56.04,-9.45,-1.08
2024/01/01 16:14:44.88,256.88,-31.78,-57.27,-60.06,56.05,-9.62,-1.07
2024/01/01 16:14:44.89,256.89,-31.77,-57.27,-60.06,56.06,-9.78,-1.06
2024/01/01 16:14:44.90,256.90,-31.76,-57.27,-60.05,56.11,-9.88,-1.05
2024/01/01 16:14:44.91,256.91,-31.75,-57.26,-60.05,56.18,-9.91,-1.05
2024/01/01 16:14:44.92,256.92,-31.75,-57.26,-60.04,56.24,-9.86,-1.04
2024/01/01 16:14:44.93,256.93,-31.75,-57.25,-60.04,56.27,-9.78,-1.02
2024/01/01 16:14:44.94,256.94,-31.75,-57.26,-60.04,56.26,-9.69,-1.03
2024/01/01 16:14:44.95,256.95,-31.75,-57.26,-60.05,56.21,-9.62,-1.04
2024/01/01 16:14:44.96,256.96,-31.76,-57.26,-60.05,56.15,-9.58,-1.03
2024/01/01 16:14:44.97,256.97,-31.77,-57.26,-60.04,56.12,-9.57,-1.02
2024/01/01 16:14:44.98,256.98,-31.77,-57.25,-60.03,56.12,-9.57,-1.04
2024/01/01 16:14:44.99,256.99,-31.77,-57.25,-60.03,56.11,-9.60,-1.07
2024/01/01 16:14:45.00,257.00,-31.78,-57.26,-60.03,56.10,-9.65,-1.05
2024/01/01 16:14:45.01,257.01,-31.78,-57.27,-60.03,56.10,-9.71,-1.02
2024/01/01 16:14:45.02,257.02,-31.78,-57.27,-60.03,56.10,-9.77,-1.01
2024/01/01 16:14:45.03,257.03,-31.78,-57.28,-60.03,56.11,-9.80,-1.04
2024/01/01 16:14:45.04,257.04,-31.77,-57.28,-60.03,56.13,-9.80,-1.04
2024/01/01 16:14:45.05,257.05,-31.77,-57.28,-60.02,56.14,-9.78,-1.02
2024/01/01 16:14:45.06,257.06,-31.76,-57.28,-60.02,56.11,-9.71,-1.00
2024/01/01 16:14:45.07,257.07,-31.76,-57.27,-60.01,56.07,-9.61,-1.02
2024/01/01 16:14:45.08,257.08,-31.77,-57.26,-60.01,56.06,-9.52,-1.05
2024/01/01 16:14:45.09,257.09,-31.77,-57.24,-60.01,56.06,-9.48,-1.06
2024/01/01 16:14:45.10,257.10,-31.78,-57.23,-60.01,56.08,-9.50,-1.05
2024/01/01 16:14:45.11,257.11,-31.79,-57.23,-60.00,56.07,-9.57,-1.02
2024/01/01 16:14:45.12,257.12,-31.79,-57.24,-60.00,56.06,-9.67,-1.00
2024/01/01 16:14:45.13,257.13,-31.78,-57.25,-60.00,56.08,-9.75,-0.99
2024/01/01 16:14:45.14,257.14,-31.77,-57.27,-60.01,56.13,-9.78,-0.97
2024/01/01 16:14:45.15,257.15,-31.76,-57.27,-60.02,56.19,-9.77,-0.95
2024/01/01 16:14:45.16,257.16,-31.75,-57.26,-60.02,56.23,-9.71,-0.94
2024/01/01 16:14:45.17,257.17,-31.75,-57.26,-60.01,56.22,-9.64,-0.98
2024/01/01 16:14:45.18,257.18,-31.75,-57.26,-60.01,56.18,-9.57,-1.04
2024/01/01 16:14:45.19,257.19,-31.75,-57.26,-60.01,56.12,-9.53,-1.08
2024/01/01 16:14:45.20,257.20,-31.75,-57.26,-60.02,56.07,-9.53,-1.09
2024/01/01 16:14:45.21,257.21,-31.75,-57.26,-60.02,56.08,-9.58,-1.08
2024/01/01 16:14:45.22,257.22,-31.75,-57.26,-60.03,56.13,-9.67,-1.05
2024/01/01 16:14:45.23,257.23,-31.74,-57.25,-60.02,56.20,-9.75,-1.02
2024/01/01 16:14:45.24,257.24,-31.74,-57.25,-60.02,56.26,-9.79,-1.00
2024/01/01 16:14:45.25,257.25,-31.75,-57.25,-60.01,56.29,-9.77,-0.99
2024/01/01 16:14:45.26,257.26,-31.76,-57.26,-60.01,56.28,-9.71,-0.99
2024/01/01 16:14:45.27,257.27,-31.77,-57.26,-60.01,56.23,-9.65,-1.01
2024/01/01 16:14:45.28,257.28,-31.78,-57.26,-60.01,56.15,-9.63,-1.02
2024/01/01 16:14:45.29,257.29,-31.78,-57.26,-60.01,56.06,-9.63,-1.00
2024/01/01 16:14:45.30,257.30,-31.77,-57.27,-60.00,56.01,-9.66,-0.99
2024/01/01 16:14:45.31,257.31,-31.76,-57.28,-60.01,56.00,-9.67,-0.99
2024/01/01 16:14:45.32,257.32,-31.76,-57.28,-60.01,56.03,-9.64,-1.00
2024/01/01 16:14:45.33,257.33,-31.76,-57.28,-60.02,56.09,-9.61,-1.02
2024/01/01 16:14:45.34,257.34,-31.76,-57.27,-60.02,56.13,-9.61,-1.05
2024/01/01 16:14:45.35,257.35,-31.76,-57.27,-60.02,56.14,-9.65,-1.08
2024/01/01 16:14:45.36,257.36,-31.76,-57.27,-60.02,56.11,-9.71,-1.07
2024/01/01 16:14:45.37,257.37,-31.75,-57.27,-60.02,56.08,-9.77,-1.03
2024/01/01 16:14:45.38,257.38,-31.75,-57.27,-60.02,56.08,-9.78,-1.01
2024/01/01 16:14:45.39,257.39,-31.75,-57.26,-60.01,56.13,-9.75,-0.99
2024/01/01 16:14:45.40,257.40,-31.75,-57.27,-60.01,56.17,-9.70,-0.98
2024/01/01 16:14:45.41,257.41,-31.76,-57.27,-60.01,56.20,-9.64,-1.00
2024/01/01 16:14:45.42,257.42,-31.76,-57.27,-60.01,56.20,-9.60,-1.01
2024/01/01 16:14:45.43,257.43,-31.76,-57.28,-60.01,56.17,-9.60,-1.00
2024/01/01 16:14:45.44,257.44,-31.76,-57.28,-60.00,56.14,-9.63,-1.02
2024/01/01 16:14:45.45,257.45,-31.76,-57.29,-60.00,56.14,-9.68,-1.03
2024/01/01 16:14:45.46,257.46,-31.76,-57.30,-59.99,56.16,-9.71,-1.00
2024/01/01 16:14:45.47,257.47,-31.75,-57.30,-59.99,56.19,-9.71,-0.95
2024/01/01 16:14:45.48,257.48,-31.74,-57.31,-59.98,56.22,-9.69,-0.94
2024/01/01 16:14:45.49,257.49,-31.74,-57.31,-59.98,56.24,-9.68,-0.97
2024/01/01 16:14:45.50,257.50,-31.74,-57.30,-59.97,56.23,-9.68,-0.98
2024/01/01 16:14:45.51,257.51,-31.74,-57.30,-59.97,56.19,-9.71,-0.97
2024/01/01 16:14:45.52,257.52,-31.74,-57.29,-59.97,56.16,-9.73,-0.98
2024/01/01 16:14:45.53,257.53,-31.74,-57.28,-59.97,56.13,-9.74,-0.99
2024/01/01 16:14:45.54,257.54,-31.73,-57.29,-59.97,56.11,-9.73,-1.00
2024/01/01 16:14:45.55,257.55,-31.73,-57.29,-59.98,56.12,-9.71,-1.02
2024/01/01 16:14:45.56,257.56,-31.74,-57.30,-59.99,56.15,-9.70,-1.04
2024/01/01 16:14:45.57,257.57,-31.74,-57.31,-59.99,56.18,-9.69,-1.03
2024/01/01 16:14:45.58,257.58,-31.74,-57.32,-59.99,56.19,-9.70,-1.00
2024/01/01 16:14:45.59,257.59,-31.74,-57.33,-59.99,56.17,-9.71,-0.98
2024/01/01 16:14:45.60,257.60,-31.74,-57.33,-60.00,56.13,-9.71,-0.97
2024/01/01 16:14:45.61,257.61,-31.75,-57.32,-60.00,56.08,-9.70,-0.96
2024/01/01 16:14:45.62,257.62,-31.75,-57.32,-59.99,56.06,-9.67,-0.98
2024/01/01 16:14:45.63,257.63,-31.75,-57.32,-59.99,56.07,-9.66,-1.00
2024/01/01 16:14:45.64,257.64,-31.75,-57.33,-59.99,56.12,-9.67,-1.00
2024/01/01 16:14:45.65,257.65,-31.75,-57.33,-59.99,56.18,-9.73,-0.99
2024/01/01 16:14:45.66,257.66,-31.75,-57.34,-59.99,56.22,-9.80,-0.98
2024/01/01 16:14:45.67,257.67,-31.75,-57.33,-59.99,56.27,-9.84,-0.99
2024/01/01 16:14:45.68,257.68,-31.75,-57.33,-60.00,56.29,-9.84,-1.00
2024/01/01 16:14:45.69,257.69,-31.74,-57.32,-60.00,56.27,-9.80,-0.99
2024/01/01 16:14:45.70,257.70,-31.74,-57.32,-60.00,56.23,-9.75,-0.98
2024/01/01 16:14:45.71,257.71,-31.75,-57.32,-59.99,56.17,-9.72,-0.98
2024/01/01 16:14:45.72,257.72,-31.74,-57.32,-59.98,56.13,-9.70,-1.00
2024/01/01 16:14:45.73,257.73,-31.74,-57.32,-59.98,56.12,-9.70,-1.02
2024/01/01 16:14:45.74,257.74,-31.74,-57.33,-59.98,56.12,-9.71,-1.00
2024/01/01 16:14:45.75,257.75,-31.74,-57.33,-59.97,56.10,-9.73,-0.97
2024/01/01 16:14:45.76,257.76,-31.75,-57.34,-59.97,56.07,-9.74,-0.96
2024/01/01 16:14:45.77,257.77,-31.75,-57.34,-59.97,56.06,-9.73,-0.98
2024/01/01 16:14:45.78,257.78,-31.75,-57.35,-59.97,56.09,-9.72,-0.98
2024/01/01 16:14:45.79,257.79,-31.75,-57.35,-59.97,56.15,-9.72,-0.95
2024/01/01 16:14:45.80,257.80,-31.74,-57.34,-59.97,56.19,-9.74,-0.95
2024/01/01 16:14:45.81,257.81,-31.74,-57.34,-59.96,56.22,-9.74,-0.97
2024/01/01 16:14:45.82,257.82,-31.75,-57.34,-59.96,56.23,-9.74,-0.98
2024/01/01 16:14:45.83,257.83,-31.75,-57.34,-59.96,56.21,-9.74,-0.97
2024/01/01 16:14:45.84,257.84,-31.76,-57.34,-59.96,56.19,-9.76,-0.97
2024/01/01 16:14:45.85,257.85,-31.75,-57.34,-59.96,56.18,-9.77,-0.97
2024/01/01 16:14:45.86,257.86,-31.74,-57.34,-59.96,56.17,-9.78,-0.96
2024/01/01 16:14:45.87,257.87,-31.74,-57.34,-59.96,56.15,-9.78,-0.94
2024/01/01 16:14:45.88,257.88,-31.73,-57.33,-59.95,56.14,-9.78,-0.92
2024/01/01 16:14:45.89,257.89,-31.73,-57.33,-59.94,56.16,-9.76,-0.93
2024/01/01 16:14:45.90,257.90,-31.74,-57.33,-59.94,56.19,-9.72,-0.97
2024/01/01 16:14:45.91,257.91,-31.74,-57.33,-59.94,56.19,-9.69,-0.98
2024/01/01 16:14:45.92,257.92,-31.74,-57.34,-59.94,56.16,-9.68,-0.96
2024/01/01 16:14:45.93,257.93,-31.75,-57.36,-59.94,56.11,-9.70,-0.95
2024/01/01 16:14:45.94,257.94,-31.75,-57.36,-59.94,56.08,-9.74,-0.96
2024/01/01 16:14:45.95,257.95,-31.75,-57.36,-59.94,56.11,-9.78,-0.94
2024/01/01 16:14:45.96,257.96,-31.75,-57.35,-59.95,56.17,-9.82,-0.91
2024/01/01 16:14:45.97,257.97,-31.75,-57.34,-59.95,56.23,-9.83,-0.89
2024/01/01 16:14:45.98,257.98,-31.75,-57.34,-59.94,56.27,-9.79,-0.90
2024/01/01 16:14:45.99,257.99,-31.75,-57.34,-59.94,56.25,-9.74,-0.92
2024/01/01 16:14:46.00,258.00,-31.76,-57.34,-59.94,56.21,-9.71,-0.94
2024/01/01 16:14:46.01,258.01,-31.76,-57.34,-59.93,56.17,-9.71,-0.97
2024/01/01 16:14:46.02,258.02,-31.77,-57.33,-59.93,56.15,-9.73,-0.98
2024/01/01 16:14:46.03,258.03,-31.77,-57.33,-59.94,56.14,-9.76,-0.98
2024/01/01 16:14:46.04,258.04,-31.76,-57.33,-59.95,56.14,-9.77,-0.95
2024/01/01 16:14:46.05,258.05,-31.76,-57.33,-59.95,56.14,-9.74,-0.91
2024/01/01 16:14:46.06,258.06,-31.75,-57.33,-59.94,56.13,-9.69,-0.90
2024/01/01 16:14:46.07,258.07,-31.74,-57.34,-59.94,56.13,-9.67,-0.93
2024/01/01 16:14:46.08,258.08,-31.74,-57.34,-59.93,56.16,-9.69,-0.97
2024/01/01 16:14:46.09,258.09,-31.74,-57.34,-59.93,56.17,-9.74,-0.98
2024/01/01 16:14:46.10,258.10,-31.73,-57.34,-59.93,56.16,-9.77,-0.99
2024/01/01 16:14:46.11,258.11,-31.73,-57.34,-59.94,56.11,-9.78,-0.97
2024/01/01 16:14:46.12,258.12,-31.74,-57.34,-59.94,56.06,-9.78,-0.96
2024/01/01 16:14:46.13,258.13,-31.74,-57.34,-59.94,56.05,-9.76,-0.93
2024/01/01 16:14:46.14,258.14,-31.75,-57.33,-59.94,56.11,-9.74,-0.92
2024/01/01 16:14:46.15,258.15,-31.75,-57.33,-59.95,56.21,-9.73,-0.91
2024/01/01 16:14:46.16,258.16,-31.75,-57.33,-59.94,56.30,-9.74,-0.91
2024/01/01 16:14:46.17,258.17,-31.74,-57.33,-59.94,56.34,-9.75,-0.93
2024/01/01 16:14:46.18,258.18,-31.74,-57.32,-59.93,56.32,-9.74,-0.95
2024/01/01 16:14:46.19,258.19,-31.73,-57.32,-59.93,56.26,-9.73,-0.95
2024/01/01 16:14:46.20,258.20,-31.73,-57.32,-59.93,56.19,-9.74,-0.93
2024/01/01 16:14:46.21,258.21,-31.73,-57.33,-59.94,56.14,-9.75,-0.92
2024/01/01 16:14:46.22,258.22,-31.74,-57.33,-59.94,56.12,-9.77,-0.92
2024/01/01 16:14:46.23,258.23,-31.75,-57.33,-59.93,56.10,-9.77,-0.94
2024/01/01 16:14:46.24,258.24,-31.76,-57.33,-59.92,56.09,-9.74,-0.95
2024/01/01 16:14:46.25,258.25,-31.76,-57.32,-59.91,56.09,-9.69,-0.96
2024/01/01 16:14:46.26,258.26,-31.75,-57.31,-59.91,56.09,-9.65,-0.95
2024/01/01 16:14:46.27,258.27,-31.75,-57.30,-59.90,56.12,-9.62,-0.91
2024/01/01 16:14:46.28,258.28,-31.75,-57.30,-59.89,56.16,-9.61,-0.88
2024/01/01 16:14:46.29,258.29,-31.75,-57.29,-59.89,56.22,-9.63,-0.89
2024/01/01 16:14:46.30,258.30,-31.76,-57.28,-59.89,56.25,-9.69,-0.91
2024/01/01 16:14:46.31,258.31,-31.76,-57.28,-59.89,56.24,-9.76,-0.90
2024/01/01 16:14:46.32,258.32,-31.77,-57.28,-59.88,56.17,-9.82,-0.88
2024/01/01 16:14:46.33,258.33,-31.77,-57.27,-59.88,56.09,-9.84,-0.88
2024/01/01 16:14:46.34,258.34,-31.77,-57.27,-59.88,56.04,-9.81,-0.87
2024/01/01 16:14:46.35,258.35,-31.77,-57.27,-59.88,56.06,-9.73,-0.84
2024/01/01 16:14:46.36,258.36,-31.78,-57.28,-59.89,56.13,-9.62,-0.84
2024/01/01 16:14:46.37,258.37,-31.78,-57.28,-59.89,56.20,-9.54,-0.86
2024/01/01 16:14:46.38,258.38,-31.79,-57.29,-59.88,56.22,-9.52,-0.89
2024/01/01 16:14:46.39,258.39,-31.79,-57.28,-59.88,56.18,-9.56,-0.91
2024/01/01 16:14:46.40,258.40,-31.79,-57.28,-59.88,56.12,-9.62,-0.92
2024/01/01 16:14:46.41,258.41,-31.79,-57.27,-59.89,56.08,-9.67,-0.90
2024/01/01 16:14:46.42,258.42,-31.79,-57.26,-59.89,56.09,-9.69,-0.87
2024/01/01 16:14:46.43,258.43,-31.79,-57.26,-59.89,56.12,-9.70,-0.86
2024/01/01 16:14:46.44,258.44,-31.79,-57.26,-59.88,56.15,-9.71,-0.87
2024/01/01 16:14:46.45,258.45,-31.79,-57.26,-59.88,56.14,-9.72,-0.88
2024/01/01 16:14:46.46,258.46,-31.79,-57.26,-59.88,56.09,-9.73,-0.89
2024/01/01 16:14:46.47,258.47,-31.79,-57.26,-59.88,56.03,-9.73,-0.87
2024/01/01 16:14:46.48,258.48,-31.79,-57.26,-59.88,55.99,-9.70,-0.85
2024/01/01 16:14:46.49,258.49,-31.80,-57.27,-59.88,55.99,-9.62,-0.85
2024/01/01 16:14:46.50,258.50,-31.80,-57.27,-59.88,56.04,-9.54,-0.89
2024/01/01 16:14:46.51,258.51,-31.80,-57.26,-59.88,56.11,-9.51,-0.91
2024/01/01 16:14:46.52,258.52,-31.80,-57.25,-59.88,56.16,-9.55,-0.90
2024/01/01 16:14:46.53,258.53,-31.80,-57.24,-59.88,56.16,-9.63,-0.90
2024/01/01 16:14:46.54,258.54,-31.79,-57.24,-59.88,56.14,-9.71,-0.92
2024/01/01 16:14:46.55,258.55,-31.78,-57.25,-59.88,56.13,-9.78,-0.92
2024/01/01 16:14:46.56,258.56,-31.77,-57.26,-59.88,56.13,-9.81,-0.89
2024/01/01 16:14:46.57,258.57,-31.77,-57.27,-59.88,56.15,-9.81,-0.86
2024/01/01 16:14:46.58,258.58,-31.77,-57.27,-59.88,56.17,-9.79,-0.85
2024/01/01 16:14:46.59,258.59,-31.77,-57.27,-59.87,56.17,-9.74,-0.85
2024/01/01 16:14:46.60,258.60,-31.77,-57.26,-59.87,56.15,-9.66,-0.87
2024/01/01 16:14:46.61,258.61,-31.77,-57.25,-59.87,56.12,-9.56,-0.89
2024/01/01 16:14:46.62,258.62,-31.77,-57.24,-59.87,56.12,-9.48,-0.89
2024/01/01 16:14:46.63,258.63,-31.77,-57.24,-59.87,56.12,-9.45,-0.89
2024/01/01 16:14:46.64,258.64,-31.76,-57.23,-59.87,56.13,-9.48,-0.90
2024/01/01 16:14:46.65,258.65,-31.76,-57.22,-59.88,56.15,-9.55,-0.88
2024/01/01 16:14:46.66,258.66,-31.75,-57.22,-59.88,56.16,-9.65,-0.86
2024/01/01 16:14:46.67,258.67,-31.75,-57.22,-59.88,56.15,-9.75,-0.86
2024/01/01 16:14:46.68,258.68,-31.75,-57.21,-59.87,56.16,-9.80,-0.88
2024/01/01 16:14:46.69,258.69,-31.76,-57.21,-59.87,56.17,-9.78,-0.89
2024/01/01 16:14:46.70,258.70,-31.77,-57.21,-59.88,56.18,-9.74,-0.90
2024/01/01 16:14:46.71,258.71,-31.77,-57.21,-59.88,56.16,-9.66,-0.88
2024/01/01 16:14:46.72,258.72,-31.76,-57.22,-59.88,56.12,-9.59,-0.86
2024/01/01 16:14:46.73,258.73,-31.76,-57.22,-59.88,56.10,-9.54,-0.85
2024/01/01 16:14:46.74,258.74,-31.76,-57.22,-59.88,56.11,-9.51,-0.86
2024/01/01 16:14:46.75,258.75,-31.75,-57.22,-59.87,56.16,-9.51,-0.87
2024/01/01 16:14:46.76,258.76,-31.74,-57.22,-59.87,56.21,-9.54,-0.89
2024/01/01 16:14:46.77,258.77,-31.74,-57.22,-59.87,56.23,-9.57,-0.90
2024/01/01 16:14:46.78,258.78,-31.74,-57.22,-59.88,56.19,-9.59,-0.89
2024/01/01 16:14:46.79,258.79,-31.75,-57.22,-59.88,56.14,-9.59,-0.87
2024/01/01 16:14:46.80,258.80,-31.76,-57.21,-59.88,56.10,-9.59,-0.88
2024/01/01 16:14:46.81,258.81,-31.76,-57.20,-59.88,56.08,-9.60,-0.88
2024/01/01 16:14:46.82,258.82,-31.76,-57.20,-59.87,56.10,-9.63,-0.90
2024/01/01 16:14:46.83,258.83,-31.77,-57.21,-59.87,56.12,-9.66,-0.90
2024/01/01 16:14:46.84,258.84,-31.77,-57.21,-59.87,56.13,-9.67,-0.88
2024/01/01 16:14:46.85,258.85,-31.76,-57.22,-59.86,56.14,-9.67,-0.86
2024/01/01 16:14:46.86,258.86,-31.75,-57.22,-59.86,56.15,-9.67,-0.86
2024/01/01 16:14:46.87,258.87,-31.74,-57.22,-59.86,56.17,-9.65,-0.85
2024/01/01 16:14:46.88,258.88,-31.74,-57.21,-59.85,56.18,-9.62,-0.83
2024/01/01 16:14:46.89,258.89,-31.74,-57.21,-59.85,56.16,-9.60,-0.82
2024/01/01 16:14:46.90,258.90,-31.74,-57.22,-59.84,56.14,-9.58,-0.85
2024/01/01 16:14:46.91,258.91,-31.75,-57.22,-59.84,56.12,-9.57,-0.89
2024/01/01 16:14:46.92,258.92,-31.74,-57.21,-59.85,56.11,-9.58,-0.89
2024/01/01 16:14:46.93,258.93,-31.74,-57.21,-59.85,56.12,-9.61,-0.87
2024/01/01 16:14:46.94,258.94,-31.73,-57.21,-59.85,56.13,-9.64,-0.85
2024/01/01 16:14:46.95,258.95,-31.73,-57.21,-59.86,56.17,-9.67,-0.86
2024/01/01 16:14:46.96,258.96,-31.73,-57.20,-59.86,56.21,-9.68,-0.85
2024/01/01 16:14:46.97,258.97,-31.73,-57.20,-59.86,56.25,-9.67,-0.83
2024/01/01 16:14:46.98,258.98,-31.73,-57.19,-59.86,56.27,-9.64,-0.83
2024/01/01 16:14:46.99,258.99,-31.73,-57.19,-59.86,56.27,-9.59,-0.87
2024/01/01 16:14:47.00,259.00,-31.72,-57.18,-59.86,56.24,-9.53,-0.90
2024/01/01 16:14:47.01,259.01,-31.72,-57.18,-59.87,56.19,-9.49,-0.88
2024/01/01 16:14:47.02,259.02,-31.71,-57.18,-59.87,56.17,-9.48,-0.84
2024/01/01 16:14:47.03,259.03,-31.71,-57.18,-59.87,56.16,-9.49,-0.84
2024/01/01 16:14:47.04,259.04,-31.71,-57.18,-59.87,56.16,-9.49,-0.87
2024/01/01 16:14:47.05,259.05,-31.70,-57.18,-59.86,56.16,-9.51,-0.89
2024/01/01 16:14:47.06,259.06,-31.70,-57.18,-59.86,56.15,-9.57,-0.89
2024/01/01 16:14:47.07,259.07,-31.70,-57.17,-59.86,56.14,-9.62,-0.88
2024/01/01 16:14:47.08,259.08,-31.70,-57.17,-59.86,56.15,-9.64,-0.89
2024/01/01 16:14:47.09,259.09,-31.69,-57.16,-59.86,56.20,-9.63,-0.90
2024/01/01 16:14:47.10,259.10,-31.69,-57.16,-59.86,56.25,-9.59,-0.89
2024/01/01 16:14:47.11,259.11,-31.69,-57.16,-59.85,56.27,-9.55,-0.87
2024/01/01 16:14:47.12,259.12,-31.69,-57.16,-59.85,56.24,-9.51,-0.86
2024/01/01 16:14:47.13,259.13,-31.69,-57.17,-59.85,56.19,-9.48,-0.84
2024/01/01 16:14:47.14,259.14,-31.68,-57.17,-59.85,56.15,-9.49,-0.83
2024/01/01 16:14:47.15,259.15,-31.68,-57.16,-59.85,56.15,-9.53,-0.83
2024/01/01 16:14:47.16,259.16,-31.68,-57.15,-59.85,56.19,-9.59,-0.85
2024/01/01 16:14:47.17,259.17,-31.68,-57.15,-59.85,56.23,-9.63,-0.87
2024/01/01 16:14:47.18,259.18,-31.68,-57.14,-59.86,56.25,-9.64,-0.89
2024/01/01 16:14:47.19,259.19,-31.68,-57.14,-59.86,56.26,-9.60,-0.89
2024/01/01 16:14:47.20,259.20,-31.68,-57.15,-59.86,56.26,-9.53,-0.88
2024/01/01 16:14:47.21,259.21,-31.68,-57.16,-59.86,56.28,-9.46,-0.87
2024/01/01 16:14:47.22,259.22,-31.68,-57.17,-59.85,56.30,-9.44,-0.86
2024/01/01 16:14:47.23,259.23,-31.68,-57.17,-59.85,56.31,-9.46,-0.84
2024/01/01 16:14:47.24,259.24,-31.67,-57.17,-59.85,56.28,-9.50,-0.83
2024/01/01 16:14:47.25,259.25,-31.67,-57.17,-59.84,56.23,-9.54,-0.84
2024/01/01 16:14:47.26,259.26,-31.67,-57.17,-59.84,56.18,-9.57,-0.86
2024/01/01 16:14:47.27,259.27,-31.66,-57.17,-59.84,56.17,-9.57,-0.87
2024/01/01 16:14:47.28,259.28,-31.66,-57.17,-59.84,56.19,-9.56,-0.88
2024/01/01 16:14:47.29,259.29,-31.66,-57.16,-59.84,56.21,-9.53,-0.87
2024/01/01 16:14:47.30,259.30,-31.67,-57.16,-59.84,56.20,-9.52,-0.86
2024/01/01 16:14:47.31,259.31,-31.67,-57.16,-59.84,56.17,-9.54,-0.86
2024/01/01 16:14:47.32,259.32,-31.68,-57.16,-59.85,56.16,-9.58,-0.85
2024/01/01 16:14:47.33,259.33,-31.68,-57.16,-59.85,56.18,-9.62,-0.83
2024/01/01 16:14:47.34,259.34,-31.67,-57.17,-59.85,56.23,-9.64,-0.81
2024/01/01 16:14:47.35,259.35,-31.66,-57.18,-59.85,56.29,-9.64,-0.81
2024/01/01 16:14:47.36,259.36,-31.66,-57.19,-59.85,56.32,-9.63,-0.84
2024/01/01 16:14:47.37,259.37,-31.65,-57.20,-59.85,56.33,-9.59,-0.88
2024/01/01 16:14:47.38,259.38,-31.65,-57.20,-59.85,56.31,-9.55,-0.88
2024/01/01 16:14:47.39,259.39,-31.65,-57.20,-59.86,56.28,-9.50,-0.88
2024/01/01 16:14:47.40,259.40,-31.65,-57.19,-59.85,56.22,-9.47,-0.90
2024/01/01 16:14:47.41,259.41,-31.64,-57.19,-59.84,56.16,-9.47,-0.91
2024/01/01 16:14:47.42,259.42,-31.64,-57.18,-59.84,56.14,-9.50,-0.89
2024/01/01 16:14:47.43,259.43,-31.64,-57.17,-59.84,56.16,-9.56,-0.84
2024/01/01 16:14:47.44,259.44,-31.63,-57.16,-59.84,56.23,-9.61,-0.81
2024/01/01 16:14:47.45,259.45,-31.62,-57.15,-59.83,56.32,-9.66,-0.81
2024/01/01 16:14:47.46,259.46,-31.61,-57.15,-59.83,56.40,-9.67,-0.84
2024/01/01 16:14:47.47,259.47,-31.61,-57.15,-59.83,56.42,-9.65,-0.86
2024/01/01 16:14:47.48,259.48,-31.61,-57.15,-59.83,56.39,-9.62,-0.85
2024/01/01 16:14:47.49,259.49,-31.60,-57.16,-59.83,56.33,-9.58,-0.84
2024/01/01 16:14:47.50,259.50,-31.60,-57.15,-59.83,56.28,-9.53,-0.85
2024/01/01 16:14:47.51,259.51,-31.60,-57.14,-59.83,56.27,-9.49,-0.86
2024/01/01 16:14:47.52,259.52,-31.60,-57.14,-59.83,56.26,-9.46,-0.86
2024/01/01 16:14:47.53,259.53,-31.60,-57.14,-59.82,56.27,-9.44,-0.85
2024/01/01 16:14:47.54,259.54,-31.59,-57.14,-59.82,56.29,-9.44,-0.84
2024/01/01 16:14:47.55,259.55,-31.59,-57.14,-59.82,56.32,-9.44,-0.83
2024/01/01 16:14:47.56,259.56,-31.58,-57.14,-59.82,56.35,-9.44,-0.82
2024/01/01 16:14:47.57,259.57,-31.58,-57.14,-59.82,56.37,-9.45,-0.81
2024/01/01 16:14:47.58,259.58,-31.58,-57.14,-59.82,56.39,-9.46,-0.82
2024/01/01 16:14:47.59,259.59,-31.58,-57.13,-59.82,56.38,-9.48,-0.83
2024/01/01 16:14:47.60,259.60,-31.58,-57.12,-59.82,56.36,-9.49,-0.84
2024/01/01 16:14:47.61,259.61,-31.59,-57.11,-59.82,56.34,-9.50,-0.85
2024/01/01 16:14:47.62,259.62,-31.58,-57.10,-59.82,56.33,-9.51,-0.85
2024/01/01 16:14:47.63,259.63,-31.57,-57.10,-59.82,56.32,-9.52,-0.84
2024/01/01 16:14:47.64,259.64,-31.57,-57.10,-59.81,56.33,-9.52,-0.82
2024/01/01 16:14:47.65,259.65,-31.56,-57.10,-59.81,56.34,-9.53,-0.81
2024/01/01 16:14:47.66,259.66,-31.56,-57.11,-59.81,56.33,-9.53,-0.81
2024/01/01 16:14:47.67,259.67,-31.56,-57.11,-59.80,56.29,-9.53,-0.82
2024/01/01 16:14:47.68,259.68,-31.57,-57.11,-59.80,56.26,-9.50,-0.83
2024/01/01 16:14:47.69,259.69,-31.58,-57.12,-59.80,56.25,-9.46,-0.85
2024/01/01 16:14:47.70,259.70,-31.58,-57.13,-59.81,56.27,-9.43,-0.86
2024/01/01 16:14:47.71,259.71,-31.58,-57.14,-59.81,56.32,-9.42,-0.85
2024/01/01 16:14:47.72,259.72,-31.58,-57.14,-59.82,56.37,-9.45,-0.84
2024/01/01 16:14:47.73,259.73,-31.58,-57.14,-59.82,56.41,-9.49,-0.83
2024/01/01 16:14:47.74,259.74,-31.58,-57.13,-59.82,56.43,-9.53,-0.83
2024/01/01 16:14:47.75,259.75,-31.57,-57.14,-59.82,56.43,-9.56,-0.82
2024/01/01 16:14:47.76,259.76,-31.57,-57.14,-59.82,56.39,-9.56,-0.81
2024/01/01 16:14:47.77,259.77,-31.56,-57.14,-59.81,56.33,-9.55,-0.82
2024/01/01 16:14:47.78,259.78,-31.55,-57.14,-59.81,56.29,-9.53,-0.84
2024/01/01 16:14:47.79,259.79,-31.55,-57.14,-59.81,56.29,-9.51,-0.85
2024/01/01 16:14:47.80,259.80,-31.55,-57.14,-59.81,56.30,-9.47,-0.84
2024/01/01 16:14:47.81,259.81,-31.55,-57.13,-59.80,56.31,-9.44,-0.82
2024/01/01 16:14:47.82,259.82,-31.55,-57.13,-59.80,56.32,-9.42,-0.82
2024/01/01 16:14:47.83,259.83,-31.56,-57.12,-59.80,56.32,-9.43,-0.83
2024/01/01 16:14:47.84,259.84,-31.56,-57.11,-59.80,56.32,-9.47,-0.84
2024/01/01 16:14:47.85,259.85,-31.55,-57.12,-59.80,56.35,-9.53,-0.83
2024/01/01 16:14:47.86,259.86,-31.55,-57.13,-59.80,56.38,-9.61,-0.81
2024/01/01 16:14:47.87,259.87,-31.55,-57.13,-59.80,56.40,-9.67,-0.80
2024/01/01 16:14:47.88,259.88,-31.55,-57.13,-59.80,56.41,-9.67,-0.81
2024/01/01 16:14:47.89,259.89,-31.55,-57.13,-59.81,56.40,-9.62,-0.82
2024/01/01 16:14:47.90,259.90,-31.56,-57.12,-59.81,56.40,-9.52,-0.83
2024/01/01 16:14:47.91,259.91,-31.56,-57.12,-59.81,56.39,-9.41,-0.84
2024/01/01 16:14:47.92,259.92,-31.55,-57.12,-59.81,56.38,-9.33,-0.84
2024/01/01 16:14:47.93,259.93,-31.55,-57.12,-59.81,56.35,-9.31,-0.85
2024/01/01 16:14:47.94,259.94,-31.54,-57.12,-59.82,56.33,-9.35,-0.86
2024/01/01 16:14:47.95,259.95,-31.54,-57.11,-59.82,56.32,-9.41,-0.85
2024/01/01 16:14:47.96,259.96,-31.53,-57.11,-59.83,56.32,-9.48,-0.83
2024/01/01 16:14:47.97,259.97,-31.52,-57.10,-59.83,56.35,-9.53,-0.82
2024/01/01 16:14:47.98,259.98,-31.52,-57.10,-59.82,56.37,-9.55,-0.84
2024/01/01 16:14:47.99,259.99,-31.52,-57.10,-59.82,56.37,-9.54,-0.86
2024/01/01 16:14:48.00,260.00,-31.52,-57.10,-59.82,56.36,-9.52,-0.87
2024/01/01 16:14:48.01,260.01,-31.52,-57.10,-59.82,56.36,-9.51,-0.86
2024/01/01 16:14:48.02,260.02,-31.53,-57.11,-59.82,56.37,-9.50,-0.84
2024/01/01 16:14:48.03,260.03,-31.54,-57.11,-59.82,56.38,-9.48,-0.84
2024/01/01 16:14:48.04,260.04,-31.54,-57.11,-59.82,56.38,-9.46,-0.85
2024/01/01 16:14:48.05,260.05,-31.54,-57.11,-59.81,56.38,-9.44,-0.85
2024/01/01 16:14:48.06,260.06,-31.55,-57.10,-59.81,56.39,-9.42,-0.83
2024/01/01 16:14:48.07,260.07,-31.54,-57.10,-59.80,56.42,-9.41,-0.80
2024/01/01 16:14:48.08,260.08,-31.54,-57.11,-59.80,56.47,-9.41,-0.79
2024/01/01 16:14:48.09,260.09,-31.53,-57.12,-59.79,56.50,-9.43,-0.78
2024/01/01 16:14:48.10,260.10,-31.52,-57.12,-59.79,56.48,-9.45,-0.78
2024/01/01 16:14:48.11,260.11,-31.51,-57.12,-59.79,56.41,-9.49,-0.80
2024/01/01 16:14:48.12,260.12,-31.51,-57.12,-59.79,56.32,-9.53,-0.84
2024/01/01 16:14:48.13,260.13,-31.52,-57.13,-59.79,56.25,-9.57,-0.86
2024/01/01 16:14:48.14,260.14,-31.52,-57.13,-59.79,56.24,-9.58,-0.85
2024/01/01 16:14:48.15,260.15,-31.52,-57.12,-59.80,56.27,-9.56,-0.83
2024/01/01 16:14:48.16,260.16,-31.52,-57.12,-59.80,56.33,-9.53,-0.83
2024/01/01 16:14:48.17,260.17,-31.52,-57.12,-59.80,56.39,-9.48,-0.82
2024/01/01 16:14:48.18,260.18,-31.51,-57.13,-59.80,56.43,-9.45,-0.81
2024/01/01 16:14:48.19,260.19,-31.51,-57.13,-59.80,56.45,-9.44,-0.80
2024/01/01 16:14:48.20,260.20,-31.52,-57.13,-59.80,56.46,-9.44,-0.80
2024/01/01 16:14:48.21,260.21,-31.52,-57.13,-59.81,56.45,-9.45,-0.83
2024/01/01 16:14:48.22,260.22,-31.51,-57.14,-59.81,56.44,-9.49,-0.85
2024/01/01 16:14:48.23,260.23,-31.51,-57.13,-59.81,56.44,-9.53,-0.85
2024/01/01 16:14:48.24,260.24,-31.50,-57.12,-59.81,56.43,-9.57,-0.85
2024/01/01 16:14:48.25,260.25,-31.50,-57.12,-59.82,56.42,-9.59,-0.84
2024/01/01 16:14:48.26,260.26,-31.49,-57.12,-59.81,56.40,-9.60,-0.82
2024/01/01 16:14:48.27,260.27,-31.50,-57.12,-59.81,56.39,-9.57,-0.81
2024/01/01 16:14:48.28,260.28,-31.50,-57.13,-59.80,56.39,-9.52,-0.82
2024/01/01 16:14:48.29,260.29,-31.49,-57.13,-59.80,56.38,-9.45,-0.84
2024/01/01 16:14:48.30,260.30,-31.49,-57.13,-59.79,56.38,-9.40,-0.84
2024/01/01 16:14:48.31,260.31,-31.48,-57.13,-59.79,56.39,-9.39,-0.81
2024/01/01 16:14:48.32,260.32,-31.48,-57.13,-59.79,56.42,-9.40,-0.80
2024/01/01 16:14:48.33,260.33,-31.49,-57.13,-59.78,56.44,-9.40,-0.80
2024/01/01 16:14:48.34,260.34,-31.49,-57.13,-59.78,56.46,-9.41,-0.82
2024/01/01 16:14:48.35,260.35,-31.50,-57.14,-59.78,56.47,-9.45,-0.82
2024/01/01 16:14:48.36,260.36,-31.51,-57.14,-59.78,56.45,-9.52,-0.82
2024/01/01 16:14:48.37,260.37,-31.50,-57.14,-59.78,56.42,-9.59,-0.81
2024/01/01 16:14:48.38,260.38,-31.50,-57.14,-59.78,56.39,-9.62,-0.79
2024/01/01 16:14:48.39,260.39,-31.49,-57.13,-59.77,56.39,-9.61,-0.77
2024/01/01 16:14:48.40,260.40,-31.48,-57.14,-59.77,56.43,-9.55,-0.77
2024/01/01 16:14:48.41,260.41,-31.48,-57.14,-59.77,56.47,-9.48,-0.78
2024/01/01 16:14:48.42,260.42,-31.48,-57.14,-59.77,56.49,-9.42,-0.79
2024/01/01 16:14:48.43,260.43,-31.48,-57.14,-59.76,56.46,-9.41,-0.81
2024/01/01 16:14:48.44,260.44,-31.48,-57.14,-59.76,56.40,-9.46,-0.82
2024/01/01 16:14:48.45,260.45,-31.48,-57.14,-59.76,56.34,-9.52,-0.82
2024/01/01 16:14:48.46,260.46,-31.48,-57.13,-59.76,56.32,-9.57,-0.80
2024/01/01 16:14:48.47,260.47,-31.47,-57.14,-59.77,56.34,-9.60,-0.77
2024/01/01 16:14:48.48,260.48,-31.47,-57.14,-59.77,56.39,-9.60,-0.75
2024/01/01 16:14:48.49,260.49,-31.48,-57.14,-59.77,56.46,-9.58,-0.76
2024/01/01 16:14:48.50,260.50,-31.49,-57.15,-59.76,56.50,-9.54,-0.81
2024/01/01 16:14:48.51,260.51,-31.49,-57.15,-59.76,56.50,-9.52,-0.83
2024/01/01 16:14:48.52,260.52,-31.49,-57.16,-59.77,56.48,-9.50,-0.82
2024/01/01 16:14:48.53,260.53,-31.48,-57.16,-59.77,56.46,-9.50,-0.79
2024/01/01 16:14:48.54,260.54,-31.47,-57.15,-59.77,56.44,-9.49,-0.76
2024/01/01 16:14:48.55,260.55,-31.46,-57.14,-59.77,56.45,-9.48,-0.76
2024/01/01 16:14:48.56,260.56,-31.46,-57.14,-59.76,56.48,-9.45,-0.79
2024/01/01 16:14:48.57,260.57,-31.46,-57.13,-59.76,56.52,-9.42,-0.81
2024/01/01 16:14:48.58,260.58,-31.46,-57.13,-59.76,56.52,-9.42,-0.82
2024/01/01 16:14:48.59,260.59,-31.45,-57.13,-59.76,56.48,-9.45,-0.82
2024/01/01 16:14:48.60,260.60,-31.45,-57.14,-59.75,56.41,-9.51,-0.80
2024/01/01 16:14:48.61,260.61,-31.45,-57.15,-59.76,56.36,-9.57,-0.77
2024/01/01 16:14:48.62,260.62,-31.45,-57.16,-59.76,56.37,-9.62,-0.74
2024/01/01 16:14:48.63,260.63,-31.46,-57.16,-59.76,56.43,-9.61,-0.75
2024/01/01 16:14:48.64,260.64,-31.46,-57.16,-59.75,56.50,-9.56,-0.78
2024/01/01 16:14:48.65,260.65,-31.46,-57.17,-59.75,56.54,-9.49,-0.81
2024/01/01 16:14:48.66,260.66,-31.45,-57.17,-59.75,56.49,-9.44,-0.82
2024/01/01 16:14:48.67,260.67,-31.45,-57.17,-59.75,56.42,-9.40,-0.80
2024/01/01 16:14:48.68,260.68,-31.44,-57.17,-59.75,56.39,-9.41,-0.76
2024/01/01 16:14:48.69,260.69,-31.44,-57.18,-59.75,56.42,-9.46,-0.74
2024/01/01 16:14:48.70,260.70,-31.45,-57.18,-59.75,56.47,-9.54,-0.76
2024/01/01 16:14:48.71,260.71,-31.45,-57.18,-59.75,56.50,-9.61,-0.79
2024/01/01 16:14:48.72,260.72,-31.45,-57.18,-59.76,56.50,-9.64,-0.80
2024/01/01 16:14:48.73,260.73,-31.46,-57.17,-59.76,56.48,-9.66,-0.80
2024/01/01 16:14:48.74,260.74,-31.46,-57.17,-59.76,56.46,-9.66,-0.78
2024/01/01 16:14:48.75,260.75,-31.45,-57.18,-59.76,56.47,-9.64,-0.77
2024/01/01 16:14:48.76,260.76,-31.45,-57.18,-59.76,56.52,-9.59,-0.78
2024/01/01 16:14:48.77,260.77,-31.45,-57.19,-59.76,56.55,-9.54,-0.78
2024/01/01 16:14:48.78,260.78,-31.45,-57.20,-59.76,56.53,-9.51,-0.77
2024/01/01 16:14:48.79,260.79,-31.45,-57.20,-59.76,56.49,-9.51,-0.79
2024/01/01 16:14:48.80,260.80,-31.44,-57.20,-59.76,56.44,-9.52,-0.81
2024/01/01 16:14:48.81,260.81,-31.44,-57.19,-59.77,56.42,-9.53,-0.83
2024/01/01 16:14:48.82,260.82,-31.43,-57.18,-59.77,56.42,-9.55,-0.82
2024/01/01 16:14:48.83,260.83,-31.43,-57.18,-59.76,56.45,-9.55,-0.80
2024/01/01 16:14:48.84,260.84,-31.43,-57.17,-59.76,56.48,-9.55,-0.80
2024/01/01 16:14:48.85,260.85,-31.43,-57.17,-59.76,56.49,-9.54,-0.80
2024/01/01 16:14:48.86,260.86,-31.43,-57.18,-59.76,56.47,-9.54,-0.80
2024/01/01 16:14:48.87,260.87,-31.43,-57.19,-59.76,56.46,-9.55,-0.79
2024/01/01 16:14:48.88,260.88,-31.43,-57.19,-59.76,56.45,-9.57,-0.77
2024/01/01 16:14:48.89,260.89,-31.43,-57.20,-59.76,56.46,-9.58,-0.76
2024/01/01 16:14:48.90,260.90,-31.43,-57.19,-59.76,56.49,-9.57,-0.77
2024/01/01 16:14:48.91,260.91,-31.43,-57.19,-59.76,56.53,-9.54,-0.79
2024/01/01 16:14:48.92,260.92,-31.43,-57.19,-59.76,56.56,-9.48,-0.80
2024/01/01 16:14:48.93,260.93,-31.43,-57.18,-59.76,56.56,-9.44,-0.80
2024/01/01 16:14:48.94,260.94,-31.43,-57.18,-59.77,56.52,-9.43,-0.80
2024/01/01 16:14:48.95,260.95,-31.42,-57.18,-59.76,56.48,-9.47,-0.79
2024/01/01 16:14:48.96,260.96,-31.43,-57.18,-59.76,56.46,-9.55,-0.80
2024/01/01 16:14:48.97,260.97,-31.43,-57.19,-59.76,56.45,-9.63,-0.80
2024/01/01 16:14:48.98,260.98,-31.43,-57.19,-59.76,56.47,-9.68,-0.80
2024/01/01 16:14:48.99,260.99,-31.43,-57.19,-59.76,56.50,-9.70,-0.78
2024/01/01 16:14:49.00,261.00,-31.43,-57.18,-59.76,56.51,-9.69,-0.77
2024/01/01 16:14:49.01,261.01,-31.43,-57.18,-59.76,56.50,-9.63,-0.79
2024/01/01 16:14:49.02,261.02,-31.43,-57.19,-59.77,56.49,-9.55,-0.80
2024/01/01 16:14:49.03,261.03,-31.43,-57.19,-59.77,56.48,-9.46,-0.78
2024/01/01 16:14:49.04,261.04,-31.43,-57.20,-59.77,56.47,-9.42,-0.77
2024/01/01 16:14:49.05,261.05,-31.44,-57.20,-59.77,56.46,-9.44,-0.79
2024/01/01 16:14:49.06,261.06,-31.45,-57.20,-59.77,56.46,-9.48,-0.83
2024/01/01 16:14:49.07,261.07,-31.45,-57.20,-59.77,56.46,-9.55,-0.84
2024/01/01 16:14:49.08,261.08,-31.46,-57.19,-59.77,56.45,-9.60,-0.82
2024/01/01 16:14:49.09,261.09,-31.46,-57.19,-59.77,56.46,-9.62,-0.78
2024/01/01 16:14:49.10,261.10,-31.47,-57.19,-59.77,56.48,-9.60,-0.77
2024/01/01 16:14:49.11,261.11,-31.47,-57.19,-59.77,56.51,-9.56,-0.78
2024/01/01 16:14:49.12,261.12,-31.46,-57.19,-59.77,56.53,-9.53,-0.79
2024/01/01 16:14:49.13,261.13,-31.45,-57.19,-59.77,56.52,-9.53,-0.78
2024/01/01 16:14:49.14,261.14,-31.43,-57.19,-59.77,56.47,-9.56,-0.79
2024/01/01 16:14:49.15,261.15,-31.43,-57.18,-59.77,56.42,-9.59,-0.80
2024/01/01 16:14:49.16,261.16,-31.44,-57.18,-59.78,56.39,-9.60,-0.81
2024/01/01 16:14:49.17,261.17,-31.45,-57.18,-59.78,56.40,-9.59,-0.82
2024/01/01 16:14:49.18,261.18,-31.46,-57.19,-59.79,56.43,-9.58,-0.83
2024/01/01 16:14:49.19,261.19,-31.46,-57.20,-59.79,56.46,-9.56,-0.84
2024/01/01 16:14:49.20,261.20,-31.46,-57.20,-59.79,56.46,-9.55,-0.85
2024/01/01 16:14:49.21,261.21,-31.47,-57.20,-59.79,56.43,-9.55,-0.87
2024/01/01 16:14:49.22,261.22,-31.47,-57.20,-59.79,56.41,-9.52,-0.87
2024/01/01 16:14:49.23,261.23,-31.46,-57.20,-59.79,56.43,-9.49,-0.83
2024/01/01 16:14:49.24,261.24,-31.46,-57.20,-59.79,56.48,-9.47,-0.79
2024/01/01 16:14:49.25,261.25,-31.47,-57.19,-59.79,56.52,-9.50,-0.78
2024/01/01 16:14:49.26,261.26,-31.47,-57.19,-59.79,56.53,-9.56,-0.79
2024/01/01 16:14:49.27,261.27,-31.47,-57.18,-59.79,56.50,-9.63,-0.80
2024/01/01 16:14:49.28,261.28,-31.47,-57.18,-59.79,56.45,-9.68,-0.82
2024/01/01 16:14:49.29,261.29,-31.47,-57.18,-59.79,56.44,-9.69,-0.83
2024/01/01 16:14:49.30,261.30,-31.46,-57.18,-59.78,56.45,-9.65,-0.83
2024/01/01 16:14:49.31,261.31,-31.46,-57.18,-59.79,56.48,-9.59,-0.82
2024/01/01 16:14:49.32,261.32,-31.46,-57.18,-59.79,56.50,-9.52,-0.81
2024/01/01 16:14:49.33,261.33,-31.46,-57.18,-59.79,56.48,-9.47,-0.79
2024/01/01 16:14:49.34,261.34,-31.46,-57.18,-59.79,56.44,-9.44,-0.79
2024/01/01 16:14:49.35,261.35,-31.46,-57.18,-59.79,56.40,-9.45,-0.83
2024/01/01 16:14:49.36,261.36,-31.46,-57.17,-59.79,56.37,-9.48,-0.85
2024/01/01 16:14:49.37,261.37,-31.46,-57.18,-59.80,56.36,-9.50,-0.85
2024/01/01 16:14:49.38,261.38,-31.47,-57.18,-59.80,56.37,-9.52,-0.84
2024/01/01 16:14:49.39,261.39,-31.47,-57.18,-59.80,56.41,-9.55,-0.84
2024/01/01 16:14:49.40,261.40,-31.47,-57.18,-59.80,56.46,-9.57,-0.83
2024/01/01 16:14:49.41,261.41,-31.47,-57.17,-59.80,56.49,-9.59,-0.82
2024/01/01 16:14:49.42,261.42,-31.47,-57.16,-59.80,56.50,-9.59,-0.82
2024/01/01 16:14:49.43,261.43,-31.48,-57.16,-59.80,56.48,-9.58,-0.83
2024/01/01 16:14:49.44,261.44,-31.48,-57.16,-59.80,56.46,-9.55,-0.84
2024/01/01 16:14:49.45,261.45,-31.48,-57.16,-59.80,56.45,-9.53,-0.84
2024/01/01 16:14:49.46,261.46,-31.48,-57.16,-59.80,56.46,-9.51,-0.82
2024/01/01 16:14:49.47,261.47,-31.48,-57.16,-59.80,56.45,-9.51,-0.81
2024/01/01 16:14:49.48,261.48,-31.49,-57.16,-59.80,56.43,-9.52,-0.82
2024/01/01 16:14:49.49,261.49,-31.49,-57.16,-59.81,56.41,-9.55,-0.84
2024/01/01 16:14:49.50,261.50,-31.49,-57.16,-59.81,56.40,-9.57,-0.83
2024/01/01 16:14:49.51,261.51,-31.49,-57.16,-59.81,56.41,-9.56,-0.81
2024/01/01 16:14:49.52,261.52,-31.49,-57.17,-59.82,56.44,-9.54,-0.83
2024/01/01 16:14:49.53,261.53,-31.49,-57.16,-59.82,56.46,-9.51,-0.86
2024/01/01 16:14:49.54,261.54,-31.49,-57.16,-59.82,56.45,-9.50,-0.88
2024/01/01 16:14:49.55,261.55,-31.50,-57.16,-59.83,56.43,-9.52,-0.89
2024/01/01 16:14:49.56,261.56,-31.51,-57.16,-59.84,56.39,-9.53,-0.89
2024/01/01 16:14:49.57,261.57,-31.52,-57.16,-59.84,56.36,-9.54,-0.87
2024/01/01 16:14:49.58,261.58,-31.52,-57.16,-59.84,56.35,-9.53,-0.84
2024/01/01 16:14:49.59,261.59,-31.52,-57.16,-59.84,56.35,-9.52,-0.83
2024/01/01 16:14:49.60,261.60,-31.52,-57.15,-59.84,56.37,-9.51,-0.85
2024/01/01 16:14:49.61,261.61,-31.51,-57.15,-59.85,56.39,-9.51,-0.86
2024/01/01 16:14:49.62,261.62,-31.52,-57.15,-59.85,56.41,-9.51,-0.85
2024/01/01 16:14:49.63,261.63,-31.52,-57.14,-59.85,56.42,-9.51,-0.87
2024/01/01 16:14:49.64,261.64,-31.53,-57.14,-59.85,56.42,-9.51,-0.90
2024/01/01 16:14:49.65,261.65,-31.53,-57.14,-59.86,56.40,-9.50,-0.92
2024/01/01 16:14:49.66,261.66,-31.53,-57.13,-59.86,56.36,-9.49,-0.91
2024/01/01 16:14:49.67,261.67,-31.54,-57.13,-59.86,56.33,-9.51,-0.89
2024/01/01 16:14:49.68,261.68,-31.54,-57.14,-59.86,56.32,-9.54,-0.88
2024/01/01 16:14:49.69,261.69,-31.54,-57.15,-59.86,56.33,-9.56,-0.88
2024/01/01 16:14:49.70,261.70,-31.53,-57.15,-59.85,56.36,-9.56,-0.88
2024/01/01 16:14:49.71,261.71,-31.54,-57.15,-59.85,56.38,-9.54,-0.88
2024/01/01 16:14:49.72,261.72,-31.54,-57.15,-59.86,56.39,-9.50,-0.88
2024/01/01 16:14:49.73,261.73,-31.54,-57.15,-59.86,56.38,-9.46,-0.88
2024/01/01 16:14:49.74,261.74,-31.55,-57.15,-59.86,56.36,-9.44,-0.88
2024/01/01 16:14:49.75,261.75,-31.55,-57.14,-59.85,56.35,-9.44,-0.88
2024/01/01 16:14:49.76,261.76,-31.55,-57.13,-59.85,56.35,-9.47,-0.88
2024/01/01 16:14:49.77,261.77,-31.55,-57.13,-59.86,56.34,-9.52,-0.88
2024/01/01 16:14:49.78,261.78,-31.55,-57.13,-59.86,56.33,-9.56,-0.87
2024/01/01 16:14:49.79,261.79,-31.55,-57.13,-59.87,56.34,-9.60,-0.86
2024/01/01 16:14:49.80,261.80,-31.55,-57.13,-59.87,56.34,-9.62,-0.87
2024/01/01 16:14:49.81,261.81,-31.56,-57.14,-59.87,56.35,-9.61,-0.88
2024/01/01 16:14:49.82,261.82,-31.56,-57.14,-59.88,56.37,-9.59,-0.91
2024/01/01 16:14:49.83,261.83,-31.56,-57.15,-59.88,56.40,-9.56,-0.92
2024/01/01 16:14:49.84,261.84,-31.56,-57.16,-59.89,56.41,-9.52,-0.93
2024/01/01 16:14:49.85,261.85,-31.56,-57.16,-59.89,56.38,-9.47,-0.92
2024/01/01 16:14:49.86,261.86,-31.56,-57.16,-59.89,56.34,-9.42,-0.91
2024/01/01 16:14:49.87,261.87,-31.55,-57.16,-59.89,56.30,-9.39,-0.91
2024/01/01 16:14:49.88,261.88,-31.55,-57.15,-59.89,56.28,-9.38,-0.93
2024/01/01 16:14:49.89,261.89,-31.54,-57.15,-59.89,56.28,-9.40,-0.92
2024/01/01 16:14:49.90,261.90,-31.55,-57.14,-59.90,56.29,-9.47,-0.92
2024/01/01 16:14:49.91,261.91,-31.55,-57.14,-59.90,56.31,-9.56,-0.92
2024/01/01 16:14:49.92,261.92,-31.57,-57.14,-59.90,56.34,-9.63,-0.91
2024/01/01 16:14:49.93,261.93,-31.57,-57.14,-59.91,56.37,-9.67,-0.90
2024/01/01 16:14:49.94,261.94,-31.58,-57.15,-59.91,56.40,-9.67,-0.90
2024/01/01 16:14:49.95,261.95,-31.57,-57.15,-59.90,56.41,-9.64,-0.90
2024/01/01 16:14:49.96,261.96,-31.57,-57.15,-59.91,56.40,-9.59,-0.90
2024/01/01 16:14:49.97,261.97,-31.58,-57.16,-59.91,56.39,-9.53,-0.91
2024/01/01 16:14:49.98,261.98,-31.57,-57.17,-59.91,56.38,-9.48,-0.92
2024/01/01 16:14:49.99,261.99,-31.57,-57.17,-59.91,56.36,-9.45,-0.92
2024/01/01 16:14:50.00,262.00,-31.58,-57.17,-59.91,56.32,-9.44,-0.94
2024/01/01 16:14:50.01,262.01,-31.58,-57.18,-59.90,56.27,-9.45,-0.96
2024/01/01 16:14:50.02,262.02,-31.58,-57.18,-59.90,56.22,-9.50,-0.95
2024/01/01 16:14:50.03,262.03,-31.58,-57.19,-59.90,56.19,-9.56,-0.92
2024/01/01 16:14:50.04,262.04,-31.58,-57.19,-59.90,56.20,-9.60,-0.91
2024/01/01 16:14:50.05,262.05,-31.58,-57.19,-59.90,56.25,-9.63,-0.89
2024/01/01 16:14:50.06,262.06,-31.59,-57.19,-59.90,56.31,-9.63,-0.88
2024/01/01 16:14:50.07,262.07,-31.60,-57.18,-59.90,56.34,-9.61,-0.90
2024/01/01 16:14:50.08,262.08,-31.61,-57.18,-59.90,56.35,-9.57,-0.92
2024/01/01 16:14:50.09,262.09,-31.62,-57.17,-59.90,56.35,-9.53,-0.94
2024/01/01 16:14:50.10,262.10,-31.62,-57.16,-59.91,56.33,-9.52,-0.94
2024/01/01 16:14:50.11,262.11,-31.62,-57.16,-59.91,56.33,-9.53,-0.92
2024/01/01 16:14:50.12,262.12,-31.61,-57.16,-59.91,56.33,-9.56,-0.89
2024/01/01 16:14:50.13,262.13,-31.61,-57.17,-59.91,56.33,-9.58,-0.90
2024/01/01 16:14:50.14,262.14,-31.61,-57.17,-59.91,56.33,-9.61,-0.92
2024/01/01 16:14:50.15,262.15,-31.61,-57.18,-59.91,56.33,-9.62,-0.94
2024/01/01 16:14:50.16,262.16,-31.61,-57.18,-59.91,56.31,-9.61,-0.94
2024/01/01 16:14:50.17,262.17,-31.60,-57.18,-59.91,56.28,-9.59,-0.93
2024/01/01 16:14:50.18,262.18,-31.60,-57.18,-59.91,56.23,-9.54,-0.93
2024/01/01 16:14:50.19,262.19,-31.60,-57.18,-59.91,56.20,-9.49,-0.94
2024/01/01 16:14:50.20,262.20,-31.61,-57.19,-59.91,56.19,-9.47,-0.94
2024/01/01 16:14:50.21,262.21,-31.61,-57.19,-59.91,56.21,-9.47,-0.94
2024/01/01 16:14:50.22,262.22,-31.62,-57.19,-59.91,56.25,-9.49,-0.94
2024/01/01 16:14:50.23,262.23,-31.63,-57.19,-59.91,56.29,-9.52,-0.94
2024/01/01 16:14:50.24,262.24,-31.64,-57.19,-59.91,56.32,-9.55,-0.93
2024/01/01 16:14:50.25,262.25,-31.64,-57.19,-59.91,56.33,-9.58,-0.91
2024/01/01 16:14:50.26,262.26,-31.64,-57.19,-59.91,56.32,-9.60,-0.90
2024/01/01 16:14:50.27,262.27,-31.64,-57.19,-59.91,56.30,-9.60,-0.90
2024/01/01 16:14:50.28,262.28,-31.65,-57.20,-59.92,56.29,-9.58,-0.92
2024/01/01 16:14:50.29,262.29,-31.65,-57.20,-59.92,56.29,-9.57,-0.92
2024/01/01 16:14:50.30,262.30,-31.65,-57.20,-59.92,56.27,-9.57,-0.92
2024/01/01 16:14:50.31,262.31,-31.65,-57.21,-59.92,56.23,-9.59,-0.93
2024/01/01 16:14:50.32,262.32,-31.65,-57.21,-59.92,56.19,-9.63,-0.94
2024/01/01 16:14:50.33,262.33,-31.66,-57.21,-59.92,56.17,-9.67,-0.95
2024/01/01 16:14:50.34,262.34,-31.66,-57.21,-59.92,56.18,-9.68,-0.93
2024/01/01 16:14:50.35,262.35,-31.66,-57.22,-59.91,56.22,-9.68,-0.93
2024/01/01 16:14:50.36,262.36,-31.67,-57.23,-59.91,56.26,-9.66,-0.93
2024/01/01 16:14:50.37,262.37,-31.67,-57.23,-59.90,56.27,-9.64,-0.93
2024/01/01 16:14:50.38,262.38,-31.67,-57.23,-59.90,56.26,-9.62,-0.91
2024/01/01 16:14:50.39,262.39,-31.67,-57.23,-59.90,56.22,-9.61,-0.90
2024/01/01 16:14:50.40,262.40,-31.68,-57.23,-59.90,56.18,-9.61,-0.89
2024/01/01 16:14:50.41,262.41,-31.68,-57.24,-59.90,56.17,-9.60,-0.89
2024/01/01 16:14:50.42,262.42,-31.68,-57.24,-59.90,56.17,-9.59,-0.90
2024/01/01 16:14:50.43,262.43,-31.68,-57.24,-59.90,56.19,-9.59,-0.90
2024/01/01 16:14:50.44,262.44,-31.68,-57.23,-59.90,56.21,-9.60,-0.90
2024/01/01 16:14:50.45,262.45,-31.68,-57.23,-59.91,56.23,-9.62,-0.90
2024/01/01 16:14:50.46,262.46,-31.68,-57.23,-59.91,56.25,-9.64,-0.91
2024/01/01 16:14:50.47,262.47,-31.68,-57.23,-59.91,56.27,-9.64,-0.90
2024/01/01 16:14:50.48,262.48,-31.68,-57.23,-59.91,56.28,-9.62,-0.91
2024/01/01 16:14:50.49,262.49,-31.68,-57.23,-59.91,56.28,-9.59,-0.92
2024/01/01 16:14:50.50,262.50,-31.68,-57.22,-59.91,56.27,-9.57,-0.94
2024/01/01 16:14:50.51,262.51,-31.68,-57.22,-59.91,56.25,-9.58,-0.95
2024/01/01 16:14:50.52,262.52,-31.68,-57.22,-59.91,56.21,-9.61,-0.95
2024/01/01 16:14:50.53,262.53,-31.67,-57.23,-59.91,56.18,-9.64,-0.94
2024/01/01 16:14:50.54,262.54,-31.67,-57.23,-59.92,56.16,-9.66,-0.92
2024/01/01 16:14:50.55,262.55,-31.67,-57.24,-59.92,56.17,-9.65,-0.91
2024/01/01 16:14:50.56,262.56,-31.68,-57.24,-59.92,56.20,-9.64,-0.90
2024/01/01 16:14:50.57,262.57,-31.69,-57.25,-59.92,56.24,-9.64,-0.92
2024/01/01 16:14:50.58,262.58,-31.69,-57.25,-59.92,56.26,-9.65,-0.94
2024/01/01 16:14:50.59,262.59,-31.69,-57.25,-59.92,56.26,-9.65,-0.94
2024/01/01 16:14:50.60,262.60,-31.69,-57.25,-59.92,56.23,-9.64,-0.93
2024/01/01 16:14:50.61,262.61,-31.69,-57.25,-59.92,56.21,-9.61,-0.92
2024/01/01 16:14:50.62,262.62,-31.69,-57.25,-59.92,56.20,-9.58,-0.93
2024/01/01 16:14:50.63,262.63,-31.69,-57.25,-59.92,56.21,-9.57,-0.92
2024/01/01 16:14:50.64,262.64,-31.69,-57.26,-59.92,56.22,-9.61,-0.91
2024/01/01 16:14:50.65,262.65,-31.70,-57.26,-59.92,56.20,-9.67,-0.91
2024/01/01 16:14:50.66,262.66,-31.70,-57.26,-59.92,56.17,-9.73,-0.91
2024/01/01 16:14:50.67,262.67,-31.71,-57.26,-59.93,56.14,-9.76,-0.92
2024/01/01 16:14:50.68,262.68,-31.72,-57.26,-59.93,56.16,-9.74,-0.92
2024/01/01 16:14:50.69,262.69,-31.72,-57.26,-59.93,56.21,-9.69,-0.93
2024/01/01 16:14:50.70,262.70,-31.72,-57.26,-59.93,56.25,-9.64,-0.94
2024/01/01 16:14:50.71,262.71,-31.72,-57.26,-59.93,56.27,-9.59,-0.95
2024/01/01 16:14:50.72,262.72,-31.72,-57.26,-59.93,56.24,-9.58,-0.95
2024/01/01 16:14:50.73,262.73,-31.72,-57.27,-59.93,56.19,-9.60,-0.95
2024/01/01 16:14:50.74,262.74,-31.72,-57.27,-59.93,56.14,-9.64,-0.94
2024/01/01 16:14:50.75,262.75,-31.73,-57.27,-59.93,56.11,-9.68,-0.93
2024/01/01 16:14:50.76,262.76,-31.73,-57.28,-59.93,56.10,-9.70,-0.92
2024/01/01 16:14:50.77,262.77,-31.73,-57.28,-59.92,56.12,-9.72,-0.93
2024/01/01 16:14:50.78,262.78,-31.73,-57.28,-59.93,56.16,-9.72,-0.94
2024/01/01 16:14:50.79,262.79,-31.73,-57.29,-59.93,56.20,-9.70,-0.94
2024/01/01 16:14:50.80,262.80,-31.72,-57.29,-59.93,56.21,-9.68,-0.93
2024/01/01 16:14:50.81,262.81,-31.72,-57.29,-59.93,56.20,-9.67,-0.92
2024/01/01 16:14:50.82,262.82,-31.72,-57.29,-59.93,56.18,-9.67,-0.92
2024/01/01 16:14:50.83,262.83,-31.72,-57.29,-59.93,56.16,-9.67,-0.93
2024/01/01 16:14:50.84,262.84,-31.72,-57.29,-59.93,56.17,-9.67,-0.94
2024/01/01 16:14:50.85,262.85,-31.72,-57.30,-59.93,56.19,-9.69,-0.95
2024/01/01 16:14:50.86,262.86,-31.72,-57.30,-59.94,56.19,-9.70,-0.96
2024/01/01 16:14:50.87,262.87,-31.72,-57.30,-59.94,56.17,-9.72,-0.97
2024/01/01 16:14:50.88,262.88,-31.72,-57.30,-59.94,56.15,-9.73,-0.95
2024/01/01 16:14:50.89,262.89,-31.73,-57.30,-59.94,56.16,-9.75,-0.93
2024/01/01 16:14:50.90,262.90,-31.73,-57.30,-59.94,56.19,-9.75,-0.93
2024/01/01 16:14:50.91,262.91,-31.74,-57.30,-59.94,56.24,-9.74,-0.91
2024/01/01 16:14:50.92,262.92,-31.74,-57.31,-59.94,56.25,-9.72,-0.91
2024/01/01 16:14:50.93,262.93,-31.74,-57.31,-59.94,56.21,-9.70,-0.93
2024/01/01 16:14:50.94,262.94,-31.74,-57.31,-59.94,56.17,-9.68,-0.96
2024/01/01 16:14:50.95,262.95,-31.73,-57.31,-59.94,56.15,-9.67,-0.97
2024/01/01 16:14:50.96,262.96,-31.73,-57.31,-59.94,56.15,-9.67,-0.95
2024/01/01 16:14:50.97,262.97,-31.73,-57.31,-59.94,56.17,-9.69,-0.93
2024/01/01 16:14:50.98,262.98,-31.73,-57.31,-59.94,56.19,-9.70,-0.93
2024/01/01 16:14:50.99,262.99,-31.74,-57.30,-59.94,56.18,-9.70,-0.95
2024/01/01 16:14:51.00,263.00,-31.74,-57.30,-59.95,56.16,-9.71,-0.96
2024/01/01 16:14:51.01,263.01,-31.74,-57.30,-59.95,56.15,-9.73,-0.96
2024/01/01 16:14:51.02,263.02,-31.74,-57.31,-59.96,56.15,-9.75,-0.97
2024/01/01 16:14:51.03,263.03,-31.74,-57.31,-59.96,56.16,-9.75,-0.97
2024/01/01 16:14:51.04,263.04,-31.74,-57.31,-59.96,56.15,-9.73,-0.97
2024/01/01 16:14:51.05,263.05,-31.74,-57.31,-59.95,56.13,-9.69,-0.96
2024/01/01 16:14:51.06,263.06,-31.74,-57.31,-59.95,56.13,-9.66,-0.95
2024/01/01 16:14:51.07,263.07,-31.75,-57.31,-59.95,56.14,-9.65,-0.94
2024/01/01 16:14:51.08,263.08,-31.75,-57.30,-59.95,56.14,-9.67,-0.94
2024/01/01 16:14:51.09,263.09,-31.75,-57.30,-59.95,56.15,-9.69,-0.94
2024/01/01 16:14:51.10,263.10,-31.75,-57.30,-59.94,56.15,-9.72,-0.94
2024/01/01 16:14:51.11,263.11,-31.75,-57.30,-59.94,56.15,-9.74,-0.94
2024/01/01 16:14:51.12,263.12,-31.75,-57.31,-59.94,56.17,-9.74,-0.94
2024/01/01 16:14:51.13,263.13,-31.75,-57.32,-59.94,56.21,-9.74,-0.93
2024/01/01 16:14:51.14,263.14,-31.75,-57.32,-59.95,56.22,-9.74,-0.91
2024/01/01 16:14:51.15,263.15,-31.76,-57.32,-59.94,56.22,-9.74,-0.93
2024/01/01 16:14:51.16,263.16,-31.77,-57.32,-59.94,56.19,-9.73,-0.95
2024/01/01 16:14:51.17,263.17,-31.77,-57.32,-59.94,56.17,-9.70,-0.95
2024/01/01 16:14:51.18,263.18,-31.77,-57.32,-59.93,56.15,-9.69,-0.93
2024/01/01 16:14:51.19,263.19,-31.76,-57.32,-59.93,56.15,-9.68,-0.93
2024/01/01 16:14:51.20,263.20,-31.76,-57.32,-59.93,56.14,-9.69,-0.93
2024/01/01 16:14:51.21,263.21,-31.76,-57.32,-59.92,56.12,-9.72,-0.92
2024/01/01 16:14:51.22,263.22,-31.76,-57.32,-59.92,56.11,-9.75,-0.92
2024/01/01 16:14:51.23,263.23,-31.76,-57.32,-59.92,56.11,-9.77,-0.93
2024/01/01 16:14:51.24,263.24,-31.77,-57.32,-59.93,56.11,-9.78,-0.93
2024/01/01 16:14:51.25,263.25,-31.77,-57.33,-59.93,56.11,-9.76,-0.92
2024/01/01 16:14:51.26,263.26,-31.78,-57.33,-59.93,56.09,-9.74,-0.92
2024/01/01 16:14:51.27,263.27,-31.78,-57.34,-59.93,56.08,-9.71,-0.93
2024/01/01 16:14:51.28,263.28,-31.78,-57.34,-59.93,56.09,-9.70,-0.94
2024/01/01 16:14:51.29,263.29,-31.78,-57.34,-59.93,56.13,-9.69,-0.94
2024/01/01 16:14:51.30,263.30,-31.78,-57.34,-59.93,56.18,-9.69,-0.94
2024/01/01 16:14:51.31,263.31,-31.78,-57.34,-59.93,56.20,-9.69,-0.93
2024/01/01 16:14:51.32,263.32,-31.78,-57.34,-59.93,56.19,-9.71,-0.93
2024/01/01 16:14:51.33,263.33,-31.78,-57.34,-59.93,56.15,-9.73,-0.93
2024/01/01 16:14:51.34,263.34,-31.78,-57.35,-59.93,56.13,-9.77,-0.93
2024/01/01 16:14:51.35,263.35,-31.78,-57.35,-59.93,56.13,-9.81,-0.93
2024/01/01 16:14:51.36,263.36,-31.77,-57.36,-59.93,56.15,-9.83,-0.92
2024/01/01 16:14:51.37,263.37,-31.76,-57.36,-59.93,56.17,-9.83,-0.91
2024/01/01 16:14:51.38,263.38,-31.76,-57.36,-59.93,56.19,-9.79,-0.91
2024/01/01 16:14:51.39,263.39,-31.76,-57.35,-59.94,56.18,-9.75,-0.93
2024/01/01 16:14:51.40,263.40,-31.76,-57.35,-59.93,56.15,-9.72,-0.94
2024/01/01 16:14:51.41,263.41,-31.76,-57.35,-59.93,56.11,-9.72,-0.95
2024/01/01 16:14:51.42,263.42,-31.76,-57.35,-59.92,56.07,-9.75,-0.95
2024/01/01 16:14:51.43,263.43,-31.76,-57.35,-59.92,56.05,-9.78,-0.95
2024/01/01 16:14:51.44,263.44,-31.76,-57.36,-59.93,56.08,-9.82,-0.93
2024/01/01 16:14:51.45,263.45,-31.76,-57.36,-59.93,56.14,-9.83,-0.89
2024/01/01 16:14:51.46,263.46,-31.76,-57.36,-59.93,56.21,-9.81,-0.88
2024/01/01 16:14:51.47,263.47,-31.76,-57.35,-59.93,56.25,-9.76,-0.91
2024/01/01 16:14:51.48,263.48,-31.77,-57.35,-59.93,56.24,-9.72,-0.96
2024/01/01 16:14:51.49,263.49,-31.77,-57.36,-59.93,56.19,-9.70,-0.97
2024/01/01 16:14:51.50,263.50,-31.78,-57.36,-59.94,56.13,-9.71,-0.95
2024/01/01 16:14:51.51,263.51,-31.78,-57.37,-59.94,56.10,-9.74,-0.93
2024/01/01 16:14:51.52,263.52,-31.77,-57.38,-59.94,56.11,-9.75,-0.91
2024/01/01 16:14:51.53,263.53,-31.77,-57.38,-59.94,56.13,-9.77,-0.90
2024/01/01 16:14:51.54,263.54,-31.76,-57.37,-59.94,56.17,-9.77,-0.91
2024/01/01 16:14:51.55,263.55,-31.76,-57.37,-59.93,56.19,-9.75,-0.94
2024/01/01 16:14:51.56,263.56,-31.76,-57.37,-59.93,56.19,-9.73,-0.97
2024/01/01 16:14:51.57,263.57,-31.76,-57.37,-59.94,56.18,-9.74,-0.97
2024/01/01 16:14:51.58,263.58,-31.77,-57.37,-59.94,56.15,-9.76,-0.96
2024/01/01 16:14:51.59,263.59,-31.76,-57.37,-59.94,56.12,-9.80,-0.95
2024/01/01 16:14:51.60,263.60,-31.76,-57.37,-59.93,56.10,-9.84,-0.94
2024/01/01 16:14:51.61,263.61,-31.76,-57.37,-59.93,56.09,-9.86,-0.93
2024/01/01 16:14:51.62,263.62,-31.76,-57.38,-59.92,56.09,-9.85,-0.92
2024/01/01 16:14:51.63,263.63,-31.76,-57.38,-59.92,56.12,-9.82,-0.92
2024/01/01 16:14:51.64,263.64,-31.76,-57.39,-59.92,56.16,-9.78,-0.93
2024/01/01 16:14:51.65,263.65,-31.76,-57.39,-59.92,56.20,-9.76,-0.92
2024/01/01 16:14:51.66,263.66,-31.77,-57.39,-59.92,56.21,-9.77,-0.90
2024/01/01 16:14:51.67,263.67,-31.77,-57.39,-59.92,56.19,-9.78,-0.90
2024/01/01 16:14:51.68,263.68,-31.77,-57.39,-59.91,56.16,-9.79,-0.91
2024/01/01 16:14:51.69,263.69,-31.77,-57.39,-59.91,56.15,-9.79,-0.91
2024/01/01 16:14:51.70,263.70,-31.76,-57.39,-59.91,56.16,-9.79,-0.91
2024/01/01 16:14:51.71,263.71,-31.75,-57.39,-59.91,56.19,-9.79,-0.92
2024/01/01 16:14:51.72,263.72,-31.75,-57.39,-59.91,56.22,-9.79,-0.92
2024/01/01 16:14:51.73,263.73,-31.74,-57.39,-59.91,56.21,-9.80,-0.90
2024/01/01 16:14:51.74,263.74,-31.74,-57.38,-59.91,56.17,-9.82,-0.90
2024/01/01 16:14:51.75,263.75,-31.74,-57.38,-59.91,56.14,-9.82,-0.92
2024/01/01 16:14:51.76,263.76,-31.74,-57.37,-59.91,56.14,-9.81,-0.93
2024/01/01 16:14:51.77,263.77,-31.74,-57.38,-59.91,56.14,-9.79,-0.91
2024/01/01 16:14:51.78,263.78,-31.74,-57.38,-59.91,56.15,-9.77,-0.91
2024/01/01 16:14:51.79,263.79,-31.75,-57.39,-59.91,56.16,-9.75,-0.93
2024/01/01 16:14:51.80,263.80,-31.76,-57.39,-59.91,56.16,-9.74,-0.94
2024/01/01 16:14:51.81,263.81,-31.76,-57.38,-59.91,56.16,-9.75,-0.92
2024/01/01 16:14:51.82,263.82,-31.76,-57.38,-59.91,56.18,-9.78,-0.89
2024/01/01 16:14:51.83,263.83,-31.75,-57.38,-59.91,56.22,-9.78,-0.87
2024/01/01 16:14:51.84,263.84,-31.75,-57.39,-59.90,56.25,-9.78,-0.86
2024/01/01 16:14:51.85,263.85,-31.74,-57.40,-59.90,56.26,-9.77,-0.88
2024/01/01 16:14:51.86,263.86,-31.74,-57.40,-59.91,56.26,-9.79,-0.91
2024/01/01 16:14:51.87,263.87,-31.74,-57.40,-59.91,56.25,-9.82,-0.92
2024/01/01 16:14:51.88,263.88,-31.74,-57.40,-59.92,56.21,-9.85,-0.93
2024/01/01 16:14:51.89,263.89,-31.74,-57.40,-59.92,56.15,-9.86,-0.94
2024/01/01 16:14:51.90,263.90,-31.74,-57.40,-59.92,56.11,-9.84,-0.94
2024/01/01 16:14:51.91,263.91,-31.74,-57.40,-59.91,56.10,-9.79,-0.92
2024/01/01 16:14:51.92,263.92,-31.74,-57.40,-59.91,56.14,-9.74,-0.92
2024/01/01 16:14:51.93,263.93,-31.74,-57.40,-59.90,56.18,-9.72,-0.91
2024/01/01 16:14:51.94,263.94,-31.75,-57.40,-59.90,56.20,-9.74,-0.89
2024/01/01 16:14:51.95,263.95,-31.74,-57.40,-59.90,56.19,-9.78,-0.90
2024/01/01 16:14:51.96,263.96,-31.74,-57.40,-59.90,56.15,-9.84,-0.90
2024/01/01 16:14:51.97,263.97,-31.74,-57.40,-59.90,56.12,-9.88,-0.90
2024/01/01 16:14:51.98,263.98,-31.75,-57.40,-59.90,56.12,-9.90,-0.92
2024/01/01 16:14:51.99,263.99,-31.75,-57.40,-59.90,56.16,-9.89,-0.92
2024/01/01 16:14:52.00,264.00,-31.75,-57.40,-59.90,56.19,-9.86,-0.91
2024/01/01 16:14:52.01,264.01,-31.75,-57.40,-59.90,56.21,-9.82,-0.90
2024/01/01 16:14:52.02,264.02,-31.75,-57.40,-59.90,56.21,-9.80,-0.91
2024/01/01 16:14:52.03,264.03,-31.75,-57.40,-59.90,56.21,-9.78,-0.90
2024/01/01 16:14:52.04,264.04,-31.75,-57.40,-59.90,56.21,-9.77,-0.89
2024/01/01 16:14:52.05,264.05,-31.75,-57.40,-59.90,56.21,-9.76,-0.90
2024/01/01 16:14:52.06,264.06,-31.75,-57.40,-59.91,56.22,-9.76,-0.93
2024/01/01 16:14:52.07,264.07,-31.75,-57.40,-59.91,56.21,-9.76,-0.92
2024/01/01 16:14:52.08,264.08,-31.74,-57.39,-59.91,56.20,-9.76,-0.90
2024/01/01 16:14:52.09,264.09,-31.74,-57.39,-59.91,56.20,-9.76,-0.89
2024/01/01 16:14:52.10,264.10,-31.73,-57.39,-59.91,56.18,-9.76,-0.90
2024/01/01 16:14:52.11,264.11,-31.73,-57.39,-59.91,56.16,-9.76,-0.93
2024/01/01 16:14:52.12,264.12,-31.74,-57.39,-59.91,56.14,-9.78,-0.95
2024/01/01 16:14:52.13,264.13,-31.74,-57.39,-59.91,56.13,-9.80,-0.95
2024/01/01 16:14:52.14,264.14,-31.74,-57.38,-59.91,56.12,-9.82,-0.94
2024/01/01 16:14:52.15,264.15,-31.74,-57.37,-59.90,56.13,-9.83,-0.93
2024/01/01 16:14:52.16,264.16,-31.74,-57.36,-59.90,56.14,-9.83,-0.91
2024/01/01 16:14:52.17,264.17,-31.74,-57.36,-59.90,56.15,-9.82,-0.89
2024/01/01 16:14:52.18,264.18,-31.73,-57.36,-59.90,56.17,-9.81,-0.87
2024/01/01 16:14:52.19,264.19,-31.73,-57.37,-59.90,56.19,-9.79,-0.87
2024/01/01 16:14:52.20,264.20,-31.72,-57.37,-59.89,56.22,-9.75,-0.87
2024/01/01 16:14:52.21,264.21,-31.72,-57.37,-59.89,56.25,-9.71,-0.89
2024/01/01 16:14:52.22,264.22,-31.72,-57.37,-59.89,56.25,-9.71,-0.93
2024/01/01 16:14:52.23,264.23,-31.72,-57.37,-59.89,56.22,-9.72,-0.95
2024/01/01 16:14:52.24,264.24,-31.72,-57.37,-59.89,56.17,-9.75,-0.93
2024/01/01 16:14:52.25,264.25,-31.73,-57.37,-59.89,56.14,-9.78,-0.88
2024/01/01 16:14:52.26,264.26,-31.73,-57.37,-59.90,56.14,-9.79,-0.86
2024/01/01 16:14:52.27,264.27,-31.74,-57.38,-59.89,56.17,-9.77,-0.87
2024/01/01 16:14:52.28,264.28,-31.74,-57.38,-59.90,56.21,-9.73,-0.88
2024/01/01 16:14:52.29,264.29,-31.74,-57.38,-59.90,56.26,-9.71,-0.89
2024/01/01 16:14:52.30,264.30,-31.73,-57.37,-59.90,56.29,-9.72,-0.90
2024/01/01 16:14:52.31,264.31,-31.73,-57.37,-59.90,56.30,-9.75,-0.91
2024/01/01 16:14:52.32,264.32,-31.72,-57.37,-59.90,56.28,-9.79,-0.92
2024/01/01 16:14:52.33,264.33,-31.71,-57.37,-59.91,56.25,-9.82,-0.92
2024/01/01 16:14:52.34,264.34,-31.70,-57.38,-59.91,56.21,-9.83,-0.91
2024/01/01 16:14:52.35,264.35,-31.70,-57.38,-59.91,56.17,-9.83,-0.91
2024/01/01 16:14:52.36,264.36,-31.70,-57.39,-59.91,56.12,-9.84,-0.92
2024/01/01 16:14:52.37,264.37,-31.71,-57.39,-59.92,56.10,-9.84,-0.94
2024/01/01 16:14:52.38,264.38,-31.72,-57.39,-59.92,56.10,-9.82,-0.95
2024/01/01 16:14:52.39,264.39,-31.72,-57.39,-59.92,56.12,-9.78,-0.93
2024/01/01 16:14:52.40,264.40,-31.72,-57.39,-59.92,56.17,-9.74,-0.93
2024/01/01 16:14:52.41,264.41,-31.73,-57.40,-59.92,56.22,-9.71,-0.95
2024/01/01 16:14:52.42,264.42,-31.73,-57.41,-59.91,56.26,-9.69,-0.95
2024/01/01 16:14:52.43,264.43,-31.73,-57.40,-59.91,56.27,-9.71,-0.93
2024/01/01 16:14:52.44,264.44,-31.72,-57.39,-59.91,56.26,-9.76,-0.91
2024/01/01 16:14:52.45,264.45,-31.72,-57.38,-59.91,56.23,-9.83,-0.90
2024/01/01 16:14:52.46,264.46,-31.71,-57.36,-59.91,56.20,-9.88,-0.89
2024/01/01 16:14:52.47,264.47,-31.71,-57.36,-59.91,56.18,-9.89,-0.88
2024/01/01 16:14:52.48,264.48,-31.70,-57.35,-59.91,56.18,-9.87,-0.90
2024/01/01 16:14:52.49,264.49,-31.69,-57.36,-59.92,56.19,-9.84,-0.93
2024/01/01 16:14:52.50,264.50,-31.69,-57.37,-59.91,56.20,-9.82,-0.96
2024/01/01 16:14:52.51,264.51,-31.69,-57.37,-59.91,56.22,-9.81,-0.97
2024/01/01 16:14:52.52,264.52,-31.70,-57.37,-59.91,56.24,-9.79,-0.95
2024/01/01 16:14:52.53,264.53,-31.70,-57.37,-59.91,56.27,-9.75,-0.91
2024/01/01 16:14:52.54,264.54,-31.69,-57.36,-59.91,56.28,-9.69,-0.88
2024/01/01 16:14:52.55,264.55,-31.69,-57.36,-59.91,56.28,-9.63,-0.87
2024/01/01 16:14:52.56,264.56,-31.69,-57.35,-59.91,56.27,-9.59,-0.89
2024/01/01 16:14:52.57,264.57,-31.68,-57.35,-59.91,56.25,-9.59,-0.92
2024/01/01 16:14:52.58,264.58,-31.68,-57.34,-59.92,56.22,-9.65,-0.95
2024/01/01 16:14:52.59,264.59,-31.67,-57.33,-59.92,56.19,-9.73,-0.97
2024/01/01 16:14:52.60,264.60,-31.66,-57.32,-59.92,56.19,-9.81,-0.97
2024/01/01 16:14:52.61,264.61,-31.65,-57.33,-59.92,56.20,-9.84,-0.95
2024/01/01 16:14:52.62,264.62,-31.65,-57.34,-59.92,56.23,-9.82,-0.94
2024/01/01 16:14:52.63,264.63,-31.65,-57.34,-59.92,56.26,-9.77,-0.92
2024/01/01 16:14:52.64,264.64,-31.65,-57.34,-59.92,56.28,-9.72,-0.91
2024/01/01 16:14:52.65,264.65,-31.65,-57.34,-59.92,56.28,-9.68,-0.92
2024/01/01 16:14:52.66,264.66,-31.66,-57.33,-59.92,56.27,-9.64,-0.93
2024/01/01 16:14:52.67,264.67,-31.66,-57.33,-59.92,56.26,-9.61,-0.93
2024/01/01 16:14:52.68,264.68,-31.66,-57.33,-59.92,56.27,-9.60,-0.92
2024/01/01 16:14:52.69,264.69,-31.67,-57.33,-59.92,56.28,-9.61,-0.93
2024/01/01 16:14:52.70,264.70,-31.67,-57.34,-59.91,56.31,-9.66,-0.93
2024/01/01 16:14:52.71,264.71,-31.66,-57.34,-59.91,56.32,-9.75,-0.92
2024/01/01 16:14:52.72,264.72,-31.65,-57.34,-59.91,56.32,-9.86,-0.92
2024/01/01 16:14:52.73,264.73,-31.65,-57.34,-59.91,56.32,-9.94,-0.92
2024/01/01 16:14:52.74,264.74,-31.64,-57.34,-59.91,56.31,-9.96,-0.92
2024/01/01 16:14:52.75,264.75,-31.64,-57.34,-59.92,56.29,-9.92,-0.91
2024/01/01 16:14:52.76,264.76,-31.64,-57.33,-59.93,56.26,-9.82,-0.93
2024/01/01 16:14:52.77,264.77,-31.64,-57.33,-59.93,56.23,-9.69,-0.95
2024/01/01 16:14:52.78,264.78,-31.65,-57.33,-59.93,56.20,-9.58,-0.95
2024/01/01 16:14:52.79,264.79,-31.65,-57.33,-59.93,56.19,-9.53,-0.97
2024/01/01 16:14:52.80,264.80,-31.65,-57.32,-59.93,56.19,-9.55,-0.99
2024/01/01 16:14:52.81,264.81,-31.65,-57.31,-59.93,56.20,-9.61,-0.96
2024/01/01 16:14:52.82,264.82,-31.65,-57.31,-59.93,56.23,-9.68,-0.93
2024/01/01 16:14:52.83,264.83,-31.65,-57.31,-59.93,56.26,-9.74,-0.93
2024/01/01 16:14:52.84,264.84,-31.65,-57.30,-59.92,56.29,-9.76,-0.94
2024/01/01 16:14:52.85,264.85,-31.65,-57.30,-59.92,56.31,-9.75,-0.94
2024/01/01 16:14:52.86,264.86,-31.65,-57.30,-59.92,56.31,-9.74,-0.95
2024/01/01 16:14:52.87,264.87,-31.64,-57.31,-59.91,56.29,-9.73,-0.93
2024/01/01 16:14:52.88,264.88,-31.64,-57.30,-59.92,56.27,-9.74,-0.92
2024/01/01 16:14:52.89,264.89,-31.64,-57.29,-59.92,56.27,-9.73,-0.92
2024/01/01 16:14:52.90,264.90,-31.65,-57.28,-59.92,56.28,-9.69,-0.91
2024/01/01 16:14:52.91,264.91,-31.65,-57.27,-59.92,56.29,-9.63,-0.91
2024/01/01 16:14:52.92,264.92,-31.64,-57.27,-59.92,56.30,-9.59,-0.91
2024/01/01 16:14:52.93,264.93,-31.63,-57.27,-59.92,56.31,-9.55,-0.92
2024/01/01 16:14:52.94,264.94,-31.63,-57.27,-59.91,56.31,-9.56,-0.93
2024/01/01 16:14:52.95,264.95,-31.62,-57.26,-59.91,56.31,-9.59,-0.93
2024/01/01 16:14:52.96,264.96,-31.62,-57.26,-59.91,56.31,-9.63,-0.93
2024/01/01 16:14:52.97,264.97,-31.62,-57.26,-59.92,56.29,-9.65,-0.93
2024/01/01 16:14:52.98,264.98,-31.61,-57.27,-59.92,56.25,-9.65,-0.95
2024/01/01 16:14:52.99,264.99,-31.61,-57.27,-59.93,56.19,-9.63,-0.97
2024/01/01 16:14:53.00,265.00,-31.62,-57.27,-59.94,56.16,-9.63,-0.98
2024/01/01 16:14:53.01,265.01,-31.63,-57.26,-59.94,56.18,-9.66,-0.96
2024/01/01 16:14:53.02,265.02,-31.64,-57.26,-59.93,56.24,-9.72,-0.94
2024/01/01 16:14:53.03,265.03,-31.65,-57.25,-59.93,56.32,-9.75,-0.93
2024/01/01 16:14:53.04,265.04,-31.65,-57.25,-59.93,56.37,-9.73,-0.94
2024/01/01 16:14:53.05,265.05,-31.65,-57.26,-59.93,56.38,-9.67,-0.95
2024/01/01 16:14:53.06,265.06,-31.64,-57.26,-59.93,56.36,-9.61,-0.94
2024/01/01 16:14:53.07,265.07,-31.64,-57.27,-59.93,56.34,-9.56,-0.93
2024/01/01 16:14:53.08,265.08,-31.63,-57.27,-59.93,56.33,-9.56,-0.93
2024/01/01 16:14:53.09,265.09,-31.62,-57.27,-59.93,56.32,-9.59,-0.93
2024/01/01 16:14:53.10,265.10,-31.61,-57.26,-59.93,56.29,-9.63,-0.94
2024/01/01 16:14:53.11,265.11,-31.60,-57.25,-59.93,56.25,-9.66,-0.97
2024/01/01 16:14:53.12,265.12,-31.60,-57.25,-59.93,56.20,-9.67,-0.98
2024/01/01 16:14:53.13,265.13,-31.60,-57.25,-59.92,56.17,-9.66,-0.98
2024/01/01 16:14:53.14,265.14,-31.61,-57.26,-59.93,56.17,-9.65,-0.98
2024/01/01 16:14:53.15,265.15,-31.63,-57.26,-59.93,56.20,-9.65,-0.97
2024/01/01 16:14:53.16,265.16,-31.63,-57.26,-59.94,56.23,-9.65,-0.94
2024/01/01 16:14:53.17,265.17,-31.64,-57.26,-59.94,56.25,-9.66,-0.93
2024/01/01 16:14:53.18,265.18,-31.64,-57.25,-59.94,56.29,-9.66,-0.94
2024/01/01 16:14:53.19,265.19,-31.64,-57.25,-59.94,56.35,-9.63,-0.94
2024/01/01 16:14:53.20,265.20,-31.64,-57.25,-59.94,56.43,-9.58,-0.94
2024/01/01 16:14:53.21,265.21,-31.64,-57.25,-59.94,56.49,-9.55,-0.94
2024/01/01 16:14:53.22,265.22,-31.63,-57.24,-59.94,56.48,-9.56,-0.94
2024/01/01 16:14:53.23,265.23,-31.63,-57.25,-59.94,56.38,-9.61,-0.95
2024/01/01 16:14:53.24,265.24,-31.63,-57.25,-59.94,56.24,-9.68,-0.96
2024/01/01 16:14:53.25,265.25,-31.63,-57.25,-59.94,56.13,-9.73,-0.97
2024/01/01 16:14:53.26,265.26,-31.62,-57.25,-59.94,56.08,-9.75,-0.97
2024/01/01 16:14:53.27,265.27,-31.62,-57.24,-59.94,56.11,-9.73,-0.95
2024/01/01 16:14:53.28,265.28,-31.62,-57.23,-59.94,56.19,-9.66,-0.94
2024/01/01 16:14:53.29,265.29,-31.63,-57.24,-59.93,56.28,-9.57,-0.95
2024/01/01 16:14:53.30,265.30,-31.64,-57.24,-59.93,56.34,-9.49,-0.96
2024/01/01 16:14:53.31,265.31,-31.65,-57.24,-59.93,56.34,-9.46,-0.96
2024/01/01 16:14:53.32,265.32,-31.66,-57.24,-59.93,56.29,-9.51,-0.94
2024/01/01 16:14:53.33,265.33,-31.66,-57.24,-59.93,56.22,-9.61,-0.92
2024/01/01 16:14:53.34,265.34,-31.65,-57.24,-59.93,56.19,-9.70,-0.91
2024/01/01 16:14:53.35,265.35,-31.65,-57.24,-59.92,56.19,-9.73,-0.90
2024/01/01 16:14:53.36,265.36,-31.64,-57.23,-59.92,56.23,-9.71,-0.91
2024/01/01 16:14:53.37,265.37,-31.64,-57.23,-59.93,56.27,-9.67,-0.95
2024/01/01 16:14:53.38,265.38,-31.64,-57.23,-59.93,56.28,-9.62,-0.98
2024/01/01 16:14:53.39,265.39,-31.64,-57.23,-59.94,56.26,-9.58,-0.99
2024/01/01 16:14:53.40,265.40,-31.64,-57.23,-59.94,56.23,-9.57,-0.96
2024/01/01 16:14:53.41,265.41,-31.63,-57.23,-59.93,56.23,-9.57,-0.94
2024/01/01 16:14:53.42,265.42,-31.63,-57.23,-59.93,56.28,-9.57,-0.93
2024/01/01 16:14:53.43,265.43,-31.63,-57.22,-59.93,56.33,-9.57,-0.95
2024/01/01 16:14:53.44,265.44,-31.62,-57.22,-59.93,56.36,-9.58,-0.95
2024/01/01 16:14:53.45,265.45,-31.63,-57.22,-59.93,56.35,-9.58,-0.94
2024/01/01 16:14:53.46,265.46,-31.63,-57.22,-59.93,56.30,-9.60,-0.96
2024/01/01 16:14:53.47,265.47,-31.63,-57.23,-59.93,56.24,-9.62,-0.99
2024/01/01 16:14:53.48,265.48,-31.63,-57.23,-59.94,56.20,-9.64,-0.97
2024/01/01 16:14:53.49,265.49,-31.64,-57.23,-59.94,56.19,-9.65,-0.94
2024/01/01 16:14:53.50,265.50,-31.65,-57.22,-59.94,56.20,-9.65,-0.93
2024/01/01 16:14:53.51,265.51,-31.65,-57.22,-59.95,56.24,-9.63,-0.94
2024/01/01 16:14:53.52,265.52,-31.65,-57.22,-59.95,56.28,-9.61,-0.94
2024/01/01 16:14:53.53,265.53,-31.65,-57.22,-59.94,56.32,-9.60,-0.92
2024/01/01 16:14:53.54,265.54,-31.64,-57.22,-59.94,56.33,-9.58,-0.92
2024/01/01 16:14:53.55,265.55,-31.63,-57.21,-59.94,56.33,-9.55,-0.95
2024/01/01 16:14:53.56,265.56,-31.63,-57.21,-59.94,56.31,-9.55,-0.98
2024/01/01 16:14:53.57,265.57,-31.63,-57.21,-59.94,56.28,-9.56,-0.99
2024/01/01 16:14:53.58,265.58,-31.64,-57.21,-59.95,56.23,-9.59,-0.97
2024/01/01 16:14:53.59,265.59,-31.64,-57.20,-59.95,56.18,-9.63,-0.95
2024/01/01 16:14:53.60,265.60,-31.65,-57.20,-59.95,56.15,-9.64,-0.96
2024/01/01 16:14:53.61,265.61,-31.65,-57.20,-59.94,56.16,-9.63,-0.98
2024/01/01 16:14:53.62,265.62,-31.65,-57.20,-59.94,56.21,-9.62,-0.98
2024/01/01 16:14:53.63,265.63,-31.66,-57.20,-59.93,56.25,-9.59,-0.95
2024/01/01 16:14:53.64,265.64,-31.66,-57.21,-59.93,56.29,-9.57,-0.93
2024/01/01 16:14:53.65,265.65,-31.66,-57.21,-59.93,56.30,-9.55,-0.93
2024/01/01 16:14:53.66,265.66,-31.65,-57.20,-59.93,56.28,-9.55,-0.92
2024/01/01 16:14:53.67,265.67,-31.64,-57.19,-59.93,56.25,-9.56,-0.92
2024/01/01 16:14:53.68,265.68,-31.63,-57.18,-59.93,56.21,-9.58,-0.93
2024/01/01 16:14:53.69,265.69,-31.62,-57.18,-59.94,56.19,-9.58,-0.94
2024/01/01 16:14:53.70,265.70,-31.62,-57.17,-59.94,56.22,-9.58,-0.94
2024/01/01 16:14:53.71,265.71,-31.62,-57.18,-59.95,56.28,-9.56,-0.97
2024/01/01 16:14:53.72,265.72,-31.62,-57.19,-59.95,56.32,-9.54,-1.01
2024/01/01 16:14:53.73,265.73,-31.63,-57.20,-59.95,56.31,-9.53,-1.01
2024/01/01 16:14:53.74,265.74,-31.63,-57.20,-59.95,56.27,-9.54,-0.96
2024/01/01 16:14:53.75,265.75,-31.64,-57.20,-59.94,56.25,-9.56,-0.93
2024/01/01 16:14:53.76,265.76,-31.64,-57.19,-59.94,56.26,-9.59,-0.91
2024/01/01 16:14:53.77,265.77,-31.63,-57.18,-59.94,56.32,-9.60,-0.90
2024/01/01 16:14:53.78,265.78,-31.62,-57.18,-59.93,56.39,-9.59,-0.91
2024/01/01 16:14:53.79,265.79,-31.62,-57.18,-59.93,56.41,-9.56,-0.95
2024/01/01 16:14:53.80,265.80,-31.61,-57.18,-59.93,56.35,-9.54,-0.98
2024/01/01 16:14:53.81,265.81,-31.62,-57.18,-59.93,56.25,-9.55,-0.99
2024/01/01 16:14:53.82,265.82,-31.62,-57.18,-59.93,56.16,-9.60,-0.99
2024/01/01 16:14:53.83,265.83,-31.62,-57.18,-59.93,56.13,-9.65,-0.96
2024/01/01 16:14:53.84,265.84,-31.62,-57.18,-59.94,56.16,-9.67,-0.93
2024/01/01 16:14:53.85,265.85,-31.62,-57.18,-59.94,56.22,-9.65,-0.92
2024/01/01 16:14:53.86,265.86,-31.63,-57.19,-59.94,56.27,-9.59,-0.93
2024/01/01 16:14:53.87,265.87,-31.64,-57.19,-59.94,56.30,-9.52,-0.95
2024/01/01 16:14:53.88,265.88,-31.65,-57.19,-59.94,56.31,-9.47,-0.98
2024/01/01 16:14:53.89,265.89,-31.65,-57.19,-59.94,56.30,-9.43,-0.98
2024/01/01 16:14:53.90,265.90,-31.65,-57.19,-59.94,56.29,-9.43,-0.95
2024/01/01 16:14:53.91,265.91,-31.65,-57.18,-59.94,56.28,-9.46,-0.93
2024/01/01 16:14:53.92,265.92,-31.65,-57.17,-59.94,56.28,-9.51,-0.93
2024/01/01 16:14:53.93,265.93,-31.65,-57.16,-59.94,56.28,-9.57,-0.94
2024/01/01 16:14:53.94,265.94,-31.65,-57.16,-59.94,56.29,-9.63,-0.96
2024/01/01 16:14:53.95,265.95,-31.64,-57.16,-59.94,56.28,-9.68,-0.96
2024/01/01 16:14:53.96,265.96,-31.64,-57.17,-59.94,56.25,-9.71,-0.96
2024/01/01 16:14:53.97,265.97,-31.65,-57.17,-59.95,56.20,-9.71,-0.96
2024/01/01 16:14:53.98,265.98,-31.66,-57.17,-59.95,56.17,-9.67,-0.98
2024/01/01 16:14:53.99,265.99,-31.67,-57.18,-59.96,56.17,-9.60,-0.97
2024/01/01 16:14:54.00,266.00,-31.67,-57.17,-59.96,56.18,-9.52,-0.95
2024/01/01 16:14:54.01,266.01,-31.67,-57.17,-59.95,56.19,-9.46,-0.93
2024/01/01 16:14:54.02,266.02,-31.66,-57.16,-59.95,56.21,-9.42,-0.94
2024/01/01 16:14:54.03,266.03,-31.66,-57.16,-59.95,56.23,-9.41,-0.97
2024/01/01 16:14:54.04,266.04,-31.66,-57.16,-59.94,56.25,-9.44,-0.98
2024/01/01 16:14:54.05,266.05,-31.66,-57.17,-59.94,56.27,-9.50,-0.96
2024/01/01 16:14:54.06,266.06,-31.66,-57.17,-59.93,56.25,-9.58,-0.96
2024/01/01 16:14:54.07,266.07,-31.66,-57.17,-59.93,56.20,-9.66,-0.97
2024/01/01 16:14:54.08,266.08,-31.66,-57.16,-59.93,56.15,-9.72,-0.96
2024/01/01 16:14:54.09,266.09,-31.67,-57.16,-59.93,56.14,-9.73,-0.94
2024/01/01 16:14:54.10,266.10,-31.67,-57.15,-59.93,56.20,-9.68,-0.93
2024/01/01 16:14:54.11,266.11,-31.67,-57.15,-59.93,56.29,-9.58,-0.93
2024/01/01 16:14:54.12,266.12,-31.66,-57.16,-59.93,56.36,-9.46,-0.92
2024/01/01 16:14:54.13,266.13,-31.66,-57.16,-59.93,56.37,-9.38,-0.91
2024/01/01 16:14:54.14,266.14,-31.66,-57.16,-59.92,56.31,-9.38,-0.90
2024/01/01 16:14:54.15,266.15,-31.66,-57.16,-59.92,56.25,-9.43,-0.93
2024/01/01 16:14:54.16,266.16,-31.66,-57.16,-59.93,56.20,-9.52,-0.95
2024/01/01 16:14:54.17,266.17,-31.65,-57.16,-59.93,56.20,-9.59,-0.94
2024/01/01 16:14:54.18,266.18,-31.65,-57.15,-59.93,56.21,-9.62,-0.91
2024/01/01 16:14:54.19,266.19,-31.65,-57.15,-59.93,56.21,-9.61,-0.93
2024/01/01 16:14:54.20,266.20,-31.65,-57.15,-59.93,56.21,-9.57,-0.97
2024/01/01 16:14:54.21,266.21,-31.65,-57.15,-59.93,56.23,-9.53,-1.00
2024/01/01 16:14:54.22,266.22,-31.65,-57.15,-59.94,56.24,-9.51,-0.98
2024/01/01 16:14:54.23,266.23,-31.65,-57.15,-59.93,56.23,-9.52,-0.94
2024/01/01 16:14:54.24,266.24,-31.65,-57.15,-59.93,56.21,-9.55,-0.93
2024/01/01 16:14:54.25,266.25,-31.66,-57.15,-59.93,56.19,-9.57,-0.93
2024/01/01 16:14:54.26,266.26,-31.67,-57.15,-59.94,56.21,-9.58,-0.94
2024/01/01 16:14:54.27,266.27,-31.67,-57.15,-59.93,56.27,-9.56,-0.94
2024/01/01 16:14:54.28,266.28,-31.67,-57.15,-59.93,56.32,-9.53,-0.94
2024/01/01 16:14:54.29,266.29,-31.67,-57.15,-59.93,56.33,-9.49,-0.96
2024/01/01 16:14:54.30,266.30,-31.66,-57.14,-59.93,56.29,-9.46,-0.96
2024/01/01 16:14:54.31,266.31,-31.65,-57.14,-59.93,56.23,-9.47,-0.94
2024/01/01 16:14:54.32,266.32,-31.65,-57.15,-59.92,56.19,-9.52,-0.92
2024/01/01 16:14:54.33,266.33,-31.65,-57.15,-59.92,56.18,-9.58,-0.93
2024/01/01 16:14:54.34,266.34,-31.65,-57.15,-59.91,56.19,-9.62,-0.93
2024/01/01 16:14:54.35,266.35,-31.64,-57.15,-59.91,56.19,-9.62,-0.93
2024/01/01 16:14:54.36,266.36,-31.64,-57.15,-59.91,56.17,-9.60,-0.92
2024/01/01 16:14:54.37,266.37,-31.65,-57.16,-59.91,56.17,-9.56,-0.93
2024/01/01 16:14:54.38,266.38,-31.65,-57.15,-59.92,56.21,-9.50,-0.94
2024/01/01 16:14:54.39,266.39,-31.65,-57.15,-59.92,56.30,-9.45,-0.91
2024/01/01 16:14:54.40,266.40,-31.65,-57.15,-59.92,56.37,-9.43,-0.90
2024/01/01 16:14:54.41,266.41,-31.65,-57.14,-59.92,56.36,-9.44,-0.91
2024/01/01 16:14:54.42,266.42,-31.66,-57.14,-59.92,56.31,-9.47,-0.95
2024/01/01 16:14:54.43,266.43,-31.66,-57.14,-59.92,56.25,-9.51,-0.95
2024/01/01 16:14:54.44,266.44,-31.66,-57.15,-59.92,56.22,-9.56,-0.93
2024/01/01 16:14:54.45,266.45,-31.65,-57.15,-59.93,56.23,-9.61,-0.92
2024/01/01 16:14:54.46,266.46,-31.65,-57.14,-59.93,56.26,-9.62,-0.92
2024/01/01 16:14:54.47,266.47,-31.64,-57.14,-59.93,56.27,-9.60,-0.93
2024/01/01 16:14:54.48,266.48,-31.64,-57.13,-59.93,56.25,-9.58,-0.93
2024/01/01 16:14:54.49,266.49,-31.64,-57.13,-59.93,56.22,-9.56,-0.94
2024/01/01 16:14:54.50,266.50,-31.65,-57.14,-59.93,56.21,-9.53,-0.96
2024/01/01 16:14:54.51,266.51,-31.65,-57.13,-59.93,56.20,-9.52,-0.96
2024/01/01 16:14:54.52,266.52,-31.65,-57.13,-59.92,56.20,-9.53,-0.96
2024/01/01 16:14:54.53,266.53,-31.66,-57.14,-59.92,56.20,-9.54,-0.95
2024/01/01 16:14:54.54,266.54,-31.66,-57.14,-59.91,56.20,-9.52,-0.94
2024/01/01 16:14:54.55,266.55,-31.67,-57.14,-59.91,56.20,-9.50,-0.93
2024/01/01 16:14:54.56,266.56,-31.68,-57.14,-59.91,56.22,-9.48,-0.91
2024/01/01 16:14:54.57,266.57,-31.68,-57.14,-59.91,56.26,-9.48,-0.89
2024/01/01 16:14:54.58,266.58,-31.68,-57.15,-59.91,56.29,-9.49,-0.88
2024/01/01 16:14:54.59,266.59,-31.68,-57.14,-59.90,56.28,-9.51,-0.90
2024/01/01 16:14:54.60,266.60,-31.67,-57.14,-59.91,56.26,-9.51,-0.91
2024/01/01 16:14:54.61,266.61,-31.67,-57.13,-59.91,56.24,-9.52,-0.91
2024/01/01 16:14:54.62,266.62,-31.67,-57.14,-59.91,56.21,-9.53,-0.92
2024/01/01 16:14:54.63,266.63,-31.66,-57.14,-59.91,56.20,-9.53,-0.94
2024/01/01 16:14:54.64,266.64,-31.66,-57.13,-59.91,56.20,-9.53,-0.93
2024/01/01 16:14:54.65,266.65,-31.65,-57.12,-59.91,56.20,-9.52,-0.91
2024/01/01 16:14:54.66,266.66,-31.65,-57.12,-59.91,56.21,-9.53,-0.91
2024/01/01 16:14:54.67,266.67,-31.66,-57.11,-59.91,56.20,-9.54,-0.92
2024/01/01 16:14:54.68,266.68,-31.66,-57.12,-59.91,56.20,-9.55,-0.92
2024/01/01 16:14:54.69,266.69,-31.66,-57.12,-59.91,56.19,-9.55,-0.92
2024/01/01 16:14:54.70,266.70,-31.67,-57.12,-59.91,56.18,-9.54,-0.92
2024/01/01 16:14:54.71,266.71,-31.67,-57.13,-59.91,56.20,-9.53,-0.92
2024/01/01 16:14:54.72,266.72,-31.67,-57.14,-59.91,56.23,-9.53,-0.90
2024/01/01 16:14:54.73,266.73,-31.67,-57.14,-59.90,56.27,-9.51,-0.90
2024/01/01 16:14:54.74,266.74,-31.67,-57.14,-59.90,56.30,-9.49,-0.91
2024/01/01 16:14:54.75,266.75,-31.66,-57.14,-59.91,56.29,-9.48,-0.92
2024/01/01 16:14:54.76,266.76,-31.67,-57.14,-59.91,56.26,-9.49,-0.92
2024/01/01 16:14:54.77,266.77,-31.67,-57.13,-59.92,56.22,-9.51,-0.92
2024/01/01 16:14:54.78,266.78,-31.67,-57.13,-59.92,56.22,-9.53,-0.92
2024/01/01 16:14:54.79,266.79,-31.67,-57.13,-59.92,56.25,-9.53,-0.93
2024/01/01 16:14:54.80,266.80,-31.67,-57.12,-59.91,56.27,-9.53,-0.94
2024/01/01 16:14:54.81,266.81,-31.67,-57.12,-59.92,56.25,-9.53,-0.92
2024/01/01 16:14:54.82,266.82,-31.66,-57.12,-59.92,56.22,-9.53,-0.90
2024/01/01 16:14:54.83,266.83,-31.66,-57.12,-59.92,56.19,-9.52,-0.91
2024/01/01 16:14:54.84,266.84,-31.66,-57.12,-59.91,56.19,-9.50,-0.93
2024/01/01 16:14:54.85,266.85,-31.66,-57.12,-59.91,56.21,-9.50,-0.93
2024/01/01 16:14:54.86,266.86,-31.66,-57.12,-59.91,56.23,-9.51,-0.95
2024/01/01 16:14:54.87,266.87,-31.66,-57.13,-59.90,56.22,-9.52,-0.95
2024/01/01 16:14:54.88,266.88,-31.67,-57.13,-59.91,56.19,-9.51,-0.95
2024/01/01 16:14:54.89,266.89,-31.67,-57.13,-59.91,56.16,-9.53,-0.92
2024/01/01 16:14:54.90,266.90,-31.67,-57.13,-59.91,56.14,-9.56,-0.89
2024/01/01 16:14:54.91,266.91,-31.67,-57.13,-59.91,56.16,-9.56,-0.89
2024/01/01 16:14:54.92,266.92,-31.67,-57.13,-59.91,56.21,-9.55,-0.92
2024/01/01 16:14:54.93,266.93,-31.67,-57.13,-59.91,56.26,-9.51,-0.93
2024/01/01 16:14:54.94,266.94,-31.67,-57.13,-59.91,56.29,-9.48,-0.91
2024/01/01 16:14:54.95,266.95,-31.67,-57.13,-59.91,56.30,-9.48,-0.90
2024/01/01 16:14:54.96,266.96,-31.67,-57.13,-59.91,56.30,-9.49,-0.92
2024/01/01 16:14:54.97,266.97,-31.67,-57.12,-59.91,56.29,-9.50,-0.92
2024/01/01 16:14:54.98,266.98,-31.67,-57.12,-59.91,56.28,-9.51,-0.89
2024/01/01 16:14:54.99,266.99,-31.67,-57.12,-59.91,56.26,-9.52,-0.88
2024/01/01 16:14:55.00,267.00,-31.66,-57.12,-59.90,56.24,-9.53,-0.90
2024/01/01 16:14:55.01,267.01,-31.66,-57.12,-59.90,56.21,-9.54,-0.92
2024/01/01 16:14:55.02,267.02,-31.66,-57.12,-59.90,56.19,-9.54,-0.93
2024/01/01 16:14:55.03,267.03,-31.66,-57.12,-59.90,56.18,-9.53,-0.92
2024/01/01 16:14:55.04,267.04,-31.66,-57.12,-59.90,56.19,-9.53,-0.92
2024/01/01 16:14:55.05,267.05,-31.66,-57.12,-59.90,56.20,-9.53,-0.92
2024/01/01 16:14:55.06,267.06,-31.66,-57.11,-59.90,56.22,-9.52,-0.91
2024/01/01 16:14:55.07,267.07,-31.66,-57.11,-59.90,56.23,-9.51,-0.88
2024/01/01 16:14:55.08,267.08,-31.66,-57.11,-59.90,56.23,-9.49,-0.88
2024/01/01 16:14:55.09,267.09,-31.67,-57.11,-59.90,56.22,-9.48,-0.90
2024/01/01 16:14:55.10,267.10,-31.67,-57.11,-59.90,56.23,-9.47,-0.91
2024/01/01 16:14:55.11,267.11,-31.67,-57.11,-59.90,56.24,-9.46,-0.93
2024/01/01 16:14:55.12,267.12,-31.66,-57.11,-59.90,56.24,-9.47,-0.94
2024/01/01 16:14:55.13,267.13,-31.66,-57.10,-59.90,56.23,-9.47,-0.93
2024/01/01 16:14:55.14,267.14,-31.66,-57.10,-59.90,56.20,-9.48,-0.92
2024/01/01 16:14:55.15,267.15,-31.66,-57.09,-59.90,56.19,-9.48,-0.92
2024/01/01 16:14:55.16,267.16,-31.66,-57.09,-59.90,56.19,-9.47,-0.92
2024/01/01 16:14:55.17,267.17,-31.65,-57.10,-59.90,56.22,-9.47,-0.92
2024/01/01 16:14:55.18,267.18,-31.65,-57.10,-59.90,56.27,-9.48,-0.92
2024/01/01 16:14:55.19,267.19,-31.65,-57.11,-59.90,56.29,-9.49,-0.92
2024/01/01 16:14:55.20,267.20,-31.65,-57.11,-59.90,56.29,-9.51,-0.91
2024/01/01 16:14:55.21,267.21,-31.65,-57.11,-59.90,56.28,-9.51,-0.91
2024/01/01 16:14:55.22,267.22,-31.66,-57.11,-59.90,56.26,-9.50,-0.91
2024/01/01 16:14:55.23,267.23,-31.66,-57.10,-59.90,56.24,-9.49,-0.89
2024/01/01 16:14:55.24,267.24,-31.66,-57.10,-59.90,56.22,-9.49,-0.89
2024/01/01 16:14:55.25,267.25,-31.66,-57.10,-59.90,56.21,-9.49,-0.90
2024/01/01 16:14:55.26,267.26,-31.65,-57.10,-59.90,56.22,-9.49,-0.92
2024/01/01 16:14:55.27,267.27,-31.65,-57.10,-59.90,56.23,-9.51,-0.93
2024/01/01 16:14:55.28,267.28,-31.66,-57.10,-59.89,56.25,-9.53,-0.94
2024/01/01 16:14:55.29,267.29,-31.66,-57.10,-59.89,56.26,-9.55,-0.92
2024/01/01 16:14:55.30,267.30,-31.67,-57.10,-59.89,56.27,-9.55,-0.89
2024/01/01 16:14:55.31,267.31,-31.67,-57.10,-59.89,56.25,-9.52,-0.88
2024/01/01 16:14:55.32,267.32,-31.66,-57.11,-59.89,56.23,-9.49,-0.85
2024/01/01 16:14:55.33,267.33,-31.66,-57.11,-59.89,56.20,-9.45,-0.83
2024/01/01 16:14:55.34,267.34,-31.66,-57.11,-59.89,56.19,-9.44,-0.86
2024/01/01 16:14:55.35,267.35,-31.66,-57.10,-59.89,56.20,-9.44,-0.91
2024/01/01 16:14:55.36,267.36,-31.66,-57.10,-59.89,56.21,-9.45,-0.93
2024/01/01 16:14:55.37,267.37,-31.66,-57.10,-59.89,56.22,-9.46,-0.94
2024/01/01 16:14:55.38,267.38,-31.66,-57.10,-59.89,56.22,-9.47,-0.93
2024/01/01 16:14:55.39,267.39,-31.66,-57.09,-59.89,56.22,-9.49,-0.92
2024/01/01 16:14:55.40,267.40,-31.66,-57.09,-59.89,56.22,-9.51,-0.90
2024/01/01 16:14:55.41,267.41,-31.65,-57.09,-59.90,56.23,-9.53,-0.88
2024/01/01 16:14:55.42,267.42,-31.65,-57.08,-59.89,56.26,-9.53,-0.86
2024/01/01 16:14:55.43,267.43,-31.65,-57.08,-59.89,56.27,-9.51,-0.87
2024/01/01 16:14:55.44,267.44,-31.64,-57.08,-59.89,56.28,-9.47,-0.90
2024/01/01 16:14:55.45,267.45,-31.65,-57.09,-59.89,56.27,-9.45,-0.93
2024/01/01 16:14:55.46,267.46,-31.64,-57.09,-59.89,56.25,-9.43,-0.94
2024/01/01 16:14:55.47,267.47,-31.64,-57.09,-59.89,56.23,-9.43,-0.93
2024/01/01 16:14:55.48,267.48,-31.64,-57.09,-59.89,56.22,-9.45,-0.91
2024/01/01 16:14:55.49,267.49,-31.64,-57.09,-59.89,56.22,-9.49,-0.89
2024/01/01 16:14:55.50,267.50,-31.64,-57.08,-59.88,56.23,-9.51,-0.89
2024/01/01 16:14:55.51,267.51,-31.65,-57.08,-59.88,56.26,-9.51,-0.90
2024/01/01 16:14:55.52,267.52,-31.65,-57.09,-59.88,56.29,-9.50,-0.91
2024/01/01 16:14:55.53,267.53,-31.65,-57.08,-59.88,56.30,-9.48,-0.89
2024/01/01 16:14:55.54,267.54,-31.66,-57.08,-59.88,56.29,-9.47,-0.86
2024/01/01 16:14:55.55,267.55,-31.66,-57.08,-59.88,56.28,-9.46,-0.86
2024/01/01 16:14:55.56,267.56,-31.67,-57.08,-59.88,56.26,-9.46,-0.88
2024/01/01 16:14:55.57,267.57,-31.67,-57.09,-59.87,56.25,-9.46,-0.89
2024/01/01 16:14:55.58,267.58,-31.67,-57.09,-59.87,56.25,-9.47,-0.87
2024/01/01 16:14:55.59,267.59,-31.66,-57.09,-59.87,56.24,-9.48,-0.87
2024/01/01 16:14:55.60,267.60,-31.66,-57.09,-59.87,56.22,-9.48,-0.87
2024/01/01 16:14:55.61,267.61,-31.67,-57.09,-59.86,56.20,-9.47,-0.87
2024/01/01 16:14:55.62,267.62,-31.67,-57.08,-59.86,56.19,-9.44,-0.87
2024/01/01 16:14:55.63,267.63,-31.67,-57.08,-59.86,56.19,-9.42,-0.88
2024/01/01 16:14:55.64,267.64,-31.67,-57.08,-59.86,56.19,-9.41,-0.89
2024/01/01 16:14:55.65,267.65,-31.67,-57.08,-59.86,56.19,-9.43,-0.89
2024/01/01 16:14:55.66,267.66,-31.67,-57.08,-59.86,56.17,-9.46,-0.87
2024/01/01 16:14:55.67,267.67,-31.68,-57.09,-59.86,56.17,-9.49,-0.86
2024/01/01 16:14:55.68,267.68,-31.68,-57.09,-59.87,56.19,-9.50,-0.85
2024/01/01 16:14:55.69,267.69,-31.68,-57.09,-59.87,56.22,-9.50,-0.85
2024/01/01 16:14:55.70,267.70,-31.69,-57.08,-59.87,56.24,-9.49,-0.88
2024/01/01 16:14:55.71,267.71,-31.69,-57.08,-59.87,56.24,-9.48,-0.91
2024/01/01 16:14:55.72,267.72,-31.70,-57.08,-59.88,56.22,-9.47,-0.92
2024/01/01 16:14:55.73,267.73,-31.69,-57.09,-59.88,56.21,-9.48,-0.91
2024/01/01 16:14:55.74,267.74,-31.69,-57.09,-59.87,56.21,-9.49,-0.88
2024/01/01 16:14:55.75,267.75,-31.68,-57.09,-59.87,56.21,-9.49,-0.85
2024/01/01 16:14:55.76,267.76,-31.68,-57.08,-59.87,56.23,-9.49,-0.86
2024/01/01 16:14:55.77,267.77,-31.68,-57.08,-59.86,56.25,-9.47,-0.87
2024/01/01 16:14:55.78,267.78,-31.68,-57.09,-59.86,56.25,-9.46,-0.88
2024/01/01 16:14:55.79,267.79,-31.67,-57.09,-59.86,56.23,-9.45,-0.89
2024/01/01 16:14:55.80,267.80,-31.67,-57.09,-59.86,56.19,-9.45,-0.89
2024/01/01 16:14:55.81,267.81,-31.67,-57.10,-59.86,56.16,-9.46,-0.89
2024/01/01 16:14:55.82,267.82,-31.67,-57.10,-59.86,56.16,-9.48,-0.89
2024/01/01 16:14:55.83,267.83,-31.68,-57.10,-59.86,56.18,-9.51,-0.88
2024/01/01 16:14:55.84,267.84,-31.68,-57.10,-59.86,56.21,-9.51,-0.87
2024/01/01 16:14:55.85,267.85,-31.68,-57.09,-59.86,56.24,-9.48,-0.86
2024/01/01 16:14:55.86,267.86,-31.68,-57.08,-59.86,56.25,-9.45,-0.87
2024/01/01 16:14:55.87,267.87,-31.68,-57.08,-59.86,56.26,-9.44,-0.87
2024/01/01 16:14:55.88,267.88,-31.69,-57.08,-59.86,56.26,-9.46,-0.87
2024/01/01 16:14:55.89,267.89,-31.69,-57.08,-59.86,56.27,-9.48,-0.87
2024/01/01 16:14:55.90,267.90,-31.69,-57.09,-59.86,56.27,-9.49,-0.87
2024/01/01 16:14:55.91,267.91,-31.69,-57.09,-59.86,56.25,-9.51,-0.87
2024/01/01 16:14:55.92,267.92,-31.68,-57.08,-59.86,56.22,-9.53,-0.87
2024/01/01 16:14:55.93,267.93,-31.68,-57.08,-59.86,56.19,-9.52,-0.86
2024/01/01 16:14:55.94,267.94,-31.68,-57.08,-59.86,56.17,-9.50,-0.85
2024/01/01 16:14:55.95,267.95,-31.68,-57.08,-59.86,56.18,-9.48,-0.85
2024/01/01 16:14:55.96,267.96,-31.69,-57.09,-59.86,56.20,-9.46,-0.86
2024/01/01 16:14:55.97,267.97,-31.69,-57.09,-59.86,56.20,-9.46,-0.88
2024/01/01 16:14:55.98,267.98,-31.70,-57.08,-59.86,56.19,-9.46,-0.89
2024/01/01 16:14:55.99,267.99,-31.70,-57.08,-59.85,56.18,-9.44,-0.89
2024/01/01 16:14:56.00,268.00,-31.70,-57.08,-59.85,56.18,-9.43,-0.87
2024/01/01 16:14:56.01,268.01,-31.70,-57.08,-59.85,56.18,-9.42,-0.86
2024/01/01 16:14:56.02,268.02,-31.70,-57.08,-59.86,56.20,-9.42,-0.85
2024/01/01 16:14:56.03,268.03,-31.70,-57.08,-59.86,56.22,-9.44,-0.85
2024/01/01 16:14:56.04,268.04,-31.70,-57.08,-59.85,56.22,-9.47,-0.86
2024/01/01 16:14:56.05,268.05,-31.70,-57.08,-59.85,56.20,-9.50,-0.87
2024/01/01 16:14:56.06,268.06,-31.70,-57.09,-59.85,56.18,-9.52,-0.88
2024/01/01 16:14:56.07,268.07,-31.70,-57.08,-59.85,56.15,-9.52,-0.88
2024/01/01 16:14:56.08,268.08,-31.70,-57.08,-59.85,56.15,-9.49,-0.88
2024/01/01 16:14:56.09,268.09,-31.70,-57.08,-59.85,56.17,-9.44,-0.86
2024/01/01 16:14:56.10,268.10,-31.71,-57.08,-59.84,56.20,-9.41,-0.85
2024/01/01 16:14:56.11,268.11,-31.71,-57.08,-59.84,56.23,-9.42,-0.85
2024/01/01 16:14:56.12,268.12,-31.71,-57.08,-59.84,56.23,-9.47,-0.84
2024/01/01 16:14:56.13,268.13,-31.70,-57.08,-59.84,56.22,-9.52,-0.82
2024/01/01 16:14:56.14,268.14,-31.70,-57.09,-59.84,56.20,-9.56,-0.83
2024/01/01 16:14:56.15,268.15,-31.70,-57.09,-59.84,56.19,-9.56,-0.86
2024/01/01 16:14:56.16,268.16,-31.70,-57.09,-59.84,56.20,-9.53,-0.87
2024/01/01 16:14:56.17,268.17,-31.71,-57.09,-59.85,56.20,-9.49,-0.87
2024/01/01 16:14:56.18,268.18,-31.72,-57.09,-59.85,56.19,-9.46,-0.86
2024/01/01 16:14:56.19,268.19,-31.73,-57.09,-59.85,56.17,-9.44,-0.86
2024/01/01 16:14:56.20,268.20,-31.73,-57.09,-59.85,56.14,-9.44,-0.85
2024/01/01 16:14:56.21,268.21,-31.73,-57.09,-59.85,56.13,-9.44,-0.84
2024/01/01 16:14:56.22,268.22,-31.73,-57.09,-59.85,56.14,-9.44,-0.84
2024/01/01 16:14:56.23,268.23,-31.72,-57.09,-59.85,56.17,-9.43,-0.84
2024/01/01 16:14:56.24,268.24,-31.72,-57.09,-59.86,56.20,-9.43,-0.84
2024/01/01 16:14:56.25,268.25,-31.72,-57.09,-59.86,56.21,-9.44,-0.86
2024/01/01 16:14:56.26,268.26,-31.72,-57.09,-59.86,56.19,-9.44,-0.89
2024/01/01 16:14:56.27,268.27,-31.72,-57.09,-59.86,56.15,-9.48,-0.90
2024/01/01 16:14:56.28,268.28,-31.73,-57.09,-59.86,56.12,-9.52,-0.89
2024/01/01 16:14:56.29,268.29,-31.73,-57.09,-59.86,56.11,-9.55,-0.88
2024/01/01 16:14:56.30,268.30,-31.73,-57.08,-59.86,56.13,-9.56,-0.88
2024/01/01 16:14:56.31,268.31,-31.73,-57.08,-59.86,56.16,-9.55,-0.87
2024/01/01 16:14:56.32,268.32,-31.72,-57.09,-59.87,56.18,-9.51,-0.86
2024/01/01 16:14:56.33,268.33,-31.72,-57.09,-59.87,56.20,-9.48,-0.85
2024/01/01 16:14:56.34,268.34,-31.72,-57.09,-59.86,56.20,-9.47,-0.85
2024/01/01 16:14:56.35,268.35,-31.71,-57.09,-59.87,56.20,-9.45,-0.87
2024/01/01 16:14:56.36,268.36,-31.71,-57.09,-59.87,56.18,-9.45,-0.89
2024/01/01 16:14:56.37,268.37,-31.71,-57.09,-59.87,56.17,-9.46,-0.89
2024/01/01 16:14:56.38,268.38,-31.70,-57.08,-59.87,56.15,-9.46,-0.89
2024/01/01 16:14:56.39,268.39,-31.70,-57.09,-59.87,56.15,-9.46,-0.89
2024/01/01 16:14:56.40,268.40,-31.70,-57.09,-59.88,56.16,-9.46,-0.90
2024/01/01 16:14:56.41,268.41,-31.70,-57.09,-59.88,56.19,-9.48,-0.90
2024/01/01 16:14:56.42,268.42,-31.70,-57.09,-59.88,56.23,-9.50,-0.87
2024/01/01 16:14:56.43,268.43,-31.70,-57.09,-59.88,56.26,-9.50,-0.85
2024/01/01 16:14:56.44,268.44,-31.71,-57.09,-59.88,56.26,-9.48,-0.87
2024/01/01 16:14:56.45,268.45,-31.71,-57.09,-59.88,56.24,-9.44,-0.89
2024/01/01 16:14:56.46,268.46,-31.70,-57.10,-59.89,56.21,-9.43,-0.91
2024/01/01 16:14:56.47,268.47,-31.69,-57.10,-59.90,56.18,-9.44,-0.91
2024/01/01 16:14:56.48,268.48,-31.69,-57.10,-59.90,56.16,-9.46,-0.89
2024/01/01 16:14:56.49,268.49,-31.69,-57.10,-59.90,56.17,-9.48,-0.90
2024/01/01 16:14:56.50,268.50,-31.69,-57.11,-59.89,56.19,-9.49,-0.93
2024/01/01 16:14:56.51,268.51,-31.69,-57.12,-59.90,56.22,-9.48,-0.94
2024/01/01 16:14:56.52,268.52,-31.69,-57.12,-59.90,56.21,-9.48,-0.92
2024/01/01 16:14:56.53,268.53,-31.69,-57.12,-59.90,56.17,-9.50,-0.90
2024/01/01 16:14:56.54,268.54,-31.70,-57.12,-59.90,56.11,-9.52,-0.90
2024/01/01 16:14:56.55,268.55,-31.70,-57.12,-59.90,56.09,-9.53,-0.91
2024/01/01 16:14:56.56,268.56,-31.71,-57.12,-59.90,56.13,-9.55,-0.91
2024/01/01 16:14:56.57,268.57,-31.71,-57.12,-59.90,56.21,-9.56,-0.90
2024/01/01 16:14:56.58,268.58,-31.71,-57.13,-59.89,56.28,-9.54,-0.89
2024/01/01 16:14:56.59,268.59,-31.71,-57.14,-59.89,56.30,-9.53,-0.90
2024/01/01 16:14:56.60,268.60,-31.71,-57.14,-59.89,56.27,-9.54,-0.90
2024/01/01 16:14:56.61,268.61,-31.71,-57.14,-59.89,56.22,-9.56,-0.88
2024/01/01 16:14:56.62,268.62,-31.70,-57.15,-59.88,56.19,-9.57,-0.84
2024/01/01 16:14:56.63,268.63,-31.70,-57.15,-59.88,56.18,-9.57,-0.83
2024/01/01 16:14:56.64,268.64,-31.70,-57.15,-59.88,56.19,-9.55,-0.86
2024/01/01 16:14:56.65,268.65,-31.69,-57.15,-59.88,56.18,-9.52,-0.92
2024/01/01 16:14:56.66,268.66,-31.69,-57.15,-59.89,56.15,-9.49,-0.96
2024/01/01 16:14:56.67,268.67,-31.69,-57.15,-59.89,56.12,-9.49,-0.94
2024/01/01 16:14:56.68,268.68,-31.70,-57.14,-59.89,56.10,-9.50,-0.91
2024/01/01 16:14:56.69,268.69,-31.70,-57.14,-59.89,56.12,-9.51,-0.90
2024/01/01 16:14:56.70,268.70,-31.70,-57.13,-59.89,56.17,-9.53,-0.89
2024/01/01 16:14:56.71,268.71,-31.70,-57.13,-59.89,56.23,-9.54,-0.87
2024/01/01 16:14:56.72,268.72,-31.69,-57.13,-59.89,56.26,-9.55,-0.85
2024/01/01 16:14:56.73,268.73,-31.69,-57.14,-59.89,56.27,-9.56,-0.86
2024/01/01 16:14:56.74,268.74,-31.69,-57.14,-59.89,56.25,-9.55,-0.89
2024/01/01 16:14:56.75,268.75,-31.69,-57.14,-59.89,56.22,-9.55,-0.91
2024/01/01 16:14:56.76,268.76,-31.69,-57.14,-59.89,56.19,-9.54,-0.92
2024/01/01 16:14:56.77,268.77,-31.69,-57.14,-59.89,56.18,-9.53,-0.91
2024/01/01 16:14:56.78,268.78,-31.69,-57.14,-59.90,56.18,-9.52,-0.90
2024/01/01 16:14:56.79,268.79,-31.68,-57.13,-59.90,56.19,-9.49,-0.89
2024/01/01 16:14:56.80,268.80,-31.68,-57.14,-59.90,56.20,-9.47,-0.89
2024/01/01 16:14:56.81,268.81,-31.67,-57.14,-59.90,56.22,-9.47,-0.89
2024/01/01 16:14:56.82,268.82,-31.67,-57.15,-59.90,56.24,-9.50,-0.89
2024/01/01 16:14:56.83,268.83,-31.67,-57.15,-59.90,56.25,-9.54,-0.90
2024/01/01 16:14:56.84,268.84,-31.67,-57.15,-59.90,56.24,-9.59,-0.92
2024/01/01 16:14:56.85,268.85,-31.66,-57.15,-59.90,56.23,-9.59,-0.94
2024/01/01 16:14:56.86,268.86,-31.66,-57.14,-59.90,56.20,-9.57,-0.93
2024/01/01 16:14:56.87,268.87,-31.66,-57.14,-59.90,56.18,-9.52,-0.91
2024/01/01 16:14:56.88,268.88,-31.66,-57.14,-59.90,56.18,-9.48,-0.91
2024/01/01 16:14:56.89,268.89,-31.66,-57.14,-59.90,56.21,-9.46,-0.91
2024/01/01 16:14:56.90,268.90,-31.66,-57.14,-59.90,56.24,-9.48,-0.91
2024/01/01 16:14:56.91,268.91,-31.66,-57.15,-59.90,56.26,-9.53,-0.91
2024/01/01 16:14:56.92,268.92,-31.66,-57.15,-59.90,56.27,-9.59,-0.91
2024/01/01 16:14:56.93,268.93,-31.66,-57.16,-59.91,56.25,-9.61,-0.89
2024/01/01 16:14:56.94,268.94,-31.66,-57.16,-59.91,56.22,-9.60,-0.88
2024/01/01 16:14:56.95,268.95,-31.66,-57.16,-59.91,56.21,-9.57,-0.89
2024/01/01 16:14:56.96,268.96,-31.66,-57.16,-59.91,56.23,-9.53,-0.92
2024/01/01 16:14:56.97,268.97,-31.66,-57.16,-59.91,56.27,-9.51,-0.95
2024/01/01 16:14:56.98,268.98,-31.65,-57.16,-59.91,56.30,-9.52,-0.96
2024/01/01 16:14:56.99,268.99,-31.65,-57.16,-59.91,56.31,-9.54,-0.95
2024/01/01 16:14:57.00,269.00,-31.65,-57.16,-59.91,56.28,-9.57,-0.93
2024/01/01 16:14:57.01,269.01,-31.64,-57.16,-59.91,56.22,-9.59,-0.91
2024/01/01 16:14:57.02,269.02,-31.64,-57.16,-59.91,56.18,-9.60,-0.89
2024/01/01 16:14:57.03,269.03,-31.64,-57.16,-59.91,56.18,-9.58,-0.90
2024/01/01 16:14:57.04,269.04,-31.63,-57.17,-59.92,56.22,-9.54,-0.92
2024/01/01 16:14:57.05,269.05,-31.64,-57.17,-59.92,56.27,-9.49,-0.94
2024/01/01 16:14:57.06,269.06,-31.64,-57.18,-59.93,56.28,-9.47,-0.97
2024/01/01 16:14:57.07,269.07,-31.64,-57.18,-59.93,56.25,-9.49,-0.98
2024/01/01 16:14:57.08,269.08,-31.64,-57.17,-59.93,56.21,-9.51,-0.96
2024/01/01 16:14:57.09,269.09,-31.64,-57.17,-59.93,56.21,-9.54,-0.92
2024/01/01 16:14:57.10,269.10,-31.64,-57.16,-59.93,56.24,-9.58,-0.90
2024/01/01 16:14:57.11,269.11,-31.64,-57.16,-59.94,56.29,-9.61,-0.90
2024/01/01 16:14:57.12,269.12,-31.65,-57.17,-59.94,56.31,-9.62,-0.93
2024/01/01 16:14:57.13,269.13,-31.65,-57.18,-59.95,56.30,-9.59,-0.95
2024/01/01 16:14:57.14,269.14,-31.64,-57.18,-59.95,56.27,-9.57,-0.98
2024/01/01 16:14:57.15,269.15,-31.64,-57.18,-59.95,56.25,-9.58,-0.99
2024/01/01 16:14:57.16,269.16,-31.64,-57.18,-59.95,56.25,-9.58,-0.97
2024/01/01 16:14:57.17,269.17,-31.64,-57.18,-59.95,56.27,-9.57,-0.96
2024/01/01 16:14:57.18,269.18,-31.63,-57.18,-59.95,56.28,-9.55,-0.95
2024/01/01 16:14:57.19,269.19,-31.63,-57.18,-59.94,56.27,-9.52,-0.95
2024/01/01 16:14:57.20,269.20,-31.62,-57.18,-59.94,56.23,-9.52,-0.96
2024/01/01 16:14:57.21,269.21,-31.62,-57.19,-59.94,56.20,-9.55,-0.97
2024/01/01 16:14:57.22,269.22,-31.62,-57.18,-59.94,56.18,-9.59,-0.97
2024/01/01 16:14:57.23,269.23,-31.62,-57.18,-59.94,56.19,-9.62,-0.98
2024/01/01 16:14:57.24,269.24,-31.62,-57.18,-59.94,56.22,-9.62,-0.98
2024/01/01 16:14:57.25,269.25,-31.63,-57.17,-59.94,56.26,-9.60,-0.97
2024/01/01 16:14:57.26,269.26,-31.63,-57.18,-59.94,56.30,-9.57,-0.96
2024/01/01 16:14:57.27,269.27,-31.63,-57.18,-59.94,56.32,-9.55,-0.95
2024/01/01 16:14:57.28,269.28,-31.63,-57.19,-59.94,56.32,-9.56,-0.94
2024/01/01 16:14:57.29,269.29,-31.62,-57.20,-59.94,56.31,-9.58,-0.93
2024/01/01 16:14:57.30,269.30,-31.62,-57.20,-59.95,56.29,-9.61,-0.93
2024/01/01 16:14:57.31,269.31,-31.61,-57.21,-59.95,56.29,-9.61,-0.94
2024/01/01 16:14:57.32,269.32,-31.61,-57.21,-59.95,56.31,-9.58,-0.95
2024/01/01 16:14:57.33,269.33,-31.61,-57.21,-59.95,56.31,-9.54,-0.98
2024/01/01 16:14:57.34,269.34,-31.62,-57.20,-59.95,56.30,-9.50,-1.00
2024/01/01 16:14:57.35,269.35,-31.62,-57.20,-59.95,56.28,-9.49,-1.01
2024/01/01 16:14:57.36,269.36,-31.62,-57.20,-59.95,56.27,-9.52,-1.00
2024/01/01 16:14:57.37,269.37,-31.61,-57.20,-59.95,56.27,-9.58,-0.97
2024/01/01 16:14:57.38,269.38,-31.61,-57.21,-59.95,56.29,-9.65,-0.92
2024/01/01 16:14:57.39,269.39,-31.60,-57.22,-59.95,56.31,-9.69,-0.90
2024/01/01 16:14:57.40,269.40,-31.61,-57.22,-59.95,56.31,-9.70,-0.93
2024/01/01 16:14:57.41,269.41,-31.61,-57.22,-59.94,56.30,-9.67,-0.98
2024/01/01 16:14:57.42,269.42,-31.61,-57.21,-59.94,56.29,-9.63,-1.00
2024/01/01 16:14:57.43,269.43,-31.61,-57.20,-59.94,56.27,-9.59,-0.99
2024/01/01 16:14:57.44,269.44,-31.61,-57.20,-59.94,56.24,-9.56,-0.98
2024/01/01 16:14:57.45,269.45,-31.61,-57.21,-59.94,56.22,-9.56,-0.97
2024/01/01 16:14:57.46,269.46,-31.61,-57.21,-59.95,56.22,-9.57,-0.95
2024/01/01 16:14:57.47,269.47,-31.61,-57.22,-59.94,56.25,-9.59,-0.93
2024/01/01 16:14:57.48,269.48,-31.61,-57.23,-59.94,56.30,-9.62,-0.92
2024/01/01 16:14:57.49,269.49,-31.62,-57.23,-59.94,56.35,-9.65,-0.95
2024/01/01 16:14:57.50,269.50,-31.62,-57.23,-59.94,56.38,-9.64,-0.98
2024/01/01 16:14:57.51,269.51,-31.62,-57.23,-59.95,56.37,-9.63,-0.97
2024/01/01 16:14:57.52,269.52,-31.62,-57.23,-59.95,56.35,-9.60,-0.95
2024/01/01 16:14:57.53,269.53,-31.61,-57.24,-59.95,56.31,-9.57,-0.96
2024/01/01 16:14:57.54,269.54,-31.60,-57.24,-59.95,56.27,-9.54,-0.98
2024/01/01 16:14:57.55,269.55,-31.60,-57.23,-59.95,56.25,-9.53,-0.98
2024/01/01 16:14:57.56,269.56,-31.60,-57.23,-59.95,56.25,-9.55,-0.98
2024/01/01 16:14:57.57,269.57,-31.60,-57.24,-59.94,56.26,-9.59,-0.96
2024/01/01 16:14:57.58,269.58,-31.60,-57.24,-59.94,56.29,-9.64,-0.95
2024/01/01 16:14:57.59,269.59,-31.60,-57.24,-59.94,56.32,-9.67,-0.95
2024/01/01 16:14:57.60,269.60,-31.61,-57.23,-59.94,56.33,-9.68,-0.95
2024/01/01 16:14:57.61,269.61,-31.61,-57.23,-59.94,56.31,-9.67,-0.95
2024/01/01 16:14:57.62,269.62,-31.61,-57.24,-59.94,56.27,-9.66,-0.95
2024/01/01 16:14:57.63,269.63,-31.62,-57.25,-59.94,56.25,-9.65,-0.95
2024/01/01 16:14:57.64,269.64,-31.62,-57.25,-59.93,56.27,-9.64,-0.93
2024/01/01 16:14:57.65,269.65,-31.61,-57.25,-59.92,56.30,-9.65,-0.92
2024/01/01 16:14:57.66,269.66,-31.61,-57.25,-59.92,56.34,-9.67,-0.93
2024/01/01 16:14:57.67,269.67,-31.60,-57.25,-59.92,56.35,-9.69,-0.94
2024/01/01 16:14:57.68,269.68,-31.60,-57.25,-59.92,56.33,-9.67,-0.94
2024/01/01 16:14:57.69,269.69,-31.60,-57.25,-59.92,56.30,-9.63,-0.92
2024/01/01 16:14:57.70,269.70,-31.60,-57.25,-59.92,56.28,-9.61,-0.91
2024/01/01 16:14:57.71,269.71,-31.60,-57.26,-59.91,56.27,-9.60,-0.93
2024/01/01 16:14:57.72,269.72,-31.60,-57.25,-59.91,56.27,-9.60,-0.95
2024/01/01 16:14:57.73,269.73,-31.60,-57.25,-59.90,56.28,-9.61,-0.94
2024/01/01 16:14:57.74,269.74,-31.59,-57.25,-59.90,56.29,-9.61,-0.92
2024/01/01 16:14:57.75,269.75,-31.59,-57.26,-59.90,56.30,-9.61,-0.92
2024/01/01 16:14:57.76,269.76,-31.59,-57.26,-59.90,56.31,-9.61,-0.93
2024/01/01 16:14:57.77,269.77,-31.59,-57.27,-59.89,56.33,-9.61,-0.92
2024/01/01 16:14:57.78,269.78,-31.59,-57.26,-59.89,56.34,-9.63,-0.89
2024/01/01 16:14:57.79,269.79,-31.59,-57.26,-59.89,56.33,-9.66,-0.88
2024/01/01 16:14:57.80,269.80,-31.59,-57.25,-59.88,56.32,-9.69,-0.88
2024/01/01 16:14:57.81,269.81,-31.59,-57.25,-59.88,56.32,-9.70,-0.89
2024/01/01 16:14:57.82,269.82,-31.59,-57.25,-59.88,56.34,-9.69,-0.90
2024/01/01 16:14:57.83,269.83,-31.59,-57.25,-59.88,56.36,-9.66,-0.89
2024/01/01 16:14:57.84,269.84,-31.59,-57.26,-59.87,56.36,-9.63,-0.88
2024/01/01 16:14:57.85,269.85,-31.59,-57.27,-59.86,56.35,-9.63,-0.89
2024/01/01 16:14:57.86,269.86,-31.59,-57.27,-59.86,56.33,-9.65,-0.90
2024/01/01 16:14:57.87,269.87,-31.58,-57.27,-59.86,56.32,-9.66,-0.89
2024/01/01 16:14:57.88,269.88,-31.58,-57.26,-59.86,56.32,-9.66,-0.87
2024/01/01 16:14:57.89,269.89,-31.58,-57.26,-59.85,56.34,-9.65,-0.86
2024/01/01 16:14:57.90,269.90,-31.59,-57.26,-59.85,56.36,-9.62,-0.86
2024/01/01 16:14:57.91,269.91,-31.58,-57.26,-59.86,56.35,-9.61,-0.87
2024/01/01 16:14:57.92,269.92,-31.58,-57.26,-59.86,56.34,-9.62,-0.88
2024/01/01 16:14:57.93,269.93,-31.58,-57.26,-59.85,56.32,-9.64,-0.87
2024/01/01 16:14:57.94,269.94,-31.58,-57.27,-59.85,56.31,-9.66,-0.86
2024/01/01 16:14:57.95,269.95,-31.58,-57.27,-59.84,56.32,-9.67,-0.86
2024/01/01 16:14:57.96,269.96,-31.58,-57.28,-59.84,56.33,-9.66,-0.87
2024/01/01 16:14:57.97,269.97,-31.58,-57.28,-59.83,56.32,-9.65,-0.85
2024/01/01 16:14:57.98,269.98,-31.57,-57.28,-59.84,56.31,-9.63,-0.84
2024/01/01 16:14:57.99,269.99,-31.57,-57.27,-59.84,56.30,-9.63,-0.83
2024/01/01 16:14:58.00,270.00,-31.58,-57.26,-59.83,56.31,-9.62,-0.82
2024/01/01 16:14:58.01,270.01,-31.57,-57.26,-59.83,56.32,-9.62,-0.82
2024/01/01 16:14:58.02,270.02,-31.57,-57.26,-59.82,56.35,-9.62,-0.85
2024/01/01 16:14:58.03,270.03,-31.56,-57.27,-59.82,56.37,-9.64,-0.88
2024/01/01 16:14:58.04,270.04,-31.56,-57.28,-59.82,56.36,-9.67,-0.88
2024/01/01 16:14:58.05,270.05,-31.55,-57.29,-59.82,56.37,-9.71,-0.86
2024/01/01 16:14:58.06,270.06,-31.55,-57.30,-59.82,56.39,-9.75,-0.83
2024/01/01 16:14:58.07,270.07,-31.55,-57.29,-59.81,56.41,-9.76,-0.82
2024/01/01 16:14:58.08,270.08,-31.55,-57.29,-59.81,56.42,-9.73,-0.82
2024/01/01 16:14:58.09,270.09,-31.56,-57.28,-59.80,56.40,-9.67,-0.83
2024/01/01 16:14:58.10,270.10,-31.56,-57.28,-59.80,56.37,-9.61,-0.85
2024/01/01 16:14:58.11,270.11,-31.56,-57.28,-59.80,56.34,-9.57,-0.87
2024/01/01 16:14:58.12,270.12,-31.56,-57.28,-59.80,56.35,-9.56,-0.86
2024/01/01 16:14:58.13,270.13,-31.55,-57.28,-59.80,56.38,-9.59,-0.81
2024/01/01 16:14:58.14,270.14,-31.54,-57.28,-59.80,56.42,-9.65,-0.77
2024/01/01 16:14:58.15,270.15,-31.54,-57.29,-59.80,56.46,-9.71,-0.77
2024/01/01 16:14:58.16,270.16,-31.54,-57.29,-59.81,56.47,-9.76,-0.77
2024/01/01 16:14:58.17,270.17,-31.54,-57.30,-59.81,56.45,-9.78,-0.78
2024/01/01 16:14:58.18,270.18,-31.55,-57.30,-59.81,56.42,-9.75,-0.83
2024/01/01 16:14:58.19,270.19,-31.55,-57.30,-59.82,56.39,-9.70,-0.87
2024/01/01 16:14:58.20,270.20,-31.56,-57.29,-59.82,56.35,-9.63,-0.87
2024/01/01 16:14:58.21,270.21,-31.55,-57.29,-59.82,56.32,-9.59,-0.86
2024/01/01 16:14:58.22,270.22,-31.55,-57.29,-59.82,56.30,-9.56,-0.86
2024/01/01 16:14:58.23,270.23,-31.54,-57.30,-59.82,56.29,-9.57,-0.85
2024/01/01 16:14:58.24,270.24,-31.54,-57.30,-59.82,56.29,-9.61,-0.83
2024/01/01 16:14:58.25,270.25,-31.55,-57.31,-59.82,56.31,-9.67,-0.83
2024/01/01 16:14:58.26,270.26,-31.55,-57.31,-59.82,56.34,-9.74,-0.82
2024/01/01 16:14:58.27,270.27,-31.55,-57.31,-59.82,56.38,-9.79,-0.83
2024/01/01 16:14:58.28,270.28,-31.55,-57.30,-59.81,56.40,-9.80,-0.85
2024/01/01 16:14:58.29,270.29,-31.55,-57.30,-59.81,56.41,-9.77,-0.85
2024/01/01 16:14:58.30,270.30,-31.55,-57.29,-59.81,56.39,-9.70,-0.84
2024/01/01 16:14:58.31,270.31,-31.55,-57.29,-59.80,56.38,-9.65,-0.83
2024/01/01 16:14:58.32,270.32,-31.55,-57.29,-59.80,56.38,-9.61,-0.83
2024/01/01 16:14:58.33,270.33,-31.55,-57.28,-59.80,56.39,-9.61,-0.82
2024/01/01 16:14:58.34,270.34,-31.56,-57.28,-59.79,56.39,-9.65,-0.80
2024/01/01 16:14:58.35,270.35,-31.55,-57.29,-59.79,56.37,-9.70,-0.80
2024/01/01 16:14:58.36,270.36,-31.55,-57.29,-59.79,56.35,-9.73,-0.81
2024/01/01 16:14:58.37,270.37,-31.55,-57.29,-59.79,56.36,-9.72,-0.81
2024/01/01 16:14:58.38,270.38,-31.55,-57.30,-59.79,56.40,-9.69,-0.80
2024/01/01 16:14:58.39,270.39,-31.54,-57.30,-59.79,56.45,-9.65,-0.78
2024/01/01 16:14:58.40,270.40,-31.54,-57.31,-59.80,56.46,-9.62,-0.79
2024/01/01 16:14:58.41,270.41,-31.54,-57.30,-59.80,56.44,-9.59,-0.82
2024/01/01 16:14:58.42,270.42,-31.54,-57.29,-59.80,56.38,-9.59,-0.84
2024/01/01 16:14:58.43,270.43,-31.54,-57.28,-59.80,56.34,-9.60,-0.85
2024/01/01 16:14:58.44,270.44,-31.54,-57.28,-59.80,56.32,-9.61,-0.85
2024/01/01 16:14:58.45,270.45,-31.54,-57.29,-59.81,56.34,-9.63,-0.84
2024/01/01 16:14:58.46,270.46,-31.54,-57.29,-59.81,56.37,-9.67,-0.82
2024/01/01 16:14:58.47,270.47,-31.54,-57.29,-59.81,56.39,-9.72,-0.82
2024/01/01 16:14:58.48,270.48,-31.54,-57.30,-59.82,56.40,-9.77,-0.83
2024/01/01 16:14:58.49,270.49,-31.54,-57.30,-59.82,56.40,-9.79,-0.85
2024/01/01 16:14:58.50,270.50,-31.53,-57.31,-59.81,56.39,-9.77,-0.85
2024/01/01 16:14:58.51,270.51,-31.53,-57.31,-59.82,56.39,-9.72,-0.83
2024/01/01 16:14:58.52,270.52,-31.53,-57.32,-59.82,56.38,-9.66,-0.82
2024/01/01 16:14:58.53,270.53,-31.53,-57.31,-59.82,56.37,-9.61,-0.83
2024/01/01 16:14:58.54,270.54,-31.54,-57.31,-59.82,56.37,-9.60,-0.84
2024/01/01 16:14:58.55,270.55,-31.54,-57.31,-59.82,56.39,-9.61,-0.84
2024/01/01 16:14:58.56,270.56,-31.55,-57.31,-59.82,56.38,-9.66,-0.85
2024/01/01 16:14:58.57,270.57,-31.55,-57.32,-59.82,56.37,-9.71,-0.86
2024/01/01 16:14:58.58,270.58,-31.54,-57.33,-59.82,56.36,-9.75,-0.86
2024/01/01 16:14:58.59,270.59,-31.54,-57.33,-59.82,56.37,-9.77,-0.86
2024/01/01 16:14:58.60,270.60,-31.53,-57.32,-59.82,56.40,-9.76,-0.84
2024/01/01 16:14:58.61,270.61,-31.53,-57.31,-59.82,56.45,-9.73,-0.83
2024/01/01 16:14:58.62,270.62,-31.52,-57.30,-59.82,56.47,-9.70,-0.83
2024/01/01 16:14:58.63,270.63,-31.51,-57.30,-59.82,56.45,-9.65,-0.83
2024/01/01 16:14:58.64,270.64,-31.51,-57.30,-59.82,56.40,-9.62,-0.82
2024/01/01 16:14:58.65,270.65,-31.51,-57.31,-59.82,56.33,-9.62,-0.85
2024/01/01 16:14:58.66,270.66,-31.52,-57.31,-59.82,56.30,-9.65,-0.89
2024/01/01 16:14:58.67,270.67,-31.51,-57.32,-59.82,56.31,-9.70,-0.90
2024/01/01 16:14:58.68,270.68,-31.51,-57.32,-59.83,56.34,-9.76,-0.88
2024/01/01 16:14:58.69,270.69,-31.51,-57.33,-59.83,56.38,-9.78,-0.86
2024/01/01 16:14:58.70,270.70,-31.51,-57.33,-59.84,56.44,-9.75,-0.83
2024/01/01 16:14:58.71,270.71,-31.51,-57.33,-59.84,56.50,-9.68,-0.81
2024/01/01 16:14:58.72,270.72,-31.51,-57.33,-59.84,56.54,-9.62,-0.81
2024/01/01 16:14:58.73,270.73,-31.51,-57.32,-59.84,56.54,-9.59,-0.84
2024/01/01 16:14:58.74,270.74,-31.51,-57.32,-59.84,56.50,-9.61,-0.88
2024/01/01 16:14:58.75,270.75,-31.51,-57.32,-59.84,56.43,-9.65,-0.90
2024/01/01 16:14:58.76,270.76,-31.50,-57.32,-59.85,56.36,-9.72,-0.91
2024/01/01 16:14:58.77,270.77,-31.50,-57.32,-59.85,56.33,-9.77,-0.89
2024/01/01 16:14:58.78,270.78,-31.50,-57.32,-59.85,56.36,-9.79,-0.85
2024/01/01 16:14:58.79,270.79,-31.50,-57.32,-59.85,56.41,-9.77,-0.83
2024/01/01 16:14:58.80,270.80,-31.50,-57.32,-59.85,56.47,-9.73,-0.85
2024/01/01 16:14:58.81,270.81,-31.51,-57.32,-59.84,56.49,-9.69,-0.87
2024/01/01 16:14:58.82,270.82,-31.51,-57.32,-59.85,56.46,-9.66,-0.87
2024/01/01 16:14:58.83,270.83,-31.51,-57.32,-59.85,56.42,-9.65,-0.88
2024/01/01 16:14:58.84,270.84,-31.50,-57.32,-59.85,56.38,-9.66,-0.89
2024/01/01 16:14:58.85,270.85,-31.50,-57.33,-59.85,56.37,-9.67,-0.88
2024/01/01 16:14:58.86,270.86,-31.50,-57.33,-59.85,56.38,-9.69,-0.87
2024/01/01 16:14:58.87,270.87,-31.51,-57.34,-59.85,56.40,-9.71,-0.88
2024/01/01 16:14:58.88,270.88,-31.51,-57.34,-59.85,56.41,-9.73,-0.89
2024/01/01 16:14:58.89,270.89,-31.51,-57.34,-59.86,56.41,-9.73,-0.89
2024/01/01 16:14:58.90,270.90,-31.51,-57.34,-59.86,56.41,-9.73,-0.87
2024/01/01 16:14:58.91,270.91,-31.51,-57.34,-59.86,56.40,-9.73,-0.87
2024/01/01 16:14:58.92,270.92,-31.51,-57.33,-59.87,56.40,-9.72,-0.88
2024/01/01 16:14:58.93,270.93,-31.51,-57.32,-59.87,56.42,-9.70,-0.89
2024/01/01 16:14:58.94,270.94,-31.50,-57.32,-59.87,56.43,-9.67,-0.89
2024/01/01 16:14:58.95,270.95,-31.50,-57.31,-59.88,56.43,-9.65,-0.89
2024/01/01 16:14:58.96,270.96,-31.49,-57.32,-59.88,56.43,-9.65,-0.91
2024/01/01 16:14:58.97,270.97,-31.49,-57.33,-59.88,56.42,-9.68,-0.93
2024/01/01 16:14:58.98,270.98,-31.50,-57.33,-59.88,56.41,-9.74,-0.93
2024/01/01 16:14:58.99,270.99,-31.50,-57.34,-59.88,56.41,-9.79,-0.92
2024/01/01 16:14:59.00,271.00,-31.50,-57.33,-59.88,56.43,-9.81,-0.91
2024/01/01 16:14:59.01,271.01,-31.49,-57.33,-59.88,56.44,-9.78,-0.90
2024/01/01 16:14:59.02,271.02,-31.50,-57.33,-59.88,56.45,-9.72,-0.90
2024/01/01 16:14:59.03,271.03,-31.50,-57.33,-59.88,56.43,-9.65,-0.88
2024/01/01 16:14:59.04,271.04,-31.50,-57.33,-59.88,56.41,-9.60,-0.87
2024/01/01 16:14:59.05,271.05,-31.50,-57.33,-59.87,56.39,-9.59,-0.87
2024/01/01 16:14:59.06,271.06,-31.50,-57.33,-59.87,56.39,-9.61,-0.90
2024/01/01 16:14:59.07,271.07,-31.50,-57.33,-59.87,56.40,-9.66,-0.92
2024/01/01 16:14:59.08,271.08,-31.50,-57.33,-59.87,56.41,-9.72,-0.93
2024/01/01 16:14:59.09,271.09,-31.50,-57.32,-59.87,56.43,-9.76,-0.92
2024/01/01 16:14:59.10,271.10,-31.50,-57.32,-59.87,56.46,-9.78,-0.88
2024/01/01 16:14:59.11,271.11,-31.49,-57.33,-59.87,56.48,-9.79,-0.87
2024/01/01 16:14:59.12,271.12,-31.49,-57.33,-59.87,56.50,-9.76,-0.89
2024/01/01 16:14:59.13,271.13,-31.48,-57.33,-59.88,56.48,-9.70,-0.89
2024/01/01 16:14:59.14,271.14,-31.48,-57.33,-59.88,56.43,-9.65,-0.89
2024/01/01 16:14:59.15,271.15,-31.48,-57.32,-59.88,56.37,-9.62,-0.92
2024/01/01 16:14:59.16,271.16,-31.48,-57.32,-59.88,56.35,-9.62,-0.94
2024/01/01 16:14:59.17,271.17,-31.48,-57.31,-59.88,56.36,-9.65,-0.93
2024/01/01 16:14:59.18,271.18,-31.49,-57.31,-59.89,56.40,-9.70,-0.92
2024/01/01 16:14:59.19,271.19,-31.49,-57.31,-59.89,56.44,-9.73,-0.92
2024/01/01 16:14:59.20,271.20,-31.49,-57.31,-59.89,56.48,-9.74,-0.92
2024/01/01 16:14:59.21,271.21,-31.48,-57.31,-59.89,56.49,-9.73,-0.91
2024/01/01 16:14:59.22,271.22,-31.48,-57.31,-59.89,56.50,-9.71,-0.90
2024/01/01 16:14:59.23,271.23,-31.48,-57.31,-59.89,56.49,-9.67,-0.90
2024/01/01 16:14:59.24,271.24,-31.49,-57.31,-59.89,56.46,-9.64,-0.89
2024/01/01 16:14:59.25,271.25,-31.49,-57.31,-59.89,56.43,-9.64,-0.90
2024/01/01 16:14:59.26,271.26,-31.49,-57.31,-59.89,56.40,-9.65,-0.93
2024/01/01 16:14:59.27,271.27,-31.49,-57.31,-59.90,56.38,-9.66,-0.95
2024/01/01 16:14:59.28,271.28,-31.48,-57.32,-59.90,56.38,-9.67,-0.95
2024/01/01 16:14:59.29,271.29,-31.48,-57.32,-59.91,56.38,-9.67,-0.94
2024/01/01 16:14:59.30,271.30,-31.47,-57.32,-59.92,56.39,-9.67,-0.93
2024/01/01 16:14:59.31,271.31,-31.47,-57.32,-59.92,56.43,-9.67,-0.93
2024/01/01 16:14:59.32,271.32,-31.47,-57.31,-59.91,56.47,-9.66,-0.93
2024/01/01 16:14:59.33,271.33,-31.48,-57.30,-59.91,56.48,-9.65,-0.93
2024/01/01 16:14:59.34,271.34,-31.49,-57.30,-59.91,56.48,-9.65,-0.95
2024/01/01 16:14:59.35,271.35,-31.48,-57.29,-59.91,56.45,-9.67,-0.96
2024/01/01 16:14:59.36,271.36,-31.49,-57.29,-59.91,56.42,-9.72,-0.92
2024/01/01 16:14:59.37,271.37,-31.49,-57.30,-59.91,56.40,-9.76,-0.90
2024/01/01 16:14:59.38,271.38,-31.49,-57.30,-59.91,56.40,-9.77,-0.91
2024/01/01 16:14:59.39,271.39,-31.49,-57.31,-59.91,56.43,-9.74,-0.93
2024/01/01 16:14:59.40,271.40,-31.49,-57.31,-59.91,56.46,-9.70,-0.93
2024/01/01 16:14:59.41,271.41,-31.49,-57.31,-59.91,56.49,-9.66,-0.94
2024/01/01 16:14:59.42,271.42,-31.49,-57.31,-59.91,56.50,-9.63,-0.96
2024/01/01 16:14:59.43,271.43,-31.49,-57.31,-59.92,56.47,-9.60,-0.95
2024/01/01 16:14:59.44,271.44,-31.49,-57.31,-59.92,56.42,-9.61,-0.93
2024/01/01 16:14:59.45,271.45,-31.49,-57.31,-59.93,56.37,-9.64,-0.92
2024/01/01 16:14:59.46,271.46,-31.49,-57.31,-59.92,56.35,-9.67,-0.94
2024/01/01 16:14:59.47,271.47,-31.49,-57.31,-59.93,56.35,-9.68,-0.97
2024/01/01 16:14:59.48,271.48,-31.49,-57.31,-59.93,56.38,-9.66,-1.00
2024/01/01 16:14:59.49,271.49,-31.49,-57.31,-59.94,56.40,-9.66,-1.00
2024/01/01 16:14:59.50,271.50,-31.49,-57.31,-59.94,56.41,-9.67,-0.98
2024/01/01 16:14:59.51,271.51,-31.48,-57.31,-59.94,56.41,-9.70,-0.96
2024/01/01 16:14:59.52,271.52,-31.48,-57.30,-59.94,56.42,-9.73,-0.94
2024/01/01 16:14:59.53,271.53,-31.48,-57.30,-59.93,56.45,-9.74,-0.92
2024/01/01 16:14:59.54,271.54,-31.48,-57.30,-59.93,56.48,-9.72,-0.92
2024/01/01 16:14:59.55,271.55,-31.48,-57.30,-59.93,56.49,-9.68,-0.93
2024/01/01 16:14:59.56,271.56,-31.48,-57.31,-59.93,56.48,-9.63,-0.95
2024/01/01 16:14:59.57,271.57,-31.48,-57.31,-59.93,56.45,-9.60,-0.98
2024/01/01 16:14:59.58,271.58,-31.49,-57.31,-59.93,56.42,-9.62,-0.99
2024/01/01 16:14:59.59,271.59,-31.50,-57.31,-59.94,56.40,-9.67,-0.98
2024/01/01 16:14:59.60,271.60,-31.50,-57.31,-59.93,56.41,-9.73,-0.95
2024/01/01 16:14:59.61,271.61,-31.50,-57.31,-59.93,56.43,-9.76,-0.92
2024/01/01 16:14:59.62,271.62,-31.50,-57.30,-59.93,56.44,-9.75,-0.93
2024/01/01 16:14:59.63,271.63,-31.50,-57.30,-59.93,56.45,-9.70,-0.94
2024/01/01 16:14:59.64,271.64,-31.50,-57.30,-59.93,56.46,-9.65,-0.96
2024/01/01 16:14:59.65,271.65,-31.50,-57.31,-59.93,56.45,-9.62,-0.97
2024/01/01 16:14:59.66,271.66,-31.50,-57.31,-59.93,56.44,-9.63,-0.98
2024/01/01 16:14:59.67,271.67,-31.50,-57.31,-59.93,56.42,-9.66,-0.96
2024/01/01 16:14:59.68,271.68,-31.50,-57.30,-59.93,56.39,-9.70,-0.95
2024/01/01 16:14:59.69,271.69,-31.50,-57.30,-59.93,56.36,-9.72,-0.94
2024/01/01 16:14:59.70,271.70,-31.49,-57.30,-59.93,56.35,-9.71,-0.94
2024/01/01 16:14:59.71,271.71,-31.49,-57.30,-59.93,56.36,-9.69,-0.95
2024/01/01 16:14:59.72,271.72,-31.49,-57.29,-59.94,56.37,-9.66,-0.97
2024/01/01 16:14:59.73,271.73,-31.49,-57.29,-59.94,56.39,-9.64,-0.99
2024/01/01 16:14:59.74,271.74,-31.50,-57.30,-59.94,56.40,-9.63,-0.99
2024/01/01 16:14:59.75,271.75,-31.50,-57.30,-59.95,56.40,-9.64,-0.97
2024/01/01 16:14:59.76,271.76,-31.51,-57.30,-59.95,56.40,-9.66,-0.95
2024/01/01 16:14:59.77,271.77,-31.52,-57.31,-59.95,56.39,-9.68,-0.94
2024/01/01 16:14:59.78,271.78,-31.52,-57.31,-59.95,56.40,-9.69,-0.94
2024/01/01 16:14:59.79,271.79,-31.51,-57.31,-59.94,56.43,-9.68,-0.95
2024/01/01 16:14:59.80,271.80,-31.51,-57.30,-59.94,56.46,-9.66,-0.97
2024/01/01 16:14:59.81,271.81,-31.51,-57.30,-59.94,56.48,-9.67,-0.98
2024/01/01 16:14:59.82,271.82,-31.52,-57.30,-59.94,56.48,-9.68,-1.00
2024/01/01 16:14:59.83,271.83,-31.52,-57.30,-59.94,56.46,-9.69,-0.98
2024/01/01 16:14:59.84,271.84,-31.51,-57.31,-59.94,56.43,-9.69,-0.95
2024/01/01 16:14:59.85,271.85,-31.51,-57.30,-59.94,56.39,-9.69,-0.94
2024/01/01 16:14:59.86,271.86,-31.50,-57.31,-59.94,56.36,-9.69,-0.93
2024/01/01 16:14:59.87,271.87,-31.51,-57.31,-59.94,56.35,-9.67,-0.94
2024/01/01 16:14:59.88,271.88,-31.52,-57.31,-59.94,56.35,-9.66,-0.96
2024/01/01 16:14:59.89,271.89,-31.53,-57.31,-59.95,56.35,-9.66,-0.98
2024/01/01 16:14:59.90,271.90,-31.54,-57.31,-59.95,56.36,-9.67,-1.00
2024/01/01 16:14:59.91,271.91,-31.54,-57.31,-59.95,56.36,-9.69,-1.01
2024/01/01 16:14:59.92,271.92,-31.54,-57.31,-59.95,56.35,-9.71,-0.99
2024/01/01 16:14:59.93,271.93,-31.54,-57.31,-59.95,56.35,-9.72,-0.95
2024/01/01 16:14:59.94,271.94,-31.54,-57.30,-59.95,56.37,-9.72,-0.93
2024/01/01 16:14:59.95,271.95,-31.54,-57.30,-59.95,56.42,-9.70,-0.92
2024/01/01 16:14:59.96,271.96,-31.54,-57.30,-59.96,56.46,-9.69,-0.94
2024/01/01 16:14:59.97,271.97,-31.54,-57.30,-59.96,56.48,-9.68,-0.98
2024/01/01 16:14:59.98,271.98,-31.54,-57.30,-59.96,56.44,-9.66,-1.01
2024/01/01 16:14:59.99,271.99,-31.54,-57.31,-59.97,56.37,-9.64,-1.01
2024/01/01 16:15:00.00,272.00,-31.54,-57.31,-59.97,56.31,-9.63,-1.00
2024/01/01 16:15:00.01,272.01,-31.54,-57.31,-59.97,56.28,-9.64,-0.99
2024/01/01 16:15:00.02,272.02,-31.54,-57.31,-59.97,56.30,-9.65,-1.00
2024/01/01 16:15:00.03,272.03,-31.54,-57.31,-59.97,56.35,-9.67,-1.00
2024/01/01 16:15:00.04,272.04,-31.55,-57.31,-59.96,56.37,-9.69,-0.99
2024/01/01 16:15:00.05,272.05,-31.55,-57.31,-59.96,56.36,-9.69,-0.98
2024/01/01 16:15:00.06,272.06,-31.56,-57.31,-59.96,56.33,-9.68,-1.00
2024/01/01 16:15:00.07,272.07,-31.56,-57.31,-59.96,56.31,-9.68,-1.01
2024/01/01 16:15:00.08,272.08,-31.56,-57.31,-59.96,56.32,-9.69,-0.98
2024/01/01 16:15:00.09,272.09,-31.57,-57.31,-59.96,56.36,-9.70,-0.94
2024/01/01 16:15:00.10,272.10,-31.57,-57.30,-59.96,56.39,-9.72,-0.94
2024/01/01 16:15:00.11,272.11,-31.57,-57.30,-59.96,56.40,-9.71,-0.96
2024/01/01 16:15:00.12,272.12,-31.57,-57.30,-59.96,56.40,-9.71,-0.97
2024/01/01 16:15:00.13,272.13,-31.58,-57.30,-59.96,56.39,-9.70,-0.96
2024/01/01 16:15:00.14,272.14,-31.58,-57.30,-59.96,56.38,-9.70,-0.97
2024/01/01 16:15:00.15,272.15,-31.58,-57.30,-59.96,56.36,-9.69,-0.98
2024/01/01 16:15:00.16,272.16,-31.58,-57.30,-59.96,56.33,-9.69,-0.99
2024/01/01 16:15:00.17,272.17,-31.57,-57.31,-59.97,56.31,-9.69,-0.99
2024/01/01 16:15:00.18,272.18,-31.58,-57.32,-59.97,56.29,-9.68,-0.99
2024/01/01 16:15:00.19,272.19,-31.58,-57.32,-59.97,56.28,-9.66,-0.99
2024/01/01 16:15:00.20,272.20,-31.59,-57.32,-59.97,56.28,-9.63,-1.00
2024/01/01 16:15:00.21,272.21,-31.59,-57.31,-59.97,56.29,-9.61,-1.01
2024/01/01 16:15:00.22,272.22,-31.59,-57.31,-59.98,56.29,-9.63,-1.01
2024/01/01 16:15:00.23,272.23,-31.59,-57.31,-59.98,56.29,-9.66,-1.00
2024/01/01 16:15:00.24,272.24,-31.59,-57.32,-59.97,56.30,-9.69,-0.98
2024/01/01 16:15:00.25,272.25,-31.59,-57.32,-59.97,56.30,-9.72,-0.97
2024/01/01 16:15:00.26,272.26,-31.60,-57.32,-59.97,56.32,-9.75,-0.98
2024/01/01 16:15:00.27,272.27,-31.60,-57.32,-59.97,56.33,-9.78,-0.99
2024/01/01 16:15:00.28,272.28,-31.61,-57.32,-59.98,56.32,-9.79,-0.99
2024/01/01 16:15:00.29,272.29,-31.62,-57.32,-59.98,56.32,-9.77,-0.98
2024/01/01 16:15:00.30,272.30,-31.62,-57.32,-59.98,56.32,-9.73,-0.98
2024/01/01 16:15:00.31,272.31,-31.62,-57.33,-59.98,56.32,-9.68,-1.00
2024/01/01 16:15:00.32,272.32,-31.62,-57.33,-59.98,56.32,-9.66,-1.01
2024/01/01 16:15:00.33,272.33,-31.62,-57.33,-59.98,56.35,-9.67,-1.01
2024/01/01 16:15:00.34,272.34,-31.62,-57.34,-59.98,56.36,-9.70,-0.99
2024/01/01 16:15:00.35,272.35,-31.62,-57.34,-59.97,56.35,-9.72,-0.98
2024/01/01 16:15:00.36,272.36,-31.62,-57.34,-59.97,56.31,-9.73,-0.97
2024/01/01 16:15:00.37,272.37,-31.62,-57.34,-59.97,56.26,-9.73,-0.98
2024/01/01 16:15:00.38,272.38,-31.62,-57.33,-59.97,56.21,-9.74,-1.00
2024/01/01 16:15:00.39,272.39,-31.62,-57.33,-59.97,56.18,-9.76,-1.00
2024/01/01 16:15:00.40,272.40,-31.63,-57.34,-59.97,56.19,-9.76,-1.00
2024/01/01 16:15:00.41,272.41,-31.63,-57.34,-59.98,56.22,-9.75,-1.00
2024/01/01 16:15:00.42,272.42,-31.63,-57.33,-59.98,56.26,-9.73,-1.00
2024/01/01 16:15:00.43,272.43,-31.64,-57.33,-59.98,56.28,-9.70,-0.97
2024/01/01 16:15:00.44,272.44,-31.64,-57.33,-59.98,56.29,-9.68,-0.95
2024/01/01 16:15:00.45,272.45,-31.65,-57.33,-59.98,56.29,-9.69,-0.95
2024/01/01 16:15:00.46,272.46,-31.65,-57.33,-59.97,56.29,-9.71,-0.96
2024/01/01 16:15:00.47,272.47,-31.65,-57.34,-59.97,56.28,-9.73,-0.97
2024/01/01 16:15:00.48,272.48,-31.64,-57.34,-59.97,56.28,-9.74,-1.00
2024/01/01 16:15:00.49,272.49,-31.64,-57.35,-59.97,56.28,-9.74,-1.01
2024/01/01 16:15:00.50,272.50,-31.64,-57.35,-59.97,56.28,-9.72,-1.01
2024/01/01 16:15:00.51,272.51,-31.65,-57.35,-59.97,56.28,-9.71,-1.00
2024/01/01 16:15:00.52,272.52,-31.65,-57.34,-59.97,56.28,-9.72,-0.98
2024/01/01 16:15:00.53,272.53,-31.65,-57.34,-59.96,56.28,-9.74,-0.96
2024/01/01 16:15:00.54,272.54,-31.65,-57.35,-59.96,56.25,-9.76,-0.95
2024/01/01 16:15:00.55,272.55,-31.64,-57.34,-59.95,56.23,-9.77,-0.95
2024/01/01 16:15:00.56,272.56,-31.64,-57.34,-59.94,56.23,-9.76,-0.96
2024/01/01 16:15:00.57,272.57,-31.64,-57.33,-59.94,56.25,-9.76,-0.97
2024/01/01 16:15:00.58,272.58,-31.64,-57.33,-59.94,56.27,-9.76,-0.98
2024/01/01 16:15:00.59,272.59,-31.64,-57.33,-59.94,56.28,-9.73,-0.98
2024/01/01 16:15:00.60,272.60,-31.64,-57.34,-59.94,56.26,-9.70,-0.95
2024/01/01 16:15:00.61,272.61,-31.65,-57.34,-59.94,56.23,-9.68,-0.93
2024/01/01 16:15:00.62,272.62,-31.65,-57.34,-59.94,56.21,-9.69,-0.92
2024/01/01 16:15:00.63,272.63,-31.65,-57.34,-59.94,56.22,-9.73,-0.92
2024/01/01 16:15:00.64,272.64,-31.65,-57.35,-59.94,56.26,-9.76,-0.93
2024/01/01 16:15:00.65,272.65,-31.65,-57.35,-59.94,56.32,-9.77,-0.95
2024/01/01 16:15:00.66,272.66,-31.65,-57.35,-59.94,56.36,-9.75,-0.96
2024/01/01 16:15:00.67,272.67,-31.65,-57.35,-59.94,56.36,-9.72,-0.96
2024/01/01 16:15:00.68,272.68,-31.65,-57.35,-59.94,56.32,-9.70,-0.96
2024/01/01 16:15:00.69,272.69,-31.65,-57.34,-59.94,56.28,-9.71,-0.95
2024/01/01 16:15:00.70,272.70,-31.65,-57.34,-59.94,56.24,-9.74,-0.93
2024/01/01 16:15:00.71,272.71,-31.65,-57.34,-59.93,56.22,-9.76,-0.91
2024/01/01 16:15:00.72,272.72,-31.64,-57.33,-59.93,56.24,-9.78,-0.94
2024/01/01 16:15:00.73,272.73,-31.64,-57.33,-59.93,56.28,-9.75,-0.97
2024/01/01 16:15:00.74,272.74,-31.64,-57.33,-59.93,56.31,-9.72,-0.97
2024/01/01 16:15:00.75,272.75,-31.65,-57.34,-59.92,56.29,-9.69,-0.95
2024/01/01 16:15:00.76,272.76,-31.65,-57.34,-59.92,56.25,-9.68,-0.93
2024/01/01 16:15:00.77,272.77,-31.65,-57.33,-59.91,56.22,-9.69,-0.92
2024/01/01 16:15:00.78,272.78,-31.66,-57.33,-59.91,56.19,-9.70,-0.92
2024/01/01 16:15:00.79,272.79,-31.66,-57.33,-59.91,56.19,-9.72,-0.92
2024/01/01 16:15:00.80,272.80,-31.67,-57.33,-59.91,56.21,-9.73,-0.90
2024/01/01 16:15:00.81,272.81,-31.67,-57.33,-59.91,56.23,-9.72,-0.91
2024/01/01 16:15:00.82,272.82,-31.67,-57.33,-59.91,56.26,-9.71,-0.93
2024/01/01 16:15:00.83,272.83,-31.67,-57.33,-59.91,56.28,-9.73,-0.92
2024/01/01 16:15:00.84,272.84,-31.67,-57.34,-59.91,56.30,-9.76,-0.91
2024/01/01 16:15:00.85,272.85,-31.67,-57.34,-59.91,56.29,-9.79,-0.90
2024/01/01 16:15:00.86,272.86,-31.67,-57.34,-59.91,56.29,-9.79,-0.90
2024/01/01 16:15:00.87,272.87,-31.67,-57.33,-59.91,56.27,-9.76,-0.92
2024/01/01 16:15:00.88,272.88,-31.67,-57.33,-59.91,56.26,-9.71,-0.93
2024/01/01 16:15:00.89,272.89,-31.67,-57.33,-59.91,56.25,-9.66,-0.95
2024/01/01 16:15:00.90,272.90,-31.67,-57.32,-59.91,56.23,-9.63,-0.96
2024/01/01 16:15:00.91,272.91,-31.67,-57.32,-59.90,56.21,-9.64,-0.94
2024/01/01 16:15:00.92,272.92,-31.67,-57.32,-59.89,56.18,-9.67,-0.90
2024/01/01 16:15:00.93,272.93,-31.67,-57.32,-59.89,56.16,-9.72,-0.88
2024/01/01 16:15:00.94,272.94,-31.67,-57.32,-59.89,56.18,-9.77,-0.87
2024/01/01 16:15:00.95,272.95,-31.67,-57.32,-59.89,56.22,-9.78,-0.87
2024/01/01 16:15:00.96,272.96,-31.67,-57.33,-59.89,56.26,-9.77,-0.88
2024/01/01 16:15:00.97,272.97,-31.68,-57.33,-59.89,56.28,-9.74,-0.90
2024/01/01 16:15:00.98,272.98,-31.68,-57.33,-59.89,56.27,-9.72,-0.94
2024/01/01 16:15:00.99,272.99,-31.69,-57.33,-59.89,56.24,-9.71,-0.95
2024/01/01 16:15:01.00,273.00,-31.69,-57.33,-59.89,56.24,-9.71,-0.92
2024/01/01 16:15:01.01,273.01,-31.69,-57.33,-59.89,56.25,-9.72,-0.87
2024/01/01 16:15:01.02,273.02,-31.68,-57.32,-59.89,56.26,-9.72,-0.84
2024/01/01 16:15:01.03,273.03,-31.68,-57.32,-59.88,56.25,-9.71,-0.85
2024/01/01 16:15:01.04,273.04,-31.68,-57.32,-59.88,56.23,-9.70,-0.87
2024/01/01 16:15:01.05,273.05,-31.68,-57.31,-59.88,56.22,-9.70,-0.88
2024/01/01 16:15:01.06,273.06,-31.68,-57.31,-59.88,56.24,-9.71,-0.90
2024/01/01 16:15:01.07,273.07,-31.68,-57.31,-59.88,56.26,-9.73,-0.93
2024/01/01 16:15:01.08,273.08,-31.68,-57.32,-59.88,56.26,-9.74,-0.95
2024/01/01 16:15:01.09,273.09,-31.68,-57.32,-59.89,56.24,-9.74,-0.93
2024/01/01 16:15:01.10,273.10,-31.68,-57.32,-59.89,56.20,-9.71,-0.89
2024/01/01 16:15:01.11,273.11,-31.67,-57.32,-59.88,56.17,-9.69,-0.85
2024/01/01 16:15:01.12,273.12,-31.68,-57.31,-59.88,56.17,-9.67,-0.85
2024/01/01 16:15:01.13,273.13,-31.68,-57.31,-59.87,56.22,-9.66,-0.88
2024/01/01 16:15:01.14,273.14,-31.68,-57.31,-59.87,56.26,-9.67,-0.89
2024/01/01 16:15:01.15,273.15,-31.68,-57.32,-59.87,56.27,-9.68,-0.89
2024/01/01 16:15:01.16,273.16,-31.68,-57.32,-59.87,56.25,-9.70,-0.90
2024/01/01 16:15:01.17,273.17,-31.68,-57.31,-59.87,56.23,-9.72,-0.89
2024/01/01 16:15:01.18,273.18,-31.68,-57.31,-59.86,56.23,-9.73,-0.87
2024/01/01 16:15:01.19,273.19,-31.68,-57.31,-59.86,56.25,-9.74,-0.85
2024/01/01 16:15:01.20,273.20,-31.68,-57.31,-59.86,56.27,-9.73,-0.85
2024/01/01 16:15:01.21,273.21,-31.68,-57.31,-59.86,56.27,-9.72,-0.85
2024/01/01 16:15:01.22,273.22,-31.68,-57.31,-59.86,56.26,-9.70,-0.87
2024/01/01 16:15:01.23,273.23,-31.69,-57.32,-59.86,56.23,-9.69,-0.89
2024/01/01 16:15:01.24,273.24,-31.69,-57.32,-59.86,56.20,-9.69,-0.90
2024/01/01 16:15:01.25,273.25,-31.68,-57.32,-59.85,56.19,-9.70,-0.88
2024/01/01 16:15:01.26,273.26,-31.69,-57.32,-59.85,56.18,-9.70,-0.85
2024/01/01 16:15:01.27,273.27,-31.69,-57.31,-59.85,56.19,-9.69,-0.85
2024/01/01 16:15:01.28,273.28,-31.68,-57.31,-59.84,56.22,-9.68,-0.85
2024/01/01 16:15:01.29,273.29,-31.68,-57.31,-59.84,56.23,-9.68,-0.86
2024/01/01 16:15:01.30,273.30,-31.68,-57.31,-59.84,56.23,-9.69,-0.86
2024/01/01 16:15:01.31,273.31,-31.68,-57.32,-59.84,56.22,-9.71,-0.87
2024/01/01 16:15:01.32,273.32,-31.68,-57.32,-59.84,56.21,-9.73,-0.87
2024/01/01 16:15:01.33,273.33,-31.69,-57.32,-59.85,56.23,-9.75,-0.87
2024/01/01 16:15:01.34,273.34,-31.69,-57.31,-59.85,56.27,-9.76,-0.86
2024/01/01 16:15:01.35,273.35,-31.69,-57.31,-59.85,56.29,-9.74,-0.84
2024/01/01 16:15:01.36,273.36,-31.69,-57.31,-59.84,56.29,-9.70,-0.83
2024/01/01 16:15:01.37,273.37,-31.69,-57.31,-59.84,56.27,-9.67,-0.83
2024/01/01 16:15:01.38,273.38,-31.69,-57.31,-59.83,56.25,-9.66,-0.84
2024/01/01 16:15:01.39,273.39,-31.69,-57.30,-59.83,56.24,-9.68,-0.84
2024/01/01 16:15:01.40,273.40,-31.69,-57.30,-59.83,56.25,-9.70,-0.84
2024/01/01 16:15:01.41,273.41,-31.69,-57.30,-59.83,56.25,-9.71,-0.84
2024/01/01 16:15:01.42,273.42,-31.70,-57.29,-59.83,56.24,-9.71,-0.85
2024/01/01 16:15:01.43,273.43,-31.70,-57.29,-59.83,56.20,-9.71,-0.85
2024/01/01 16:15:01.44,273.44,-31.70,-57.28,-59.83,56.17,-9.71,-0.84
2024/01/01 16:15:01.45,273.45,-31.70,-57.28,-59.83,56.16,-9.70,-0.82
2024/01/01 16:15:01.46,273.46,-31.70,-57.28,-59.83,56.17,-9.69,-0.81
2024/01/01 16:15:01.47,273.47,-31.69,-57.28,-59.83,56.20,-9.67,-0.82
2024/01/01 16:15:01.48,273.48,-31.69,-57.28,-59.83,56.22,-9.66,-0.84
2024/01/01 16:15:01.49,273.49,-31.69,-57.28,-59.83,56.22,-9.64,-0.86
2024/01/01 16:15:01.50,273.50,-31.70,-57.28,-59.83,56.21,-9.64,-0.87
2024/01/01 16:15:01.51,273.51,-31.72,-57.29,-59.83,56.18,-9.65,-0.87
2024/01/01 16:15:01.52,273.52,-31.73,-57.29,-59.83,56.17,-9.65,-0.85
2024/01/01 16:15:01.53,273.53,-31.73,-57.28,-59.84,56.18,-9.65,-0.82
2024/01/01 16:15:01.54,273.54,-31.73,-57.27,-59.84,56.21,-9.63,-0.81
2024/01/01 16:15:01.55,273.55,-31.73,-57.26,-59.83,56.24,-9.62,-0.81
2024/01/01 16:15:01.56,273.56,-31.73,-57.26,-59.82,56.27,-9.61,-0.83
2024/01/01 16:15:01.57,273.57,-31.73,-57.26,-59.82,56.28,-9.63,-0.84
2024/01/01 16:15:01.58,273.58,-31.72,-57.26,-59.82,56.27,-9.66,-0.85
2024/01/01 16:15:01.59,273.59,-31.72,-57.26,-59.83,56.24,-9.71,-0.85
2024/01/01 16:15:01.60,273.60,-31.72,-57.27,-59.83,56.19,-9.76,-0.84
2024/01/01 16:15:01.61,273.61,-31.73,-57.27,-59.83,56.14,-9.78,-0.83
2024/01/01 16:15:01.62,273.62,-31.73,-57.27,-59.83,56.10,-9.77,-0.82
2024/01/01 16:15:01.63,273.63,-31.74,-57.27,-59.83,56.09,-9.72,-0.84
2024/01/01 16:15:01.64,273.64,-31.74,-57.26,-59.82,56.11,-9.63,-0.85
2024/01/01 16:15:01.65,273.65,-31.73,-57.26,-59.82,56.13,-9.56,-0.84
2024/01/01 16:15:01.66,273.66,-31.73,-57.26,-59.82,56.16,-9.51,-0.83
2024/01/01 16:15:01.67,273.67,-31.73,-57.27,-59.82,56.17,-9.52,-0.81
2024/01/01 16:15:01.68,273.68,-31.73,-57.26,-59.82,56.16,-9.57,-0.81
2024/01/01 16:15:01.69,273.69,-31.74,-57.26,-59.82,56.16,-9.66,-0.84
2024/01/01 16:15:01.70,273.70,-31.75,-57.25,-59.82,56.17,-9.74,-0.86
2024/01/01 16:15:01.71,273.71,-31.75,-57.25,-59.82,56.19,-9.78,-0.84
2024/01/01 16:15:01.72,273.72,-31.75,-57.26,-59.82,56.19,-9.78,-0.82
2024/01/01 16:15:01.73,273.73,-31.74,-57.26,-59.82,56.20,-9.74,-0.81
2024/01/01 16:15:01.74,273.74,-31.74,-57.25,-59.83,56.22,-9.67,-0.82
2024/01/01 16:15:01.75,273.75,-31.74,-57.24,-59.82,56.24,-9.62,-0.81
2024/01/01 16:15:01.76,273.76,-31.75,-57.24,-59.82,56.23,-9.60,-0.81
2024/01/01 16:15:01.77,273.77,-31.75,-57.24,-59.82,56.20,-9.60,-0.83
2024/01/01 16:15:01.78,273.78,-31.75,-57.24,-59.82,56.14,-9.59,-0.85
2024/01/01 16:15:01.79,273.79,-31.76,-57.24,-59.82,56.09,-9.59,-0.85
2024/01/01 16:15:01.80,273.80,-31.75,-57.23,-59.82,56.08,-9.62,-0.83
2024/01/01 16:15:01.81,273.81,-31.75,-57.22,-59.82,56.11,-9.65,-0.83
2024/01/01 16:15:01.82,273.82,-31.75,-57.23,-59.82,56.17,-9.66,-0.83
2024/01/01 16:15:01.83,273.83,-31.75,-57.23,-59.82,56.21,-9.65,-0.83
2024/01/01 16:15:01.84,273.84,-31.76,-57.24,-59.83,56.21,-9.62,-0.82
2024/01/01 16:15:01.85,273.85,-31.76,-57.24,-59.83,56.17,-9.59,-0.83
2024/01/01 16:15:01.86,273.86,-31.75,-57.24,-59.83,56.11,-9.58,-0.84
2024/01/01 16:15:01.87,273.87,-31.75,-57.23,-59.83,56.08,-9.61,-0.83
2024/01/01 16:15:01.88,273.88,-31.75,-57.23,-59.83,56.08,-9.64,-0.82
2024/01/01 16:15:01.89,273.89,-31.75,-57.22,-59.84,56.13,-9.65,-0.83
2024/01/01 16:15:01.90,273.90,-31.75,-57.21,-59.84,56.18,-9.63,-0.84
2024/01/01 16:15:01.91,273.91,-31.75,-57.21,-59.84,56.21,-9.60,-0.87
2024/01/01 16:15:01.92,273.92,-31.75,-57.20,-59.84,56.22,-9.58,-0.88
2024/01/01 16:15:01.93,273.93,-31.76,-57.20,-59.84,56.20,-9.58,-0.87
2024/01/01 16:15:01.94,273.94,-31.76,-57.20,-59.84,56.16,-9.60,-0.85
2024/01/01 16:15:01.95,273.95,-31.76,-57.20,-59.84,56.12,-9.64,-0.84
2024/01/01 16:15:01.96,273.96,-31.77,-57.20,-59.84,56.12,-9.68,-0.84
2024/01/01 16:15:01.97,273.97,-31.77,-57.21,-59.83,56.14,-9.69,-0.83
2024/01/01 16:15:01.98,273.98,-31.77,-57.21,-59.83,56.16,-9.67,-0.83
2024/01/01 16:15:01.99,273.99,-31.77,-57.21,-59.83,56.17,-9.63,-0.83
2024/01/01 16:15:02.00,274.00,-31.77,-57.20,-59.83,56.15,-9.58,-0.82
2024/01/01 16:15:02.01,274.01,-31.78,-57.20,-59.83,56.12,-9.55,-0.81
2024/01/01 16:15:02.02,274.02,-31.78,-57.20,-59.82,56.09,-9.53,-0.81
2024/01/01 16:15:02.03,274.03,-31.78,-57.20,-59.82,56.08,-9.53,-0.83
2024/01/01 16:15:02.04,274.04,-31.78,-57.20,-59.82,56.11,-9.53,-0.84
2024/01/01 16:15:02.05,274.05,-31.78,-57.20,-59.82,56.13,-9.54,-0.83
2024/01/01 16:15:02.06,274.06,-31.78,-57.19,-59.83,56.15,-9.58,-0.82
2024/01/01 16:15:02.07,274.07,-31.78,-57.19,-59.83,56.14,-9.62,-0.82
2024/01/01 16:15:02.08,274.08,-31.78,-57.19,-59.83,56.12,-9.63,-0.83
2024/01/01 16:15:02.09,274.09,-31.79,-57.19,-59.83,56.10,-9.64,-0.82
2024/01/01 16:15:02.10,274.10,-31.79,-57.19,-59.82,56.08,-9.64,-0.82
2024/01/01 16:15:02.11,274.11,-31.80,-57.19,-59.82,56.07,-9.63,-0.83
2024/01/01 16:15:02.12,274.12,-31.80,-57.19,-59.83,56.07,-9.62,-0.84
2024/01/01 16:15:02.13,274.13,-31.80,-57.19,-59.83,56.07,-9.60,-0.83
2024/01/01 16:15:02.14,274.14,-31.80,-57.19,-59.83,56.10,-9.58,-0.83
2024/01/01 16:15:02.15,274.15,-31.79,-57.19,-59.83,56.13,-9.57,-0.84
2024/01/01 16:15:02.16,274.16,-31.78,-57.19,-59.83,56.15,-9.57,-0.84
2024/01/01 16:15:02.17,274.17,-31.78,-57.19,-59.84,56.16,-9.58,-0.84
2024/01/01 16:15:02.18,274.18,-31.78,-57.18,-59.84,56.15,-9.60,-0.84
2024/01/01 16:15:02.19,274.19,-31.78,-57.18,-59.84,56.13,-9.60,-0.84
2024/01/01 16:15:02.20,274.20,-31.79,-57.18,-59.84,56.10,-9.60,-0.84
2024/01/01 16:15:02.21,274.21,-31.80,-57.18,-59.84,56.08,-9.59,-0.84
2024/01/01 16:15:02.22,274.22,-31.80,-57.18,-59.83,56.07,-9.59,-0.83
2024/01/01 16:15:02.23,274.23,-31.80,-57.18,-59.83,56.07,-9.59,-0.83
2024/01/01 16:15:02.24,274.24,-31.79,-57.18,-59.83,56.10,-9.57,-0.83
2024/01/01 16:15:02.25,274.25,-31.79,-57.18,-59.84,56.15,-9.55,-0.83
2024/01/01 16:15:02.26,274.26,-31.79,-57.18,-59.84,56.19,-9.54,-0.82
2024/01/01 16:15:02.27,274.27,-31.79,-57.17,-59.84,56.21,-9.54,-0.83
2024/01/01 16:15:02.28,274.28,-31.79,-57.16,-59.84,56.19,-9.54,-0.85
2024/01/01 16:15:02.29,274.29,-31.79,-57.16,-59.84,56.14,-9.56,-0.86
2024/01/01 16:15:02.30,274.30,-31.80,-57.16,-59.84,56.08,-9.58,-0.84
2024/01/01 16:15:02.31,274.31,-31.80,-57.16,-59.85,56.05,-9.60,-0.82
2024/01/01 16:15:02.32,274.32,-31.79,-57.16,-59.84,56.04,-9.60,-0.81
2024/01/01 16:15:02.33,274.33,-31.79,-57.16,-59.84,56.05,-9.58,-0.83
2024/01/01 16:15:02.34,274.34,-31.79,-57.16,-59.85,56.08,-9.55,-0.87
2024/01/01 16:15:02.35,274.35,-31.80,-57.15,-59.84,56.09,-9.54,-0.88
2024/01/01 16:15:02.36,274.36,-31.80,-57.15,-59.84,56.10,-9.54,-0.86
2024/01/01 16:15:02.37,274.37,-31.80,-57.15,-59.84,56.11,-9.53,-0.85
2024/01/01 16:15:02.38,274.38,-31.80,-57.16,-59.84,56.11,-9.53,-0.85
2024/01/01 16:15:02.39,274.39,-31.80,-57.16,-59.84,56.09,-9.53,-0.83
2024/01/01 16:15:02.40,274.40,-31.81,-57.16,-59.84,56.08,-9.56,-0.81
2024/01/01 16:15:02.41,274.41,-31.82,-57.16,-59.84,56.08,-9.58,-0.82
2024/01/01 16:15:02.42,274.42,-31.82,-57.16,-59.84,56.09,-9.58,-0.84
2024/01/01 16:15:02.43,274.43,-31.82,-57.15,-59.84,56.11,-9.56,-0.84
2024/01/01 16:15:02.44,274.44,-31.81,-57.15,-59.85,56.12,-9.52,-0.84
2024/01/01 16:15:02.45,274.45,-31.82,-57.15,-59.85,56.10,-9.50,-0.85
2024/01/01 16:15:02.46,274.46,-31.82,-57.15,-59.85,56.07,-9.52,-0.86
2024/01/01 16:15:02.47,274.47,-31.82,-57.15,-59.84,56.06,-9.56,-0.85
2024/01/01 16:15:02.48,274.48,-31.82,-57.15,-59.84,56.08,-9.61,-0.84
2024/01/01 16:15:02.49,274.49,-31.81,-57.15,-59.85,56.10,-9.63,-0.83
2024/01/01 16:15:02.50,274.50,-31.81,-57.15,-59.85,56.11,-9.63,-0.82
2024/01/01 16:15:02.51,274.51,-31.81,-57.15,-59.85,56.11,-9.59,-0.84
2024/01/01 16:15:02.52,274.52,-31.81,-57.15,-59.85,56.11,-9.53,-0.86
2024/01/01 16:15:02.53,274.53,-31.81,-57.15,-59.85,56.08,-9.47,-0.88
2024/01/01 16:15:02.54,274.54,-31.80,-57.15,-59.86,56.05,-9.45,-0.88
2024/01/01 16:15:02.55,274.55,-31.81,-57.15,-59.86,56.03,-9.48,-0.86
2024/01/01 16:15:02.56,274.56,-31.81,-57.14,-59.87,56.01,-9.52,-0.84
2024/01/01 16:15:02.57,274.57,-31.81,-57.14,-59.87,56.00,-9.56,-0.85
2024/01/01 16:15:02.58,274.58,-31.81,-57.14,-59.86,56.03,-9.57,-0.86
2024/01/01 16:15:02.59,274.59,-31.81,-57.13,-59.86,56.07,-9.56,-0.87
2024/01/01 16:15:02.60,274.60,-31.81,-57.13,-59.86,56.12,-9.55,-0.88
2024/01/01 16:15:02.61,274.61,-31.81,-57.13,-59.86,56.16,-9.55,-0.90
2024/01/01 16:15:02.62,274.62,-31.81,-57.13,-59.86,56.17,-9.55,-0.87
2024/01/01 16:15:02.63,274.63,-31.81,-57.13,-59.87,56.15,-9.56,-0.83
2024/01/01 16:15:02.64,274.64,-31.81,-57.13,-59.87,56.13,-9.56,-0.83
2024/01/01 16:15:02.65,274.65,-31.81,-57.13,-59.87,56.09,-9.56,-0.85
2024/01/01 16:15:02.66,274.66,-31.82,-57.13,-59.87,56.06,-9.54,-0.86
2024/01/01 16:15:02.67,274.67,-31.82,-57.13,-59.87,56.06,-9.50,-0.87
2024/01/01 16:15:02.68,274.68,-31.83,-57.13,-59.87,56.07,-9.46,-0.87
2024/01/01 16:15:02.69,274.69,-31.82,-57.13,-59.87,56.09,-9.43,-0.87
2024/01/01 16:15:02.70,274.70,-31.82,-57.13,-59.87,56.11,-9.44,-0.88
2024/01/01 16:15:02.71,274.71,-31.82,-57.13,-59.87,56.11,-9.49,-0.87
2024/01/01 16:15:02.72,274.72,-31.82,-57.12,-59.87,56.09,-9.56,-0.86
2024/01/01 16:15:02.73,274.73,-31.82,-57.11,-59.87,56.05,-9.60,-0.87
2024/01/01 16:15:02.74,274.74,-31.83,-57.11,-59.88,56.02,-9.61,-0.89
2024/01/01 16:15:02.75,274.75,-31.83,-57.10,-59.88,56.02,-9.59,-0.88
2024/01/01 16:15:02.76,274.76,-31.83,-57.10,-59.88,56.03,-9.57,-0.87
2024/01/01 16:15:02.77,274.77,-31.83,-57.10,-59.88,56.04,-9.55,-0.87
2024/01/01 16:15:02.78,274.78,-31.83,-57.10,-59.89,56.05,-9.52,-0.87
2024/01/01 16:15:02.79,274.79,-31.84,-57.11,-59.89,56.05,-9.50,-0.88
2024/01/01 16:15:02.80,274.80,-31.84,-57.12,-59.89,56.05,-9.48,-0.88
2024/01/01 16:15:02.81,274.81,-31.84,-57.12,-59.89,56.05,-9.46,-0.87
2024/01/01 16:15:02.82,274.82,-31.84,-57.12,-59.88,56.05,-9.44,-0.88
2024/01/01 16:15:02.83,274.83,-31.84,-57.11,-59.88,56.02,-9.43,-0.89
2024/01/01 16:15:02.84,274.84,-31.84,-57.11,-59.88,56.00,-9.45,-0.90
2024/01/01 16:15:02.85,274.85,-31.84,-57.11,-59.88,55.98,-9.49,-0.90
2024/01/01 16:15:02.86,274.86,-31.84,-57.10,-59.89,55.99,-9.54,-0.88
2024/01/01 16:15:02.87,274.87,-31.84,-57.09,-59.89,56.02,-9.55,-0.87
2024/01/01 16:15:02.88,274.88,-31.84,-57.09,-59.89,56.06,-9.55,-0.87
2024/01/01 16:15:02.89,274.89,-31.84,-57.10,-59.89,56.08,-9.56,-0.88
2024/01/01 16:15:02.90,274.90,-31.84,-57.11,-59.89,56.08,-9.57,-0.88
2024/01/01 16:15:02.91,274.91,-31.85,-57.11,-59.88,56.07,-9.57,-0.89
2024/01/01 16:15:02.92,274.92,-31.85,-57.11,-59.89,56.07,-9.56,-0.89
2024/01/01 16:15:02.93,274.93,-31.85,-57.11,-59.89,56.09,-9.53,-0.88
2024/01/01 16:15:02.94,274.94,-31.85,-57.10,-59.89,56.11,-9.50,-0.87
2024/01/01 16:15:02.95,274.95,-31.85,-57.10,-59.89,56.10,-9.45,-0.87
2024/01/01 16:15:02.96,274.96,-31.85,-57.09,-59.89,56.06,-9.41,-0.88
2024/01/01 16:15:02.97,274.97,-31.85,-57.10,-59.89,56.02,-9.40,-0.90
2024/01/01 16:15:02.98,274.98,-31.85,-57.10,-59.89,55.99,-9.44,-0.91
2024/01/01 16:15:02.99,274.99,-31.85,-57.10,-59.90,55.99,-9.50,-0.89
2024/01/01 16:15:03.00,275.00,-31.85,-57.10,-59.90,56.00,-9.57,-0.87
2024/01/01 16:15:03.01,275.01,-31.85,-57.10,-59.90,56.02,-9.62,-0.87
2024/01/01 16:15:03.02,275.02,-31.86,-57.10,-59.90,56.03,-9.63,-0.88
2024/01/01 16:15:03.03,275.03,-31.86,-57.10,-59.90,56.05,-9.59,-0.90
2024/01/01 16:15:03.04,275.04,-31.85,-57.10,-59.91,56.06,-9.53,-0.92
2024/01/01 16:15:03.05,275.05,-31.85,-57.10,-59.91,56.07,-9.45,-0.92
2024/01/01 16:15:03.06,275.06,-31.85,-57.09,-59.91,56.05,-9.40,-0.92
2024/01/01 16:15:03.07,275.07,-31.86,-57.08,-59.91,56.01,-9.41,-0.91
2024/01/01 16:15:03.08,275.08,-31.86,-57.08,-59.91,55.97,-9.45,-0.90
2024/01/01 16:15:03.09,275.09,-31.86,-57.08,-59.91,55.96,-9.49,-0.90
2024/01/01 16:15:03.10,275.10,-31.85,-57.08,-59.92,55.96,-9.52,-0.92
2024/01/01 16:15:03.11,275.11,-31.85,-57.09,-59.92,55.98,-9.53,-0.92
2024/01/01 16:15:03.12,275.12,-31.86,-57.08,-59.92,55.99,-9.53,-0.92
2024/01/01 16:15:03.13,275.13,-31.86,-57.08,-59.92,56.02,-9.52,-0.92
2024/01/01 16:15:03.14,275.14,-31.86,-57.08,-59.92,56.06,-9.52,-0.92
2024/01/01 16:15:03.15,275.15,-31.86,-57.08,-59.92,56.10,-9.52,-0.91
2024/01/01 16:15:03.16,275.16,-31.86,-57.08,-59.93,56.11,-9.51,-0.90
2024/01/01 16:15:03.17,275.17,-31.86,-57.09,-59.92,56.09,-9.46,-0.90
2024/01/01 16:15:03.18,275.18,-31.86,-57.08,-59.92,56.04,-9.42,-0.91
2024/01/01 16:15:03.19,275.19,-31.85,-57.08,-59.93,56.01,-9.40,-0.92
2024/01/01 16:15:03.20,275.20,-31.85,-57.08,-59.93,56.01,-9.41,-0.92
2024/01/01 16:15:03.21,275.21,-31.84,-57.09,-59.93,56.05,-9.44,-0.91
2024/01/01 16:15:03.22,275.22,-31.83,-57.08,-59.92,56.07,-9.49,-0.91
2024/01/01 16:15:03.23,275.23,-31.83,-57.08,-59.92,56.06,-9.51,-0.93
2024/01/01 16:15:03.24,275.24,-31.83,-57.07,-59.92,56.02,-9.51,-0.93
2024/01/01 16:15:03.25,275.25,-31.83,-57.07,-59.93,55.99,-9.50,-0.91
2024/01/01 16:15:03.26,275.26,-31.84,-57.07,-59.93,55.98,-9.49,-0.90
2024/01/01 16:15:03.27,275.27,-31.84,-57.07,-59.93,56.01,-9.49,-0.91
2024/01/01 16:15:03.28,275.28,-31.83,-57.08,-59.93,56.04,-9.50,-0.95
2024/01/01 16:15:03.29,275.29,-31.83,-57.08,-59.94,56.04,-9.52,-0.96
2024/01/01 16:15:03.30,275.30,-31.83,-57.08,-59.94,56.04,-9.52,-0.95
2024/01/01 16:15:03.31,275.31,-31.83,-57.07,-59.94,56.06,-9.51,-0.93
2024/01/01 16:15:03.32,275.32,-31.83,-57.07,-59.94,56.10,-9.49,-0.92
2024/01/01 16:15:03.33,275.33,-31.83,-57.07,-59.94,56.12,-9.46,-0.91
2024/01/01 16:15:03.34,275.34,-31.83,-57.07,-59.94,56.11,-9.44,-0.92
2024/01/01 16:15:03.35,275.35,-31.83,-57.08,-59.95,56.08,-9.44,-0.93
2024/01/01 16:15:03.36,275.36,-31.83,-57.09,-59.95,56.04,-9.47,-0.95
2024/01/01 16:15:03.37,275.37,-31.82,-57.10,-59.94,56.02,-9.51,-0.95
2024/01/01 16:15:03.38,275.38,-31.82,-57.10,-59.95,56.03,-9.52,-0.94
2024/01/01 16:15:03.39,275.39,-31.81,-57.10,-59.95,56.06,-9.49,-0.94
2024/01/01 16:15:03.40,275.40,-31.81,-57.09,-59.96,56.07,-9.44,-0.96
2024/01/01 16:15:03.41,275.41,-31.81,-57.08,-59.96,56.05,-9.42,-0.96
2024/01/01 16:15:03.42,275.42,-31.81,-57.08,-59.95,56.03,-9.43,-0.95
2024/01/01 16:15:03.43,275.43,-31.81,-57.08,-59.95,56.02,-9.48,-0.96
2024/01/01 16:15:03.44,275.44,-31.81,-57.08,-59.95,56.04,-9.54,-0.96
2024/01/01 16:15:03.45,275.45,-31.80,-57.07,-59.95,56.06,-9.58,-0.95
2024/01/01 16:15:03.46,275.46,-31.80,-57.07,-59.94,56.09,-9.60,-0.92
2024/01/01 16:15:03.47,275.47,-31.79,-57.08,-59.95,56.12,-9.58,-0.92
2024/01/01 16:15:03.48,275.48,-31.79,-57.08,-59.95,56.12,-9.51,-0.93
2024/01/01 16:15:03.49,275.49,-31.80,-57.09,-59.96,56.11,-9.44,-0.94
2024/01/01 16:15:03.50,275.50,-31.80,-57.09,-59.97,56.11,-9.40,-0.94
2024/01/01 16:15:03.51,275.51,-31.79,-57.08,-59.97,56.09,-9.40,-0.96
2024/01/01 16:15:03.52,275.52,-31.79,-57.08,-59.97,56.07,-9.43,-1.00
2024/01/01 16:15:03.53,275.53,-31.78,-57.08,-59.97,56.07,-9.47,-1.02
2024/01/01 16:15:03.54,275.54,-31.77,-57.09,-59.97,56.09,-9.48,-0.99
2024/01/01 16:15:03.55,275.55,-31.77,-57.09,-59.97,56.13,-9.48,-0.94
2024/01/01 16:15:03.56,275.56,-31.77,-57.09,-59.97,56.17,-9.47,-0.94
2024/01/01 16:15:03.57,275.57,-31.76,-57.08,-59.97,56.19,-9.46,-0.96
2024/01/01 16:15:03.58,275.58,-31.76,-57.08,-59.97,56.18,-9.46,-0.97
2024/01/01 16:15:03.59,275.59,-31.76,-57.07,-59.97,56.12,-9.48,-0.96
2024/01/01 16:15:03.60,275.60,-31.76,-57.07,-59.97,56.05,-9.51,-0.96
2024/01/01 16:15:03.61,275.61,-31.76,-57.07,-59.97,56.01,-9.51,-0.98
2024/01/01 16:15:03.62,275.62,-31.75,-57.07,-59.97,56.03,-9.49,-0.99
2024/01/01 16:15:03.63,275.63,-31.74,-57.07,-59.96,56.10,-9.47,-0.97
2024/01/01 16:15:03.64,275.64,-31.74,-57.08,-59.96,56.17,-9.46,-0.95
2024/01/01 16:15:03.65,275.65,-31.74,-57.09,-59.96,56.21,-9.47,-0.94
2024/01/01 16:15:03.66,275.66,-31.74,-57.09,-59.96,56.21,-9.49,-0.95
2024/01/01 16:15:03.67,275.67,-31.74,-57.09,-59.96,56.19,-9.50,-0.96
2024/01/01 16:15:03.68,275.68,-31.74,-57.09,-59.97,56.16,-9.50,-0.96
2024/01/01 16:15:03.69,275.69,-31.74,-57.08,-59.96,56.13,-9.49,-0.95
2024/01/01 16:15:03.70,275.70,-31.73,-57.08,-59.96,56.12,-9.48,-0.96
2024/01/01 16:15:03.71,275.71,-31.72,-57.08,-59.96,56.13,-9.45,-0.98
2024/01/01 16:15:03.72,275.72,-31.71,-57.08,-59.96,56.16,-9.42,-0.98
2024/01/01 16:15:03.73,275.73,-31.70,-57.09,-59.96,56.19,-9.42,-0.98
2024/01/01 16:15:03.74,275.74,-31.70,-57.09,-59.96,56.21,-9.45,-0.97
2024/01/01 16:15:03.75,275.75,-31.69,-57.10,-59.96,56.21,-9.49,-0.97
2024/01/01 16:15:03.76,275.76,-31.69,-57.10,-59.96,56.18,-9.52,-0.97
2024/01/01 16:15:03.77,275.77,-31.69,-57.11,-59.96,56.16,-9.52,-0.97
2024/01/01 16:15:03.78,275.78,-31.68,-57.11,-59.96,56.15,-9.50,-0.96
2024/01/01 16:15:03.79,275.79,-31.68,-57.11,-59.96,56.17,-9.46,-0.95
2024/01/01 16:15:03.80,275.80,-31.69,-57.10,-59.96,56.20,-9.42,-0.95
2024/01/01 16:15:03.81,275.81,-31.69,-57.10,-59.95,56.22,-9.41,-0.96
2024/01/01 16:15:03.82,275.82,-31.68,-57.09,-59.95,56.22,-9.43,-0.97
2024/01/01 16:15:03.83,275.83,-31.68,-57.10,-59.95,56.20,-9.47,-0.96
2024/01/01 16:15:03.84,275.84,-31.67,-57.10,-59.95,56.19,-9.53,-0.95
2024/01/01 16:15:03.85,275.85,-31.67,-57.10,-59.95,56.21,-9.59,-0.95
2024/01/01 16:15:03.86,275.86,-31.66,-57.10,-59.95,56.25,-9.62,-0.95
2024/01/01 16:15:03.87,275.87,-31.65,-57.11,-59.95,56.29,-9.64,-0.95
2024/01/01 16:15:03.88,275.88,-31.65,-57.12,-59.94,56.31,-9.63,-0.95
2024/01/01 16:15:03.89,275.89,-31.64,-57.13,-59.94,56.29,-9.58,-0.94
2024/01/01 16:15:03.90,275.90,-31.63,-57.14,-59.94,56.24,-9.50,-0.96
2024/01/01 16:15:03.91,275.91,-31.63,-57.14,-59.94,56.18,-9.41,-0.99
2024/01/01 16:15:03.92,275.92,-31.63,-57.14,-59.94,56.15,-9.33,-0.99
2024/01/01 16:15:03.93,275.93,-31.62,-57.14,-59.94,56.15,-9.31,-0.96
2024/01/01 16:15:03.94,275.94,-31.62,-57.14,-59.94,56.19,-9.34,-0.95
2024/01/01 16:15:03.95,275.95,-31.62,-57.13,-59.94,56.24,-9.41,-0.94
2024/01/01 16:15:03.96,275.96,-31.62,-57.13,-59.94,56.30,-9.49,-0.94
2024/01/01 16:15:03.97,275.97,-31.62,-57.13,-59.94,56.35,-9.56,-0.95
2024/01/01 16:15:03.98,275.98,-31.61,-57.13,-59.94,56.38,-9.62,-0.94
2024/01/01 16:15:03.99,275.99,-31.60,-57.13,-59.94,56.39,-9.66,-0.93
2024/01/01 16:15:04.00,276.00,-31.60,-57.14,-59.94,56.40,-9.68,-0.93
2024/01/01 16:15:04.01,276.01,-31.60,-57.14,-59.94,56.40,-9.67,-0.94
2024/01/01 16:15:04.02,276.02,-31.59,-57.14,-59.94,56.37,-9.64,-0.94
2024/01/01 16:15:04.03,276.03,-31.59,-57.14,-59.93,56.32,-9.58,-0.95
2024/01/01 16:15:04.04,276.04,-31.59,-57.14,-59.93,56.27,-9.50,-0.96
2024/01/01 16:15:04.05,276.05,-31.59,-57.15,-59.93,56.24,-9.43,-0.96
2024/01/01 16:15:04.06,276.06,-31.59,-57.15,-59.93,56.24,-9.39,-0.94
2024/01/01 16:15:04.07,276.07,-31.58,-57.15,-59.93,56.27,-9.40,-0.93
2024/01/01 16:15:04.08,276.08,-31.58,-57.15,-59.93,56.31,-9.44,-0.95
2024/01/01 16:15:04.09,276.09,-31.57,-57.16,-59.92,56.34,-9.49,-0.96
2024/01/01 16:15:04.10,276.10,-31.56,-57.16,-59.92,56.33,-9.54,-0.96
2024/01/01 16:15:04.11,276.11,-31.56,-57.16,-59.92,56.31,-9.59,-0.94
2024/01/01 16:15:04.12,276.12,-31.56,-57.17,-59.92,56.29,-9.61,-0.94
2024/01/01 16:15:04.13,276.13,-31.57,-57.17,-59.92,56.28,-9.61,-0.95
2024/01/01 16:15:04.14,276.14,-31.57,-57.16,-59.93,56.29,-9.59,-0.95
2024/01/01 16:15:04.15,276.15,-31.57,-57.16,-59.93,56.29,-9.57,-0.95
2024/01/01 16:15:04.16,276.16,-31.57,-57.16,-59.93,56.29,-9.54,-0.94
2024/01/01 16:15:04.17,276.17,-31.57,-57.16,-59.93,56.30,-9.50,-0.93
2024/01/01 16:15:04.18,276.18,-31.56,-57.17,-59.93,56.35,-9.48,-0.92
2024/01/01 16:15:04.19,276.19,-31.56,-57.17,-59.93,56.43,-9.49,-0.93
2024/01/01 16:15:04.20,276.20,-31.56,-57.18,-59.93,56.50,-9.52,-0.94
2024/01/01 16:15:04.21,276.21,-31.56,-57.18,-59.92,56.51,-9.56,-0.94
2024/01/01 16:15:04.22,276.22,-31.56,-57.19,-59.92,56.46,-9.59,-0.94
2024/01/01 16:15:04.23,276.23,-31.55,-57.19,-59.92,56.38,-9.61,-0.95
2024/01/01 16:15:04.24,276.24,-31.54,-57.20,-59.92,56.30,-9.61,-0.95
2024/01/01 16:15:04.25,276.25,-31.53,-57.21,-59.92,56.26,-9.61,-0.92
2024/01/01 16:15:04.26,276.26,-31.52,-57.21,-59.91,56.27,-9.59,-0.91
2024/01/01 16:15:04.27,276.27,-31.52,-57.20,-59.91,56.31,-9.57,-0.93
2024/01/01 16:15:04.28,276.28,-31.52,-57.20,-59.90,56.34,-9.55,-0.95
2024/01/01 16:15:04.29,276.29,-31.52,-57.20,-59.90,56.36,-9.55,-0.95
2024/01/01 16:15:04.30,276.30,-31.52,-57.20,-59.91,56.35,-9.54,-0.94
2024/01/01 16:15:04.31,276.31,-31.52,-57.21,-59.91,56.36,-9.54,-0.92
2024/01/01 16:15:04.32,276.32,-31.52,-57.21,-59.91,56.38,-9.54,-0.91
2024/01/01 16:15:04.33,276.33,-31.52,-57.21,-59.91,56.42,-9.57,-0.91
2024/01/01 16:15:04.34,276.34,-31.52,-57.22,-59.91,56.46,-9.61,-0.91
2024/01/01 16:15:04.35,276.35,-31.52,-57.22,-59.91,56.48,-9.65,-0.92
2024/01/01 16:15:04.36,276.36,-31.52,-57.22,-59.91,56.46,-9.66,-0.93
2024/01/01 16:15:04.37,276.37,-31.52,-57.22,-59.91,56.42,-9.66,-0.95
2024/01/01 16:15:04.38,276.38,-31.50,-57.23,-59.91,56.38,-9.64,-0.95
2024/01/01 16:15:04.39,276.39,-31.49,-57.24,-59.91,56.37,-9.64,-0.94
2024/01/01 16:15:04.40,276.40,-31.48,-57.24,-59.91,56.39,-9.64,-0.93
2024/01/01 16:15:04.41,276.41,-31.49,-57.24,-59.91,56.43,-9.63,-0.93
2024/01/01 16:15:04.42,276.42,-31.49,-57.24,-59.91,56.45,-9.62,-0.93
2024/01/01 16:15:04.43,276.43,-31.49,-57.24,-59.90,56.45,-9.59,-0.94
2024/01/01 16:15:04.44,276.44,-31.49,-57.23,-59.90,56.42,-9.55,-0.95
2024/01/01 16:15:04.45,276.45,-31.48,-57.22,-59.90,56.39,-9.51,-0.94
2024/01/01 16:15:04.46,276.46,-31.48,-57.22,-59.90,56.37,-9.50,-0.92
2024/01/01 16:15:04.47,276.47,-31.47,-57.23,-59.90,56.39,-9.51,-0.90
2024/01/01 16:15:04.48,276.48,-31.47,-57.23,-59.90,56.42,-9.56,-0.89
2024/01/01 16:15:04.49,276.49,-31.47,-57.23,-59.90,56.46,-9.62,-0.91
2024/01/01 16:15:04.50,276.50,-31.47,-57.23,-59.90,56.48,-9.68,-0.92
2024/01/01 16:15:04.51,276.51,-31.47,-57.24,-59.91,56.48,-9.72,-0.93
2024/01/01 16:15:04.52,276.52,-31.47,-57.24,-59.91,56.45,-9.73,-0.95
2024/01/01 16:15:04.53,276.53,-31.47,-57.25,-59.92,56.44,-9.69,-0.95
2024/01/01 16:15:04.54,276.54,-31.47,-57.25,-59.92,56.46,-9.61,-0.93
2024/01/01 16:15:04.55,276.55,-31.47,-57.26,-59.92,56.50,-9.53,-0.91
2024/01/01 16:15:04.56,276.56,-31.47,-57.26,-59.91,56.54,-9.49,-0.91
2024/01/01 16:15:04.57,276.57,-31.47,-57.26,-59.91,56.55,-9.48,-0.94
2024/01/01 16:15:04.58,276.58,-31.47,-57.26,-59.91,56.51,-9.52,-0.97
2024/01/01 16:15:04.59,276.59,-31.47,-57.26,-59.91,56.43,-9.58,-0.97
2024/01/01 16:15:04.60,276.60,-31.47,-57.26,-59.91,56.36,-9.66,-0.95
2024/01/01 16:15:04.61,276.61,-31.48,-57.25,-59.91,56.32,-9.73,-0.94
2024/01/01 16:15:04.62,276.62,-31.48,-57.25,-59.91,56.35,-9.77,-0.93
2024/01/01 16:15:04.63,276.63,-31.48,-57.25,-59.91,56.42,-9.77,-0.93
2024/01/01 16:15:04.64,276.64,-31.47,-57.26,-59.91,56.48,-9.74,-0.93
2024/01/01 16:15:04.65,276.65,-31.47,-57.27,-59.91,56.50,-9.69,-0.94
2024/01/01 16:15:04.66,276.66,-31.47,-57.27,-59.91,56.48,-9.63,-0.94
2024/01/01 16:15:04.67,276.67,-31.48,-57.27,-59.91,56.43,-9.57,-0.94
2024/01/01 16:15:04.68,276.68,-31.49,-57.27,-59.91,56.39,-9.55,-0.94
2024/01/01 16:15:04.69,276.69,-31.48,-57.27,-59.91,56.37,-9.55,-0.94
2024/01/01 16:15:04.70,276.70,-31.47,-57.27,-59.92,56.37,-9.57,-0.94
2024/01/01 16:15:04.71,276.71,-31.47,-57.27,-59.92,56.39,-9.60,-0.95
2024/01/01 16:15:04.72,276.72,-31.47,-57.27,-59.92,56.41,-9.62,-0.96
2024/01/01 16:15:04.73,276.73,-31.47,-57.27,-59.93,56.44,-9.64,-0.96
2024/01/01 16:15:04.74,276.74,-31.47,-57.28,-59.93,56.48,-9.66,-0.96
2024/01/01 16:15:04.75,276.75,-31.47,-57.28,-59.92,56.52,-9.68,-0.94
2024/01/01 16:15:04.76,276.76,-31.47,-57.28,-59.92,56.54,-9.69,-0.92
2024/01/01 16:15:04.77,276.77,-31.47,-57.28,-59.92,56.52,-9.69,-0.93
2024/01/01 16:15:04.78,276.78,-31.47,-57.29,-59.92,56.48,-9.68,-0.95
2024/01/01 16:15:04.79,276.79,-31.46,-57.29,-59.92,56.43,-9.67,-0.97
2024/01/01 16:15:04.80,276.80,-31.46,-57.29,-59.92,56.42,-9.65,-0.97
2024/01/01 16:15:04.81,276.81,-31.46,-57.29,-59.92,56.44,-9.62,-0.96
2024/01/01 16:15:04.82,276.82,-31.47,-57.28,-59.92,56.46,-9.59,-0.95
2024/01/01 16:15:04.83,276.83,-31.47,-57.28,-59.92,56.47,-9.58,-0.94
2024/01/01 16:15:04.84,276.84,-31.47,-57.28,-59.91,56.45,-9.59,-0.93
2024/01/01 16:15:04.85,276.85,-31.47,-57.28,-59.91,56.41,-9.63,-0.92
2024/01/01 16:15:04.86,276.86,-31.46,-57.28,-59.92,56.39,-9.69,-0.93
2024/01/01 16:15:04.87,276.87,-31.46,-57.28,-59.92,56.42,-9.75,-0.95
2024/01/01 16:15:04.88,276.88,-31.46,-57.28,-59.92,56.48,-9.79,-0.95
2024/01/01 16:15:04.89,276.89,-31.46,-57.28,-59.92,56.53,-9.78,-0.96
2024/01/01 16:15:04.90,276.90,-31.46,-57.28,-59.92,56.53,-9.73,-0.96
2024/01/01 16:15:04.91,276.91,-31.46,-57.28,-59.92,56.48,-9.66,-0.94
2024/01/01 16:15:04.92,276.92,-31.47,-57.28,-59.92,56.41,-9.60,-0.92
2024/01/01 16:15:04.93,276.93,-31.47,-57.28,-59.92,56.36,-9.58,-0.93
2024/01/01 16:15:04.94,276.94,-31.48,-57.28,-59.92,56.36,-9.57,-0.94
2024/01/01 16:15:04.95,276.95,-31.48,-57.28,-59.92,56.40,-9.58,-0.95
2024/01/01 16:15:04.96,276.96,-31.48,-57.28,-59.93,56.44,-9.58,-0.97
2024/01/01 16:15:04.97,276.97,-31.48,-57.28,-59.93,56.46,-9.56,-0.98
2024/01/01 16:15:04.98,276.98,-31.48,-57.27,-59.93,56.46,-9.56,-0.97
2024/01/01 16:15:04.99,276.99,-31.48,-57.27,-59.93,56.44,-9.58,-0.95
2024/01/01 16:15:05.00,277.00,-31.48,-57.27,-59.93,56.44,-9.62,-0.94
2024/01/01 16:15:05.01,277.01,-31.48,-57.27,-59.93,56.45,-9.67,-0.93
2024/01/01 16:15:05.02,277.02,-31.48,-57.27,-59.93,56.45,-9.73,-0.94
2024/01/01 16:15:05.03,277.03,-31.48,-57.27,-59.93,56.44,-9.76,-0.95
2024/01/01 16:15:05.04,277.04,-31.47,-57.27,-59.93,56.43,-9.76,-0.97
2024/01/01 16:15:05.05,277.05,-31.48,-57.27,-59.93,56.42,-9.72,-0.98
2024/01/01 16:15:05.06,277.06,-31.48,-57.28,-59.93,56.43,-9.65,-0.95
2024/01/01 16:15:05.07,277.07,-31.49,-57.28,-59.93,56.44,-9.59,-0.93
2024/01/01 16:15:05.08,277.08,-31.50,-57.28,-59.93,56.44,-9.55,-0.94
2024/01/01 16:15:05.09,277.09,-31.50,-57.28,-59.93,56.41,-9.55,-0.97
2024/01/01 16:15:05.10,277.10,-31.50,-57.28,-59.93,56.38,-9.59,-0.96
2024/01/01 16:15:05.11,277.11,-31.50,-57.29,-59.93,56.36,-9.66,-0.94
2024/01/01 16:15:05.12,277.12,-31.49,-57.29,-59.93,56.37,-9.71,-0.94
2024/01/01 16:15:05.13,277.13,-31.49,-57.29,-59.92,56.40,-9.72,-0.96
2024/01/01 16:15:05.14,277.14,-31.49,-57.29,-59.93,56.44,-9.70,-0.97
2024/01/01 16:15:05.15,277.15,-31.49,-57.28,-59.93,56.48,-9.68,-0.95
2024/01/01 16:15:05.16,277.16,-31.49,-57.28,-59.93,56.48,-9.65,-0.93
2024/01/01 16:15:05.17,277.17,-31.49,-57.28,-59.93,56.44,-9.64,-0.94
2024/01/01 16:15:05.18,277.18,-31.50,-57.28,-59.93,56.40,-9.63,-0.97
2024/01/01 16:15:05.19,277.19,-31.50,-57.28,-59.93,56.37,-9.64,-0.98
2024/01/01 16:15:05.20,277.20,-31.50,-57.28,-59.93,56.39,-9.64,-0.98
2024/01/01 16:15:05.21,277.21,-31.50,-57.28,-59.93,56.43,-9.65,-0.97
2024/01/01 16:15:05.22,277.22,-31.49,-57.28,-59.93,56.46,-9.67,-0.96
2024/01/01 16:15:05.23,277.23,-31.49,-57.29,-59.93,56.47,-9.68,-0.94
2024/01/01 16:15:05.24,277.24,-31.49,-57.29,-59.92,56.44,-9.69,-0.92
2024/01/01 16:15:05.25,277.25,-31.49,-57.29,-59.92,56.40,-9.69,-0.92
2024/01/01 16:15:05.26,277.26,-31.49,-57.30,-59.92,56.38,-9.68,-0.94
2024/01/01 16:15:05.27,277.27,-31.49,-57.31,-59.93,56.38,-9.67,-0.96
2024/01/01 16:15:05.28,277.28,-31.50,-57.31,-59.93,56.40,-9.66,-0.97
2024/01/01 16:15:05.29,277.29,-31.50,-57.30,-59.94,56.41,-9.65,-0.97
2024/01/01 16:15:05.30,277.30,-31.50,-57.29,-59.93,56.42,-9.64,-0.98
2024/01/01 16:15:05.31,277.31,-31.51,-57.29,-59.93,56.43,-9.63,-0.98
2024/01/01 16:15:05.32,277.32,-31.50,-57.28,-59.93,56.45,-9.62,-0.96
2024/01/01 16:15:05.33,277.33,-31.50,-57.28,-59.93,56.47,-9.61,-0.94
2024/01/01 16:15:05.34,277.34,-31.49,-57.27,-59.93,56.47,-9.63,-0.94
2024/01/01 16:15:05.35,277.35,-31.49,-57.27,-59.93,56.44,-9.68,-0.94
2024/01/01 16:15:05.36,277.36,-31.49,-57.27,-59.93,56.41,-9.72,-0.97
2024/01/01 16:15:05.37,277.37,-31.49,-57.27,-59.93,56.37,-9.74,-0.98
2024/01/01 16:15:05.38,277.38,-31.49,-57.27,-59.93,56.35,-9.73,-0.97
2024/01/01 16:15:05.39,277.39,-31.49,-57.28,-59.93,56.34,-9.69,-0.94
2024/01/01 16:15:05.40,277.40,-31.50,-57.28,-59.93,56.34,-9.63,-0.93
2024/01/01 16:15:05.41,277.41,-31.51,-57.28,-59.93,56.36,-9.59,-0.94
2024/01/01 16:15:05.42,277.42,-31.51,-57.29,-59.93,56.40,-9.56,-0.94
2024/01/01 16:15:05.43,277.43,-31.51,-57.29,-59.93,56.44,-9.57,-0.94
2024/01/01 16:15:05.44,277.44,-31.51,-57.28,-59.93,56.45,-9.60,-0.94
2024/01/01 16:15:05.45,277.45,-31.50,-57.28,-59.93,56.45,-9.62,-0.96
2024/01/01 16:15:05.46,277.46,-31.50,-57.27,-59.94,56.43,-9.63,-0.97
2024/01/01 16:15:05.47,277.47,-31.50,-57.27,-59.94,56.42,-9.65,-0.98
2024/01/01 16:15:05.48,277.48,-31.50,-57.26,-59.94,56.43,-9.67,-0.98
2024/01/01 16:15:05.49,277.49,-31.50,-57.26,-59.94,56.45,-9.70,-0.98
2024/01/01 16:15:05.50,277.50,-31.49,-57.26,-59.94,56.44,-9.72,-0.98
2024/01/01 16:15:05.51,277.51,-31.48,-57.27,-59.93,56.41,-9.73,-0.98
2024/01/01 16:15:05.52,277.52,-31.49,-57.28,-59.93,56.37,-9.73,-0.96
2024/01/01 16:15:05.53,277.53,-31.49,-57.28,-59.92,56.36,-9.69,-0.94
2024/01/01 16:15:05.54,277.54,-31.50,-57.28,-59.92,56.39,-9.62,-0.93
2024/01/01 16:15:05.55,277.55,-31.51,-57.27,-59.92,56.43,-9.56,-0.92
2024/01/01 16:15:05.56,277.56,-31.52,-57.27,-59.92,56.44,-9.54,-0.93
2024/01/01 16:15:05.57,277.57,-31.52,-57.27,-59.92,56.41,-9.54,-0.96
2024/01/01 16:15:05.58,277.58,-31.52,-57.27,-59.91,56.36,-9.57,-0.97
2024/01/01 16:15:05.59,277.59,-31.52,-57.26,-59.91,56.34,-9.61,-0.95
2024/01/01 16:15:05.60,277.60,-31.52,-57.26,-59.91,56.37,-9.66,-0.93
2024/01/01 16:15:05.61,277.61,-31.52,-57.26,-59.91,56.43,-9.70,-0.91
2024/01/01 16:15:05.62,277.62,-31.52,-57.26,-59.91,56.46,-9.73,-0.91
2024/01/01 16:15:05.63,277.63,-31.52,-57.26,-59.91,56.44,-9.74,-0.92
2024/01/01 16:15:05.64,277.64,-31.53,-57.25,-59.91,56.39,-9.72,-0.93
2024/01/01 16:15:05.65,277.65,-31.53,-57.25,-59.92,56.35,-9.67,-0.94
2024/01/01 16:15:05.66,277.66,-31.52,-57.25,-59.92,56.34,-9.61,-0.93
2024/01/01 16:15:05.67,277.67,-31.52,-57.25,-59.92,56.36,-9.55,-0.92
2024/01/01 16:15:05.68,277.68,-31.51,-57.26,-59.92,56.40,-9.49,-0.93
2024/01/01 16:15:05.69,277.69,-31.51,-57.27,-59.92,56.43,-9.47,-0.96
2024/01/01 16:15:05.70,277.70,-31.51,-57.27,-59.92,56.43,-9.49,-0.99
2024/01/01 16:15:05.71,277.71,-31.51,-57.27,-59.92,56.40,-9.57,-0.97
2024/01/01 16:15:05.72,277.72,-31.51,-57.26,-59.92,56.34,-9.67,-0.95
2024/01/01 16:15:05.73,277.73,-31.51,-57.26,-59.92,56.29,-9.73,-0.95
2024/01/01 16:15:05.74,277.74,-31.52,-57.25,-59.93,56.29,-9.74,-0.95
2024/01/01 16:15:05.75,277.75,-31.53,-57.25,-59.93,56.33,-9.73,-0.94
2024/01/01 16:15:05.76,277.76,-31.53,-57.25,-59.93,56.40,-9.69,-0.94
2024/01/01 16:15:05.77,277.77,-31.54,-57.25,-59.93,56.47,-9.65,-0.95
2024/01/01 16:15:05.78,277.78,-31.53,-57.25,-59.92,56.49,-9.63,-0.95
2024/01/01 16:15:05.79,277.79,-31.53,-57.25,-59.92,56.47,-9.62,-0.93
2024/01/01 16:15:05.80,277.80,-31.53,-57.26,-59.92,56.44,-9.64,-0.90
2024/01/01 16:15:05.81,277.81,-31.52,-57.26,-59.91,56.42,-9.66,-0.89
2024/01/01 16:15:05.82,277.82,-31.52,-57.25,-59.91,56.42,-9.65,-0.91
2024/01/01 16:15:05.83,277.83,-31.53,-57.25,-59.91,56.40,-9.62,-0.93
2024/01/01 16:15:05.84,277.84,-31.53,-57.25,-59.91,56.36,-9.57,-0.96
2024/01/01 16:15:05.85,277.85,-31.53,-57.25,-59.91,56.31,-9.52,-0.99
2024/01/01 16:15:05.86,277.86,-31.53,-57.26,-59.91,56.29,-9.51,-0.98
2024/01/01 16:15:05.87,277.87,-31.54,-57.25,-59.92,56.29,-9.53,-0.95
2024/01/01 16:15:05.88,277.88,-31.54,-57.24,-59.92,56.33,-9.58,-0.92
2024/01/01 16:15:05.89,277.89,-31.54,-57.23,-59.92,56.38,-9.64,-0.91
2024/01/01 16:15:05.90,277.90,-31.54,-57.22,-59.92,56.41,-9.68,-0.91
2024/01/01 16:15:05.91,277.91,-31.55,-57.22,-59.92,56.40,-9.70,-0.92
2024/01/01 16:15:05.92,277.92,-31.55,-57.22,-59.92,56.37,-9.69,-0.93
2024/01/01 16:15:05.93,277.93,-31.55,-57.23,-59.92,56.35,-9.65,-0.95
2024/01/01 16:15:05.94,277.94,-31.56,-57.23,-59.92,56.34,-9.61,-0.97
2024/01/01 16:15:05.95,277.95,-31.57,-57.24,-59.93,56.33,-9.57,-0.99
2024/01/01 16:15:05.96,277.96,-31.57,-57.24,-59.93,56.33,-9.56,-0.97
2024/01/01 16:15:05.97,277.97,-31.57,-57.25,-59.94,56.32,-9.57,-0.94
2024/01/01 16:15:05.98,277.98,-31.57,-57.24,-59.94,56.31,-9.58,-0.92
2024/01/01 16:15:05.99,277.99,-31.57,-57.24,-59.94,56.33,-9.61,-0.94
2024/01/01 16:15:06.00,278.00,-31.56,-57.23,-59.94,56.36,-9.63,-0.95
2024/01/01 16:15:06.01,278.01,-31.56,-57.23,-59.94,56.38,-9.65,-0.95
2024/01/01 16:15:06.02,278.02,-31.57,-57.24,-59.93,56.39,-9.65,-0.96
2024/01/01 16:15:06.03,278.03,-31.57,-57.24,-59.93,56.37,-9.64,-0.98
2024/01/01 16:15:06.04,278.04,-31.58,-57.24,-59.93,56.33,-9.64,-0.98
2024/01/01 16:15:06.05,278.05,-31.58,-57.24,-59.93,56.28,-9.64,-0.96
2024/01/01 16:15:06.06,278.06,-31.57,-57.23,-59.93,56.25,-9.63,-0.92
2024/01/01 16:15:06.07,278.07,-31.58,-57.23,-59.93,56.27,-9.61,-0.91
2024/01/01 16:15:06.08,278.08,-31.58,-57.23,-59.93,56.30,-9.58,-0.94
2024/01/01 16:15:06.09,278.09,-31.59,-57.23,-59.94,56.34,-9.55,-0.96
2024/01/01 16:15:06.10,278.10,-31.60,-57.23,-59.94,56.35,-9.55,-0.97
2024/01/01 16:15:06.11,278.11,-31.60,-57.24,-59.93,56.32,-9.57,-0.97
2024/01/01 16:15:06.12,278.12,-31.60,-57.24,-59.93,56.28,-9.61,-0.96
2024/01/01 16:15:06.13,278.13,-31.60,-57.25,-59.94,56.26,-9.64,-0.95
2024/01/01 16:15:06.14,278.14,-31.60,-57.26,-59.94,56.27,-9.66,-0.93
2024/01/01 16:15:06.15,278.15,-31.61,-57.26,-59.95,56.30,-9.65,-0.90
2024/01/01 16:15:06.16,278.16,-31.61,-57.26,-59.95,56.34,-9.63,-0.93
2024/01/01 16:15:06.17,278.17,-31.61,-57.25,-59.95,56.36,-9.62,-0.98
2024/01/01 16:15:06.18,278.18,-31.61,-57.25,-59.95,56.33,-9.61,-1.01
2024/01/01 16:15:06.19,278.19,-31.61,-57.24,-59.95,56.28,-9.63,-1.01
2024/01/01 16:15:06.20,278.20,-31.60,-57.24,-59.95,56.24,-9.66,-0.99
2024/01/01 16:15:06.21,278.21,-31.60,-57.24,-59.95,56.23,-9.69,-0.96
2024/01/01 16:15:06.22,278.22,-31.60,-57.23,-59.95,56.27,-9.70,-0.95
2024/01/01 16:15:06.23,278.23,-31.59,-57.23,-59.95,56.31,-9.69,-0.95
2024/01/01 16:15:06.24,278.24,-31.59,-57.23,-59.95,56.33,-9.67,-0.97
2024/01/01 16:15:06.25,278.25,-31.59,-57.24,-59.95,56.31,-9.65,-0.99
2024/01/01 16:15:06.26,278.26,-31.59,-57.25,-59.95,56.27,-9.62,-0.99
2024/01/01 16:15:06.27,278.27,-31.60,-57.26,-59.95,56.24,-9.60,-0.98
2024/01/01 16:15:06.28,278.28,-31.61,-57.25,-59.96,56.24,-9.57,-0.95
2024/01/01 16:15:06.29,278.29,-31.61,-57.25,-59.96,56.27,-9.55,-0.93
2024/01/01 16:15:06.30,278.30,-31.62,-57.25,-59.96,56.31,-9.56,-0.93
2024/01/01 16:15:06.31,278.31,-31.62,-57.25,-59.96,56.34,-9.58,-0.96
2024/01/01 16:15:06.32,278.32,-31.62,-57.25,-59.96,56.35,-9.60,-0.99
2024/01/01 16:15:06.33,278.33,-31.62,-57.25,-59.96,56.35,-9.64,-1.02
2024/01/01 16:15:06.34,278.34,-31.61,-57.25,-59.97,56.33,-9.67,-1.01
2024/01/01 16:15:06.35,278.35,-31.61,-57.24,-59.97,56.32,-9.70,-0.98
2024/01/01 16:15:06.36,278.36,-31.61,-57.23,-59.96,56.31,-9.71,-0.96
2024/01/01 16:15:06.37,278.37,-31.61,-57.22,-59.96,56.29,-9.69,-0.95
2024/01/01 16:15:06.38,278.38,-31.61,-57.22,-59.96,56.27,-9.65,-0.97
2024/01/01 16:15:06.39,278.39,-31.61,-57.22,-59.96,56.25,-9.60,-0.98
2024/01/01 16:15:06.40,278.40,-31.61,-57.23,-59.96,56.22,-9.58,-0.98
2024/01/01 16:15:06.41,278.41,-31.62,-57.23,-59.96,56.20,-9.58,-0.98
2024/01/01 16:15:06.42,278.42,-31.62,-57.24,-59.96,56.20,-9.59,-0.97
2024/01/01 16:15:06.43,278.43,-31.63,-57.24,-59.96,56.22,-9.59,-0.96
2024/01/01 16:15:06.44,278.44,-31.63,-57.24,-59.96,56.24,-9.57,-0.96
2024/01/01 16:15:06.45,278.45,-31.63,-57.24,-59.96,56.27,-9.56,-0.97
2024/01/01 16:15:06.46,278.46,-31.62,-57.25,-59.96,56.29,-9.55,-0.99
2024/01/01 16:15:06.47,278.47,-31.62,-57.25,-59.96,56.31,-9.57,-0.98
2024/01/01 16:15:06.48,278.48,-31.63,-57.25,-59.96,56.32,-9.63,-0.96
2024/01/01 16:15:06.49,278.49,-31.64,-57.25,-59.97,56.33,-9.70,-0.98
2024/01/01 16:15:06.50,278.50,-31.64,-57.24,-59.97,56.32,-9.74,-0.99
2024/01/01 16:15:06.51,278.51,-31.63,-57.24,-59.97,56.29,-9.75,-0.99
2024/01/01 16:15:06.52,278.52,-31.63,-57.25,-59.97,56.24,-9.73,-0.97
2024/01/01 16:15:06.53,278.53,-31.63,-57.26,-59.97,56.21,-9.67,-0.95
2024/01/01 16:15:06.54,278.54,-31.63,-57.26,-59.96,56.23,-9.61,-0.96
2024/01/01 16:15:06.55,278.55,-31.64,-57.26,-59.96,56.28,-9.56,-0.98
2024/01/01 16:15:06.56,278.56,-31.65,-57.25,-59.97,56.32,-9.56,-0.99
2024/01/01 16:15:06.57,278.57,-31.66,-57.25,-59.97,56.31,-9.58,-0.99
2024/01/01 16:15:06.58,278.58,-31.66,-57.25,-59.97,56.25,-9.62,-0.99
2024/01/01 16:15:06.59,278.59,-31.66,-57.25,-59.97,56.17,-9.65,-0.98
2024/01/01 16:15:06.60,278.60,-31.65,-57.25,-59.97,56.14,-9.68,-0.96
2024/01/01 16:15:06.61,278.61,-31.66,-57.25,-59.97,56.18,-9.70,-0.95
2024/01/01 16:15:06.62,278.62,-31.66,-57.25,-59.97,56.26,-9.72,-0.96
2024/01/01 16:15:06.63,278.63,-31.66,-57.24,-59.97,56.32,-9.71,-0.99
2024/01/01 16:15:06.64,278.64,-31.66,-57.24,-59.97,56.32,-9.69,-1.02
2024/01/01 16:15:06.65,278.65,-31.66,-57.25,-59.97,56.25,-9.65,-1.02
2024/01/01 16:15:06.66,278.66,-31.66,-57.25,-59.97,56.18,-9.62,-1.00
2024/01/01 16:15:06.67,278.67,-31.66,-57.25,-59.97,56.16,-9.59,-0.98
2024/01/01 16:15:06.68,278.68,-31.66,-57.24,-59.97,56.18,-9.57,-0.95
2024/01/01 16:15:06.69,278.69,-31.66,-57.24,-59.97,56.24,-9.56,-0.93
2024/01/01 16:15:06.70,278.70,-31.67,-57.24,-59.97,56.26,-9.56,-0.94
2024/01/01 16:15:06.71,278.71,-31.67,-57.23,-59.96,56.25,-9.58,-0.97
2024/01/01 16:15:06.72,278.72,-31.68,-57.23,-59.96,56.22,-9.60,-1.00
2024/01/01 16:15:06.73,278.73,-31.68,-57.23,-59.96,56.20,-9.62,-1.00
2024/01/01 16:15:06.74,278.74,-31.67,-57.23,-59.96,56.20,-9.64,-0.98
2024/01/01 16:15:06.75,278.75,-31.67,-57.23,-59.97,56.23,-9.66,-0.96
2024/01/01 16:15:06.76,278.76,-31.67,-57.23,-59.97,56.25,-9.67,-0.94
2024/01/01 16:15:06.77,278.77,-31.67,-57.23,-59.97,56.25,-9.66,-0.95
2024/01/01 16:15:06.78,278.78,-31.68,-57.23,-59.97,56.25,-9.64,-0.97
2024/01/01 16:15:06.79,278.79,-31.68,-57.23,-59.97,56.23,-9.61,-0.98
2024/01/01 16:15:06.80,278.80,-31.68,-57.23,-59.97,56.22,-9.59,-1.01
2024/01/01 16:15:06.81,278.81,-31.68,-57.23,-59.97,56.20,-9.57,-1.02
2024/01/01 16:15:06.82,278.82,-31.68,-57.23,-59.97,56.19,-9.56,-1.01
2024/01/01 16:15:06.83,278.83,-31.68,-57.23,-59.97,56.19,-9.57,-0.96
2024/01/01 16:15:06.84,278.84,-31.67,-57.23,-59.96,56.21,-9.60,-0.93
2024/01/01 16:15:06.85,278.85,-31.68,-57.23,-59.97,56.22,-9.62,-0.94
2024/01/01 16:15:06.86,278.86,-31.69,-57.23,-59.97,56.22,-9.63,-0.96
2024/01/01 16:15:06.87,278.87,-31.69,-57.22,-59.97,56.21,-9.66,-0.97
2024/01/01 16:15:06.88,278.88,-31.69,-57.22,-59.97,56.20,-9.67,-0.99
2024/01/01 16:15:06.89,278.89,-31.69,-57.21,-59.96,56.19,-9.66,-1.01
2024/01/01 16:15:06.90,278.90,-31.69,-57.21,-59.96,56.18,-9.64,-1.01
2024/01/01 16:15:06.91,278.91,-31.69,-57.21,-59.96,56.19,-9.63,-0.98
2024/01/01 16:15:06.92,278.92,-31.69,-57.22,-59.96,56.20,-9.64,-0.95
2024/01/01 16:15:06.93,278.93,-31.69,-57.22,-59.96,56.21,-9.67,-0.94
2024/01/01 16:15:06.94,278.94,-31.69,-57.22,-59.96,56.22,-9.67,-0.94
2024/01/01 16:15:06.95,278.95,-31.69,-57.23,-59.96,56.22,-9.64,-0.96
2024/01/01 16:15:06.96,278.96,-31.70,-57.23,-59.96,56.22,-9.58,-0.98
2024/01/01 16:15:06.97,278.97,-31.70,-57.23,-59.96,56.20,-9.51,-0.97
2024/01/01 16:15:06.98,278.98,-31.70,-57.23,-59.96,56.18,-9.47,-0.97
2024/01/01 16:15:06.99,278.99,-31.70,-57.23,-59.95,56.16,-9.47,-0.98
2024/01/01 16:15:07.00,279.00,-31.70,-57.23,-59.95,56.17,-9.51,-0.96
2024/01/01 16:15:07.01,279.01,-31.69,-57.23,-59.94,56.19,-9.58,-0.93
2024/01/01 16:15:07.02,279.02,-31.70,-57.23,-59.94,56.21,-9.65,-0.94
2024/01/01 16:15:07.03,279.03,-31.70,-57.24,-59.94,56.21,-9.70,-0.96
2024/01/01 16:15:07.04,279.04,-31.70,-57.23,-59.94,56.20,-9.73,-0.96
2024/01/01 16:15:07.05,279.05,-31.71,-57.23,-59.94,56.19,-9.74,-0.93
2024/01/01 16:15:07.06,279.06,-31.71,-57.22,-59.94,56.18,-9.74,-0.91
2024/01/01 16:15:07.07,279.07,-31.71,-57.22,-59.94,56.18,-9.71,-0.92
2024/01/01 16:15:07.08,279.08,-31.72,-57.22,-59.94,56.19,-9.65,-0.94
2024/01/01 16:15:07.09,279.09,-31.72,-57.22,-59.94,56.20,-9.58,-0.95
2024/01/01 16:15:07.10,279.10,-31.72,-57.23,-59.94,56.21,-9.53,-0.96
2024/01/01 16:15:07.11,279.11,-31.72,-57.23,-59.94,56.21,-9.52,-0.96
2024/01/01 16:15:07.12,279.12,-31.72,-57.22,-59.93,56.20,-9.55,-0.94
2024/01/01 16:15:07.13,279.13,-31.71,-57.22,-59.93,56.18,-9.60,-0.93
2024/01/01 16:15:07.14,279.14,-31.71,-57.22,-59.93,56.16,-9.63,-0.92
2024/01/01 16:15:07.15,279.15,-31.71,-57.22,-59.93,56.17,-9.65,-0.92
2024/01/01 16:15:07.16,279.16,-31.72,-57.22,-59.93,56.18,-9.65,-0.92
2024/01/01 16:15:07.17,279.17,-31.72,-57.23,-59.93,56.19,-9.64,-0.94
2024/01/01 16:15:07.18,279.18,-31.71,-57.23,-59.93,56.19,-9.63,-0.94
2024/01/01 16:15:07.19,279.19,-31.71,-57.23,-59.93,56.17,-9.63,-0.93
2024/01/01 16:15:07.20,279.20,-31.71,-57.23,-59.93,56.15,-9.63,-0.93
2024/01/01 16:15:07.21,279.21,-31.71,-57.23,-59.93,56.15,-9.60,-0.93
2024/01/01 16:15:07.22,279.22,-31.72,-57.23,-59.93,56.17,-9.57,-0.93
2024/01/01 16:15:07.23,279.23,-31.72,-57.22,-59.93,56.20,-9.56,-0.95
2024/01/01 16:15:07.24,279.24,-31.72,-57.22,-59.92,56.21,-9.58,-0.95
2024/01/01 16:15:07.25,279.25,-31.72,-57.21,-59.92,56.19,-9.61,-0.94
2024/01/01 16:15:07.26,279.26,-31.72,-57.21,-59.92,56.17,-9.65,-0.91
2024/01/01 16:15:07.27,279.27,-31.72,-57.21,-59.92,56.16,-9.67,-0.90
2024/01/01 16:15:07.28,279.28,-31.71,-57.22,-59.92,56.18,-9.68,-0.91
2024/01/01 16:15:07.29,279.29,-31.71,-57.22,-59.92,56.21,-9.67,-0.92
2024/01/01 16:15:07.30,279.30,-31.71,-57.23,-59.92,56.23,-9.66,-0.93
2024/01/01 16:15:07.31,279.31,-31.71,-57.23,-59.92,56.22,-9.65,-0.94
2024/01/01 16:15:07.32,279.32,-31.71,-57.23,-59.91,56.20,-9.64,-0.93
2024/01/01 16:15:07.33,279.33,-31.72,-57.22,-59.91,56.17,-9.62,-0.92
2024/01/01 16:15:07.34,279.34,-31.72,-57.22,-59.91,56.15,-9.61,-0.91
2024/01/01 16:15:07.35,279.35,-31.71,-57.22,-59.90,56.16,-9.59,-0.90
2024/01/01 16:15:07.36,279.36,-31.71,-57.22,-59.90,56.17,-9.55,-0.88
2024/01/01 16:15:07.37,279.37,-31.70,-57.22,-59.89,56.19,-9.54,-0.88
2024/01/01 16:15:07.38,279.38,-31.70,-57.22,-59.89,56.21,-9.56,-0.90
2024/01/01 16:15:07.39,279.39,-31.70,-57.22,-59.88,56.23,-9.59,-0.91
2024/01/01 16:15:07.40,279.40,-31.71,-57.22,-59.89,56.23,-9.63,-0.91
2024/01/01 16:15:07.41,279.41,-31.71,-57.22,-59.88,56.21,-9.66,-0.89
2024/01/01 16:15:07.42,279.42,-31.71,-57.22,-59.88,56.19,-9.66,-0.88
2024/01/01 16:15:07.43,279.43,-31.71,-57.22,-59.87,56.18,-9.65,-0.87
2024/01/01 16:15:07.44,279.44,-31.70,-57.22,-59.87,56.19,-9.63,-0.88
2024/01/01 16:15:07.45,279.45,-31.70,-57.22,-59.87,56.22,-9.61,-0.87
2024/01/01 16:15:07.46,279.46,-31.70,-57.21,-59.87,56.25,-9.59,-0.86
2024/01/01 16:15:07.47,279.47,-31.70,-57.21,-59.87,56.26,-9.59,-0.86
2024/01/01 16:15:07.48,279.48,-31.70,-57.21,-59.87,56.23,-9.60,-0.87
2024/01/01 16:15:07.49,279.49,-31.71,-57.22,-59.87,56.18,-9.61,-0.89
2024/01/01 16:15:07.50,279.50,-31.71,-57.22,-59.87,56.15,-9.62,-0.89
2024/01/01 16:15:07.51,279.51,-31.70,-57.23,-59.87,56.14,-9.62,-0.88
2024/01/01 16:15:07.52,279.52,-31.70,-57.23,-59.86,56.17,-9.62,-0.87
2024/01/01 16:15:07.53,279.53,-31.70,-57.23,-59.86,56.21,-9.61,-0.87
2024/01/01 16:15:07.54,279.54,-31.70,-57.22,-59.86,56.25,-9.61,-0.88
2024/01/01 16:15:07.55,279.55,-31.69,-57.22,-59.86,56.24,-9.61,-0.87
2024/01/01 16:15:07.56,279.56,-31.69,-57.22,-59.86,56.21,-9.61,-0.85
2024/01/01 16:15:07.57,279.57,-31.69,-57.23,-59.85,56.17,-9.61,-0.84
2024/01/01 16:15:07.58,279.58,-31.69,-57.23,-59.85,56.16,-9.61,-0.85
2024/01/01 16:15:07.59,279.59,-31.69,-57.22,-59.85,56.16,-9.62,-0.85
2024/01/01 16:15:07.60,279.60,-31.69,-57.22,-59.84,56.19,-9.63,-0.85
2024/01/01 16:15:07.61,279.61,-31.69,-57.22,-59.84,56.23,-9.64,-0.86
2024/01/01 16:15:07.62,279.62,-31.69,-57.22,-59.84,56.26,-9.63,-0.86
2024/01/01 16:15:07.63,279.63,-31.69,-57.22,-59.84,56.26,-9.60,-0.86
2024/01/01 16:15:07.64,279.64,-31.69,-57.23,-59.84,56.26,-9.58,-0.85
2024/01/01 16:15:07.65,279.65,-31.69,-57.23,-59.84,56.26,-9.57,-0.83
2024/01/01 16:15:07.66,279.66,-31.68,-57.23,-59.83,56.25,-9.59,-0.82
2024/01/01 16:15:07.67,279.67,-31.68,-57.23,-59.83,56.25,-9.63,-0.81
2024/01/01 16:15:07.68,279.68,-31.68,-57.23,-59.82,56.25,-9.66,-0.80
2024/01/01 16:15:07.69,279.69,-31.68,-57.22,-59.82,56.25,-9.67,-0.82
2024/01/01 16:15:07.70,279.70,-31.68,-57.22,-59.82,56.24,-9.65,-0.86
2024/01/01 16:15:07.71,279.71,-31.68,-57.22,-59.82,56.23,-9.61,-0.87
2024/01/01 16:15:07.72,279.72,-31.67,-57.21,-59.82,56.23,-9.58,-0.83
2024/01/01 16:15:07.73,279.73,-31.67,-57.21,-59.82,56.23,-9.57,-0.80
2024/01/01 16:15:07.74,279.74,-31.66,-57.21,-59.81,56.22,-9.58,-0.80
2024/01/01 16:15:07.75,279.75,-31.66,-57.22,-59.81,56.22,-9.60,-0.82
2024/01/01 16:15:07.76,279.76,-31.66,-57.22,-59.81,56.22,-9.61,-0.84
2024/01/01 16:15:07.77,279.77,-31.66,-57.22,-59.81,56.21,-9.62,-0.83
2024/01/01 16:15:07.78,279.78,-31.67,-57.22,-59.82,56.21,-9.61,-0.82
2024/01/01 16:15:07.79,279.79,-31.67,-57.21,-59.82,56.21,-9.60,-0.84
2024/01/01 16:15:07.80,279.80,-31.67,-57.21,-59.82,56.23,-9.59,-0.84
2024/01/01 16:15:07.81,279.81,-31.67,-57.21,-59.82,56.27,-9.58,-0.81
2024/01/01 16:15:07.82,279.82,-31.67,-57.21,-59.81,56.30,-9.58,-0.79
2024/01/01 16:15:07.83,279.83,-31.67,-57.21,-59.81,56.32,-9.59,-0.81
2024/01/01 16:15:07.84,279.84,-31.67,-57.20,-59.81,56.32,-9.59,-0.82
2024/01/01 16:15:07.85,279.85,-31.67,-57.20,-59.81,56.29,-9.59,-0.82
2024/01/01 16:15:07.86,279.86,-31.66,-57.20,-59.81,56.26,-9.60,-0.82
2024/01/01 16:15:07.87,279.87,-31.66,-57.20,-59.80,56.24,-9.60,-0.82
2024/01/01 16:15:07.88,279.88,-31.66,-57.20,-59.80,56.22,-9.61,-0.83
2024/01/01 16:15:07.89,279.89,-31.66,-57.21,-59.80,56.19,-9.61,-0.83
2024/01/01 16:15:07.90,279.90,-31.66,-57.21,-59.80,56.18,-9.61,-0.83
2024/01/01 16:15:07.91,279.91,-31.66,-57.22,-59.79,56.18,-9.59,-0.81
2024/01/01 16:15:07.92,279.92,-31.66,-57.21,-59.79,56.19,-9.56,-0.79
2024/01/01 16:15:07.93,279.93,-31.67,-57.21,-59.79,56.24,-9.54,-0.79
2024/01/01 16:15:07.94,279.94,-31.67,-57.21,-59.79,56.28,-9.54,-0.79
2024/01/01 16:15:07.95,279.95,-31.67,-57.20,-59.79,56.31,-9.55,-0.79
2024/01/01 16:15:07.96,279.96,-31.66,-57.20,-59.79,56.31,-9.59,-0.79
2024/01/01 16:15:07.97,279.97,-31.66,-57.20,-59.79,56.29,-9.63,-0.80
2024/01/01 16:15:07.98,279.98,-31.65,-57.20,-59.80,56.27,-9.66,-0.81
2024/01/01 16:15:07.99,279.99,-31.65,-57.21,-59.80,56.26,-9.66,-0.82
2024/01/01 16:15:08.00,280.00,-31.64,-57.21,-59.80,56.25,-9.65,-0.83
2024/01/01 16:15:08.01,280.01,-31.64,-57.21,-59.81,56.25,-9.63,-0.83
2024/01/01 16:15:08.02,280.02,-31.63,-57.22,-59.81,56.26,-9.61,-0.83
2024/01/01 16:15:08.03,280.03,-31.63,-57.22,-59.81,56.26,-9.60,-0.82
2024/01/01 16:15:08.04,280.04,-31.64,-57.21,-59.80,56.26,-9.59,-0.80
2024/01/01 16:15:08.05,280.05,-31.64,-57.21,-59.80,56.27,-9.57,-0.82
2024/01/01 16:15:08.06,280.06,-31.64,-57.21,-59.80,56.28,-9.55,-0.83
2024/01/01 16:15:08.07,280.07,-31.64,-57.20,-59.80,56.28,-9.53,-0.83
2024/01/01 16:15:08.08,280.08,-31.64,-57.20,-59.79,56.27,-9.55,-0.81
2024/01/01 16:15:08.09,280.09,-31.64,-57.20,-59.79,56.26,-9.59,-0.79
2024/01/01 16:15:08.10,280.10,-31.64,-57.20,-59.79,56.27,-9.62,-0.79
2024/01/01 16:15:08.11,280.11,-31.64,-57.20,-59.79,56.29,-9.64,-0.79
2024/01/01 16:15:08.12,280.12,-31.64,-57.20,-59.79,56.31,-9.65,-0.79
2024/01/01 16:15:08.13,280.13,-31.64,-57.20,-59.79,56.33,-9.65,-0.79
2024/01/01 16:15:08.14,280.14,-31.64,-57.20,-59.79,56.32,-9.62,-0.80
2024/01/01 16:15:08.15,280.15,-31.64,-57.20,-59.80,56.29,-9.59,-0.81
2024/01/01 16:15:08.16,280.16,-31.63,-57.19,-59.79,56.26,-9.57,-0.82
2024/01/01 16:15:08.17,280.17,-31.63,-57.19,-59.79,56.25,-9.54,-0.80
2024/01/01 16:15:08.18,280.18,-31.63,-57.19,-59.79,56.25,-9.52,-0.79
2024/01/01 16:15:08.19,280.19,-31.62,-57.19,-59.78,56.26,-9.51,-0.79
2024/01/01 16:15:08.20,280.20,-31.63,-57.19,-59.78,56.28,-9.50,-0.80
2024/01/01 16:15:08.21,280.21,-31.63,-57.19,-59.78,56.29,-9.51,-0.80
2024/01/01 16:15:08.22,280.22,-31.63,-57.19,-59.79,56.29,-9.53,-0.81
2024/01/01 16:15:08.23,280.23,-31.63,-57.19,-59.79,56.29,-9.56,-0.81
2024/01/01 16:15:08.24,280.24,-31.63,-57.20,-59.79,56.27,-9.59,-0.80
2024/01/01 16:15:08.25,280.25,-31.63,-57.20,-59.80,56.25,-9.62,-0.79
2024/01/01 16:15:08.26,280.26,-31.63,-57.19,-59.80,56.25,-9.63,-0.80
2024/01/01 16:15:08.27,280.27,-31.63,-57.19,-59.79,56.27,-9.62,-0.81
2024/01/01 16:15:08.28,280.28,-31.63,-57.19,-59.79,56.31,-9.61,-0.82
2024/01/01 16:15:08.29,280.29,-31.63,-57.18,-59.79,56.32,-9.59,-0.82
2024/01/01 16:15:08.30,280.30,-31.63,-57.18,-59.80,56.31,-9.58,-0.83
2024/01/01 16:15:08.31,280.31,-31.63,-57.18,-59.80,56.27,-9.57,-0.81
2024/01/01 16:15:08.32,280.32,-31.63,-57.17,-59.80,56.24,-9.57,-0.80
2024/01/01 16:15:08.33,280.33,-31.63,-57.17,-59.79,56.23,-9.58,-0.79
2024/01/01 16:15:08.34,280.34,-31.64,-57.17,-59.79,56.26,-9.58,-0.80
2024/01/01 16:15:08.35,280.35,-31.64,-57.17,-59.79,56.30,-9.57,-0.83
2024/01/01 16:15:08.36,280.36,-31.64,-57.17,-59.79,56.33,-9.55,-0.84
2024/01/01 16:15:08.37,280.37,-31.63,-57.18,-59.79,56.33,-9.54,-0.84
2024/01/01 16:15:08.38,280.38,-31.63,-57.18,-59.79,56.30,-9.55,-0.82
2024/01/01 16:15:08.39,280.39,-31.62,-57.19,-59.79,56.26,-9.54,-0.79
2024/01/01 16:15:08.40,280.40,-31.62,-57.19,-59.79,56.23,-9.54,-0.76
2024/01/01 16:15:08.41,280.41,-31.63,-57.18,-59.79,56.23,-9.53,-0.76
2024/01/01 16:15:08.42,280.42,-31.63,-57.18,-59.79,56.25,-9.53,-0.79
2024/01/01 16:15:08.43,280.43,-31.63,-57.18,-59.79,56.27,-9.53,-0.82
2024/01/01 16:15:08.44,280.44,-31.63,-57.18,-59.80,56.28,-9.52,-0.84
2024/01/01 16:15:08.45,280.45,-31.63,-57.19,-59.80,56.28,-9.53,-0.84
2024/01/01 16:15:08.46,280.46,-31.63,-57.19,-59.81,56.29,-9.54,-0.83
2024/01/01 16:15:08.47,280.47,-31.63,-57.19,-59.81,56.31,-9.56,-0.81
2024/01/01 16:15:08.48,280.48,-31.63,-57.19,-59.81,56.33,-9.60,-0.80
2024/01/01 16:15:08.49,280.49,-31.64,-57.19,-59.81,56.32,-9.64,-0.79
2024/01/01 16:15:08.50,280.50,-31.64,-57.19,-59.81,56.30,-9.64,-0.80
2024/01/01 16:15:08.51,280.51,-31.64,-57.19,-59.81,56.26,-9.61,-0.82
2024/01/01 16:15:08.52,280.52,-31.64,-57.19,-59.81,56.21,-9.58,-0.84
2024/01/01 16:15:08.53,280.53,-31.63,-57.19,-59.81,56.20,-9.56,-0.85
2024/01/01 16:15:08.54,280.54,-31.63,-57.19,-59.81,56.21,-9.55,-0.86
2024/01/01 16:15:08.55,280.55,-31.63,-57.19,-59.81,56.25,-9.57,-0.86
2024/01/01 16:15:08.56,280.56,-31.64,-57.19,-59.81,56.28,-9.59,-0.84
2024/01/01 16:15:08.57,280.57,-31.64,-57.19,-59.81,56.29,-9.59,-0.82
2024/01/01 16:15:08.58,280.58,-31.65,-57.18,-59.80,56.28,-9.59,-0.82
2024/01/01 16:15:08.59,280.59,-31.65,-57.18,-59.80,56.26,-9.57,-0.82
2024/01/01 16:15:08.60,280.60,-31.65,-57.18,-59.80,56.27,-9.55,-0.81
2024/01/01 16:15:08.61,280.61,-31.65,-57.18,-59.80,56.29,-9.55,-0.80
2024/01/01 16:15:08.62,280.62,-31.65,-57.18,-59.80,56.32,-9.56,-0.79
2024/01/01 16:15:08.63,280.63,-31.65,-57.17,-59.80,56.32,-9.58,-0.79
2024/01/01 16:15:08.64,280.64,-31.65,-57.17,-59.80,56.29,-9.58,-0.81
2024/01/01 16:15:08.65,280.65,-31.65,-57.18,-59.80,56.25,-9.56,-0.82
2024/01/01 16:15:08.66,280.66,-31.64,-57.18,-59.80,56.23,-9.54,-0.82
2024/01/01 16:15:08.67,280.67,-31.64,-57.18,-59.80,56.23,-9.54,-0.82
2024/01/01 16:15:08.68,280.68,-31.64,-57.18,-59.81,56.25,-9.54,-0.82
2024/01/01 16:15:08.69,280.69,-31.65,-57.18,-59.81,56.28,-9.55,-0.82
2024/01/01 16:15:08.70,280.70,-31.65,-57.18,-59.81,56.28,-9.55,-0.82
2024/01/01 16:15:08.71,280.71,-31.66,-57.18,-59.81,56.25,-9.55,-0.82
2024/01/01 16:15:08.72,280.72,-31.66,-57.18,-59.81,56.20,-9.53,-0.83
2024/01/01 16:15:08.73,280.73,-31.67,-57.18,-59.81,56.18,-9.53,-0.83
2024/01/01 16:15:08.74,280.74,-31.67,-57.18,-59.82,56.19,-9.55,-0.82
2024/01/01 16:15:08.75,280.75,-31.67,-57.19,-59.82,56.23,-9.57,-0.81
2024/01/01 16:15:08.76,280.76,-31.66,-57.19,-59.82,56.27,-9.59,-0.81
2024/01/01 16:15:08.77,280.77,-31.66,-57.19,-59.82,56.29,-9.62,-0.82
2024/01/01 16:15:08.78,280.78,-31.66,-57.19,-59.83,56.28,-9.63,-0.85
2024/01/01 16:15:08.79,280.79,-31.66,-57.19,-59.83,56.25,-9.62,-0.88
2024/01/01 16:15:08.80,280.80,-31.66,-57.18,-59.83,56.23,-9.59,-0.88
2024/01/01 16:15:08.81,280.81,-31.66,-57.18,-59.83,56.22,-9.55,-0.86
2024/01/01 16:15:08.82,280.82,-31.66,-57.18,-59.83,56.23,-9.54,-0.84
2024/01/01 16:15:08.83,280.83,-31.65,-57.18,-59.82,56.24,-9.55,-0.83
2024/01/01 16:15:08.84,280.84,-31.65,-57.18,-59.82,56.24,-9.57,-0.83
2024/01/01 16:15:08.85,280.85,-31.65,-57.19,-59.82,56.23,-9.59,-0.82
2024/01/01 16:15:08.86,280.86,-31.65,-57.19,-59.81,56.24,-9.61,-0.83
2024/01/01 16:15:08.87,280.87,-31.65,-57.19,-59.81,56.26,-9.60,-0.83
2024/01/01 16:15:08.88,280.88,-31.65,-57.19,-59.81,56.27,-9.59,-0.84
2024/01/01 16:15:08.89,280.89,-31.66,-57.19,-59.82,56.28,-9.57,-0.84
2024/01/01 16:15:08.90,280.90,-31.66,-57.18,-59.82,56.27,-9.56,-0.83
2024/01/01 16:15:08.91,280.91,-31.67,-57.18,-59.82,56.25,-9.54,-0.83
2024/01/01 16:15:08.92,280.92,-31.66,-57.18,-59.82,56.25,-9.53,-0.82
2024/01/01 16:15:08.93,280.93,-31.66,-57.18,-59.81,56.27,-9.52,-0.82
2024/01/01 16:15:08.94,280.94,-31.66,-57.19,-59.81,56.30,-9.52,-0.82
2024/01/01 16:15:08.95,280.95,-31.66,-57.19,-59.81,56.31,-9.52,-0.82
2024/01/01 16:15:08.96,280.96,-31.65,-57.18,-59.81,56.31,-9.54,-0.82
2024/01/01 16:15:08.97,280.97,-31.65,-57.17,-59.81,56.28,-9.56,-0.81
2024/01/01 16:15:08.98,280.98,-31.65,-57.17,-59.81,56.23,-9.60,-0.82
2024/01/01 16:15:08.99,280.99,-31.65,-57.17,-59.81,56.20,-9.62,-0.83
2024/01/01 16:15:09.00,281.00,-31.65,-57.18,-59.81,56.19,-9.61,-0.85
2024/01/01 16:15:09.01,281.01,-31.65,-57.18,-59.82,56.19,-9.59,-0.85
2024/01/01 16:15:09.02,281.02,-31.66,-57.19,-59.82,56.21,-9.56,-0.84
2024/01/01 16:15:09.03,281.03,-31.67,-57.19,-59.83,56.21,-9.54,-0.85
2024/01/01 16:15:09.04,281.04,-31.67,-57.20,-59.83,56.22,-9.54,-0.86
2024/01/01 16:15:09.05,281.05,-31.67,-57.20,-59.83,56.23,-9.54,-0.84
2024/01/01 16:15:09.06,281.06,-31.68,-57.20,-59.83,56.25,-9.55,-0.82
2024/01/01 16:15:09.07,281.07,-31.68,-57.20,-59.83,56.26,-9.58,-0.81
2024/01/01 16:15:09.08,281.08,-31.68,-57.21,-59.83,56.27,-9.59,-0.82
2024/01/01 16:15:09.09,281.09,-31.68,-57.21,-59.83,56.28,-9.59,-0.84
2024/01/01 16:15:09.10,281.10,-31.67,-57.21,-59.83,56.26,-9.59,-0.85
2024/01/01 16:15:09.11,281.11,-31.66,-57.21,-59.83,56.24,-9.60,-0.86
2024/01/01 16:15:09.12,281.12,-31.66,-57.21,-59.83,56.22,-9.61,-0.86
2024/01/01 16:15:09.13,281.13,-31.66,-57.21,-59.84,56.21,-9.63,-0.85
2024/01/01 16:15:09.14,281.14,-31.66,-57.21,-59.84,56.21,-9.64,-0.84
2024/01/01 16:15:09.15,281.15,-31.66,-57.22,-59.84,56.23,-9.63,-0.83
2024/01/01 16:15:09.16,281.16,-31.66,-57.22,-59.84,56.26,-9.61,-0.84
2024/01/01 16:15:09.17,281.17,-31.66,-57.22,-59.84,56.27,-9.58,-0.86
2024/01/01 16:15:09.18,281.18,-31.66,-57.22,-59.83,56.26,-9.57,-0.88
2024/01/01 16:15:09.19,281.19,-31.65,-57.22,-59.83,56.25,-9.57,-0.88
2024/01/01 16:15:09.20,281.20,-31.65,-57.22,-59.82,56.24,-9.58,-0.86
2024/01/01 16:15:09.21,281.21,-31.65,-57.22,-59.82,56.23,-9.61,-0.83
2024/01/01 16:15:09.22,281.22,-31.65,-57.22,-59.82,56.23,-9.64,-0.81
2024/01/01 16:15:09.23,281.23,-31.66,-57.22,-59.82,56.24,-9.66,-0.80
2024/01/01 16:15:09.24,281.24,-31.66,-57.22,-59.82,56.23,-9.67,-0.81
2024/01/01 16:15:09.25,281.25,-31.66,-57.23,-59.83,56.23,-9.67,-0.83
2024/01/01 16:15:09.26,281.26,-31.66,-57.24,-59.83,56.25,-9.66,-0.84
2024/01/01 16:15:09.27,281.27,-31.67,-57.24,-59.83,56.29,-9.63,-0.84
2024/01/01 16:15:09.28,281.28,-31.67,-57.24,-59.83,56.34,-9.61,-0.84
2024/01/01 16:15:09.29,281.29,-31.67,-57.23,-59.83,56.37,-9.58,-0.84
2024/01/01 16:15:09.30,281.30,-31.67,-57.23,-59.83,56.36,-9.55,-0.82
2024/01/01 16:15:09.31,281.31,-31.66,-57.23,-59.83,56.30,-9.54,-0.81
2024/01/01 16:15:09.32,281.32,-31.66,-57.23,-59.83,56.23,-9.54,-0.83
2024/01/01 16:15:09.33,281.33,-31.66,-57.24,-59.84,56.19,-9.56,-0.85
2024/01/01 16:15:09.34,281.34,-31.66,-57.24,-59.84,56.21,-9.60,-0.85
2024/01/01 16:15:09.35,281.35,-31.65,-57.24,-59.83,56.24,-9.65,-0.87
2024/01/01 16:15:09.36,281.36,-31.65,-57.23,-59.83,56.26,-9.70,-0.89
2024/01/01 16:15:09.37,281.37,-31.65,-57.23,-59.83,56.23,-9.71,-0.91
2024/01/01 16:15:09.38,281.38,-31.65,-57.23,-59.83,56.17,-9.71,-0.88
2024/01/01 16:15:09.39,281.39,-31.64,-57.23,-59.84,56.14,-9.68,-0.84
2024/01/01 16:15:09.40,281.40,-31.64,-57.23,-59.84,56.14,-9.65,-0.82
2024/01/01 16:15:09.41,281.41,-31.64,-57.24,-59.84,56.19,-9.62,-0.83
2024/01/01 16:15:09.42,281.42,-31.64,-57.24,-59.83,56.25,-9.60,-0.85
2024/01/01 16:15:09.43,281.43,-31.65,-57.24,-59.83,56.30,-9.60,-0.86
2024/01/01 16:15:09.44,281.44,-31.65,-57.24,-59.83,56.33,-9.59,-0.86
2024/01/01 16:15:09.45,281.45,-31.65,-57.24,-59.84,56.34,-9.58,-0.85
2024/01/01 16:15:09.46,281.46,-31.65,-57.24,-59.84,56.34,-9.57,-0.83
2024/01/01 16:15:09.47,281.47,-31.65,-57.24,-59.84,56.34,-9.58,-0.80
2024/01/01 16:15:09.48,281.48,-31.64,-57.24,-59.84,56.34,-9.60,-0.79
2024/01/01 16:15:09.49,281.49,-31.64,-57.24,-59.83,56.34,-9.62,-0.81
2024/01/01 16:15:09.50,281.50,-31.63,-57.25,-59.83,56.35,-9.65,-0.84
2024/01/01 16:15:09.51,281.51,-31.63,-57.25,-59.83,56.34,-9.66,-0.88
2024/01/01 16:15:09.52,281.52,-31.63,-57.25,-59.83,56.30,-9.65,-0.88
2024/01/01 16:15:09.53,281.53,-31.63,-57.25,-59.83,56.25,-9.62,-0.86
2024/01/01 16:15:09.54,281.54,-31.63,-57.24,-59.82,56.21,-9.59,-0.84
2024/01/01 16:15:09.55,281.55,-31.64,-57.23,-59.82,56.19,-9.58,-0.83
2024/01/01 16:15:09.56,281.56,-31.64,-57.23,-59.82,56.20,-9.61,-0.83
2024/01/01 16:15:09.57,281.57,-31.65,-57.23,-59.82,56.22,-9.66,-0.83
2024/01/01 16:15:09.58,281.58,-31.65,-57.24,-59.82,56.24,-9.70,-0.83
2024/01/01 16:15:09.59,281.59,-31.66,-57.25,-59.83,56.25,-9.71,-0.83
2024/01/01 16:15:09.60,281.60,-31.66,-57.26,-59.83,56.27,-9.70,-0.84
2024/01/01 16:15:09.61,281.61,-31.65,-57.27,-59.83,56.29,-9.70,-0.84
2024/01/01 16:15:09.62,281.62,-31.65,-57.27,-59.83,56.31,-9.67,-0.84
2024/01/01 16:15:09.63,281.63,-31.65,-57.27,-59.83,56.32,-9.64,-0.84
2024/01/01 16:15:09.64,281.64,-31.64,-57.27,-59.83,56.31,-9.61,-0.83
2024/01/01 16:15:09.65,281.65,-31.64,-57.27,-59.83,56.28,-9.59,-0.83
2024/01/01 16:15:09.66,281.66,-31.64,-57.27,-59.84,56.25,-9.59,-0.86
2024/01/01 16:15:09.67,281.67,-31.64,-57.27,-59.84,56.23,-9.60,-0.87
2024/01/01 16:15:09.68,281.68,-31.65,-57.27,-59.84,56.23,-9.62,-0.86
2024/01/01 16:15:09.69,281.69,-31.65,-57.26,-59.84,56.25,-9.65,-0.86
2024/01/01 16:15:09.70,281.70,-31.65,-57.26,-59.84,56.27,-9.68,-0.86
2024/01/01 16:15:09.71,281.71,-31.65,-57.26,-59.84,56.29,-9.70,-0.87
2024/01/01 16:15:09.72,281.72,-31.65,-57.26,-59.85,56.30,-9.70,-0.85
2024/01/01 16:15:09.73,281.73,-31.65,-57.27,-59.85,56.30,-9.69,-0.83
2024/01/01 16:15:09.74,281.74,-31.64,-57.27,-59.85,56.29,-9.69,-0.82
2024/01/01 16:15:09.75,281.75,-31.64,-57.26,-59.84,56.27,-9.69,-0.83
2024/01/01 16:15:09.76,281.76,-31.65,-57.26,-59.84,56.26,-9.67,-0.86
2024/01/01 16:15:09.77,281.77,-31.65,-57.27,-59.84,56.25,-9.65,-0.89
2024/01/01 16:15:09.78,281.78,-31.65,-57.27,-59.85,56.25,-9.65,-0.88
2024/01/01 16:15:09.79,281.79,-31.65,-57.28,-59.85,56.25,-9.65,-0.86
2024/01/01 16:15:09.80,281.80,-31.65,-57.28,-59.84,56.24,-9.66,-0.85
2024/01/01 16:15:09.81,281.81,-31.65,-57.28,-59.84,56.24,-9.67,-0.85
2024/01/01 16:15:09.82,281.82,-31.65,-57.27,-59.84,56.25,-9.67,-0.84
2024/01/01 16:15:09.83,281.83,-31.64,-57.27,-59.84,56.27,-9.65,-0.84
2024/01/01 16:15:09.84,281.84,-31.64,-57.27,-59.84,56.30,-9.63,-0.84
2024/01/01 16:15:09.85,281.85,-31.64,-57.27,-59.83,56.32,-9.62,-0.85
2024/01/01 16:15:09.86,281.86,-31.64,-57.27,-59.84,56.31,-9.63,-0.87
2024/01/01 16:15:09.87,281.87,-31.64,-57.28,-59.84,56.28,-9.65,-0.87
2024/01/01 16:15:09.88,281.88,-31.64,-57.27,-59.84,56.25,-9.68,-0.85
2024/01/01 16:15:09.89,281.89,-31.64,-57.27,-59.85,56.25,-9.70,-0.84
2024/01/01 16:15:09.90,281.90,-31.64,-57.27,-59.85,56.26,-9.70,-0.84
2024/01/01 16:15:09.91,281.91,-31.65,-57.27,-59.85,56.29,-9.68,-0.85
2024/01/01 16:15:09.92,281.92,-31.64,-57.27,-59.85,56.30,-9.66,-0.86
2024/01/01 16:15:09.93,281.93,-31.63,-57.28,-59.85,56.29,-9.64,-0.87
2024/01/01 16:15:09.94,281.94,-31.63,-57.28,-59.85,56.27,-9.63,-0.87
2024/01/01 16:15:09.95,281.95,-31.64,-57.28,-59.86,56.25,-9.63,-0.86
2024/01/01 16:15:09.96,281.96,-31.64,-57.28,-59.86,56.26,-9.64,-0.87
2024/01/01 16:15:09.97,281.97,-31.63,-57.28,-59.86,56.29,-9.66,-0.89
2024/01/01 16:15:09.98,281.98,-31.63,-57.28,-59.86,56.31,-9.67,-0.89
2024/01/01 16:15:09.99,281.99,-31.63,-57.28,-59.87,56.32,-9.68,-0.87
