#K-NET CSV
#Event
#OriginTime,Latitude,Longitude,Depth(km),Magnitude
#2024/01/01 16:10:00,37.495,137.270,16,7.6
#Station
#Code,Latitude,Longitude,Height(m)
#KYT004,35.5356,135.1959,2
#Record
#SamplingFrequency(Hz)
#100
#DurationTime(s)
#183
#Offset
#N-S(gal),E-W(gal),U-D(gal)
#-8.00,-7.20,14.70
#Time,RelativeTime(s),N-S(gal),E-W(gal),U-D(gal)
2024/01/01 16:10:50.00,0.00,-8.04,-7.22,14.72
2024/01/01 16:10:50.01,0.01,-8.04,-7.23,14.73
2024/01/01 16:10:50.02,0.02,-8.06,-7.23,14.75
2024/01/01 16:10:50.03,0.03,-8.07,-7.23,14.77
2024/01/01 16:10:50.04,0.04,-8.08,-7.22,14.79
2024/01/01 16:10:50.05,0.05,-8.08,-7.21,14.79
2024/01/01 16:10:50.06,0.06,-8.06,-7.21,14.77
2024/01/01 16:10:50.07,0.07,-8.02,-7.21,14.73
2024/01/01 16:10:50.08,0.08,-8.00,-7.20,14.70
2024/01/01 16:10:50.09,0.09,-8.02,-7.20,14.69
2024/01/01 16:10:50.10,0.10,-8.06,-7.21,14.71
2024/01/01 16:10:50.11,0.11,-8.08,-7.22,14.73
2024/01/01 16:10:50.12,0.12,-8.08,-7.23,14.76
2024/01/01 16:10:50.13,0.13,-8.07,-7.23,14.78
2024/01/01 16:10:50.14,0.14,-8.05,-7.23,14.79
2024/01/01 16:10:50.15,0.15,-8.03,-7.21,14.79
2024/01/01 16:10:50.16,0.16,-8.02,-7.19,14.77
2024/01/01 16:10:50.17,0.17,-8.02,-7.18,14.73
2024/01/01 16:10:50.18,0.18,-8.03,-7.19,14.71
2024/01/01 16:10:50.19,0.19,-8.06,-7.21,14.71
2024/01/01 16:10:50.20,0.20,-8.08,-7.25,14.73
2024/01/01 16:10:50.21,0.21,-8.09,-7.28,14.76
2024/01/01 16:10:50.22,0.22,-8.08,-7.27,14.78
2024/01/01 16:10:50.23,0.23,-8.05,-7.22,14.78
2024/01/01 16:10:50.24,0.24,-8.03,-7.19,14.77
2024/01/01 16:10:50.25,0.25,-8.02,-7.18,14.75
2024/01/01 16:10:50.26,0.26,-8.02,-7.18,14.74
2024/01/01 16:10:50.27,0.27,-8.03,-7.19,14.74
2024/01/01 16:10:50.28,0.28,-8.05,-7.21,14.74
2024/01/01 16:10:50.29,0.29,-8.07,-7.23,14.75
2024/01/01 16:10:50.30,0.30,-8.08,-7.24,14.76
2024/01/01 16:10:50.31,0.31,-8.07,-7.23,14.77
2024/01/01 16:10:50.32,0.32,-8.05,-7.22,14.77
2024/01/01 16:10:50.33,0.33,-8.04,-7.21,14.77
2024/01/01 16:10:50.34,0.34,-8.02,-7.20,14.76
2024/01/01 16:10:50.35,0.35,-8.00,-7.20,14.74
2024/01/01 16:10:50.36,0.36,-8.02,-7.19,14.72
2024/01/01 16:10:50.37,0.37,-8.04,-7.19,14.72
2024/01/01 16:10:50.38,0.38,-8.05,-7.22,14.72
2024/01/01 16:10:50.39,0.39,-8.06,-7.25,14.73
2024/01/01 16:10:50.40,0.40,-8.06,-7.25,14.76
2024/01/01 16:10:50.41,0.41,-8.05,-7.25,14.78
2024/01/01 16:10:50.42,0.42,-8.05,-7.22,14.79
2024/01/01 16:10:50.43,0.43,-8.05,-7.19,14.77
2024/01/01 16:10:50.44,0.44,-8.03,-7.17,14.73
2024/01/01 16:10:50.45,0.45,-8.03,-7.18,14.70
2024/01/01 16:10:50.46,0.46,-8.04,-7.21,14.69
2024/01/01 16:10:50.47,0.47,-8.07,-7.25,14.72
2024/01/01 16:10:50.48,0.48,-8.07,-7.27,14.76
2024/01/01 16:10:50.49,0.49,-8.06,-7.26,14.79
2024/01/01 16:10:50.50,0.50,-8.06,-7.22,14.80
2024/01/01 16:10:50.51,0.51,-8.05,-7.18,14.79
2024/01/01 16:10:50.52,0.52,-8.03,-7.17,14.77
2024/01/01 16:10:50.53,0.53,-8.02,-7.19,14.75
2024/01/01 16:10:50.54,0.54,-8.02,-7.19,14.73
2024/01/01 16:10:50.55,0.55,-8.05,-7.21,14.73
2024/01/01 16:10:50.56,0.56,-8.08,-7.23,14.73
2024/01/01 16:10:50.57,0.57,-8.07,-7.23,14.74
2024/01/01 16:10:50.58,0.58,-8.05,-7.24,14.74
2024/01/01 16:10:50.59,0.59,-8.04,-7.24,14.74
2024/01/01 16:10:50.60,0.60,-8.06,-7.22,14.75
2024/01/01 16:10:50.61,0.61,-8.06,-7.21,14.76
2024/01/01 16:10:50.62,0.62,-8.05,-7.21,14.77
2024/01/01 16:10:50.63,0.63,-8.05,-7.19,14.76
2024/01/01 16:10:50.64,0.64,-8.05,-7.18,14.74
2024/01/01 16:10:50.65,0.65,-8.05,-7.18,14.73
2024/01/01 16:10:50.66,0.66,-8.05,-7.21,14.73
2024/01/01 16:10:50.67,0.67,-8.05,-7.25,14.74
2024/01/01 16:10:50.68,0.68,-8.05,-7.26,14.76
2024/01/01 16:10:50.69,0.69,-8.04,-7.24,14.77
2024/01/01 16:10:50.70,0.70,-8.04,-7.22,14.76
2024/01/01 16:10:50.71,0.71,-8.04,-7.21,14.75
2024/01/01 16:10:50.72,0.72,-8.03,-7.20,14.73
2024/01/01 16:10:50.73,0.73,-8.03,-7.20,14.72
2024/01/01 16:10:50.74,0.74,-8.05,-7.22,14.73
2024/01/01 16:10:50.75,0.75,-8.07,-7.23,14.75
2024/01/01 16:10:50.76,0.76,-8.08,-7.24,14.77
2024/01/01 16:10:50.77,0.77,-8.08,-7.23,14.78
2024/01/01 16:10:50.78,0.78,-8.06,-7.21,14.78
2024/01/01 16:10:50.79,0.79,-8.03,-7.19,14.76
2024/01/01 16:10:50.80,0.80,-8.01,-7.21,14.73
2024/01/01 16:10:50.81,0.81,-8.01,-7.22,14.72
2024/01/01 16:10:50.82,0.82,-8.05,-7.23,14.73
2024/01/01 16:10:50.83,0.83,-8.08,-7.23,14.75
2024/01/01 16:10:50.84,0.84,-8.07,-7.22,14.74
2024/01/01 16:10:50.85,0.85,-8.05,-7.21,14.74
2024/01/01 16:10:50.86,0.86,-8.04,-7.21,14.75
2024/01/01 16:10:50.87,0.87,-8.04,-7.22,14.76
2024/01/01 16:10:50.88,0.88,-8.05,-7.23,14.77
2024/01/01 16:10:50.89,0.89,-8.04,-7.21,14.76
2024/01/01 16:10:50.90,0.90,-8.05,-7.19,14.74
2024/01/01 16:10:50.91,0.91,-8.06,-7.19,14.73
2024/01/01 16:10:50.92,0.92,-8.07,-7.21,14.74
2024/01/01 16:10:50.93,0.93,-8.06,-7.23,14.75
2024/01/01 16:10:50.94,0.94,-8.05,-7.24,14.76
2024/01/01 16:10:50.95,0.95,-8.05,-7.23,14.77
2024/01/01 16:10:50.96,0.96,-8.04,-7.22,14.76
2024/01/01 16:10:50.97,0.97,-8.02,-7.21,14.75
2024/01/01 16:10:50.98,0.98,-8.02,-7.20,14.73
2024/01/01 16:10:50.99,0.99,-8.04,-7.19,14.73
2024/01/01 16:10:51.00,1.00,-8.06,-7.20,14.74
2024/01/01 16:10:51.01,1.01,-8.07,-7.22,14.76
2024/01/01 16:10:51.02,1.02,-8.05,-7.24,14.76
2024/01/01 16:10:51.03,1.03,-8.04,-7.24,14.75
2024/01/01 16:10:51.04,1.04,-8.04,-7.24,14.75
2024/01/01 16:10:51.05,1.05,-8.06,-7.22,14.75
2024/01/01 16:10:51.06,1.06,-8.07,-7.21,14.75
2024/01/01 16:10:51.07,1.07,-8.07,-7.21,14.76
2024/01/01 16:10:51.08,1.08,-8.05,-7.22,14.76
2024/01/01 16:10:51.09,1.09,-8.03,-7.22,14.75
2024/01/01 16:10:51.10,1.10,-8.03,-7.22,14.75
2024/01/01 16:10:51.11,1.11,-8.04,-7.21,14.76
2024/01/01 16:10:51.12,1.12,-8.04,-7.21,14.75
2024/01/01 16:10:51.13,1.13,-8.04,-7.20,14.74
2024/01/01 16:10:51.14,1.14,-8.05,-7.20,14.73
2024/01/01 16:10:51.15,1.15,-8.07,-7.22,14.75
2024/01/01 16:10:51.16,1.16,-8.07,-7.24,14.76
2024/01/01 16:10:51.17,1.17,-8.06,-7.23,14.76
2024/01/01 16:10:51.18,1.18,-8.04,-7.21,14.75
2024/01/01 16:10:51.19,1.19,-8.03,-7.20,14.74
2024/01/01 16:10:51.20,1.20,-8.04,-7.20,14.73
2024/01/01 16:10:51.21,1.21,-8.06,-7.21,14.74
2024/01/01 16:10:51.22,1.22,-8.07,-7.23,14.75
2024/01/01 16:10:51.23,1.23,-8.06,-7.25,14.76
2024/01/01 16:10:51.24,1.24,-8.05,-7.24,14.76
2024/01/01 16:10:51.25,1.25,-8.04,-7.21,14.76
2024/01/01 16:10:51.26,1.26,-8.04,-7.20,14.76
2024/01/01 16:10:51.27,1.27,-8.05,-7.19,14.74
2024/01/01 16:10:51.28,1.28,-8.06,-7.20,14.72
2024/01/01 16:10:51.29,1.29,-8.05,-7.22,14.72
2024/01/01 16:10:51.30,1.30,-8.04,-7.23,14.72
2024/01/01 16:10:51.31,1.31,-8.04,-7.24,14.74
2024/01/01 16:10:51.32,1.32,-8.06,-7.23,14.76
2024/01/01 16:10:51.33,1.33,-8.07,-7.22,14.78
2024/01/01 16:10:51.34,1.34,-8.06,-7.22,14.77
2024/01/01 16:10:51.35,1.35,-8.04,-7.22,14.76
2024/01/01 16:10:51.36,1.36,-8.03,-7.20,14.74
2024/01/01 16:10:51.37,1.37,-8.03,-7.19,14.72
2024/01/01 16:10:51.38,1.38,-8.03,-7.21,14.72
2024/01/01 16:10:51.39,1.39,-8.05,-7.23,14.74
2024/01/01 16:10:51.40,1.40,-8.07,-7.25,14.76
2024/01/01 16:10:51.41,1.41,-8.07,-7.24,14.77
2024/01/01 16:10:51.42,1.42,-8.06,-7.22,14.77
2024/01/01 16:10:51.43,1.43,-8.05,-7.22,14.76
2024/01/01 16:10:51.44,1.44,-8.06,-7.22,14.76
2024/01/01 16:10:51.45,1.45,-8.08,-7.21,14.76
2024/01/01 16:10:51.46,1.46,-8.08,-7.20,14.77
2024/01/01 16:10:51.47,1.47,-8.05,-7.19,14.76
2024/01/01 16:10:51.48,1.48,-8.00,-7.19,14.73
2024/01/01 16:10:51.49,1.49,-7.98,-7.21,14.72
2024/01/01 16:10:51.50,1.50,-8.00,-7.22,14.72
2024/01/01 16:10:51.51,1.51,-8.05,-7.24,14.73
2024/01/01 16:10:51.52,1.52,-8.09,-7.25,14.75
2024/01/01 16:10:51.53,1.53,-8.10,-7.25,14.77
2024/01/01 16:10:51.54,1.54,-8.08,-7.23,14.77
2024/01/01 16:10:51.55,1.55,-8.05,-7.21,14.76
2024/01/01 16:10:51.56,1.56,-8.03,-7.19,14.75
2024/01/01 16:10:51.57,1.57,-8.04,-7.18,14.75
2024/01/01 16:10:51.58,1.58,-8.05,-7.19,14.75
2024/01/01 16:10:51.59,1.59,-8.05,-7.21,14.74
2024/01/01 16:10:51.60,1.60,-8.04,-7.24,14.75
2024/01/01 16:10:51.61,1.61,-8.04,-7.24,14.76
2024/01/01 16:10:51.62,1.62,-8.03,-7.23,14.76
2024/01/01 16:10:51.63,1.63,-8.03,-7.21,14.75
2024/01/01 16:10:51.64,1.64,-8.03,-7.20,14.75
2024/01/01 16:10:51.65,1.65,-8.05,-7.21,14.75
2024/01/01 16:10:51.66,1.66,-8.06,-7.21,14.75
2024/01/01 16:10:51.67,1.67,-8.07,-7.22,14.76
2024/01/01 16:10:51.68,1.68,-8.08,-7.24,14.76
2024/01/01 16:10:51.69,1.69,-8.07,-7.24,14.77
2024/01/01 16:10:51.70,1.70,-8.05,-7.23,14.77
2024/01/01 16:10:51.71,1.71,-8.04,-7.22,14.76
2024/01/01 16:10:51.72,1.72,-8.02,-7.22,14.73
2024/01/01 16:10:51.73,1.73,-8.02,-7.22,14.72
2024/01/01 16:10:51.74,1.74,-8.04,-7.22,14.72
2024/01/01 16:10:51.75,1.75,-8.07,-7.20,14.73
2024/01/01 16:10:51.76,1.76,-8.08,-7.19,14.75
2024/01/01 16:10:51.77,1.77,-8.06,-7.21,14.76
2024/01/01 16:10:51.78,1.78,-8.05,-7.22,14.76
2024/01/01 16:10:51.79,1.79,-8.05,-7.22,14.76
2024/01/01 16:10:51.80,1.80,-8.05,-7.23,14.77
2024/01/01 16:10:51.81,1.81,-8.04,-7.23,14.76
2024/01/01 16:10:51.82,1.82,-8.02,-7.22,14.75
2024/01/01 16:10:51.83,1.83,-8.02,-7.21,14.73
2024/01/01 16:10:51.84,1.84,-8.03,-7.21,14.73
2024/01/01 16:10:51.85,1.85,-8.05,-7.23,14.74
2024/01/01 16:10:51.86,1.86,-8.06,-7.24,14.76
2024/01/01 16:10:51.87,1.87,-8.07,-7.21,14.76
2024/01/01 16:10:51.88,1.88,-8.06,-7.19,14.76
2024/01/01 16:10:51.89,1.89,-8.06,-7.20,14.76
2024/01/01 16:10:51.90,1.90,-8.06,-7.21,14.76
2024/01/01 16:10:51.91,1.91,-8.05,-7.22,14.76
2024/01/01 16:10:51.92,1.92,-8.03,-7.23,14.74
2024/01/01 16:10:51.93,1.93,-8.02,-7.24,14.72
2024/01/01 16:10:51.94,1.94,-8.05,-7.24,14.73
2024/01/01 16:10:51.95,1.95,-8.10,-7.24,14.77
2024/01/01 16:10:51.96,1.96,-8.10,-7.23,14.79
2024/01/01 16:10:51.97,1.97,-8.07,-7.21,14.77
2024/01/01 16:10:51.98,1.98,-8.03,-7.19,14.73
2024/01/01 16:10:51.99,1.99,-8.00,-7.19,14.69
2024/01/01 16:10:52.00,2.00,-8.00,-7.19,14.69
2024/01/01 16:10:52.01,2.01,-8.03,-7.20,14.73
2024/01/01 16:10:52.02,2.02,-8.05,-7.21,14.76
2024/01/01 16:10:52.03,2.03,-8.05,-7.21,14.78
2024/01/01 16:10:52.04,2.04,-8.04,-7.21,14.77
2024/01/01 16:10:52.05,2.05,-8.02,-7.20,14.75
2024/01/01 16:10:52.06,2.06,-8.02,-7.19,14.74
2024/01/01 16:10:52.07,2.07,-8.05,-7.20,14.74
2024/01/01 16:10:52.08,2.08,-8.06,-7.22,14.74
2024/01/01 16:10:52.09,2.09,-8.06,-7.24,14.74
2024/01/01 16:10:52.10,2.10,-8.07,-7.24,14.75
2024/01/01 16:10:52.11,2.11,-8.06,-7.23,14.76
2024/01/01 16:10:52.12,2.12,-8.05,-7.22,14.77
2024/01/01 16:10:52.13,2.13,-8.06,-7.20,14.78
2024/01/01 16:10:52.14,2.14,-8.05,-7.19,14.78
2024/01/01 16:10:52.15,2.15,-8.02,-7.19,14.75
2024/01/01 16:10:52.16,2.16,-8.00,-7.19,14.70
2024/01/01 16:10:52.17,2.17,-8.01,-7.19,14.67
2024/01/01 16:10:52.18,2.18,-8.05,-7.21,14.69
2024/01/01 16:10:52.19,2.19,-8.09,-7.22,14.75
2024/01/01 16:10:52.20,2.20,-8.09,-7.23,14.79
2024/01/01 16:10:52.21,2.21,-8.06,-7.23,14.81
2024/01/01 16:10:52.22,2.22,-8.02,-7.23,14.80
2024/01/01 16:10:52.23,2.23,-7.98,-7.23,14.76
2024/01/01 16:10:52.24,2.24,-8.00,-7.21,14.72
2024/01/01 16:10:52.25,2.25,-8.04,-7.21,14.70
2024/01/01 16:10:52.26,2.26,-8.08,-7.21,14.72
2024/01/01 16:10:52.27,2.27,-8.09,-7.20,14.75
2024/01/01 16:10:52.28,2.28,-8.06,-7.20,14.77
2024/01/01 16:10:52.29,2.29,-8.02,-7.20,14.76
2024/01/01 16:10:52.30,2.30,-8.00,-7.20,14.75
2024/01/01 16:10:52.31,2.31,-8.02,-7.20,14.74
2024/01/01 16:10:52.32,2.32,-8.04,-7.21,14.74
2024/01/01 16:10:52.33,2.33,-8.05,-7.23,14.75
2024/01/01 16:10:52.34,2.34,-8.05,-7.24,14.74
2024/01/01 16:10:52.35,2.35,-8.07,-7.25,14.75
2024/01/01 16:10:52.36,2.36,-8.08,-7.24,14.77
2024/01/01 16:10:52.37,2.37,-8.08,-7.21,14.79
2024/01/01 16:10:52.38,2.38,-8.06,-7.18,14.77
2024/01/01 16:10:52.39,2.39,-8.04,-7.17,14.76
2024/01/01 16:10:52.40,2.40,-8.03,-7.20,14.75
2024/01/01 16:10:52.41,2.41,-8.02,-7.22,14.74
2024/01/01 16:10:52.42,2.42,-8.03,-7.22,14.73
2024/01/01 16:10:52.43,2.43,-8.06,-7.22,14.71
2024/01/01 16:10:52.44,2.44,-8.09,-7.24,14.72
2024/01/01 16:10:52.45,2.45,-8.09,-7.26,14.74
2024/01/01 16:10:52.46,2.46,-8.07,-7.26,14.78
2024/01/01 16:10:52.47,2.47,-8.04,-7.23,14.81
2024/01/01 16:10:52.48,2.48,-8.02,-7.20,14.81
2024/01/01 16:10:52.49,2.49,-8.04,-7.17,14.78
2024/01/01 16:10:52.50,2.50,-8.07,-7.17,14.76
2024/01/01 16:10:52.51,2.51,-8.08,-7.19,14.73
2024/01/01 16:10:52.52,2.52,-8.06,-7.21,14.70
2024/01/01 16:10:52.53,2.53,-8.04,-7.23,14.69
2024/01/01 16:10:52.54,2.54,-8.03,-7.25,14.70
2024/01/01 16:10:52.55,2.55,-8.03,-7.25,14.73
2024/01/01 16:10:52.56,2.56,-8.05,-7.26,14.76
2024/01/01 16:10:52.57,2.57,-8.08,-7.25,14.79
2024/01/01 16:10:52.58,2.58,-8.09,-7.24,14.80
2024/01/01 16:10:52.59,2.59,-8.07,-7.23,14.78
2024/01/01 16:10:52.60,2.60,-8.06,-7.22,14.76
2024/01/01 16:10:52.61,2.61,-8.08,-7.20,14.75
2024/01/01 16:10:52.62,2.62,-8.09,-7.19,14.75
2024/01/01 16:10:52.63,2.63,-8.08,-7.19,14.77
2024/01/01 16:10:52.64,2.64,-8.06,-7.19,14.79
2024/01/01 16:10:52.65,2.65,-8.04,-7.19,14.78
2024/01/01 16:10:52.66,2.66,-8.04,-7.21,14.75
2024/01/01 16:10:52.67,2.67,-8.05,-7.24,14.71
2024/01/01 16:10:52.68,2.68,-8.08,-7.26,14.68
2024/01/01 16:10:52.69,2.69,-8.08,-7.27,14.68
2024/01/01 16:10:52.70,2.70,-8.05,-7.26,14.72
2024/01/01 16:10:52.71,2.71,-8.01,-7.24,14.76
2024/01/01 16:10:52.72,2.72,-7.99,-7.21,14.79
2024/01/01 16:10:52.73,2.73,-8.01,-7.18,14.80
2024/01/01 16:10:52.74,2.74,-8.03,-7.16,14.78
2024/01/01 16:10:52.75,2.75,-8.05,-7.16,14.75
2024/01/01 16:10:52.76,2.76,-8.05,-7.17,14.72
2024/01/01 16:10:52.77,2.77,-8.05,-7.19,14.70
2024/01/01 16:10:52.78,2.78,-8.05,-7.22,14.71
2024/01/01 16:10:52.79,2.79,-8.04,-7.26,14.74
2024/01/01 16:10:52.80,2.80,-8.03,-7.27,14.77
2024/01/01 16:10:52.81,2.81,-8.03,-7.25,14.77
2024/01/01 16:10:52.82,2.82,-8.03,-7.24,14.76
2024/01/01 16:10:52.83,2.83,-8.06,-7.24,14.76
2024/01/01 16:10:52.84,2.84,-8.07,-7.23,14.78
2024/01/01 16:10:52.85,2.85,-8.08,-7.20,14.79
2024/01/01 16:10:52.86,2.86,-8.07,-7.16,14.76
2024/01/01 16:10:52.87,2.87,-8.04,-7.13,14.73
2024/01/01 16:10:52.88,2.88,-8.03,-7.12,14.71
2024/01/01 16:10:52.89,2.89,-8.02,-7.15,14.70
2024/01/01 16:10:52.90,2.90,-8.01,-7.20,14.70
2024/01/01 16:10:52.91,2.91,-8.03,-7.26,14.72
2024/01/01 16:10:52.92,2.92,-8.06,-7.31,14.77
2024/01/01 16:10:52.93,2.93,-8.07,-7.30,14.80
2024/01/01 16:10:52.94,2.94,-8.04,-7.27,14.79
2024/01/01 16:10:52.95,2.95,-8.01,-7.23,14.76
2024/01/01 16:10:52.96,2.96,-7.98,-7.19,14.73
2024/01/01 16:10:52.97,2.97,-7.97,-7.16,14.73
2024/01/01 16:10:52.98,2.98,-8.01,-7.14,14.74
2024/01/01 16:10:52.99,2.99,-8.06,-7.14,14.74
2024/01/01 16:10:53.00,3.00,-8.10,-7.15,14.76
2024/01/01 16:10:53.01,3.01,-8.10,-7.18,14.77
2024/01/01 16:10:53.02,3.02,-8.08,-7.21,14.75
2024/01/01 16:10:53.03,3.03,-8.06,-7.24,14.70
2024/01/01 16:10:53.04,3.04,-8.04,-7.28,14.67
2024/01/01 16:10:53.05,3.05,-8.03,-7.30,14.71
2024/01/01 16:10:53.06,3.06,-8.05,-7.29,14.75
2024/01/01 16:10:53.07,3.07,-8.05,-7.25,14.77
2024/01/01 16:10:53.08,3.08,-8.04,-7.20,14.78
2024/01/01 16:10:53.09,3.09,-8.04,-7.16,14.79
2024/01/01 16:10:53.10,3.10,-8.06,-7.14,14.78
2024/01/01 16:10:53.11,3.11,-8.10,-7.13,14.77
2024/01/01 16:10:53.12,3.12,-8.12,-7.16,14.77
2024/01/01 16:10:53.13,3.13,-8.10,-7.21,14.79
2024/01/01 16:10:53.14,3.14,-8.05,-7.25,14.76
2024/01/01 16:10:53.15,3.15,-8.00,-7.27,14.70
2024/01/01 16:10:53.16,3.16,-8.00,-7.28,14.65
2024/01/01 16:10:53.17,3.17,-8.04,-7.28,14.69
2024/01/01 16:10:53.18,3.18,-8.08,-7.28,14.77
2024/01/01 16:10:53.19,3.19,-8.09,-7.26,14.82
2024/01/01 16:10:53.20,3.20,-8.07,-7.21,14.78
2024/01/01 16:10:53.21,3.21,-8.04,-7.16,14.73
2024/01/01 16:10:53.22,3.22,-8.03,-7.12,14.70
2024/01/01 16:10:53.23,3.23,-8.05,-7.11,14.70
2024/01/01 16:10:53.24,3.24,-8.05,-7.12,14.70
2024/01/01 16:10:53.25,3.25,-8.05,-7.17,14.73
2024/01/01 16:10:53.26,3.26,-8.07,-7.22,14.78
2024/01/01 16:10:53.27,3.27,-8.04,-7.27,14.80
2024/01/01 16:10:53.28,3.28,-8.02,-7.30,14.79
2024/01/01 16:10:53.29,3.29,-8.03,-7.31,14.77
2024/01/01 16:10:53.30,3.30,-8.03,-7.29,14.73
2024/01/01 16:10:53.31,3.31,-8.03,-7.25,14.70
2024/01/01 16:10:53.32,3.32,-8.05,-7.20,14.71
2024/01/01 16:10:53.33,3.33,-8.09,-7.16,14.74
2024/01/01 16:10:53.34,3.34,-8.14,-7.13,14.77
2024/01/01 16:10:53.35,3.35,-8.14,-7.13,14.79
2024/01/01 16:10:53.36,3.36,-8.09,-7.14,14.78
2024/01/01 16:10:53.37,3.37,-8.03,-7.18,14.74
2024/01/01 16:10:53.38,3.38,-7.99,-7.23,14.69
2024/01/01 16:10:53.39,3.39,-8.00,-7.25,14.68
2024/01/01 16:10:53.40,3.40,-8.07,-7.26,14.73
2024/01/01 16:10:53.41,3.41,-8.10,-7.27,14.79
2024/01/01 16:10:53.42,3.42,-8.05,-7.27,14.81
2024/01/01 16:10:53.43,3.43,-7.99,-7.25,14.78
2024/01/01 16:10:53.44,3.44,-7.96,-7.23,14.73
2024/01/01 16:10:53.45,3.45,-7.96,-7.20,14.72
2024/01/01 16:10:53.46,3.46,-8.02,-7.18,14.77
2024/01/01 16:10:53.47,3.47,-8.10,-7.17,14.82
2024/01/01 16:10:53.48,3.48,-8.15,-7.16,14.82
2024/01/01 16:10:53.49,3.49,-8.15,-7.17,14.78
2024/01/01 16:10:53.50,3.50,-8.09,-7.19,14.72
2024/01/01 16:10:53.51,3.51,-8.01,-7.22,14.68
2024/01/01 16:10:53.52,3.52,-7.97,-7.25,14.68
2024/01/01 16:10:53.53,3.53,-7.96,-7.28,14.71
2024/01/01 16:10:53.54,3.54,-7.99,-7.27,14.76
2024/01/01 16:10:53.55,3.55,-8.03,-7.25,14.80
2024/01/01 16:10:53.56,3.56,-8.06,-7.21,14.84
2024/01/01 16:10:53.57,3.57,-8.08,-7.17,14.83
2024/01/01 16:10:53.58,3.58,-8.08,-7.16,14.76
2024/01/01 16:10:53.59,3.59,-8.08,-7.17,14.68
2024/01/01 16:10:53.60,3.60,-8.05,-7.19,14.65
2024/01/01 16:10:53.61,3.61,-8.02,-7.20,14.67
2024/01/01 16:10:53.62,3.62,-8.02,-7.20,14.70
2024/01/01 16:10:53.63,3.63,-8.04,-7.22,14.74
2024/01/01 16:10:53.64,3.64,-8.06,-7.26,14.79
2024/01/01 16:10:53.65,3.65,-8.06,-7.28,14.85
2024/01/01 16:10:53.66,3.66,-8.05,-7.27,14.87
2024/01/01 16:10:53.67,3.67,-8.03,-7.26,14.81
2024/01/01 16:10:53.68,3.68,-8.02,-7.25,14.74
2024/01/01 16:10:53.69,3.69,-8.04,-7.23,14.68
2024/01/01 16:10:53.70,3.70,-8.08,-7.19,14.64
2024/01/01 16:10:53.71,3.71,-8.09,-7.18,14.65
2024/01/01 16:10:53.72,3.72,-8.07,-7.18,14.67
2024/01/01 16:10:53.73,3.73,-8.06,-7.19,14.70
2024/01/01 16:10:53.74,3.74,-8.07,-7.22,14.76
2024/01/01 16:10:53.75,3.75,-8.07,-7.27,14.85
2024/01/01 16:10:53.76,3.76,-8.07,-7.28,14.90
2024/01/01 16:10:53.77,3.77,-8.04,-7.28,14.88
2024/01/01 16:10:53.78,3.78,-8.00,-7.26,14.83
2024/01/01 16:10:53.79,3.79,-7.98,-7.19,14.76
2024/01/01 16:10:53.80,3.80,-7.99,-7.11,14.67
2024/01/01 16:10:53.81,3.81,-8.01,-7.08,14.62
2024/01/01 16:10:53.82,3.82,-8.05,-7.11,14.63
2024/01/01 16:10:53.83,3.83,-8.07,-7.14,14.69
2024/01/01 16:10:53.84,3.84,-8.09,-7.20,14.74
2024/01/01 16:10:53.85,3.85,-8.10,-7.25,14.77
2024/01/01 16:10:53.86,3.86,-8.09,-7.29,14.78
2024/01/01 16:10:53.87,3.87,-8.07,-7.31,14.77
2024/01/01 16:10:53.88,3.88,-8.07,-7.32,14.76
2024/01/01 16:10:53.89,3.89,-8.06,-7.30,14.77
2024/01/01 16:10:53.90,3.90,-8.03,-7.25,14.77
2024/01/01 16:10:53.91,3.91,-8.01,-7.17,14.76
2024/01/01 16:10:53.92,3.92,-7.99,-7.09,14.76
2024/01/01 16:10:53.93,3.93,-8.00,-7.06,14.76
2024/01/01 16:10:53.94,3.94,-8.05,-7.09,14.77
2024/01/01 16:10:53.95,3.95,-8.13,-7.17,14.76
2024/01/01 16:10:53.96,3.96,-8.17,-7.27,14.72
2024/01/01 16:10:53.97,3.97,-8.15,-7.36,14.70
2024/01/01 16:10:53.98,3.98,-8.08,-7.41,14.72
2024/01/01 16:10:53.99,3.99,-8.03,-7.37,14.71
2024/01/01 16:10:54.00,4.00,-7.99,-7.28,14.67
2024/01/01 16:10:54.01,4.01,-7.96,-7.17,14.66
2024/01/01 16:10:54.02,4.02,-7.98,-7.08,14.71
2024/01/01 16:10:54.03,4.03,-8.03,-7.04,14.76
2024/01/01 16:10:54.04,4.04,-8.07,-7.06,14.78
2024/01/01 16:10:54.05,4.05,-8.10,-7.12,14.78
2024/01/01 16:10:54.06,4.06,-8.11,-7.19,14.78
2024/01/01 16:10:54.07,4.07,-8.09,-7.24,14.75
2024/01/01 16:10:54.08,4.08,-8.05,-7.29,14.73
2024/01/01 16:10:54.09,4.09,-8.02,-7.31,14.74
2024/01/01 16:10:54.10,4.10,-8.02,-7.30,14.79
2024/01/01 16:10:54.11,4.11,-8.01,-7.29,14.82
2024/01/01 16:10:54.12,4.12,-8.00,-7.28,14.82
2024/01/01 16:10:54.13,4.13,-8.02,-7.24,14.78
2024/01/01 16:10:54.14,4.14,-8.05,-7.18,14.72
2024/01/01 16:10:54.15,4.15,-8.06,-7.13,14.68
2024/01/01 16:10:54.16,4.16,-8.06,-7.13,14.70
2024/01/01 16:10:54.17,4.17,-8.04,-7.16,14.75
2024/01/01 16:10:54.18,4.18,-8.03,-7.19,14.79
2024/01/01 16:10:54.19,4.19,-8.04,-7.19,14.79
2024/01/01 16:10:54.20,4.20,-8.04,-7.17,14.76
2024/01/01 16:10:54.21,4.21,-8.04,-7.16,14.70
2024/01/01 16:10:54.22,4.22,-8.03,-7.20,14.67
2024/01/01 16:10:54.23,4.23,-8.02,-7.27,14.68
2024/01/01 16:10:54.24,4.24,-8.01,-7.33,14.73
2024/01/01 16:10:54.25,4.25,-8.02,-7.35,14.81
2024/01/01 16:10:54.26,4.26,-8.02,-7.33,14.88
2024/01/01 16:10:54.27,4.27,-8.00,-7.27,14.89
2024/01/01 16:10:54.28,4.28,-7.99,-7.17,14.84
2024/01/01 16:10:54.29,4.29,-8.00,-7.09,14.77
2024/01/01 16:10:54.30,4.30,-8.02,-7.05,14.68
2024/01/01 16:10:54.31,4.31,-8.06,-7.08,14.63
2024/01/01 16:10:54.32,4.32,-8.10,-7.13,14.66
2024/01/01 16:10:54.33,4.33,-8.14,-7.20,14.71
2024/01/01 16:10:54.34,4.34,-8.13,-7.28,14.77
2024/01/01 16:10:54.35,4.35,-8.08,-7.34,14.80
2024/01/01 16:10:54.36,4.36,-8.05,-7.38,14.78
2024/01/01 16:10:54.37,4.37,-8.05,-7.35,14.73
2024/01/01 16:10:54.38,4.38,-8.05,-7.30,14.69
2024/01/01 16:10:54.39,4.39,-8.06,-7.22,14.69
2024/01/01 16:10:54.40,4.40,-8.07,-7.13,14.73
2024/01/01 16:10:54.41,4.41,-8.04,-7.08,14.78
2024/01/01 16:10:54.42,4.42,-8.01,-7.08,14.83
2024/01/01 16:10:54.43,4.43,-8.02,-7.10,14.86
2024/01/01 16:10:54.44,4.44,-8.06,-7.15,14.82
2024/01/01 16:10:54.45,4.45,-8.10,-7.23,14.74
2024/01/01 16:10:54.46,4.46,-8.12,-7.31,14.70
2024/01/01 16:10:54.47,4.47,-8.12,-7.34,14.69
2024/01/01 16:10:54.48,4.48,-8.09,-7.35,14.68
2024/01/01 16:10:54.49,4.49,-8.07,-7.33,14.66
2024/01/01 16:10:54.50,4.50,-8.05,-7.27,14.69
2024/01/01 16:10:54.51,4.51,-8.06,-7.19,14.73
2024/01/01 16:10:54.52,4.52,-8.10,-7.12,14.75
2024/01/01 16:10:54.53,4.53,-8.13,-7.09,14.73
2024/01/01 16:10:54.54,4.54,-8.12,-7.12,14.74
2024/01/01 16:10:54.55,4.55,-8.09,-7.17,14.79
2024/01/01 16:10:54.56,4.56,-8.05,-7.21,14.83
2024/01/01 16:10:54.57,4.57,-8.01,-7.27,14.82
2024/01/01 16:10:54.58,4.58,-7.99,-7.33,14.79
2024/01/01 16:10:54.59,4.59,-7.99,-7.35,14.79
2024/01/01 16:10:54.60,4.60,-8.02,-7.34,14.78
2024/01/01 16:10:54.61,4.61,-8.05,-7.31,14.76
2024/01/01 16:10:54.62,4.62,-8.09,-7.27,14.76
2024/01/01 16:10:54.63,4.63,-8.13,-7.22,14.77
2024/01/01 16:10:54.64,4.64,-8.14,-7.18,14.74
2024/01/01 16:10:54.65,4.65,-8.12,-7.15,14.70
2024/01/01 16:10:54.66,4.66,-8.10,-7.14,14.70
2024/01/01 16:10:54.67,4.67,-8.08,-7.13,14.75
2024/01/01 16:10:54.68,4.68,-8.04,-7.14,14.78
2024/01/01 16:10:54.69,4.69,-7.99,-7.16,14.81
2024/01/01 16:10:54.70,4.70,-7.97,-7.19,14.83
2024/01/01 16:10:54.71,4.71,-7.98,-7.22,14.83
2024/01/01 16:10:54.72,4.72,-7.99,-7.24,14.79
2024/01/01 16:10:54.73,4.73,-7.97,-7.23,14.71
2024/01/01 16:10:54.74,4.74,-7.96,-7.22,14.61
2024/01/01 16:10:54.75,4.75,-7.98,-7.23,14.57
2024/01/01 16:10:54.76,4.76,-8.01,-7.25,14.61
2024/01/01 16:10:54.77,4.77,-8.04,-7.24,14.68
2024/01/01 16:10:54.78,4.78,-8.07,-7.19,14.76
2024/01/01 16:10:54.79,4.79,-8.08,-7.18,14.85
2024/01/01 16:10:54.80,4.80,-8.09,-7.17,14.88
2024/01/01 16:10:54.81,4.81,-8.08,-7.16,14.81
2024/01/01 16:10:54.82,4.82,-8.06,-7.20,14.72
2024/01/01 16:10:54.83,4.83,-8.03,-7.25,14.69
2024/01/01 16:10:54.84,4.84,-8.03,-7.25,14.72
2024/01/01 16:10:54.85,4.85,-8.02,-7.23,14.72
2024/01/01 16:10:54.86,4.86,-8.02,-7.21,14.70
2024/01/01 16:10:54.87,4.87,-8.02,-7.19,14.71
2024/01/01 16:10:54.88,4.88,-8.03,-7.20,14.73
2024/01/01 16:10:54.89,4.89,-8.07,-7.25,14.73
2024/01/01 16:10:54.90,4.90,-8.12,-7.31,14.73
2024/01/01 16:10:54.91,4.91,-8.14,-7.33,14.78
2024/01/01 16:10:54.92,4.92,-8.12,-7.29,14.82
2024/01/01 16:10:54.93,4.93,-8.10,-7.20,14.82
2024/01/01 16:10:54.94,4.94,-8.04,-7.11,14.79
2024/01/01 16:10:54.95,4.95,-7.96,-7.06,14.77
2024/01/01 16:10:54.96,4.96,-7.92,-7.07,14.78
2024/01/01 16:10:54.97,4.97,-7.92,-7.12,14.76
2024/01/01 16:10:54.98,4.98,-7.95,-7.21,14.70
2024/01/01 16:10:54.99,4.99,-8.00,-7.27,14.63
2024/01/01 16:10:55.00,5.00,-8.07,-7.27,14.61
2024/01/01 16:10:55.01,5.01,-8.10,-7.24,14.64
2024/01/01 16:10:55.02,5.02,-8.10,-7.21,14.72
2024/01/01 16:10:55.03,5.03,-8.11,-7.19,14.79
2024/01/01 16:10:55.04,5.04,-8.13,-7.19,14.83
2024/01/01 16:10:55.05,5.05,-8.10,-7.18,14.84
2024/01/01 16:10:55.06,5.06,-8.02,-7.13,14.83
2024/01/01 16:10:55.07,5.07,-7.96,-7.12,14.80
2024/01/01 16:10:55.08,5.08,-7.96,-7.18,14.73
2024/01/01 16:10:55.09,5.09,-7.99,-7.26,14.69
2024/01/01 16:10:55.10,5.10,-8.01,-7.29,14.70
2024/01/01 16:10:55.11,5.11,-8.03,-7.28,14.75
2024/01/01 16:10:55.12,5.12,-8.05,-7.29,14.76
2024/01/01 16:10:55.13,5.13,-8.06,-7.31,14.72
2024/01/01 16:10:55.14,5.14,-8.07,-7.28,14.70
2024/01/01 16:10:55.15,5.15,-8.11,-7.24,14.74
2024/01/01 16:10:55.16,5.16,-8.15,-7.20,14.78
2024/01/01 16:10:55.17,5.17,-8.19,-7.17,14.76
2024/01/01 16:10:55.18,5.18,-8.19,-7.17,14.72
2024/01/01 16:10:55.19,5.19,-8.16,-7.16,14.69
2024/01/01 16:10:55.20,5.20,-8.10,-7.16,14.68
2024/01/01 16:10:55.21,5.21,-8.02,-7.18,14.68
2024/01/01 16:10:55.22,5.22,-7.94,-7.22,14.69
2024/01/01 16:10:55.23,5.23,-7.91,-7.25,14.74
2024/01/01 16:10:55.24,5.24,-7.92,-7.25,14.80
2024/01/01 16:10:55.25,5.25,-7.98,-7.24,14.83
2024/01/01 16:10:55.26,5.26,-8.04,-7.21,14.80
2024/01/01 16:10:55.27,5.27,-8.08,-7.19,14.75
2024/01/01 16:10:55.28,5.28,-8.10,-7.19,14.73
2024/01/01 16:10:55.29,5.29,-8.11,-7.19,14.73
2024/01/01 16:10:55.30,5.30,-8.10,-7.19,14.69
2024/01/01 16:10:55.31,5.31,-8.10,-7.20,14.67
2024/01/01 16:10:55.32,5.32,-8.10,-7.23,14.71
2024/01/01 16:10:55.33,5.33,-8.10,-7.25,14.78
2024/01/01 16:10:55.34,5.34,-8.07,-7.23,14.78
2024/01/01 16:10:55.35,5.35,-8.05,-7.22,14.74
2024/01/01 16:10:55.36,5.36,-8.02,-7.22,14.74
2024/01/01 16:10:55.37,5.37,-7.99,-7.20,14.79
2024/01/01 16:10:55.38,5.38,-7.98,-7.19,14.85
2024/01/01 16:10:55.39,5.39,-8.00,-7.21,14.85
2024/01/01 16:10:55.40,5.40,-8.01,-7.25,14.79
2024/01/01 16:10:55.41,5.41,-7.99,-7.28,14.76
2024/01/01 16:10:55.42,5.42,-7.98,-7.27,14.75
2024/01/01 16:10:55.43,5.43,-8.01,-7.25,14.70
2024/01/01 16:10:55.44,5.44,-8.03,-7.23,14.63
2024/01/01 16:10:55.45,5.45,-8.05,-7.23,14.61
2024/01/01 16:10:55.46,5.46,-8.05,-7.22,14.67
2024/01/01 16:10:55.47,5.47,-8.03,-7.21,14.75
2024/01/01 16:10:55.48,5.48,-8.02,-7.20,14.80
2024/01/01 16:10:55.49,5.49,-8.04,-7.18,14.82
2024/01/01 16:10:55.50,5.50,-8.04,-7.14,14.82
2024/01/01 16:10:55.51,5.51,-8.05,-7.13,14.79
2024/01/01 16:10:55.52,5.52,-8.06,-7.16,14.73
2024/01/01 16:10:55.53,5.53,-8.07,-7.19,14.68
2024/01/01 16:10:55.54,5.54,-8.08,-7.22,14.69
2024/01/01 16:10:55.55,5.55,-8.08,-7.23,14.75
2024/01/01 16:10:55.56,5.56,-8.04,-7.23,14.80
2024/01/01 16:10:55.57,5.57,-7.99,-7.23,14.81
2024/01/01 16:10:55.58,5.58,-7.95,-7.25,14.80
2024/01/01 16:10:55.59,5.59,-7.95,-7.22,14.79
2024/01/01 16:10:55.60,5.60,-7.95,-7.19,14.76
2024/01/01 16:10:55.61,5.61,-7.94,-7.19,14.74
2024/01/01 16:10:55.62,5.62,-7.95,-7.20,14.74
2024/01/01 16:10:55.63,5.63,-7.98,-7.20,14.74
2024/01/01 16:10:55.64,5.64,-8.04,-7.19,14.74
2024/01/01 16:10:55.65,5.65,-8.10,-7.19,14.77
2024/01/01 16:10:55.66,5.66,-8.14,-7.20,14.79
2024/01/01 16:10:55.67,5.67,-8.17,-7.22,14.77
2024/01/01 16:10:55.68,5.68,-8.16,-7.25,14.73
2024/01/01 16:10:55.69,5.69,-8.12,-7.25,14.72
2024/01/01 16:10:55.70,5.70,-8.06,-7.24,14.74
2024/01/01 16:10:55.71,5.71,-8.01,-7.24,14.75
2024/01/01 16:10:55.72,5.72,-7.99,-7.25,14.74
2024/01/01 16:10:55.73,5.73,-7.99,-7.23,14.75
2024/01/01 16:10:55.74,5.74,-8.00,-7.22,14.77
2024/01/01 16:10:55.75,5.75,-8.01,-7.22,14.79
2024/01/01 16:10:55.76,5.76,-8.03,-7.21,14.80
2024/01/01 16:10:55.77,5.77,-8.08,-7.19,14.81
2024/01/01 16:10:55.78,5.78,-8.14,-7.17,14.84
2024/01/01 16:10:55.79,5.79,-8.21,-7.16,14.83
2024/01/01 16:10:55.80,5.80,-8.23,-7.18,14.77
2024/01/01 16:10:55.81,5.81,-8.20,-7.20,14.72
2024/01/01 16:10:55.82,5.82,-8.15,-7.24,14.68
2024/01/01 16:10:55.83,5.83,-8.11,-7.29,14.66
2024/01/01 16:10:55.84,5.84,-8.05,-7.32,14.68
2024/01/01 16:10:55.85,5.85,-8.00,-7.30,14.77
2024/01/01 16:10:55.86,5.86,-7.99,-7.24,14.87
2024/01/01 16:10:55.87,5.87,-8.01,-7.18,14.91
2024/01/01 16:10:55.88,5.88,-8.03,-7.16,14.87
2024/01/01 16:10:55.89,5.89,-8.05,-7.16,14.77
2024/01/01 16:10:55.90,5.90,-8.06,-7.17,14.68
2024/01/01 16:10:55.91,5.91,-8.05,-7.19,14.62
2024/01/01 16:10:55.92,5.92,-8.02,-7.21,14.62
2024/01/01 16:10:55.93,5.93,-8.03,-7.23,14.69
2024/01/01 16:10:55.94,5.94,-8.06,-7.27,14.76
2024/01/01 16:10:55.95,5.95,-8.10,-7.32,14.80
2024/01/01 16:10:55.96,5.96,-8.13,-7.35,14.81
2024/01/01 16:10:55.97,5.97,-8.12,-7.34,14.81
2024/01/01 16:10:55.98,5.98,-8.08,-7.29,14.76
2024/01/01 16:10:55.99,5.99,-8.04,-7.23,14.68
2024/01/01 16:10:56.00,6.00,-8.03,-7.19,14.61
2024/01/01 16:10:56.01,6.01,-8.06,-7.17,14.62
2024/01/01 16:10:56.02,6.02,-8.10,-7.14,14.70
2024/01/01 16:10:56.03,6.03,-8.13,-7.14,14.78
2024/01/01 16:10:56.04,6.04,-8.15,-7.16,14.81
2024/01/01 16:10:56.05,6.05,-8.14,-7.20,14.82
2024/01/01 16:10:56.06,6.06,-8.11,-7.25,14.80
2024/01/01 16:10:56.07,6.07,-8.09,-7.31,14.79
2024/01/01 16:10:56.08,6.08,-8.06,-7.37,14.82
2024/01/01 16:10:56.09,6.09,-8.04,-7.41,14.87
2024/01/01 16:10:56.10,6.10,-8.02,-7.37,14.84
2024/01/01 16:10:56.11,6.11,-8.01,-7.28,14.75
2024/01/01 16:10:56.12,6.12,-8.03,-7.18,14.69
2024/01/01 16:10:56.13,6.13,-8.07,-7.10,14.67
2024/01/01 16:10:56.14,6.14,-8.09,-7.08,14.67
2024/01/01 16:10:56.15,6.15,-8.08,-7.14,14.72
2024/01/01 16:10:56.16,6.16,-8.05,-7.22,14.79
2024/01/01 16:10:56.17,6.17,-8.01,-7.25,14.83
2024/01/01 16:10:56.18,6.18,-7.98,-7.26,14.79
2024/01/01 16:10:56.19,6.19,-7.98,-7.27,14.72
2024/01/01 16:10:56.20,6.20,-8.01,-7.28,14.67
2024/01/01 16:10:56.21,6.21,-8.01,-7.27,14.67
2024/01/01 16:10:56.22,6.22,-8.01,-7.25,14.70
2024/01/01 16:10:56.23,6.23,-8.00,-7.20,14.74
2024/01/01 16:10:56.24,6.24,-7.99,-7.12,14.77
2024/01/01 16:10:56.25,6.25,-7.97,-7.09,14.80
2024/01/01 16:10:56.26,6.26,-7.98,-7.11,14.78
2024/01/01 16:10:56.27,6.27,-8.00,-7.16,14.73
2024/01/01 16:10:56.28,6.28,-7.98,-7.25,14.73
2024/01/01 16:10:56.29,6.29,-7.97,-7.30,14.79
2024/01/01 16:10:56.30,6.30,-7.98,-7.27,14.81
2024/01/01 16:10:56.31,6.31,-7.99,-7.20,14.76
2024/01/01 16:10:56.32,6.32,-8.02,-7.16,14.72
2024/01/01 16:10:56.33,6.33,-8.06,-7.14,14.72
2024/01/01 16:10:56.34,6.34,-8.10,-7.16,14.71
2024/01/01 16:10:56.35,6.35,-8.12,-7.22,14.71
2024/01/01 16:10:56.36,6.36,-8.12,-7.26,14.75
2024/01/01 16:10:56.37,6.37,-8.11,-7.22,14.79
2024/01/01 16:10:56.38,6.38,-8.08,-7.16,14.77
2024/01/01 16:10:56.39,6.39,-8.04,-7.12,14.72
2024/01/01 16:10:56.40,6.40,-8.00,-7.13,14.72
2024/01/01 16:10:56.41,6.41,-7.97,-7.16,14.75
2024/01/01 16:10:56.42,6.42,-7.95,-7.21,14.78
2024/01/01 16:10:56.43,6.43,-7.95,-7.25,14.77
2024/01/01 16:10:56.44,6.44,-7.99,-7.25,14.75
2024/01/01 16:10:56.45,6.45,-8.02,-7.22,14.77
2024/01/01 16:10:56.46,6.46,-8.06,-7.20,14.79
2024/01/01 16:10:56.47,6.47,-8.08,-7.20,14.73
2024/01/01 16:10:56.48,6.48,-8.08,-7.24,14.61
2024/01/01 16:10:56.49,6.49,-8.08,-7.28,14.58
2024/01/01 16:10:56.50,6.50,-8.11,-7.26,14.68
2024/01/01 16:10:56.51,6.51,-8.13,-7.19,14.80
2024/01/01 16:10:56.52,6.52,-8.14,-7.11,14.80
2024/01/01 16:10:56.53,6.53,-8.11,-7.07,14.75
2024/01/01 16:10:56.54,6.54,-8.04,-7.10,14.74
2024/01/01 16:10:56.55,6.55,-7.98,-7.16,14.76
2024/01/01 16:10:56.56,6.56,-7.98,-7.25,14.77
2024/01/01 16:10:56.57,6.57,-8.02,-7.35,14.76
2024/01/01 16:10:56.58,6.58,-8.06,-7.40,14.78
2024/01/01 16:10:56.59,6.59,-8.04,-7.38,14.81
2024/01/01 16:10:56.60,6.60,-8.00,-7.32,14.79
2024/01/01 16:10:56.61,6.61,-8.01,-7.23,14.74
2024/01/01 16:10:56.62,6.62,-8.07,-7.17,14.74
2024/01/01 16:10:56.63,6.63,-8.15,-7.16,14.76
2024/01/01 16:10:56.64,6.64,-8.22,-7.19,14.76
2024/01/01 16:10:56.65,6.65,-8.20,-7.23,14.71
2024/01/01 16:10:56.66,6.66,-8.12,-7.27,14.66
2024/01/01 16:10:56.67,6.67,-8.04,-7.28,14.66
2024/01/01 16:10:56.68,6.68,-7.99,-7.24,14.72
2024/01/01 16:10:56.69,6.69,-7.96,-7.19,14.79
2024/01/01 16:10:56.70,6.70,-7.99,-7.16,14.82
2024/01/01 16:10:56.71,6.71,-8.06,-7.14,14.82
2024/01/01 16:10:56.72,6.72,-8.11,-7.15,14.80
2024/01/01 16:10:56.73,6.73,-8.14,-7.16,14.76
2024/01/01 16:10:56.74,6.74,-8.14,-7.18,14.70
2024/01/01 16:10:56.75,6.75,-8.10,-7.22,14.64
2024/01/01 16:10:56.76,6.76,-8.05,-7.26,14.66
2024/01/01 16:10:56.77,6.77,-8.02,-7.27,14.74
2024/01/01 16:10:56.78,6.78,-7.99,-7.26,14.82
2024/01/01 16:10:56.79,6.79,-7.95,-7.25,14.82
2024/01/01 16:10:56.80,6.80,-7.94,-7.21,14.77
2024/01/01 16:10:56.81,6.81,-7.97,-7.18,14.73
2024/01/01 16:10:56.82,6.82,-8.03,-7.17,14.72
2024/01/01 16:10:56.83,6.83,-8.08,-7.19,14.74
2024/01/01 16:10:56.84,6.84,-8.12,-7.20,14.74
2024/01/01 16:10:56.85,6.85,-8.14,-7.19,14.69
2024/01/01 16:10:56.86,6.86,-8.13,-7.19,14.65
2024/01/01 16:10:56.87,6.87,-8.07,-7.20,14.64
2024/01/01 16:10:56.88,6.88,-8.01,-7.22,14.68
2024/01/01 16:10:56.89,6.89,-7.97,-7.23,14.73
2024/01/01 16:10:56.90,6.90,-7.97,-7.24,14.77
2024/01/01 16:10:56.91,6.91,-7.97,-7.22,14.80
2024/01/01 16:10:56.92,6.92,-7.97,-7.20,14.81
2024/01/01 16:10:56.93,6.93,-7.95,-7.21,14.80
2024/01/01 16:10:56.94,6.94,-7.95,-7.21,14.79
2024/01/01 16:10:56.95,6.95,-7.94,-7.21,14.78
2024/01/01 16:10:56.96,6.96,-7.92,-7.18,14.76
2024/01/01 16:10:56.97,6.97,-7.94,-7.14,14.73
2024/01/01 16:10:56.98,6.98,-8.00,-7.11,14.68
2024/01/01 16:10:56.99,6.99,-8.05,-7.11,14.65
2024/01/01 16:10:57.00,7.00,-8.10,-7.18,14.70
2024/01/01 16:10:57.01,7.01,-8.12,-7.27,14.80
2024/01/01 16:10:57.02,7.02,-8.11,-7.31,14.84
2024/01/01 16:10:57.03,7.03,-8.06,-7.26,14.84
2024/01/01 16:10:57.04,7.04,-8.00,-7.14,14.82
2024/01/01 16:10:57.05,7.05,-7.95,-7.02,14.79
2024/01/01 16:10:57.06,7.06,-7.91,-6.99,14.74
2024/01/01 16:10:57.07,7.07,-7.91,-7.05,14.68
2024/01/01 16:10:57.08,7.08,-7.94,-7.14,14.67
2024/01/01 16:10:57.09,7.09,-7.97,-7.21,14.73
2024/01/01 16:10:57.10,7.10,-8.03,-7.27,14.82
2024/01/01 16:10:57.11,7.11,-8.08,-7.31,14.86
2024/01/01 16:10:57.12,7.12,-8.09,-7.33,14.84
2024/01/01 16:10:57.13,7.13,-8.06,-7.34,14.78
2024/01/01 16:10:57.14,7.14,-8.03,-7.32,14.69
2024/01/01 16:10:57.15,7.15,-8.02,-7.28,14.62
2024/01/01 16:10:57.16,7.16,-8.03,-7.24,14.61
2024/01/01 16:10:57.17,7.17,-8.06,-7.18,14.64
2024/01/01 16:10:57.18,7.18,-8.09,-7.11,14.67
2024/01/01 16:10:57.19,7.19,-8.09,-7.07,14.69
2024/01/01 16:10:57.20,7.20,-8.06,-7.09,14.76
2024/01/01 16:10:57.21,7.21,-8.04,-7.14,14.85
2024/01/01 16:10:57.22,7.22,-8.05,-7.20,14.90
2024/01/01 16:10:57.23,7.23,-8.08,-7.25,14.85
2024/01/01 16:10:57.24,7.24,-8.12,-7.28,14.78
2024/01/01 16:10:57.25,7.25,-8.13,-7.30,14.74
2024/01/01 16:10:57.26,7.26,-8.13,-7.31,14.72
2024/01/01 16:10:57.27,7.27,-8.12,-7.29,14.71
2024/01/01 16:10:57.28,7.28,-8.10,-7.28,14.71
2024/01/01 16:10:57.29,7.29,-8.09,-7.27,14.73
2024/01/01 16:10:57.30,7.30,-8.09,-7.25,14.76
2024/01/01 16:10:57.31,7.31,-8.11,-7.24,14.78
2024/01/01 16:10:57.32,7.32,-8.16,-7.23,14.80
2024/01/01 16:10:57.33,7.33,-8.19,-7.22,14.80
2024/01/01 16:10:57.34,7.34,-8.18,-7.20,14.79
2024/01/01 16:10:57.35,7.35,-8.14,-7.21,14.77
2024/01/01 16:10:57.36,7.36,-8.09,-7.21,14.78
2024/01/01 16:10:57.37,7.37,-8.04,-7.21,14.79
2024/01/01 16:10:57.38,7.38,-8.04,-7.22,14.78
2024/01/01 16:10:57.39,7.39,-8.06,-7.22,14.76
2024/01/01 16:10:57.40,7.40,-8.07,-7.22,14.73
2024/01/01 16:10:57.41,7.41,-8.05,-7.19,14.68
2024/01/01 16:10:57.42,7.42,-8.01,-7.21,14.66
2024/01/01 16:10:57.43,7.43,-7.98,-7.25,14.71
2024/01/01 16:10:57.44,7.44,-7.98,-7.27,14.75
2024/01/01 16:10:57.45,7.45,-7.98,-7.27,14.73
2024/01/01 16:10:57.46,7.46,-8.01,-7.27,14.70
2024/01/01 16:10:57.47,7.47,-8.04,-7.25,14.72
2024/01/01 16:10:57.48,7.48,-8.06,-7.23,14.77
2024/01/01 16:10:57.49,7.49,-8.07,-7.24,14.78
2024/01/01 16:10:57.50,7.50,-8.11,-7.26,14.76
2024/01/01 16:10:57.51,7.51,-8.13,-7.25,14.74
2024/01/01 16:10:57.52,7.52,-8.12,-7.21,14.73
2024/01/01 16:10:57.53,7.53,-8.10,-7.18,14.70
2024/01/01 16:10:57.54,7.54,-8.05,-7.18,14.71
2024/01/01 16:10:57.55,7.55,-8.00,-7.18,14.76
2024/01/01 16:10:57.56,7.56,-7.98,-7.15,14.83
2024/01/01 16:10:57.57,7.57,-8.01,-7.12,14.85
2024/01/01 16:10:57.58,7.58,-8.06,-7.14,14.80
2024/01/01 16:10:57.59,7.59,-8.09,-7.16,14.76
2024/01/01 16:10:57.60,7.60,-8.10,-7.19,14.76
2024/01/01 16:10:57.61,7.61,-8.07,-7.23,14.76
2024/01/01 16:10:57.62,7.62,-8.03,-7.28,14.72
2024/01/01 16:10:57.63,7.63,-8.01,-7.32,14.68
2024/01/01 16:10:57.64,7.64,-8.01,-7.33,14.68
2024/01/01 16:10:57.65,7.65,-8.01,-7.27,14.71
2024/01/01 16:10:57.66,7.66,-8.00,-7.20,14.73
2024/01/01 16:10:57.67,7.67,-8.00,-7.15,14.74
2024/01/01 16:10:57.68,7.68,-7.99,-7.14,14.78
2024/01/01 16:10:57.69,7.69,-7.99,-7.15,14.84
2024/01/01 16:10:57.70,7.70,-7.99,-7.15,14.86
2024/01/01 16:10:57.71,7.71,-7.99,-7.12,14.84
2024/01/01 16:10:57.72,7.72,-7.96,-7.09,14.79
2024/01/01 16:10:57.73,7.73,-7.93,-7.11,14.71
2024/01/01 16:10:57.74,7.74,-7.92,-7.18,14.65
2024/01/01 16:10:57.75,7.75,-7.92,-7.29,14.64
2024/01/01 16:10:57.76,7.76,-7.95,-7.37,14.70
2024/01/01 16:10:57.77,7.77,-8.00,-7.37,14.79
2024/01/01 16:10:57.78,7.78,-8.07,-7.32,14.82
2024/01/01 16:10:57.79,7.79,-8.11,-7.23,14.79
2024/01/01 16:10:57.80,7.80,-8.13,-7.15,14.74
2024/01/01 16:10:57.81,7.81,-8.12,-7.12,14.69
2024/01/01 16:10:57.82,7.82,-8.11,-7.13,14.67
2024/01/01 16:10:57.83,7.83,-8.09,-7.16,14.68
2024/01/01 16:10:57.84,7.84,-8.07,-7.20,14.72
2024/01/01 16:10:57.85,7.85,-8.07,-7.20,14.80
2024/01/01 16:10:57.86,7.86,-8.09,-7.18,14.87
2024/01/01 16:10:57.87,7.87,-8.09,-7.17,14.88
2024/01/01 16:10:57.88,7.88,-8.08,-7.19,14.81
2024/01/01 16:10:57.89,7.89,-8.06,-7.23,14.71
2024/01/01 16:10:57.90,7.90,-8.02,-7.27,14.64
2024/01/01 16:10:57.91,7.91,-7.98,-7.27,14.65
2024/01/01 16:10:57.92,7.92,-7.98,-7.24,14.70
2024/01/01 16:10:57.93,7.93,-8.01,-7.21,14.75
2024/01/01 16:10:57.94,7.94,-8.06,-7.19,14.77
2024/01/01 16:10:57.95,7.95,-8.12,-7.19,14.77
2024/01/01 16:10:57.96,7.96,-8.16,-7.21,14.73
2024/01/01 16:10:57.97,7.97,-8.15,-7.25,14.68
2024/01/01 16:10:57.98,7.98,-8.10,-7.29,14.63
2024/01/01 16:10:57.99,7.99,-8.06,-7.30,14.62
2024/01/01 16:10:58.00,8.00,-8.04,-7.28,14.67
2024/01/01 16:10:58.01,8.01,-8.05,-7.25,14.76
2024/01/01 16:10:58.02,8.02,-8.06,-7.22,14.87
2024/01/01 16:10:58.03,8.03,-8.08,-7.20,14.94
2024/01/01 16:10:58.04,8.04,-8.07,-7.20,14.91
2024/01/01 16:10:58.05,8.05,-8.06,-7.21,14.83
2024/01/01 16:10:58.06,8.06,-8.08,-7.23,14.73
2024/01/01 16:10:58.07,8.07,-8.12,-7.24,14.67
2024/01/01 16:10:58.08,8.08,-8.14,-7.24,14.65
2024/01/01 16:10:58.09,8.09,-8.14,-7.23,14.64
2024/01/01 16:10:58.10,8.10,-8.08,-7.24,14.61
2024/01/01 16:10:58.11,8.11,-8.02,-7.27,14.60
2024/01/01 16:10:58.12,8.12,-8.00,-7.32,14.70
2024/01/01 16:10:58.13,8.13,-8.01,-7.33,14.83
2024/01/01 16:10:58.14,8.14,-8.03,-7.28,14.88
2024/01/01 16:10:58.15,8.15,-8.05,-7.23,14.84
2024/01/01 16:10:58.16,8.16,-8.05,-7.19,14.84
2024/01/01 16:10:58.17,8.17,-8.04,-7.16,14.86
2024/01/01 16:10:58.18,8.18,-8.03,-7.12,14.84
2024/01/01 16:10:58.19,8.19,-8.02,-7.10,14.77
2024/01/01 16:10:58.20,8.20,-8.01,-7.08,14.69
2024/01/01 16:10:58.21,8.21,-7.97,-7.07,14.67
2024/01/01 16:10:58.22,8.22,-7.95,-7.12,14.68
2024/01/01 16:10:58.23,8.23,-7.98,-7.21,14.67
2024/01/01 16:10:58.24,8.24,-8.01,-7.31,14.69
2024/01/01 16:10:58.25,8.25,-8.04,-7.36,14.76
2024/01/01 16:10:58.26,8.26,-8.09,-7.34,14.82
2024/01/01 16:10:58.27,8.27,-8.12,-7.24,14.79
2024/01/01 16:10:58.28,8.28,-8.07,-7.14,14.73
2024/01/01 16:10:58.29,8.29,-8.03,-7.10,14.72
2024/01/01 16:10:58.30,8.30,-7.99,-7.07,14.75
2024/01/01 16:10:58.31,8.31,-7.95,-7.08,14.75
2024/01/01 16:10:58.32,8.32,-7.97,-7.13,14.71
2024/01/01 16:10:58.33,8.33,-8.04,-7.21,14.69
2024/01/01 16:10:58.34,8.34,-8.08,-7.30,14.71
2024/01/01 16:10:58.35,8.35,-8.08,-7.37,14.72
2024/01/01 16:10:58.36,8.36,-8.03,-7.39,14.72
2024/01/01 16:10:58.37,8.37,-7.95,-7.35,14.74
2024/01/01 16:10:58.38,8.38,-7.90,-7.24,14.80
2024/01/01 16:10:58.39,8.39,-7.91,-7.12,14.85
2024/01/01 16:10:58.40,8.40,-7.96,-7.04,14.85
2024/01/01 16:10:58.41,8.41,-8.02,-7.02,14.82
2024/01/01 16:10:58.42,8.42,-8.09,-7.00,14.77
2024/01/01 16:10:58.43,8.43,-8.15,-7.00,14.71
2024/01/01 16:10:58.44,8.44,-8.15,-7.06,14.68
2024/01/01 16:10:58.45,8.45,-8.10,-7.18,14.71
2024/01/01 16:10:58.46,8.46,-8.03,-7.27,14.76
2024/01/01 16:10:58.47,8.47,-7.97,-7.32,14.83
2024/01/01 16:10:58.48,8.48,-7.92,-7.35,14.88
2024/01/01 16:10:58.49,8.49,-7.91,-7.36,14.91
2024/01/01 16:10:58.50,8.50,-7.93,-7.36,14.87
2024/01/01 16:10:58.51,8.51,-7.99,-7.33,14.80
2024/01/01 16:10:58.52,8.52,-8.04,-7.23,14.72
2024/01/01 16:10:58.53,8.53,-8.09,-7.13,14.65
2024/01/01 16:10:58.54,8.54,-8.13,-7.09,14.64
2024/01/01 16:10:58.55,8.55,-8.14,-7.12,14.69
2024/01/01 16:10:58.56,8.56,-8.15,-7.17,14.76
2024/01/01 16:10:58.57,8.57,-8.16,-7.21,14.80
2024/01/01 16:10:58.58,8.58,-8.17,-7.26,14.79
2024/01/01 16:10:58.59,8.59,-8.14,-7.28,14.75
2024/01/01 16:10:58.60,8.60,-8.10,-7.28,14.69
2024/01/01 16:10:58.61,8.61,-8.07,-7.28,14.65
2024/01/01 16:10:58.62,8.62,-8.05,-7.28,14.67
2024/01/01 16:10:58.63,8.63,-8.04,-7.27,14.72
2024/01/01 16:10:58.64,8.64,-8.05,-7.25,14.76
2024/01/01 16:10:58.65,8.65,-8.09,-7.23,14.82
2024/01/01 16:10:58.66,8.66,-8.13,-7.22,14.89
2024/01/01 16:10:58.67,8.67,-8.15,-7.23,14.91
2024/01/01 16:10:58.68,8.68,-8.17,-7.24,14.83
2024/01/01 16:10:58.69,8.69,-8.19,-7.26,14.70
2024/01/01 16:10:58.70,8.70,-8.15,-7.28,14.62
2024/01/01 16:10:58.71,8.71,-8.10,-7.27,14.59
2024/01/01 16:10:58.72,8.72,-8.05,-7.26,14.60
2024/01/01 16:10:58.73,8.73,-8.03,-7.30,14.67
2024/01/01 16:10:58.74,8.74,-8.02,-7.28,14.75
2024/01/01 16:10:58.75,8.75,-8.02,-7.21,14.79
2024/01/01 16:10:58.76,8.76,-8.01,-7.15,14.80
2024/01/01 16:10:58.77,8.77,-8.03,-7.14,14.82
2024/01/01 16:10:58.78,8.78,-8.08,-7.14,14.80
2024/01/01 16:10:58.79,8.79,-8.10,-7.15,14.71
2024/01/01 16:10:58.80,8.80,-8.08,-7.20,14.67
2024/01/01 16:10:58.81,8.81,-8.05,-7.25,14.71
2024/01/01 16:10:58.82,8.82,-8.03,-7.26,14.79
2024/01/01 16:10:58.83,8.83,-8.03,-7.31,14.88
2024/01/01 16:10:58.84,8.84,-8.05,-7.35,14.97
2024/01/01 16:10:58.85,8.85,-8.05,-7.34,14.98
2024/01/01 16:10:58.86,8.86,-8.04,-7.32,14.88
2024/01/01 16:10:58.87,8.87,-8.03,-7.29,14.74
2024/01/01 16:10:58.88,8.88,-8.02,-7.22,14.66
2024/01/01 16:10:58.89,8.89,-8.00,-7.11,14.66
2024/01/01 16:10:58.90,8.90,-8.00,-7.06,14.73
2024/01/01 16:10:58.91,8.91,-8.03,-7.06,14.83
2024/01/01 16:10:58.92,8.92,-8.04,-7.10,14.87
2024/01/01 16:10:58.93,8.93,-8.07,-7.15,14.82
2024/01/01 16:10:58.94,8.94,-8.08,-7.21,14.75
2024/01/01 16:10:58.95,8.95,-8.07,-7.27,14.69
2024/01/01 16:10:58.96,8.96,-8.01,-7.30,14.65
2024/01/01 16:10:58.97,8.97,-7.98,-7.31,14.65
2024/01/01 16:10:58.98,8.98,-7.98,-7.28,14.72
2024/01/01 16:10:58.99,8.99,-7.97,-7.19,14.80
2024/01/01 16:10:59.00,9.00,-7.95,-7.08,14.79
2024/01/01 16:10:59.01,9.01,-7.97,-7.00,14.67
2024/01/01 16:10:59.02,9.02,-7.97,-7.02,14.58
2024/01/01 16:10:59.03,9.03,-7.95,-7.10,14.62
2024/01/01 16:10:59.04,9.04,-7.98,-7.16,14.73
2024/01/01 16:10:59.05,9.05,-8.06,-7.20,14.81
2024/01/01 16:10:59.06,9.06,-8.10,-7.22,14.83
2024/01/01 16:10:59.07,9.07,-8.08,-7.22,14.84
2024/01/01 16:10:59.08,9.08,-8.04,-7.25,14.80
2024/01/01 16:10:59.09,9.09,-8.03,-7.30,14.68
2024/01/01 16:10:59.10,9.10,-8.04,-7.35,14.55
2024/01/01 16:10:59.11,9.11,-8.08,-7.35,14.56
2024/01/01 16:10:59.12,9.12,-8.15,-7.27,14.70
2024/01/01 16:10:59.13,9.13,-8.19,-7.17,14.87
2024/01/01 16:10:59.14,9.14,-8.16,-7.08,14.94
2024/01/01 16:10:59.15,9.15,-8.10,-7.06,14.94
2024/01/01 16:10:59.16,9.16,-8.04,-7.08,14.92
2024/01/01 16:10:59.17,9.17,-7.99,-7.14,14.85
2024/01/01 16:10:59.18,9.18,-7.97,-7.23,14.75
2024/01/01 16:10:59.19,9.19,-8.00,-7.31,14.74
2024/01/01 16:10:59.20,9.20,-8.06,-7.36,14.82
2024/01/01 16:10:59.21,9.21,-8.07,-7.34,14.85
2024/01/01 16:10:59.22,9.22,-8.07,-7.28,14.77
2024/01/01 16:10:59.23,9.23,-8.08,-7.22,14.70
2024/01/01 16:10:59.24,9.24,-8.11,-7.15,14.72
2024/01/01 16:10:59.25,9.25,-8.17,-7.10,14.78
2024/01/01 16:10:59.26,9.26,-8.23,-7.12,14.83
2024/01/01 16:10:59.27,9.27,-8.24,-7.21,14.86
2024/01/01 16:10:59.28,9.28,-8.19,-7.26,14.85
2024/01/01 16:10:59.29,9.29,-8.11,-7.25,14.79
2024/01/01 16:10:59.30,9.30,-8.03,-7.22,14.73
2024/01/01 16:10:59.31,9.31,-7.98,-7.19,14.73
2024/01/01 16:10:59.32,9.32,-7.97,-7.22,14.78
2024/01/01 16:10:59.33,9.33,-8.01,-7.31,14.81
2024/01/01 16:10:59.34,9.34,-8.07,-7.39,14.83
2024/01/01 16:10:59.35,9.35,-8.11,-7.42,14.79
2024/01/01 16:10:59.36,9.36,-8.12,-7.40,14.72
2024/01/01 16:10:59.37,9.37,-8.15,-7.35,14.65
2024/01/01 16:10:59.38,9.38,-8.19,-7.28,14.64
2024/01/01 16:10:59.39,9.39,-8.22,-7.24,14.69
2024/01/01 16:10:59.40,9.40,-8.25,-7.23,14.76
2024/01/01 16:10:59.41,9.41,-8.26,-7.22,14.81
2024/01/01 16:10:59.42,9.42,-8.25,-7.21,14.83
2024/01/01 16:10:59.43,9.43,-8.24,-7.21,14.79
2024/01/01 16:10:59.44,9.44,-8.20,-7.25,14.74
2024/01/01 16:10:59.45,9.45,-8.14,-7.35,14.73
2024/01/01 16:10:59.46,9.46,-8.07,-7.43,14.78
2024/01/01 16:10:59.47,9.47,-8.01,-7.44,14.81
2024/01/01 16:10:59.48,9.48,-7.98,-7.41,14.81
2024/01/01 16:10:59.49,9.49,-7.97,-7.36,14.78
2024/01/01 16:10:59.50,9.50,-7.97,-7.30,14.73
2024/01/01 16:10:59.51,9.51,-8.01,-7.25,14.68
2024/01/01 16:10:59.52,9.52,-8.08,-7.26,14.70
2024/01/01 16:10:59.53,9.53,-8.13,-7.31,14.76
2024/01/01 16:10:59.54,9.54,-8.18,-7.39,14.82
2024/01/01 16:10:59.55,9.55,-8.20,-7.44,14.84
2024/01/01 16:10:59.56,9.56,-8.14,-7.41,14.81
2024/01/01 16:10:59.57,9.57,-8.01,-7.30,14.73
2024/01/01 16:10:59.58,9.58,-7.91,-7.15,14.69
2024/01/01 16:10:59.59,9.59,-7.89,-7.04,14.71
2024/01/01 16:10:59.60,9.60,-7.96,-7.00,14.72
2024/01/01 16:10:59.61,9.61,-8.05,-7.08,14.66
2024/01/01 16:10:59.62,9.62,-8.09,-7.22,14.61
2024/01/01 16:10:59.63,9.63,-8.06,-7.32,14.64
2024/01/01 16:10:59.64,9.64,-7.96,-7.32,14.71
2024/01/01 16:10:59.65,9.65,-7.89,-7.26,14.74
2024/01/01 16:10:59.66,9.66,-7.90,-7.19,14.74
2024/01/01 16:10:59.67,9.67,-7.94,-7.13,14.75
2024/01/01 16:10:59.68,9.68,-7.97,-7.12,14.75
2024/01/01 16:10:59.69,9.69,-7.99,-7.16,14.72
2024/01/01 16:10:59.70,9.70,-8.00,-7.25,14.69
2024/01/01 16:10:59.71,9.71,-7.97,-7.28,14.69
2024/01/01 16:10:59.72,9.72,-7.97,-7.20,14.70
2024/01/01 16:10:59.73,9.73,-7.99,-7.10,14.69
2024/01/01 16:10:59.74,9.74,-7.98,-7.06,14.66
2024/01/01 16:10:59.75,9.75,-7.98,-7.06,14.64
2024/01/01 16:10:59.76,9.76,-8.01,-7.06,14.63
2024/01/01 16:10:59.77,9.77,-8.04,-7.08,14.63
2024/01/01 16:10:59.78,9.78,-8.05,-7.08,14.61
2024/01/01 16:10:59.79,9.79,-8.03,-7.04,14.62
2024/01/01 16:10:59.80,9.80,-8.02,-7.01,14.70
2024/01/01 16:10:59.81,9.81,-8.03,-7.00,14.83
2024/01/01 16:10:59.82,9.82,-8.02,-7.01,14.88
2024/01/01 16:10:59.83,9.83,-8.01,-7.08,14.85
2024/01/01 16:10:59.84,9.84,-8.01,-7.15,14.80
2024/01/01 16:10:59.85,9.85,-7.98,-7.17,14.73
2024/01/01 16:10:59.86,9.86,-7.94,-7.17,14.68
2024/01/01 16:10:59.87,9.87,-7.93,-7.16,14.69
2024/01/01 16:10:59.88,9.88,-7.91,-7.13,14.73
2024/01/01 16:10:59.89,9.89,-7.88,-7.11,14.77
2024/01/01 16:10:59.90,9.90,-7.89,-7.12,14.83
2024/01/01 16:10:59.91,9.91,-7.92,-7.14,14.94
2024/01/01 16:10:59.92,9.92,-7.95,-7.13,15.03
2024/01/01 16:10:59.93,9.93,-7.99,-7.05,14.98
2024/01/01 16:10:59.94,9.94,-8.04,-6.96,14.82
2024/01/01 16:10:59.95,9.95,-8.07,-6.94,14.66
2024/01/01 16:10:59.96,9.96,-8.05,-6.98,14.59
2024/01/01 16:10:59.97,9.97,-8.00,-7.08,14.59
2024/01/01 16:10:59.98,9.98,-7.95,-7.17,14.61
2024/01/01 16:10:59.99,9.99,-7.93,-7.23,14.67
2024/01/01 16:11:00.00,10.00,-7.90,-7.26,14.79
2024/01/01 16:11:00.01,10.01,-7.91,-7.28,14.89
2024/01/01 16:11:00.02,10.02,-7.96,-7.31,14.91
2024/01/01 16:11:00.03,10.03,-8.02,-7.35,14.86
2024/01/01 16:11:00.04,10.04,-8.07,-7.35,14.79
2024/01/01 16:11:00.05,10.05,-8.11,-7.28,14.76
2024/01/01 16:11:00.06,10.06,-8.11,-7.18,14.77
2024/01/01 16:11:00.07,10.07,-8.12,-7.10,14.79
2024/01/01 16:11:00.08,10.08,-8.17,-7.07,14.80
2024/01/01 16:11:00.09,10.09,-8.21,-7.13,14.83
2024/01/01 16:11:00.10,10.10,-8.22,-7.25,14.86
2024/01/01 16:11:00.11,10.11,-8.23,-7.41,14.86
2024/01/01 16:11:00.12,10.12,-8.24,-7.57,14.79
2024/01/01 16:11:00.13,10.13,-8.25,-7.68,14.75
2024/01/01 16:11:00.14,10.14,-8.22,-7.68,14.73
2024/01/01 16:11:00.15,10.15,-8.17,-7.57,14.68
2024/01/01 16:11:00.16,10.16,-8.13,-7.44,14.62
2024/01/01 16:11:00.17,10.17,-8.11,-7.34,14.62
2024/01/01 16:11:00.18,10.18,-8.13,-7.26,14.68
2024/01/01 16:11:00.19,10.19,-8.17,-7.24,14.72
2024/01/01 16:11:00.20,10.20,-8.20,-7.27,14.71
2024/01/01 16:11:00.21,10.21,-8.19,-7.28,14.68
2024/01/01 16:11:00.22,10.22,-8.14,-7.30,14.68
2024/01/01 16:11:00.23,10.23,-8.11,-7.36,14.68
2024/01/01 16:11:00.24,10.24,-8.09,-7.44,14.69
2024/01/01 16:11:00.25,10.25,-8.07,-7.51,14.65
2024/01/01 16:11:00.26,10.26,-8.06,-7.51,14.59
2024/01/01 16:11:00.27,10.27,-8.09,-7.47,14.56
2024/01/01 16:11:00.28,10.28,-8.16,-7.43,14.57
2024/01/01 16:11:00.29,10.29,-8.24,-7.41,14.62
2024/01/01 16:11:00.30,10.30,-8.30,-7.40,14.73
2024/01/01 16:11:00.31,10.31,-8.33,-7.37,14.85
2024/01/01 16:11:00.32,10.32,-8.28,-7.27,14.92
2024/01/01 16:11:00.33,10.33,-8.20,-7.17,14.90
2024/01/01 16:11:00.34,10.34,-8.13,-7.11,14.83
2024/01/01 16:11:00.35,10.35,-8.08,-7.12,14.75
2024/01/01 16:11:00.36,10.36,-8.01,-7.21,14.68
2024/01/01 16:11:00.37,10.37,-7.97,-7.34,14.65
2024/01/01 16:11:00.38,10.38,-7.99,-7.40,14.70
2024/01/01 16:11:00.39,10.39,-8.00,-7.37,14.78
2024/01/01 16:11:00.40,10.40,-8.01,-7.28,14.84
2024/01/01 16:11:00.41,10.41,-8.02,-7.20,14.85
2024/01/01 16:11:00.42,10.42,-8.02,-7.15,14.79
2024/01/01 16:11:00.43,10.43,-7.99,-7.11,14.70
2024/01/01 16:11:00.44,10.44,-7.95,-7.04,14.65
2024/01/01 16:11:00.45,10.45,-7.91,-6.93,14.67
2024/01/01 16:11:00.46,10.46,-7.87,-6.81,14.68
2024/01/01 16:11:00.47,10.47,-7.84,-6.75,14.64
2024/01/01 16:11:00.48,10.48,-7.81,-6.77,14.60
2024/01/01 16:11:00.49,10.49,-7.76,-6.88,14.63
2024/01/01 16:11:00.50,10.50,-7.70,-7.00,14.69
2024/01/01 16:11:00.51,10.51,-7.67,-7.09,14.72
2024/01/01 16:11:00.52,10.52,-7.69,-7.14,14.75
2024/01/01 16:11:00.53,10.53,-7.74,-7.15,14.75
2024/01/01 16:11:00.54,10.54,-7.79,-7.07,14.70
2024/01/01 16:11:00.55,10.55,-7.84,-6.97,14.60
2024/01/01 16:11:00.56,10.56,-7.87,-6.89,14.55
2024/01/01 16:11:00.57,10.57,-7.89,-6.83,14.61
2024/01/01 16:11:00.58,10.58,-7.90,-6.79,14.71
2024/01/01 16:11:00.59,10.59,-7.92,-6.80,14.77
2024/01/01 16:11:00.60,10.60,-7.92,-6.85,14.79
2024/01/01 16:11:00.61,10.61,-7.90,-6.94,14.83
2024/01/01 16:11:00.62,10.62,-7.89,-7.07,14.87
2024/01/01 16:11:00.63,10.63,-7.88,-7.17,14.84
2024/01/01 16:11:00.64,10.64,-7.87,-7.22,14.77
2024/01/01 16:11:00.65,10.65,-7.88,-7.19,14.72
2024/01/01 16:11:00.66,10.66,-7.92,-7.08,14.70
2024/01/01 16:11:00.67,10.67,-7.96,-6.97,14.69
2024/01/01 16:11:00.68,10.68,-7.96,-6.90,14.72
2024/01/01 16:11:00.69,10.69,-7.96,-6.88,14.81
2024/01/01 16:11:00.70,10.70,-7.99,-6.92,14.87
2024/01/01 16:11:00.71,10.71,-8.00,-7.03,14.83
2024/01/01 16:11:00.72,10.72,-7.98,-7.17,14.75
2024/01/01 16:11:00.73,10.73,-7.92,-7.30,14.71
2024/01/01 16:11:00.74,10.74,-7.85,-7.38,14.70
2024/01/01 16:11:00.75,10.75,-7.83,-7.40,14.65
2024/01/01 16:11:00.76,10.76,-7.87,-7.36,14.60
2024/01/01 16:11:00.77,10.77,-7.96,-7.29,14.61
2024/01/01 16:11:00.78,10.78,-8.10,-7.21,14.65
2024/01/01 16:11:00.79,10.79,-8.22,-7.17,14.68
2024/01/01 16:11:00.80,10.80,-8.28,-7.21,14.71
2024/01/01 16:11:00.81,10.81,-8.29,-7.28,14.76
2024/01/01 16:11:00.82,10.82,-8.28,-7.33,14.81
2024/01/01 16:11:00.83,10.83,-8.25,-7.36,14.81
2024/01/01 16:11:00.84,10.84,-8.23,-7.39,14.79
2024/01/01 16:11:00.85,10.85,-8.26,-7.40,14.78
2024/01/01 16:11:00.86,10.86,-8.29,-7.41,14.79
2024/01/01 16:11:00.87,10.87,-8.33,-7.47,14.78
2024/01/01 16:11:00.88,10.88,-8.36,-7.54,14.79
2024/01/01 16:11:00.89,10.89,-8.36,-7.59,14.87
2024/01/01 16:11:00.90,10.90,-8.37,-7.57,14.96
2024/01/01 16:11:00.91,10.91,-8.41,-7.48,14.99
2024/01/01 16:11:00.92,10.92,-8.45,-7.41,14.92
2024/01/01 16:11:00.93,10.93,-8.47,-7.41,14.83
2024/01/01 16:11:00.94,10.94,-8.45,-7.46,14.74
2024/01/01 16:11:00.95,10.95,-8.40,-7.52,14.67
2024/01/01 16:11:00.96,10.96,-8.35,-7.54,14.69
2024/01/01 16:11:00.97,10.97,-8.31,-7.48,14.82
2024/01/01 16:11:00.98,10.98,-8.25,-7.39,14.89
2024/01/01 16:11:00.99,10.99,-8.17,-7.34,14.82
2024/01/01 16:11:01.00,11.00,-8.08,-7.36,14.75
2024/01/01 16:11:01.01,11.01,-8.03,-7.39,14.78
2024/01/01 16:11:01.02,11.02,-8.04,-7.37,14.82
2024/01/01 16:11:01.03,11.03,-8.10,-7.33,14.78
2024/01/01 16:11:01.04,11.04,-8.17,-7.31,14.73
2024/01/01 16:11:01.05,11.05,-8.23,-7.27,14.75
2024/01/01 16:11:01.06,11.06,-8.24,-7.23,14.83
2024/01/01 16:11:01.07,11.07,-8.21,-7.24,14.90
2024/01/01 16:11:01.08,11.08,-8.16,-7.28,14.90
2024/01/01 16:11:01.09,11.09,-8.10,-7.33,14.84
2024/01/01 16:11:01.10,11.10,-8.05,-7.37,14.76
2024/01/01 16:11:01.11,11.11,-8.03,-7.38,14.68
2024/01/01 16:11:01.12,11.12,-8.01,-7.32,14.62
2024/01/01 16:11:01.13,11.13,-7.97,-7.26,14.60
2024/01/01 16:11:01.14,11.14,-7.92,-7.22,14.68
2024/01/01 16:11:01.15,11.15,-7.89,-7.16,14.82
2024/01/01 16:11:01.16,11.16,-7.90,-7.10,14.92
2024/01/01 16:11:01.17,11.17,-7.94,-7.05,14.98
2024/01/01 16:11:01.18,11.18,-7.96,-7.01,14.98
2024/01/01 16:11:01.19,11.19,-7.90,-7.00,14.88
2024/01/01 16:11:01.20,11.20,-7.79,-7.04,14.73
2024/01/01 16:11:01.21,11.21,-7.71,-7.10,14.66
2024/01/01 16:11:01.22,11.22,-7.66,-7.15,14.68
2024/01/01 16:11:01.23,11.23,-7.63,-7.16,14.74
2024/01/01 16:11:01.24,11.24,-7.63,-7.13,14.79
2024/01/01 16:11:01.25,11.25,-7.66,-7.06,14.78
2024/01/01 16:11:01.26,11.26,-7.70,-6.97,14.75
2024/01/01 16:11:01.27,11.27,-7.74,-6.89,14.73
2024/01/01 16:11:01.28,11.28,-7.81,-6.85,14.73
2024/01/01 16:11:01.29,11.29,-7.88,-6.85,14.72
2024/01/01 16:11:01.30,11.30,-7.92,-6.89,14.73
2024/01/01 16:11:01.31,11.31,-7.95,-6.95,14.78
2024/01/01 16:11:01.32,11.32,-7.97,-7.00,14.85
2024/01/01 16:11:01.33,11.33,-7.95,-7.04,14.90
2024/01/01 16:11:01.34,11.34,-7.91,-7.13,14.91
2024/01/01 16:11:01.35,11.35,-7.89,-7.19,14.87
2024/01/01 16:11:01.36,11.36,-7.91,-7.20,14.82
2024/01/01 16:11:01.37,11.37,-7.97,-7.19,14.80
2024/01/01 16:11:01.38,11.38,-8.03,-7.16,14.80
2024/01/01 16:11:01.39,11.39,-8.06,-7.14,14.78
2024/01/01 16:11:01.40,11.40,-8.04,-7.17,14.74
2024/01/01 16:11:01.41,11.41,-8.02,-7.20,14.69
2024/01/01 16:11:01.42,11.42,-8.05,-7.19,14.64
2024/01/01 16:11:01.43,11.43,-8.12,-7.19,14.64
2024/01/01 16:11:01.44,11.44,-8.18,-7.23,14.74
2024/01/01 16:11:01.45,11.45,-8.25,-7.29,14.85
2024/01/01 16:11:01.46,11.46,-8.30,-7.37,14.87
2024/01/01 16:11:01.47,11.47,-8.30,-7.50,14.83
2024/01/01 16:11:01.48,11.48,-8.26,-7.56,14.83
2024/01/01 16:11:01.49,11.49,-8.22,-7.49,14.84
2024/01/01 16:11:01.50,11.50,-8.19,-7.35,14.80
2024/01/01 16:11:01.51,11.51,-8.23,-7.20,14.72
2024/01/01 16:11:01.52,11.52,-8.30,-7.07,14.64
2024/01/01 16:11:01.53,11.53,-8.36,-7.04,14.62
2024/01/01 16:11:01.54,11.54,-8.39,-7.16,14.66
2024/01/01 16:11:01.55,11.55,-8.42,-7.35,14.75
2024/01/01 16:11:01.56,11.56,-8.43,-7.52,14.81
2024/01/01 16:11:01.57,11.57,-8.44,-7.66,14.81
2024/01/01 16:11:01.58,11.58,-8.47,-7.71,14.77
2024/01/01 16:11:01.59,11.59,-8.45,-7.66,14.73
2024/01/01 16:11:01.60,11.60,-8.41,-7.56,14.66
2024/01/01 16:11:01.61,11.61,-8.40,-7.45,14.62
2024/01/01 16:11:01.62,11.62,-8.41,-7.37,14.65
2024/01/01 16:11:01.63,11.63,-8.41,-7.30,14.69
2024/01/01 16:11:01.64,11.64,-8.43,-7.24,14.67
2024/01/01 16:11:01.65,11.65,-8.40,-7.23,14.67
2024/01/01 16:11:01.66,11.66,-8.33,-7.30,14.77
2024/01/01 16:11:01.67,11.67,-8.27,-7.37,14.87
2024/01/01 16:11:01.68,11.68,-8.22,-7.43,14.82
2024/01/01 16:11:01.69,11.69,-8.17,-7.55,14.70
2024/01/01 16:11:01.70,11.70,-8.14,-7.64,14.65
2024/01/01 16:11:01.71,11.71,-8.13,-7.64,14.65
2024/01/01 16:11:01.72,11.72,-8.15,-7.57,14.64
2024/01/01 16:11:01.73,11.73,-8.16,-7.47,14.63
2024/01/01 16:11:01.74,11.74,-8.13,-7.35,14.64
2024/01/01 16:11:01.75,11.75,-8.06,-7.25,14.66
2024/01/01 16:11:01.76,11.76,-7.98,-7.20,14.68
2024/01/01 16:11:01.77,11.77,-7.90,-7.19,14.71
2024/01/01 16:11:01.78,11.78,-7.85,-7.18,14.70
2024/01/01 16:11:01.79,11.79,-7.84,-7.16,14.67
2024/01/01 16:11:01.80,11.80,-7.84,-7.12,14.66
2024/01/01 16:11:01.81,11.81,-7.79,-7.03,14.65
2024/01/01 16:11:01.82,11.82,-7.71,-6.91,14.62
2024/01/01 16:11:01.83,11.83,-7.68,-6.83,14.63
2024/01/01 16:11:01.84,11.84,-7.67,-6.84,14.67
2024/01/01 16:11:01.85,11.85,-7.66,-6.91,14.70
2024/01/01 16:11:01.86,11.86,-7.65,-7.00,14.71
2024/01/01 16:11:01.87,11.87,-7.65,-7.07,14.76
2024/01/01 16:11:01.88,11.88,-7.63,-7.06,14.86
2024/01/01 16:11:01.89,11.89,-7.59,-6.97,14.93
2024/01/01 16:11:01.90,11.90,-7.56,-6.88,14.91
2024/01/01 16:11:01.91,11.91,-7.54,-6.83,14.79
2024/01/01 16:11:01.92,11.92,-7.52,-6.82,14.63
2024/01/01 16:11:01.93,11.93,-7.53,-6.86,14.53
2024/01/01 16:11:01.94,11.94,-7.60,-6.98,14.51
2024/01/01 16:11:01.95,11.95,-7.68,-7.14,14.49
2024/01/01 16:11:01.96,11.96,-7.73,-7.28,14.51
2024/01/01 16:11:01.97,11.97,-7.75,-7.33,14.65
2024/01/01 16:11:01.98,11.98,-7.78,-7.22,14.86
2024/01/01 16:11:01.99,11.99,-7.78,-7.01,14.98
2024/01/01 16:11:02.00,12.00,-7.76,-6.79,14.98
2024/01/01 16:11:02.01,12.01,-7.77,-6.67,14.94
2024/01/01 16:11:02.02,12.02,-7.80,-6.63,14.89
2024/01/01 16:11:02.03,12.03,-7.84,-6.70,14.75
2024/01/01 16:11:02.04,12.04,-7.90,-6.86,14.61
2024/01/01 16:11:02.05,12.05,-7.98,-7.07,14.62
2024/01/01 16:11:02.06,12.06,-8.03,-7.22,14.76
2024/01/01 16:11:02.07,12.07,-8.03,-7.30,14.91
2024/01/01 16:11:02.08,12.08,-8.02,-7.32,14.96
2024/01/01 16:11:02.09,12.09,-8.00,-7.27,14.92
2024/01/01 16:11:02.10,12.10,-7.98,-7.15,14.83
2024/01/01 16:11:02.11,12.11,-7.96,-7.02,14.71
2024/01/01 16:11:02.12,12.12,-7.95,-6.93,14.59
2024/01/01 16:11:02.13,12.13,-7.95,-6.92,14.56
2024/01/01 16:11:02.14,12.14,-7.98,-7.01,14.61
2024/01/01 16:11:02.15,12.15,-8.04,-7.11,14.66
2024/01/01 16:11:02.16,12.16,-8.08,-7.23,14.66
2024/01/01 16:11:02.17,12.17,-8.11,-7.35,14.59
2024/01/01 16:11:02.18,12.18,-8.16,-7.41,14.51
2024/01/01 16:11:02.19,12.19,-8.24,-7.46,14.51
2024/01/01 16:11:02.20,12.20,-8.31,-7.55,14.67
2024/01/01 16:11:02.21,12.21,-8.40,-7.59,14.91
2024/01/01 16:11:02.22,12.22,-8.47,-7.52,15.04
2024/01/01 16:11:02.23,12.23,-8.50,-7.39,15.01
2024/01/01 16:11:02.24,12.24,-8.48,-7.22,14.91
2024/01/01 16:11:02.25,12.25,-8.47,-7.10,14.77
2024/01/01 16:11:02.26,12.26,-8.50,-7.15,14.64
2024/01/01 16:11:02.27,12.27,-8.57,-7.37,14.60
2024/01/01 16:11:02.28,12.28,-8.68,-7.60,14.69
2024/01/01 16:11:02.29,12.29,-8.76,-7.73,14.83
2024/01/01 16:11:02.30,12.30,-8.76,-7.75,14.96
2024/01/01 16:11:02.31,12.31,-8.65,-7.69,15.02
2024/01/01 16:11:02.32,12.32,-8.47,-7.56,15.01
2024/01/01 16:11:02.33,12.33,-8.31,-7.43,14.91
2024/01/01 16:11:02.34,12.34,-8.24,-7.30,14.76
2024/01/01 16:11:02.35,12.35,-8.22,-7.18,14.64
2024/01/01 16:11:02.36,12.36,-8.24,-7.09,14.61
2024/01/01 16:11:02.37,12.37,-8.29,-7.08,14.64
2024/01/01 16:11:02.38,12.38,-8.30,-7.17,14.68
2024/01/01 16:11:02.39,12.39,-8.22,-7.32,14.71
2024/01/01 16:11:02.40,12.40,-8.11,-7.48,14.68
2024/01/01 16:11:02.41,12.41,-8.06,-7.59,14.60
2024/01/01 16:11:02.42,12.42,-8.01,-7.63,14.51
2024/01/01 16:11:02.43,12.43,-7.97,-7.61,14.47
2024/01/01 16:11:02.44,12.44,-7.99,-7.50,14.50
2024/01/01 16:11:02.45,12.45,-8.03,-7.37,14.58
2024/01/01 16:11:02.46,12.46,-8.04,-7.27,14.72
2024/01/01 16:11:02.47,12.47,-8.06,-7.16,14.87
2024/01/01 16:11:02.48,12.48,-8.08,-7.05,14.92
2024/01/01 16:11:02.49,12.49,-8.10,-7.00,14.90
2024/01/01 16:11:02.50,12.50,-8.07,-7.03,14.91
2024/01/01 16:11:02.51,12.51,-8.00,-7.07,14.93
2024/01/01 16:11:02.52,12.52,-7.90,-7.14,14.85
2024/01/01 16:11:02.53,12.53,-7.83,-7.23,14.72
2024/01/01 16:11:02.54,12.54,-7.77,-7.28,14.66
2024/01/01 16:11:02.55,12.55,-7.71,-7.27,14.71
2024/01/01 16:11:02.56,12.56,-7.66,-7.22,14.78
2024/01/01 16:11:02.57,12.57,-7.63,-7.16,14.88
2024/01/01 16:11:02.58,12.58,-7.62,-7.07,14.98
2024/01/01 16:11:02.59,12.59,-7.65,-6.91,14.97
2024/01/01 16:11:02.60,12.60,-7.69,-6.75,14.84
2024/01/01 16:11:02.61,12.61,-7.68,-6.70,14.74
2024/01/01 16:11:02.62,12.62,-7.64,-6.75,14.72
2024/01/01 16:11:02.63,12.63,-7.60,-6.81,14.68
2024/01/01 16:11:02.64,12.64,-7.56,-6.86,14.59
2024/01/01 16:11:02.65,12.65,-7.46,-6.89,14.60
2024/01/01 16:11:02.66,12.66,-7.35,-6.87,14.77
2024/01/01 16:11:02.67,12.67,-7.31,-6.86,14.89
2024/01/01 16:11:02.68,12.68,-7.37,-6.92,14.82
2024/01/01 16:11:02.69,12.69,-7.48,-7.04,14.72
2024/01/01 16:11:02.70,12.70,-7.57,-7.14,14.81
2024/01/01 16:11:02.71,12.71,-7.68,-7.17,14.91
2024/01/01 16:11:02.72,12.72,-7.80,-7.10,14.83
2024/01/01 16:11:02.73,12.73,-7.88,-7.00,14.66
2024/01/01 16:11:02.74,12.74,-7.94,-6.90,14.63
2024/01/01 16:11:02.75,12.75,-8.04,-6.79,14.70
2024/01/01 16:11:02.76,12.76,-8.13,-6.82,14.69
2024/01/01 16:11:02.77,12.77,-8.24,-7.05,14.59
2024/01/01 16:11:02.78,12.78,-8.38,-7.35,14.62
2024/01/01 16:11:02.79,12.79,-8.46,-7.56,14.82
2024/01/01 16:11:02.80,12.80,-8.40,-7.59,14.97
2024/01/01 16:11:02.81,12.81,-8.26,-7.44,14.87
2024/01/01 16:11:02.82,12.82,-8.09,-7.26,14.68
2024/01/01 16:11:02.83,12.83,-7.97,-7.14,14.60
2024/01/01 16:11:02.84,12.84,-7.95,-7.06,14.66
2024/01/01 16:11:02.85,12.85,-8.05,-7.04,14.69
2024/01/01 16:11:02.86,12.86,-8.23,-7.12,14.69
2024/01/01 16:11:02.87,12.87,-8.41,-7.23,14.76
2024/01/01 16:11:02.88,12.88,-8.50,-7.32,14.84
2024/01/01 16:11:02.89,12.89,-8.49,-7.43,14.81
2024/01/01 16:11:02.90,12.90,-8.41,-7.61,14.72
2024/01/01 16:11:02.91,12.91,-8.33,-7.79,14.70
2024/01/01 16:11:02.92,12.92,-8.33,-7.89,14.76
2024/01/01 16:11:02.93,12.93,-8.42,-7.90,14.83
2024/01/01 16:11:02.94,12.94,-8.56,-7.83,14.91
2024/01/01 16:11:02.95,12.95,-8.68,-7.68,15.00
2024/01/01 16:11:02.96,12.96,-8.74,-7.47,15.04
2024/01/01 16:11:02.97,12.97,-8.74,-7.32,14.97
2024/01/01 16:11:02.98,12.98,-8.69,-7.27,14.92
2024/01/01 16:11:02.99,12.99,-8.62,-7.30,14.89
2024/01/01 16:11:03.00,13.00,-8.57,-7.35,14.84
2024/01/01 16:11:03.01,13.01,-8.52,-7.41,14.83
2024/01/01 16:11:03.02,13.02,-8.43,-7.51,14.92
2024/01/01 16:11:03.03,13.03,-8.34,-7.56,14.99
2024/01/01 16:11:03.04,13.04,-8.28,-7.56,14.89
2024/01/01 16:11:03.05,13.05,-8.28,-7.52,14.72
2024/01/01 16:11:03.06,13.06,-8.31,-7.40,14.72
2024/01/01 16:11:03.07,13.07,-8.35,-7.25,14.83
2024/01/01 16:11:03.08,13.08,-8.37,-7.16,14.81
2024/01/01 16:11:03.09,13.09,-8.37,-7.20,14.66
2024/01/01 16:11:03.10,13.10,-8.29,-7.32,14.60
2024/01/01 16:11:03.11,13.11,-8.15,-7.45,14.72
2024/01/01 16:11:03.12,13.12,-8.00,-7.57,14.88
2024/01/01 16:11:03.13,13.13,-7.87,-7.69,14.98
2024/01/01 16:11:03.14,13.14,-7.79,-7.71,15.02
2024/01/01 16:11:03.15,13.15,-7.78,-7.59,15.03
2024/01/01 16:11:03.16,13.16,-7.81,-7.42,14.97
2024/01/01 16:11:03.17,13.17,-7.85,-7.29,14.82
2024/01/01 16:11:03.18,13.18,-7.92,-7.20,14.67
2024/01/01 16:11:03.19,13.19,-8.02,-7.11,14.58
2024/01/01 16:11:03.20,13.20,-8.14,-7.06,14.57
2024/01/01 16:11:03.21,13.21,-8.20,-7.04,14.62
2024/01/01 16:11:03.22,13.22,-8.18,-7.08,14.70
2024/01/01 16:11:03.23,13.23,-8.10,-7.14,14.78
2024/01/01 16:11:03.24,13.24,-7.98,-7.17,14.85
2024/01/01 16:11:03.25,13.25,-7.86,-7.16,14.88
2024/01/01 16:11:03.26,13.26,-7.82,-7.11,14.84
2024/01/01 16:11:03.27,13.27,-7.84,-7.10,14.77
2024/01/01 16:11:03.28,13.28,-7.86,-7.14,14.73
2024/01/01 16:11:03.29,13.29,-7.86,-7.14,14.71
2024/01/01 16:11:03.30,13.30,-7.81,-7.12,14.70
2024/01/01 16:11:03.31,13.31,-7.71,-7.11,14.70
2024/01/01 16:11:03.32,13.32,-7.62,-7.07,14.71
2024/01/01 16:11:03.33,13.33,-7.59,-7.00,14.70
2024/01/01 16:11:03.34,13.34,-7.63,-6.98,14.60
2024/01/01 16:11:03.35,13.35,-7.70,-7.01,14.49
2024/01/01 16:11:03.36,13.36,-7.71,-7.06,14.44
2024/01/01 16:11:03.37,13.37,-7.66,-7.12,14.44
2024/01/01 16:11:03.38,13.38,-7.60,-7.15,14.43
2024/01/01 16:11:03.39,13.39,-7.55,-7.18,14.41
2024/01/01 16:11:03.40,13.40,-7.54,-7.15,14.43
2024/01/01 16:11:03.41,13.41,-7.61,-7.01,14.44
2024/01/01 16:11:03.42,13.42,-7.73,-6.81,14.37
2024/01/01 16:11:03.43,13.43,-7.82,-6.75,14.33
2024/01/01 16:11:03.44,13.44,-7.86,-6.84,14.45
2024/01/01 16:11:03.45,13.45,-7.92,-6.99,14.64
2024/01/01 16:11:03.46,13.46,-8.02,-7.09,14.73
2024/01/01 16:11:03.47,13.47,-8.11,-7.11,14.69
2024/01/01 16:11:03.48,13.48,-8.20,-7.08,14.63
2024/01/01 16:11:03.49,13.49,-8.25,-7.04,14.57
2024/01/01 16:11:03.50,13.50,-8.24,-7.04,14.54
2024/01/01 16:11:03.51,13.51,-8.16,-7.10,14.59
2024/01/01 16:11:03.52,13.52,-8.07,-7.17,14.73
2024/01/01 16:11:03.53,13.53,-8.05,-7.17,14.84
2024/01/01 16:11:03.54,13.54,-8.07,-7.10,14.81
2024/01/01 16:11:03.55,13.55,-8.10,-6.99,14.67
2024/01/01 16:11:03.56,13.56,-8.10,-6.88,14.51
2024/01/01 16:11:03.57,13.57,-8.06,-6.84,14.46
2024/01/01 16:11:03.58,13.58,-8.01,-6.90,14.54
2024/01/01 16:11:03.59,13.59,-7.98,-6.99,14.69
2024/01/01 16:11:03.60,13.60,-7.98,-7.05,14.79
2024/01/01 16:11:03.61,13.61,-7.99,-7.07,14.83
2024/01/01 16:11:03.62,13.62,-8.00,-7.07,14.83
2024/01/01 16:11:03.63,13.63,-7.98,-7.08,14.80
2024/01/01 16:11:03.64,13.64,-7.94,-7.16,14.74
2024/01/01 16:11:03.65,13.65,-7.89,-7.25,14.70
2024/01/01 16:11:03.66,13.66,-7.86,-7.25,14.69
2024/01/01 16:11:03.67,13.67,-7.87,-7.13,14.68
2024/01/01 16:11:03.68,13.68,-7.90,-6.96,14.71
2024/01/01 16:11:03.69,13.69,-7.94,-6.83,14.83
2024/01/01 16:11:03.70,13.70,-7.97,-6.74,14.93
2024/01/01 16:11:03.71,13.71,-8.04,-6.75,14.93
2024/01/01 16:11:03.72,13.72,-8.16,-6.91,14.85
2024/01/01 16:11:03.73,13.73,-8.25,-7.14,14.76
2024/01/01 16:11:03.74,13.74,-8.24,-7.31,14.70
2024/01/01 16:11:03.75,13.75,-8.19,-7.41,14.70
2024/01/01 16:11:03.76,13.76,-8.16,-7.42,14.77
2024/01/01 16:11:03.77,13.77,-8.10,-7.34,14.90
2024/01/01 16:11:03.78,13.78,-8.04,-7.23,15.08
2024/01/01 16:11:03.79,13.79,-8.03,-7.15,15.24
2024/01/01 16:11:03.80,13.80,-8.03,-7.09,15.26
2024/01/01 16:11:03.81,13.81,-7.96,-7.10,15.13
2024/01/01 16:11:03.82,13.82,-7.87,-7.17,14.98
2024/01/01 16:11:03.83,13.83,-7.79,-7.26,14.81
2024/01/01 16:11:03.84,13.84,-7.72,-7.39,14.62
2024/01/01 16:11:03.85,13.85,-7.72,-7.56,14.52
2024/01/01 16:11:03.86,13.86,-7.81,-7.69,14.62
2024/01/01 16:11:03.87,13.87,-7.89,-7.70,14.83
2024/01/01 16:11:03.88,13.88,-7.92,-7.60,14.99
2024/01/01 16:11:03.89,13.89,-7.94,-7.44,15.03
2024/01/01 16:11:03.90,13.90,-7.98,-7.30,14.96
2024/01/01 16:11:03.91,13.91,-8.03,-7.26,14.88
2024/01/01 16:11:03.92,13.92,-8.09,-7.33,14.86
2024/01/01 16:11:03.93,13.93,-8.19,-7.44,14.80
2024/01/01 16:11:03.94,13.94,-8.28,-7.56,14.70
2024/01/01 16:11:03.95,13.95,-8.31,-7.66,14.66
2024/01/01 16:11:03.96,13.96,-8.34,-7.66,14.70
2024/01/01 16:11:03.97,13.97,-8.33,-7.59,14.73
2024/01/01 16:11:03.98,13.98,-8.27,-7.57,14.74
2024/01/01 16:11:03.99,13.99,-8.23,-7.61,14.80
2024/01/01 16:11:04.00,14.00,-8.24,-7.63,14.89
2024/01/01 16:11:04.01,14.01,-8.26,-7.65,14.92
2024/01/01 16:11:04.02,14.02,-8.32,-7.66,14.87
2024/01/01 16:11:04.03,14.03,-8.37,-7.55,14.82
2024/01/01 16:11:04.04,14.04,-8.34,-7.36,14.75
2024/01/01 16:11:04.05,14.05,-8.22,-7.20,14.69
2024/01/01 16:11:04.06,14.06,-8.08,-7.16,14.73
2024/01/01 16:11:04.07,14.07,-8.00,-7.25,14.81
2024/01/01 16:11:04.08,14.08,-8.06,-7.41,14.84
2024/01/01 16:11:04.09,14.09,-8.23,-7.56,14.76
2024/01/01 16:11:04.10,14.10,-8.37,-7.64,14.65
2024/01/01 16:11:04.11,14.11,-8.39,-7.62,14.57
2024/01/01 16:11:04.12,14.12,-8.30,-7.52,14.59
2024/01/01 16:11:04.13,14.13,-8.21,-7.38,14.69
2024/01/01 16:11:04.14,14.14,-8.14,-7.23,14.78
2024/01/01 16:11:04.15,14.15,-8.13,-7.09,14.80
2024/01/01 16:11:04.16,14.16,-8.20,-6.99,14.77
2024/01/01 16:11:04.17,14.17,-8.33,-6.94,14.70
2024/01/01 16:11:04.18,14.18,-8.46,-6.98,14.61
2024/01/01 16:11:04.19,14.19,-8.55,-7.08,14.50
2024/01/01 16:11:04.20,14.20,-8.58,-7.18,14.44
2024/01/01 16:11:04.21,14.21,-8.51,-7.23,14.47
2024/01/01 16:11:04.22,14.22,-8.38,-7.19,14.57
2024/01/01 16:11:04.23,14.23,-8.27,-7.08,14.69
2024/01/01 16:11:04.24,14.24,-8.17,-6.99,14.83
2024/01/01 16:11:04.25,14.25,-8.02,-6.91,14.97
2024/01/01 16:11:04.26,14.26,-7.91,-6.77,15.05
2024/01/01 16:11:04.27,14.27,-7.95,-6.61,14.96
2024/01/01 16:11:04.28,14.28,-8.08,-6.50,14.68
2024/01/01 16:11:04.29,14.29,-8.20,-6.48,14.39
2024/01/01 16:11:04.30,14.30,-8.20,-6.59,14.35
2024/01/01 16:11:04.31,14.31,-8.10,-6.76,14.55
2024/01/01 16:11:04.32,14.32,-7.94,-6.96,14.74
2024/01/01 16:11:04.33,14.33,-7.80,-7.16,14.80
2024/01/01 16:11:04.34,14.34,-7.75,-7.30,14.85
2024/01/01 16:11:04.35,14.35,-7.76,-7.33,14.91
2024/01/01 16:11:04.36,14.36,-7.76,-7.24,14.84
2024/01/01 16:11:04.37,14.37,-7.72,-7.17,14.63
2024/01/01 16:11:04.38,14.38,-7.68,-7.16,14.45
2024/01/01 16:11:04.39,14.39,-7.65,-7.12,14.46
2024/01/01 16:11:04.40,14.40,-7.58,-7.02,14.62
2024/01/01 16:11:04.41,14.41,-7.54,-6.92,14.73
2024/01/01 16:11:04.42,14.42,-7.60,-6.83,14.78
2024/01/01 16:11:04.43,14.43,-7.68,-6.80,14.87
2024/01/01 16:11:04.44,14.44,-7.75,-6.85,14.94
2024/01/01 16:11:04.45,14.45,-7.79,-6.92,14.87
2024/01/01 16:11:04.46,14.46,-7.76,-7.03,14.69
2024/01/01 16:11:04.47,14.47,-7.68,-7.14,14.63
2024/01/01 16:11:04.48,14.48,-7.59,-7.14,14.76
2024/01/01 16:11:04.49,14.49,-7.51,-7.12,14.86
2024/01/01 16:11:04.50,14.50,-7.47,-7.12,14.82
2024/01/01 16:11:04.51,14.51,-7.51,-7.07,14.84
2024/01/01 16:11:04.52,14.52,-7.61,-6.95,14.95
2024/01/01 16:11:04.53,14.53,-7.74,-6.90,14.98
2024/01/01 16:11:04.54,14.54,-7.83,-6.99,14.83
2024/01/01 16:11:04.55,14.55,-7.82,-7.22,14.64
2024/01/01 16:11:04.56,14.56,-7.77,-7.49,14.57
2024/01/01 16:11:04.57,14.57,-7.75,-7.71,14.60
2024/01/01 16:11:04.58,14.58,-7.76,-7.87,14.71
2024/01/01 16:11:04.59,14.59,-7.82,-7.90,14.86
2024/01/01 16:11:04.60,14.60,-7.91,-7.77,14.94
2024/01/01 16:11:04.61,14.61,-8.02,-7.58,14.82
2024/01/01 16:11:04.62,14.62,-8.10,-7.46,14.63
2024/01/01 16:11:04.63,14.63,-8.17,-7.41,14.59
2024/01/01 16:11:04.64,14.64,-8.24,-7.37,14.62
2024/01/01 16:11:04.65,14.65,-8.31,-7.36,14.55
2024/01/01 16:11:04.66,14.66,-8.36,-7.42,14.41
2024/01/01 16:11:04.67,14.67,-8.36,-7.55,14.42
2024/01/01 16:11:04.68,14.68,-8.33,-7.71,14.63
2024/01/01 16:11:04.69,14.69,-8.33,-7.85,14.80
2024/01/01 16:11:04.70,14.70,-8.40,-7.89,14.83
2024/01/01 16:11:04.71,14.71,-8.49,-7.84,14.80
2024/01/01 16:11:04.72,14.72,-8.63,-7.69,14.72
2024/01/01 16:11:04.73,14.73,-8.76,-7.48,14.54
2024/01/01 16:11:04.74,14.74,-8.80,-7.33,14.34
2024/01/01 16:11:04.75,14.75,-8.74,-7.25,14.35
2024/01/01 16:11:04.76,14.76,-8.68,-7.18,14.54
2024/01/01 16:11:04.77,14.77,-8.64,-7.20,14.72
2024/01/01 16:11:04.78,14.78,-8.60,-7.30,14.76
2024/01/01 16:11:04.79,14.79,-8.52,-7.36,14.75
2024/01/01 16:11:04.80,14.80,-8.39,-7.34,14.76
2024/01/01 16:11:04.81,14.81,-8.22,-7.33,14.71
2024/01/01 16:11:04.82,14.82,-8.10,-7.36,14.58
2024/01/01 16:11:04.83,14.83,-8.07,-7.40,14.57
2024/01/01 16:11:04.84,14.84,-8.10,-7.35,14.72
2024/01/01 16:11:04.85,14.85,-8.20,-7.13,14.82
2024/01/01 16:11:04.86,14.86,-8.23,-6.86,14.76
2024/01/01 16:11:04.87,14.87,-8.14,-6.76,14.69
2024/01/01 16:11:04.88,14.88,-8.07,-6.78,14.75
2024/01/01 16:11:04.89,14.89,-8.03,-6.81,14.79
2024/01/01 16:11:04.90,14.90,-8.05,-6.88,14.67
2024/01/01 16:11:04.91,14.91,-8.12,-6.95,14.59
2024/01/01 16:11:04.92,14.92,-8.16,-6.98,14.71
2024/01/01 16:11:04.93,14.93,-8.08,-6.99,14.84
2024/01/01 16:11:04.94,14.94,-7.93,-6.99,14.82
2024/01/01 16:11:04.95,14.95,-7.77,-6.96,14.79
2024/01/01 16:11:04.96,14.96,-7.66,-6.90,14.83
2024/01/01 16:11:04.97,14.97,-7.64,-6.73,14.80
2024/01/01 16:11:04.98,14.98,-7.68,-6.58,14.60
2024/01/01 16:11:04.99,14.99,-7.77,-6.58,14.48
2024/01/01 16:11:05.00,15.00,-7.85,-6.68,14.67
2024/01/01 16:11:05.01,15.01,-7.86,-6.80,14.98
2024/01/01 16:11:05.02,15.02,-7.80,-6.92,15.00
2024/01/01 16:11:05.03,15.03,-7.72,-7.02,14.74
2024/01/01 16:11:05.04,15.04,-7.65,-7.05,14.55
2024/01/01 16:11:05.05,15.05,-7.58,-7.03,14.58
2024/01/01 16:11:05.06,15.06,-7.51,-7.01,14.68
2024/01/01 16:11:05.07,15.07,-7.45,-7.03,14.71
2024/01/01 16:11:05.08,15.08,-7.39,-7.05,14.71
2024/01/01 16:11:05.09,15.09,-7.37,-7.01,14.72
2024/01/01 16:11:05.10,15.10,-7.39,-6.93,14.66
2024/01/01 16:11:05.11,15.11,-7.44,-6.86,14.54
2024/01/01 16:11:05.12,15.12,-7.50,-6.83,14.42
2024/01/01 16:11:05.13,15.13,-7.57,-6.83,14.39
2024/01/01 16:11:05.14,15.14,-7.61,-6.90,14.50
2024/01/01 16:11:05.15,15.15,-7.60,-7.01,14.79
2024/01/01 16:11:05.16,15.16,-7.59,-7.07,15.13
2024/01/01 16:11:05.17,15.17,-7.61,-7.07,15.27
2024/01/01 16:11:05.18,15.18,-7.60,-7.15,15.25
2024/01/01 16:11:05.19,15.19,-7.55,-7.30,15.23
2024/01/01 16:11:05.20,15.20,-7.51,-7.39,15.22
2024/01/01 16:11:05.21,15.21,-7.50,-7.41,15.05
2024/01/01 16:11:05.22,15.22,-7.53,-7.40,14.82
2024/01/01 16:11:05.23,15.23,-7.61,-7.33,14.73
2024/01/01 16:11:05.24,15.24,-7.69,-7.23,14.83
2024/01/01 16:11:05.25,15.25,-7.74,-7.19,15.01
2024/01/01 16:11:05.26,15.26,-7.81,-7.23,15.14
2024/01/01 16:11:05.27,15.27,-7.98,-7.26,15.26
2024/01/01 16:11:05.28,15.28,-8.17,-7.27,15.40
2024/01/01 16:11:05.29,15.29,-8.29,-7.32,15.41
2024/01/01 16:11:05.30,15.30,-8.32,-7.35,15.19
2024/01/01 16:11:05.31,15.31,-8.29,-7.34,14.86
2024/01/01 16:11:05.32,15.32,-8.30,-7.31,14.68
2024/01/01 16:11:05.33,15.33,-8.35,-7.23,14.76
2024/01/01 16:11:05.34,15.34,-8.39,-7.16,14.92
2024/01/01 16:11:05.35,15.35,-8.45,-7.14,15.01
2024/01/01 16:11:05.36,15.36,-8.52,-7.17,15.00
2024/01/01 16:11:05.37,15.37,-8.53,-7.26,14.91
2024/01/01 16:11:05.38,15.38,-8.45,-7.47,14.78
2024/01/01 16:11:05.39,15.39,-8.40,-7.73,14.71
2024/01/01 16:11:05.40,15.40,-8.46,-7.90,14.77
2024/01/01 16:11:05.41,15.41,-8.64,-7.92,14.81
2024/01/01 16:11:05.42,15.42,-8.85,-7.79,14.69
2024/01/01 16:11:05.43,15.43,-8.96,-7.58,14.52
2024/01/01 16:11:05.44,15.44,-8.93,-7.40,14.45
2024/01/01 16:11:05.45,15.45,-8.88,-7.29,14.43
2024/01/01 16:11:05.46,15.46,-8.95,-7.33,14.39
2024/01/01 16:11:05.47,15.47,-9.09,-7.62,14.48
2024/01/01 16:11:05.48,15.48,-9.19,-8.02,14.75
2024/01/01 16:11:05.49,15.49,-9.23,-8.24,14.92
2024/01/01 16:11:05.50,15.50,-9.16,-8.24,14.71
2024/01/01 16:11:05.51,15.51,-8.99,-8.14,14.32
2024/01/01 16:11:05.52,15.52,-8.79,-7.95,14.22
2024/01/01 16:11:05.53,15.53,-8.67,-7.73,14.44
2024/01/01 16:11:05.54,15.54,-8.72,-7.60,14.67
2024/01/01 16:11:05.55,15.55,-8.88,-7.54,14.80
2024/01/01 16:11:05.56,15.56,-8.99,-7.50,14.96
2024/01/01 16:11:05.57,15.57,-8.98,-7.50,15.09
2024/01/01 16:11:05.58,15.58,-8.85,-7.53,14.96
2024/01/01 16:11:05.59,15.59,-8.63,-7.65,14.65
2024/01/01 16:11:05.60,15.60,-8.37,-7.79,14.57
2024/01/01 16:11:05.61,15.61,-8.18,-7.77,14.86
2024/01/01 16:11:05.62,15.62,-8.06,-7.56,15.16
2024/01/01 16:11:05.63,15.63,-7.94,-7.32,15.23
2024/01/01 16:11:05.64,15.64,-7.79,-7.11,15.20
2024/01/01 16:11:05.65,15.65,-7.70,-6.97,15.14
2024/01/01 16:11:05.66,15.66,-7.72,-6.92,14.94
2024/01/01 16:11:05.67,15.67,-7.77,-6.96,14.73
2024/01/01 16:11:05.68,15.68,-7.81,-7.00,14.74
2024/01/01 16:11:05.69,15.69,-7.83,-6.93,14.90
2024/01/01 16:11:05.70,15.70,-7.78,-6.80,14.97
2024/01/01 16:11:05.71,15.71,-7.62,-6.77,14.92
2024/01/01 16:11:05.72,15.72,-7.38,-6.83,14.84
2024/01/01 16:11:05.73,15.73,-7.18,-6.93,14.74
2024/01/01 16:11:05.74,15.74,-7.12,-7.03,14.65
2024/01/01 16:11:05.75,15.75,-7.24,-7.07,14.68
2024/01/01 16:11:05.76,15.76,-7.47,-7.00,14.81
2024/01/01 16:11:05.77,15.77,-7.61,-6.89,14.95
2024/01/01 16:11:05.78,15.78,-7.59,-6.84,14.96
2024/01/01 16:11:05.79,15.79,-7.45,-6.77,14.82
2024/01/01 16:11:05.80,15.80,-7.29,-6.64,14.64
2024/01/01 16:11:05.81,15.81,-7.23,-6.54,14.56
2024/01/01 16:11:05.82,15.82,-7.29,-6.51,14.61
2024/01/01 16:11:05.83,15.83,-7.37,-6.56,14.68
2024/01/01 16:11:05.84,15.84,-7.44,-6.67,14.66
2024/01/01 16:11:05.85,15.85,-7.52,-6.80,14.53
2024/01/01 16:11:05.86,15.86,-7.55,-6.88,14.39
2024/01/01 16:11:05.87,15.87,-7.51,-6.88,14.42
2024/01/01 16:11:05.88,15.88,-7.49,-6.86,14.63
2024/01/01 16:11:05.89,15.89,-7.59,-6.83,14.78
2024/01/01 16:11:05.90,15.90,-7.73,-6.83,14.82
2024/01/01 16:11:05.91,15.91,-7.77,-6.83,14.84
2024/01/01 16:11:05.92,15.92,-7.81,-6.72,14.78
2024/01/01 16:11:05.93,15.93,-7.79,-6.60,14.57
2024/01/01 16:11:05.94,15.94,-7.69,-6.70,14.34
2024/01/01 16:11:05.95,15.95,-7.68,-7.03,14.30
2024/01/01 16:11:05.96,15.96,-7.81,-7.42,14.51
2024/01/01 16:11:05.97,15.97,-7.95,-7.82,14.76
2024/01/01 16:11:05.98,15.98,-8.10,-8.06,14.81
2024/01/01 16:11:05.99,15.99,-8.23,-8.00,14.71
2024/01/01 16:11:06.00,16.00,-8.29,-7.85,14.67
2024/01/01 16:11:06.01,16.01,-8.35,-7.68,14.78
2024/01/01 16:11:06.02,16.02,-8.45,-7.43,14.94
2024/01/01 16:11:06.03,16.03,-8.60,-7.25,14.96
2024/01/01 16:11:06.04,16.04,-8.78,-7.20,14.82
2024/01/01 16:11:06.05,16.05,-8.89,-7.18,14.60
2024/01/01 16:11:06.06,16.06,-8.78,-7.25,14.35
2024/01/01 16:11:06.07,16.07,-8.51,-7.47,14.22
2024/01/01 16:11:06.08,16.08,-8.26,-7.75,14.32
2024/01/01 16:11:06.09,16.09,-8.16,-8.03,14.57
2024/01/01 16:11:06.10,16.10,-8.25,-8.18,14.83
2024/01/01 16:11:06.11,16.11,-8.41,-8.10,15.08
2024/01/01 16:11:06.12,16.12,-8.52,-7.82,15.19
2024/01/01 16:11:06.13,16.13,-8.53,-7.46,15.08
2024/01/01 16:11:06.14,16.14,-8.46,-7.13,14.89
2024/01/01 16:11:06.15,16.15,-8.41,-6.92,14.72
2024/01/01 16:11:06.16,16.16,-8.51,-6.81,14.48
2024/01/01 16:11:06.17,16.17,-8.68,-6.82,14.24
2024/01/01 16:11:06.18,16.18,-8.81,-7.05,14.25
2024/01/01 16:11:06.19,16.19,-8.82,-7.36,14.54
2024/01/01 16:11:06.20,16.20,-8.66,-7.58,14.80
2024/01/01 16:11:06.21,16.21,-8.42,-7.73,14.81
2024/01/01 16:11:06.22,16.22,-8.25,-7.79,14.71
2024/01/01 16:11:06.23,16.23,-8.18,-7.66,14.72
2024/01/01 16:11:06.24,16.24,-8.17,-7.41,14.80
2024/01/01 16:11:06.25,16.25,-8.25,-7.18,14.78
2024/01/01 16:11:06.26,16.26,-8.29,-6.96,14.66
2024/01/01 16:11:06.27,16.27,-8.17,-6.81,14.56
2024/01/01 16:11:06.28,16.28,-8.03,-6.73,14.52
2024/01/01 16:11:06.29,16.29,-8.01,-6.69,14.54
2024/01/01 16:11:06.30,16.30,-8.08,-6.79,14.63
2024/01/01 16:11:06.31,16.31,-8.22,-7.10,14.85
2024/01/01 16:11:06.32,16.32,-8.32,-7.45,15.12
2024/01/01 16:11:06.33,16.33,-8.28,-7.72,15.22
2024/01/01 16:11:06.34,16.34,-8.12,-7.79,15.12
2024/01/01 16:11:06.35,16.35,-7.93,-7.58,15.00
2024/01/01 16:11:06.36,16.36,-7.78,-7.17,14.87
2024/01/01 16:11:06.37,16.37,-7.69,-6.76,14.67
2024/01/01 16:11:06.38,16.38,-7.64,-6.48,14.52
2024/01/01 16:11:06.39,16.39,-7.66,-6.35,14.57
2024/01/01 16:11:06.40,16.40,-7.74,-6.38,14.72
2024/01/01 16:11:06.41,16.41,-7.74,-6.55,14.76
2024/01/01 16:11:06.42,16.42,-7.60,-6.79,14.64
2024/01/01 16:11:06.43,16.43,-7.39,-7.02,14.55
2024/01/01 16:11:06.44,16.44,-7.18,-7.17,14.70
2024/01/01 16:11:06.45,16.45,-6.99,-7.19,15.00
2024/01/01 16:11:06.46,16.46,-6.90,-7.09,15.11
2024/01/01 16:11:06.47,16.47,-6.90,-6.89,14.90
2024/01/01 16:11:06.48,16.48,-6.90,-6.71,14.68
2024/01/01 16:11:06.49,16.49,-6.96,-6.63,14.64
2024/01/01 16:11:06.50,16.50,-7.18,-6.60,14.64
2024/01/01 16:11:06.51,16.51,-7.44,-6.68,14.57
2024/01/01 16:11:06.52,16.52,-7.65,-6.90,14.65
2024/01/01 16:11:06.53,16.53,-7.79,-7.03,14.94
2024/01/01 16:11:06.54,16.54,-7.79,-7.05,15.11
2024/01/01 16:11:06.55,16.55,-7.69,-7.16,14.95
2024/01/01 16:11:06.56,16.56,-7.56,-7.34,14.72
2024/01/01 16:11:06.57,16.57,-7.45,-7.43,14.62
2024/01/01 16:11:06.58,16.58,-7.44,-7.44,14.65
2024/01/01 16:11:06.59,16.59,-7.58,-7.41,14.77
2024/01/01 16:11:06.60,16.60,-7.80,-7.30,14.94
2024/01/01 16:11:06.61,16.61,-7.99,-7.08,15.08
2024/01/01 16:11:06.62,16.62,-8.08,-6.88,15.09
2024/01/01 16:11:06.63,16.63,-8.06,-6.78,14.84
2024/01/01 16:11:06.64,16.64,-7.99,-6.82,14.43
2024/01/01 16:11:06.65,16.65,-8.00,-7.04,14.20
2024/01/01 16:11:06.66,16.66,-8.17,-7.38,14.36
2024/01/01 16:11:06.67,16.67,-8.44,-7.65,14.76
2024/01/01 16:11:06.68,16.68,-8.62,-7.80,15.02
2024/01/01 16:11:06.69,16.69,-8.71,-7.84,14.94
2024/01/01 16:11:06.70,16.70,-8.71,-7.78,14.73
2024/01/01 16:11:06.71,16.71,-8.62,-7.70,14.62
2024/01/01 16:11:06.72,16.72,-8.57,-7.60,14.62
2024/01/01 16:11:06.73,16.73,-8.63,-7.44,14.67
2024/01/01 16:11:06.74,16.74,-8.72,-7.29,14.78
2024/01/01 16:11:06.75,16.75,-8.76,-7.14,14.82
2024/01/01 16:11:06.76,16.76,-8.73,-6.97,14.67
2024/01/01 16:11:06.77,16.77,-8.59,-6.95,14.53
2024/01/01 16:11:06.78,16.78,-8.41,-7.13,14.62
2024/01/01 16:11:06.79,16.79,-8.35,-7.34,14.74
2024/01/01 16:11:06.80,16.80,-8.48,-7.61,14.68
2024/01/01 16:11:06.81,16.81,-8.64,-7.97,14.56
2024/01/01 16:11:06.82,16.82,-8.69,-8.14,14.58
2024/01/01 16:11:06.83,16.83,-8.62,-7.93,14.56
2024/01/01 16:11:06.84,16.84,-8.56,-7.61,14.30
2024/01/01 16:11:06.85,16.85,-8.55,-7.39,14.12
2024/01/01 16:11:06.86,16.86,-8.53,-7.25,14.29
2024/01/01 16:11:06.87,16.87,-8.58,-7.15,14.55
2024/01/01 16:11:06.88,16.88,-8.77,-7.10,14.76
2024/01/01 16:11:06.89,16.89,-8.85,-7.10,15.03
2024/01/01 16:11:06.90,16.90,-8.73,-7.05,15.21
2024/01/01 16:11:06.91,16.91,-8.53,-6.98,15.16
2024/01/01 16:11:06.92,16.92,-8.26,-7.13,15.02
2024/01/01 16:11:06.93,16.93,-7.98,-7.47,15.02
2024/01/01 16:11:06.94,16.94,-7.85,-7.66,15.20
2024/01/01 16:11:06.95,16.95,-7.86,-7.64,15.28
2024/01/01 16:11:06.96,16.96,-7.92,-7.54,15.07
2024/01/01 16:11:06.97,16.97,-7.92,-7.29,14.82
2024/01/01 16:11:06.98,16.98,-7.82,-7.05,14.76
2024/01/01 16:11:06.99,16.99,-7.80,-6.95,14.79
2024/01/01 16:11:07.00,17.00,-7.82,-6.90,14.85
2024/01/01 16:11:07.01,17.01,-7.73,-6.96,14.88
2024/01/01 16:11:07.02,17.02,-7.66,-7.08,14.78
2024/01/01 16:11:07.03,17.03,-7.56,-7.16,14.64
2024/01/01 16:11:07.04,17.04,-7.29,-7.29,14.60
2024/01/01 16:11:07.05,17.05,-7.04,-7.39,14.70
2024/01/01 16:11:07.06,17.06,-7.01,-7.27,14.77
2024/01/01 16:11:07.07,17.07,-7.10,-7.13,14.67
2024/01/01 16:11:07.08,17.08,-7.25,-7.04,14.58
2024/01/01 16:11:07.09,17.09,-7.43,-6.93,14.67
2024/01/01 16:11:07.10,17.10,-7.52,-6.88,14.79
2024/01/01 16:11:07.11,17.11,-7.44,-6.92,14.74
2024/01/01 16:11:07.12,17.12,-7.27,-6.93,14.68
2024/01/01 16:11:07.13,17.13,-7.16,-6.86,14.76
2024/01/01 16:11:07.14,17.14,-7.27,-6.83,14.91
2024/01/01 16:11:07.15,17.15,-7.53,-6.94,15.01
2024/01/01 16:11:07.16,17.16,-7.76,-7.16,15.01
2024/01/01 16:11:07.17,17.17,-7.89,-7.36,14.88
2024/01/01 16:11:07.18,17.18,-7.93,-7.41,14.69
2024/01/01 16:11:07.19,17.19,-7.86,-7.30,14.54
2024/01/01 16:11:07.20,17.20,-7.79,-7.14,14.53
2024/01/01 16:11:07.21,17.21,-7.85,-7.02,14.68
2024/01/01 16:11:07.22,17.22,-7.93,-6.99,14.84
2024/01/01 16:11:07.23,17.23,-7.96,-7.01,14.69
2024/01/01 16:11:07.24,17.24,-8.00,-7.04,14.34
2024/01/01 16:11:07.25,17.25,-8.01,-7.13,14.24
2024/01/01 16:11:07.26,17.26,-8.01,-7.23,14.48
2024/01/01 16:11:07.27,17.27,-8.04,-7.19,14.68
2024/01/01 16:11:07.28,17.28,-8.04,-7.11,14.61
2024/01/01 16:11:07.29,17.29,-8.04,-7.10,14.46
2024/01/01 16:11:07.30,17.30,-8.06,-7.05,14.39
2024/01/01 16:11:07.31,17.31,-8.11,-7.03,14.37
2024/01/01 16:11:07.32,17.32,-8.19,-7.17,14.35
2024/01/01 16:11:07.33,17.33,-8.32,-7.30,14.36
2024/01/01 16:11:07.34,17.34,-8.46,-7.32,14.38
2024/01/01 16:11:07.35,17.35,-8.57,-7.31,14.42
2024/01/01 16:11:07.36,17.36,-8.69,-7.29,14.54
2024/01/01 16:11:07.37,17.37,-8.80,-7.20,14.65
2024/01/01 16:11:07.38,17.38,-8.81,-7.08,14.70
2024/01/01 16:11:07.39,17.39,-8.78,-7.04,14.75
2024/01/01 16:11:07.40,17.40,-8.73,-7.12,14.79
2024/01/01 16:11:07.41,17.41,-8.65,-7.30,14.80
2024/01/01 16:11:07.42,17.42,-8.61,-7.50,14.84
2024/01/01 16:11:07.43,17.43,-8.61,-7.53,14.99
2024/01/01 16:11:07.44,17.44,-8.55,-7.33,15.10
2024/01/01 16:11:07.45,17.45,-8.46,-7.05,15.02
2024/01/01 16:11:07.46,17.46,-8.46,-6.83,14.84
2024/01/01 16:11:07.47,17.47,-8.52,-6.75,14.75
2024/01/01 16:11:07.48,17.48,-8.54,-6.80,14.79
2024/01/01 16:11:07.49,17.49,-8.51,-6.98,14.89
2024/01/01 16:11:07.50,17.50,-8.41,-7.23,14.98
2024/01/01 16:11:07.51,17.51,-8.26,-7.46,14.99
2024/01/01 16:11:07.52,17.52,-8.12,-7.53,14.94
2024/01/01 16:11:07.53,17.53,-8.04,-7.46,14.95
2024/01/01 16:11:07.54,17.54,-7.99,-7.34,15.00
2024/01/01 16:11:07.55,17.55,-7.93,-7.24,15.00
2024/01/01 16:11:07.56,17.56,-7.86,-7.19,14.93
2024/01/01 16:11:07.57,17.57,-7.83,-7.19,14.86
2024/01/01 16:11:07.58,17.58,-7.85,-7.17,14.81
2024/01/01 16:11:07.59,17.59,-7.84,-7.11,14.82
2024/01/01 16:11:07.60,17.60,-7.86,-7.09,14.93
2024/01/01 16:11:07.61,17.61,-8.02,-7.12,15.09
2024/01/01 16:11:07.62,17.62,-8.18,-7.18,15.22
2024/01/01 16:11:07.63,17.63,-8.25,-7.33,15.27
2024/01/01 16:11:07.64,17.64,-8.26,-7.48,15.19
2024/01/01 16:11:07.65,17.65,-8.17,-7.51,14.93
2024/01/01 16:11:07.66,17.66,-8.00,-7.51,14.67
2024/01/01 16:11:07.67,17.67,-7.88,-7.50,14.60
2024/01/01 16:11:07.68,17.68,-7.84,-7.42,14.72
2024/01/01 16:11:07.69,17.69,-7.81,-7.33,14.89
2024/01/01 16:11:07.70,17.70,-7.74,-7.25,15.03
2024/01/01 16:11:07.71,17.71,-7.68,-7.13,15.02
2024/01/01 16:11:07.72,17.72,-7.63,-7.03,14.91
2024/01/01 16:11:07.73,17.73,-7.59,-7.07,14.87
2024/01/01 16:11:07.74,17.74,-7.62,-7.21,14.90
2024/01/01 16:11:07.75,17.75,-7.70,-7.45,14.83
2024/01/01 16:11:07.76,17.76,-7.76,-7.75,14.71
2024/01/01 16:11:07.77,17.77,-7.81,-7.94,14.70
2024/01/01 16:11:07.78,17.78,-7.80,-7.86,14.81
2024/01/01 16:11:07.79,17.79,-7.67,-7.59,14.96
2024/01/01 16:11:07.80,17.80,-7.53,-7.28,15.12
2024/01/01 16:11:07.81,17.81,-7.53,-7.09,15.16
2024/01/01 16:11:07.82,17.82,-7.62,-7.13,15.03
2024/01/01 16:11:07.83,17.83,-7.75,-7.31,14.83
2024/01/01 16:11:07.84,17.84,-7.97,-7.39,14.55
2024/01/01 16:11:07.85,17.85,-8.18,-7.34,14.23
2024/01/01 16:11:07.86,17.86,-8.30,-7.34,14.21
2024/01/01 16:11:07.87,17.87,-8.38,-7.42,14.54
2024/01/01 16:11:07.88,17.88,-8.45,-7.43,14.87
2024/01/01 16:11:07.89,17.89,-8.43,-7.35,14.96
2024/01/01 16:11:07.90,17.90,-8.37,-7.27,14.96
2024/01/01 16:11:07.91,17.91,-8.35,-7.18,14.87
2024/01/01 16:11:07.92,17.92,-8.35,-7.19,14.60
2024/01/01 16:11:07.93,17.93,-8.37,-7.40,14.31
2024/01/01 16:11:07.94,17.94,-8.44,-7.55,14.21
2024/01/01 16:11:07.95,17.95,-8.50,-7.39,14.37
2024/01/01 16:11:07.96,17.96,-8.52,-7.13,14.61
2024/01/01 16:11:07.97,17.97,-8.55,-6.94,14.75
2024/01/01 16:11:07.98,17.98,-8.52,-6.85,14.77
2024/01/01 16:11:07.99,17.99,-8.37,-6.93,14.67
2024/01/01 16:11:08.00,18.00,-8.26,-7.07,14.48
2024/01/01 16:11:08.01,18.01,-8.23,-7.23,14.31
2024/01/01 16:11:08.02,18.02,-8.21,-7.48,14.30
2024/01/01 16:11:08.03,18.03,-8.28,-7.68,14.49
2024/01/01 16:11:08.04,18.04,-8.48,-7.64,14.69
2024/01/01 16:11:08.05,18.05,-8.61,-7.45,14.77
2024/01/01 16:11:08.06,18.06,-8.55,-7.19,14.95
2024/01/01 16:11:08.07,18.07,-8.40,-6.88,15.25
2024/01/01 16:11:08.08,18.08,-8.33,-6.65,15.32
2024/01/01 16:11:08.09,18.09,-8.34,-6.61,15.05
2024/01/01 16:11:08.10,18.10,-8.35,-6.74,14.70
2024/01/01 16:11:08.11,18.11,-8.31,-6.88,14.47
2024/01/01 16:11:08.12,18.12,-8.15,-6.99,14.36
2024/01/01 16:11:08.13,18.13,-7.93,-7.12,14.30
2024/01/01 16:11:08.14,18.14,-7.82,-7.16,14.42
2024/01/01 16:11:08.15,18.15,-7.85,-7.10,14.83
2024/01/01 16:11:08.16,18.16,-7.91,-7.06,15.31
2024/01/01 16:11:08.17,18.17,-7.99,-7.06,15.40
2024/01/01 16:11:08.18,18.18,-8.02,-7.08,15.01
2024/01/01 16:11:08.19,18.19,-7.98,-7.12,14.65
2024/01/01 16:11:08.20,18.20,-7.92,-7.10,14.70
2024/01/01 16:11:08.21,18.21,-7.82,-6.97,14.93
2024/01/01 16:11:08.22,18.22,-7.70,-6.87,14.96
2024/01/01 16:11:08.23,18.23,-7.66,-6.82,14.86
2024/01/01 16:11:08.24,18.24,-7.64,-6.81,14.87
2024/01/01 16:11:08.25,18.25,-7.57,-6.91,14.93
2024/01/01 16:11:08.26,18.26,-7.54,-7.11,14.83
2024/01/01 16:11:08.27,18.27,-7.55,-7.28,14.62
2024/01/01 16:11:08.28,18.28,-7.53,-7.35,14.54
2024/01/01 16:11:08.29,18.29,-7.55,-7.29,14.60
2024/01/01 16:11:08.30,18.30,-7.58,-7.13,14.65
2024/01/01 16:11:08.31,18.31,-7.46,-7.01,14.71
2024/01/01 16:11:08.32,18.32,-7.24,-6.95,14.87
2024/01/01 16:11:08.33,18.33,-7.15,-6.86,15.07
2024/01/01 16:11:08.34,18.34,-7.23,-6.86,15.15
2024/01/01 16:11:08.35,18.35,-7.43,-7.13,15.12
2024/01/01 16:11:08.36,18.36,-7.75,-7.46,15.03
2024/01/01 16:11:08.37,18.37,-8.06,-7.69,14.87
2024/01/01 16:11:08.38,18.38,-8.22,-7.94,14.68
2024/01/01 16:11:08.39,18.39,-8.19,-8.12,14.61
2024/01/01 16:11:08.40,18.40,-7.97,-8.15,14.68
2024/01/01 16:11:08.41,18.41,-7.72,-8.01,14.63
2024/01/01 16:11:08.42,18.42,-7.65,-7.66,14.47
2024/01/01 16:11:08.43,18.43,-7.65,-7.24,14.44
2024/01/01 16:11:08.44,18.44,-7.65,-6.95,14.59
2024/01/01 16:11:08.45,18.45,-7.74,-6.79,14.76
2024/01/01 16:11:08.46,18.46,-7.86,-6.81,14.81
2024/01/01 16:11:08.47,18.47,-7.99,-7.04,14.79
2024/01/01 16:11:08.48,18.48,-8.16,-7.30,14.80
2024/01/01 16:11:08.49,18.49,-8.29,-7.47,14.78
2024/01/01 16:11:08.50,18.50,-8.27,-7.62,14.59
2024/01/01 16:11:08.51,18.51,-8.16,-7.73,14.46
2024/01/01 16:11:08.52,18.52,-8.12,-7.81,14.57
2024/01/01 16:11:08.53,18.53,-8.24,-7.78,14.79
2024/01/01 16:11:08.54,18.54,-8.45,-7.56,14.99
2024/01/01 16:11:08.55,18.55,-8.66,-7.24,15.06
2024/01/01 16:11:08.56,18.56,-8.87,-7.02,14.87
2024/01/01 16:11:08.57,18.57,-8.97,-7.04,14.51
2024/01/01 16:11:08.58,18.58,-8.87,-7.36,14.30
2024/01/01 16:11:08.59,18.59,-8.67,-7.72,14.35
2024/01/01 16:11:08.60,18.60,-8.57,-7.83,14.52
2024/01/01 16:11:08.61,18.61,-8.59,-7.70,14.72
2024/01/01 16:11:08.62,18.62,-8.66,-7.46,14.98
2024/01/01 16:11:08.63,18.63,-8.71,-7.13,15.26
2024/01/01 16:11:08.64,18.64,-8.70,-6.86,15.32
2024/01/01 16:11:08.65,18.65,-8.63,-6.84,15.01
2024/01/01 16:11:08.66,18.66,-8.57,-6.97,14.54
2024/01/01 16:11:08.67,18.67,-8.55,-7.09,14.26
2024/01/01 16:11:08.68,18.68,-8.53,-7.21,14.27
2024/01/01 16:11:08.69,18.69,-8.47,-7.28,14.40
2024/01/01 16:11:08.70,18.70,-8.35,-7.32,14.56
2024/01/01 16:11:08.71,18.71,-8.23,-7.45,14.71
2024/01/01 16:11:08.72,18.72,-8.27,-7.51,14.70
2024/01/01 16:11:08.73,18.73,-8.37,-7.35,14.47
2024/01/01 16:11:08.74,18.74,-8.35,-7.17,14.15
2024/01/01 16:11:08.75,18.75,-8.32,-7.00,13.97
2024/01/01 16:11:08.76,18.76,-8.31,-6.81,14.09
2024/01/01 16:11:08.77,18.77,-8.24,-6.74,14.35
2024/01/01 16:11:08.78,18.78,-8.21,-6.73,14.57
2024/01/01 16:11:08.79,18.79,-8.23,-6.63,14.69
2024/01/01 16:11:08.80,18.80,-8.22,-6.58,14.53
2024/01/01 16:11:08.81,18.81,-8.18,-6.63,14.20
2024/01/01 16:11:08.82,18.82,-8.08,-6.70,14.12
2024/01/01 16:11:08.83,18.83,-7.97,-6.81,14.39
2024/01/01 16:11:08.84,18.84,-8.01,-6.90,14.77
2024/01/01 16:11:08.85,18.85,-8.09,-6.96,15.10
2024/01/01 16:11:08.86,18.86,-7.99,-7.09,15.39
2024/01/01 16:11:08.87,18.87,-7.70,-7.17,15.57
2024/01/01 16:11:08.88,18.88,-7.30,-7.15,15.58
2024/01/01 16:11:08.89,18.89,-6.95,-7.12,15.36
2024/01/01 16:11:08.90,18.90,-6.89,-7.01,15.01
2024/01/01 16:11:08.91,18.91,-7.09,-6.77,14.66
2024/01/01 16:11:08.92,18.92,-7.33,-6.57,14.32
2024/01/01 16:11:08.93,18.93,-7.45,-6.48,14.08
2024/01/01 16:11:08.94,18.94,-7.37,-6.56,14.20
2024/01/01 16:11:08.95,18.95,-7.19,-6.86,14.62
2024/01/01 16:11:08.96,18.96,-7.11,-7.19,15.04
2024/01/01 16:11:08.97,18.97,-7.11,-7.32,15.23
2024/01/01 16:11:08.98,18.98,-7.12,-7.23,15.12
2024/01/01 16:11:08.99,18.99,-7.14,-6.96,14.79
2024/01/01 16:11:09.00,19.00,-7.09,-6.72,14.49
2024/01/01 16:11:09.01,19.01,-6.90,-6.74,14.45
2024/01/01 16:11:09.02,19.02,-6.77,-6.92,14.62
2024/01/01 16:11:09.03,19.03,-6.85,-7.09,14.80
2024/01/01 16:11:09.04,19.04,-7.08,-7.27,14.93
2024/01/01 16:11:09.05,19.05,-7.32,-7.45,15.11
2024/01/01 16:11:09.06,19.06,-7.50,-7.53,15.21
2024/01/01 16:11:09.07,19.07,-7.61,-7.64,14.98
2024/01/01 16:11:09.08,19.08,-7.67,-7.87,14.65
2024/01/01 16:11:09.09,19.09,-7.71,-8.02,14.62
2024/01/01 16:11:09.10,19.10,-7.82,-7.91,14.71
2024/01/01 16:11:09.11,19.11,-7.99,-7.64,14.64
2024/01/01 16:11:09.12,19.12,-8.05,-7.43,14.64
2024/01/01 16:11:09.13,19.13,-7.96,-7.24,14.85
2024/01/01 16:11:09.14,19.14,-7.88,-6.98,15.04
2024/01/01 16:11:09.15,19.15,-7.91,-6.82,14.96
2024/01/01 16:11:09.16,19.16,-8.05,-6.86,14.78
2024/01/01 16:11:09.17,19.17,-8.22,-6.97,14.76
2024/01/01 16:11:09.18,19.18,-8.39,-7.17,14.93
2024/01/01 16:11:09.19,19.19,-8.53,-7.52,15.10
2024/01/01 16:11:09.20,19.20,-8.51,-7.86,15.21
2024/01/01 16:11:09.21,19.21,-8.39,-8.00,15.27
2024/01/01 16:11:09.22,19.22,-8.42,-7.90,15.20
2024/01/01 16:11:09.23,19.23,-8.64,-7.66,14.96
2024/01/01 16:11:09.24,19.24,-8.87,-7.44,14.74
2024/01/01 16:11:09.25,19.25,-9.04,-7.36,14.73
2024/01/01 16:11:09.26,19.26,-9.20,-7.31,14.84
2024/01/01 16:11:09.27,19.27,-9.21,-7.26,14.87
2024/01/01 16:11:09.28,19.28,-9.02,-7.22,14.92
2024/01/01 16:11:09.29,19.29,-8.78,-7.13,15.14
2024/01/01 16:11:09.30,19.30,-8.68,-6.97,15.33
2024/01/01 16:11:09.31,19.31,-8.66,-6.89,15.25
2024/01/01 16:11:09.32,19.32,-8.63,-6.95,14.95
2024/01/01 16:11:09.33,19.33,-8.67,-7.07,14.65
2024/01/01 16:11:09.34,19.34,-8.78,-7.19,14.51
2024/01/01 16:11:09.35,19.35,-8.90,-7.26,14.52
2024/01/01 16:11:09.36,19.36,-9.06,-7.16,14.58
2024/01/01 16:11:09.37,19.37,-9.18,-6.96,14.69
2024/01/01 16:11:09.38,19.38,-9.15,-6.93,14.75
2024/01/01 16:11:09.39,19.39,-9.04,-7.07,14.70
2024/01/01 16:11:09.40,19.40,-8.95,-7.28,14.60
2024/01/01 16:11:09.41,19.41,-8.93,-7.55,14.61
2024/01/01 16:11:09.42,19.42,-9.03,-7.68,14.79
2024/01/01 16:11:09.43,19.43,-9.10,-7.59,15.01
2024/01/01 16:11:09.44,19.44,-9.05,-7.43,15.01
2024/01/01 16:11:09.45,19.45,-9.00,-7.22,14.79
2024/01/01 16:11:09.46,19.46,-8.95,-6.99,14.64
2024/01/01 16:11:09.47,19.47,-8.82,-6.86,14.69
2024/01/01 16:11:09.48,19.48,-8.67,-6.87,14.85
2024/01/01 16:11:09.49,19.49,-8.51,-7.03,15.02
2024/01/01 16:11:09.50,19.50,-8.28,-7.35,15.16
2024/01/01 16:11:09.51,19.51,-8.10,-7.56,15.13
2024/01/01 16:11:09.52,19.52,-8.06,-7.55,14.80
2024/01/01 16:11:09.53,19.53,-8.07,-7.49,14.34
2024/01/01 16:11:09.54,19.54,-8.00,-7.48,14.10
2024/01/01 16:11:09.55,19.55,-7.85,-7.47,14.20
2024/01/01 16:11:09.56,19.56,-7.65,-7.49,14.56
2024/01/01 16:11:09.57,19.57,-7.45,-7.61,14.99
2024/01/01 16:11:09.58,19.58,-7.35,-7.74,15.23
2024/01/01 16:11:09.59,19.59,-7.31,-7.77,15.11
2024/01/01 16:11:09.60,19.60,-7.36,-7.84,14.68
2024/01/01 16:11:09.61,19.61,-7.56,-7.84,14.22
2024/01/01 16:11:09.62,19.62,-7.72,-7.70,14.08
2024/01/01 16:11:09.63,19.63,-7.71,-7.57,14.36
2024/01/01 16:11:09.64,19.64,-7.64,-7.37,14.76
2024/01/01 16:11:09.65,19.65,-7.48,-7.08,14.91
2024/01/01 16:11:09.66,19.66,-7.17,-6.97,14.92
2024/01/01 16:11:09.67,19.67,-6.89,-7.15,15.08
2024/01/01 16:11:09.68,19.68,-6.81,-7.41,15.18
2024/01/01 16:11:09.69,19.69,-6.96,-7.72,14.83
2024/01/01 16:11:09.70,19.70,-7.20,-8.01,14.48
2024/01/01 16:11:09.71,19.71,-7.35,-8.01,14.72
2024/01/01 16:11:09.72,19.72,-7.30,-7.62,15.24
2024/01/01 16:11:09.73,19.73,-7.13,-7.11,15.32
2024/01/01 16:11:09.74,19.74,-6.97,-6.80,14.95
2024/01/01 16:11:09.75,19.75,-6.88,-6.71,14.66
2024/01/01 16:11:09.76,19.76,-6.85,-6.79,14.59
2024/01/01 16:11:09.77,19.77,-6.98,-6.97,14.50
2024/01/01 16:11:09.78,19.78,-7.26,-7.20,14.41
2024/01/01 16:11:09.79,19.79,-7.48,-7.44,14.61
2024/01/01 16:11:09.80,19.80,-7.50,-7.50,14.96
2024/01/01 16:11:09.81,19.81,-7.37,-7.31,15.00
2024/01/01 16:11:09.82,19.82,-7.20,-7.01,14.67
2024/01/01 16:11:09.83,19.83,-7.10,-6.72,14.48
2024/01/01 16:11:09.84,19.84,-7.28,-6.51,14.63
2024/01/01 16:11:09.85,19.85,-7.70,-6.53,14.80
2024/01/01 16:11:09.86,19.86,-8.01,-6.77,14.82
2024/01/01 16:11:09.87,19.87,-8.09,-6.96,14.80
2024/01/01 16:11:09.88,19.88,-8.18,-6.89,14.74
2024/01/01 16:11:09.89,19.89,-8.29,-6.75,14.56
2024/01/01 16:11:09.90,19.90,-8.31,-6.84,14.31
2024/01/01 16:11:09.91,19.91,-8.34,-7.12,14.10
2024/01/01 16:11:09.92,19.92,-8.41,-7.44,14.02
2024/01/01 16:11:09.93,19.93,-8.47,-7.64,14.03
2024/01/01 16:11:09.94,19.94,-8.54,-7.51,14.17
2024/01/01 16:11:09.95,19.95,-8.65,-7.12,14.45
2024/01/01 16:11:09.96,19.96,-8.74,-6.73,14.79
2024/01/01 16:11:09.97,19.97,-8.77,-6.42,15.08
2024/01/01 16:11:09.98,19.98,-8.76,-6.23,15.15
2024/01/01 16:11:09.99,19.99,-8.75,-6.26,14.97
2024/01/01 16:11:10.00,20.00,-8.73,-6.53,14.73
2024/01/01 16:11:10.01,20.01,-8.65,-6.91,14.54
2024/01/01 16:11:10.02,20.02,-8.63,-7.17,14.36
2024/01/01 16:11:10.03,20.03,-8.72,-7.33,14.27
2024/01/01 16:11:10.04,20.04,-8.88,-7.50,14.39
2024/01/01 16:11:10.05,20.05,-8.98,-7.59,14.74
2024/01/01 16:11:10.06,20.06,-8.95,-7.51,15.12
2024/01/01 16:11:10.07,20.07,-8.87,-7.34,15.27
2024/01/01 16:11:10.08,20.08,-8.74,-7.09,15.21
2024/01/01 16:11:10.09,20.09,-8.50,-6.84,15.05
2024/01/01 16:11:10.10,20.10,-8.22,-6.74,14.90
2024/01/01 16:11:10.11,20.11,-8.03,-6.83,14.95
2024/01/01 16:11:10.12,20.12,-7.98,-7.08,15.10
2024/01/01 16:11:10.13,20.13,-8.14,-7.36,15.01
2024/01/01 16:11:10.14,20.14,-8.39,-7.55,14.66
2024/01/01 16:11:10.15,20.15,-8.56,-7.69,14.41
2024/01/01 16:11:10.16,20.16,-8.57,-7.67,14.49
2024/01/01 16:11:10.17,20.17,-8.44,-7.41,14.75
2024/01/01 16:11:10.18,20.18,-8.32,-7.10,14.84
2024/01/01 16:11:10.19,20.19,-8.26,-6.81,14.85
2024/01/01 16:11:10.20,20.20,-8.12,-6.67,15.03
2024/01/01 16:11:10.21,20.21,-7.95,-6.78,15.28
2024/01/01 16:11:10.22,20.22,-7.92,-6.94,15.35
2024/01/01 16:11:10.23,20.23,-8.01,-7.00,15.12
2024/01/01 16:11:10.24,20.24,-8.13,-6.99,14.70
2024/01/01 16:11:10.25,20.25,-8.22,-6.99,14.32
2024/01/01 16:11:10.26,20.26,-8.23,-7.14,14.12
2024/01/01 16:11:10.27,20.27,-8.15,-7.48,14.12
2024/01/01 16:11:10.28,20.28,-8.02,-7.92,14.41
2024/01/01 16:11:10.29,20.29,-7.91,-8.32,14.88
2024/01/01 16:11:10.30,20.30,-7.80,-8.40,15.22
2024/01/01 16:11:10.31,20.31,-7.71,-7.96,15.21
2024/01/01 16:11:10.32,20.32,-7.69,-7.26,14.99
2024/01/01 16:11:10.33,20.33,-7.75,-6.69,14.67
2024/01/01 16:11:10.34,20.34,-7.84,-6.58,14.27
2024/01/01 16:11:10.35,20.35,-7.92,-6.93,13.99
2024/01/01 16:11:10.36,20.36,-8.05,-7.39,14.11
2024/01/01 16:11:10.37,20.37,-8.24,-7.60,14.67
2024/01/01 16:11:10.38,20.38,-8.35,-7.61,15.31
2024/01/01 16:11:10.39,20.39,-8.25,-7.67,15.67
2024/01/01 16:11:10.40,20.40,-8.02,-7.85,15.60
2024/01/01 16:11:10.41,20.41,-7.74,-8.07,15.32
2024/01/01 16:11:10.42,20.42,-7.53,-8.16,14.94
2024/01/01 16:11:10.43,20.43,-7.63,-7.97,14.38
2024/01/01 16:11:10.44,20.44,-7.86,-7.57,13.92
2024/01/01 16:11:10.45,20.45,-7.88,-7.25,13.92
2024/01/01 16:11:10.46,20.46,-7.81,-7.04,14.19
2024/01/01 16:11:10.47,20.47,-7.74,-6.89,14.28
2024/01/01 16:11:10.48,20.48,-7.56,-6.99,14.22
2024/01/01 16:11:10.49,20.49,-7.35,-7.23,14.44
2024/01/01 16:11:10.50,20.50,-7.23,-7.36,14.94
2024/01/01 16:11:10.51,20.51,-7.23,-7.46,15.29
2024/01/01 16:11:10.52,20.52,-7.40,-7.59,15.28
2024/01/01 16:11:10.53,20.53,-7.61,-7.53,15.07
2024/01/01 16:11:10.54,20.54,-7.69,-7.31,14.87
2024/01/01 16:11:10.55,20.55,-7.66,-7.06,14.78
2024/01/01 16:11:10.56,20.56,-7.64,-6.85,14.64
2024/01/01 16:11:10.57,20.57,-7.68,-6.74,14.35
2024/01/01 16:11:10.58,20.58,-7.78,-6.82,14.23
2024/01/01 16:11:10.59,20.59,-7.94,-7.00,14.56
2024/01/01 16:11:10.60,20.60,-8.04,-7.14,15.03
2024/01/01 16:11:10.61,20.61,-8.01,-7.32,15.16
2024/01/01 16:11:10.62,20.62,-7.95,-7.51,15.01
2024/01/01 16:11:10.63,20.63,-7.86,-7.53,14.89
2024/01/01 16:11:10.64,20.64,-7.69,-7.32,14.80
2024/01/01 16:11:10.65,20.65,-7.61,-6.96,14.65
2024/01/01 16:11:10.66,20.66,-7.71,-6.64,14.58
2024/01/01 16:11:10.67,20.67,-7.90,-6.50,14.64
2024/01/01 16:11:10.68,20.68,-8.09,-6.48,14.76
2024/01/01 16:11:10.69,20.69,-8.17,-6.53,14.72
2024/01/01 16:11:10.70,20.70,-8.11,-6.67,14.38
2024/01/01 16:11:10.71,20.71,-7.93,-6.87,14.17
2024/01/01 16:11:10.72,20.72,-7.78,-7.06,14.47
2024/01/01 16:11:10.73,20.73,-7.80,-7.13,14.87
2024/01/01 16:11:10.74,20.74,-7.93,-6.96,14.83
2024/01/01 16:11:10.75,20.75,-8.00,-6.68,14.56
2024/01/01 16:11:10.76,20.76,-7.99,-6.40,14.61
2024/01/01 16:11:10.77,20.77,-8.03,-6.19,14.76
2024/01/01 16:11:10.78,20.78,-8.16,-6.26,14.56
2024/01/01 16:11:10.79,20.79,-8.38,-6.63,14.26
2024/01/01 16:11:10.80,20.80,-8.65,-6.86,14.43
2024/01/01 16:11:10.81,20.81,-8.84,-6.69,14.89
2024/01/01 16:11:10.82,20.82,-8.83,-6.45,15.10
2024/01/01 16:11:10.83,20.83,-8.73,-6.48,15.06
2024/01/01 16:11:10.84,20.84,-8.63,-6.65,15.14
2024/01/01 16:11:10.85,20.85,-8.56,-6.78,15.14
2024/01/01 16:11:10.86,20.86,-8.54,-6.95,14.86
2024/01/01 16:11:10.87,20.87,-8.41,-7.33,14.58
2024/01/01 16:11:10.88,20.88,-8.16,-7.76,14.53
2024/01/01 16:11:10.89,20.89,-7.96,-7.87,14.66
2024/01/01 16:11:10.90,20.90,-7.88,-7.68,14.84
2024/01/01 16:11:10.91,20.91,-7.88,-7.40,14.97
2024/01/01 16:11:10.92,20.92,-8.01,-7.09,14.87
2024/01/01 16:11:10.93,20.93,-8.28,-6.91,14.52
2024/01/01 16:11:10.94,20.94,-8.56,-6.95,14.25
2024/01/01 16:11:10.95,20.95,-8.67,-7.02,14.41
2024/01/01 16:11:10.96,20.96,-8.52,-7.03,14.83
2024/01/01 16:11:10.97,20.97,-8.31,-7.19,15.03
2024/01/01 16:11:10.98,20.98,-8.17,-7.54,15.06
2024/01/01 16:11:10.99,20.99,-7.99,-7.86,15.18
2024/01/01 16:11:11.00,21.00,-7.80,-7.96,15.13
2024/01/01 16:11:11.01,21.01,-7.78,-7.87,14.59
2024/01/01 16:11:11.02,21.02,-7.78,-7.79,13.98
2024/01/01 16:11:11.03,21.03,-7.72,-7.82,13.88
2024/01/01 16:11:11.04,21.04,-7.82,-7.79,14.22
2024/01/01 16:11:11.05,21.05,-8.05,-7.71,14.52
2024/01/01 16:11:11.06,21.06,-8.16,-7.68,14.76
2024/01/01 16:11:11.07,21.07,-8.22,-7.54,15.09
2024/01/01 16:11:11.08,21.08,-8.33,-7.29,15.39
2024/01/01 16:11:11.09,21.09,-8.36,-7.38,15.42
2024/01/01 16:11:11.10,21.10,-8.28,-7.72,15.14
2024/01/01 16:11:11.11,21.11,-8.17,-7.75,14.71
2024/01/01 16:11:11.12,21.12,-8.02,-7.54,14.27
2024/01/01 16:11:11.13,21.13,-7.77,-7.37,13.88
2024/01/01 16:11:11.14,21.14,-7.52,-7.29,13.73
2024/01/01 16:11:11.15,21.15,-7.40,-7.40,14.13
2024/01/01 16:11:11.16,21.16,-7.52,-7.66,14.91
2024/01/01 16:11:11.17,21.17,-7.79,-7.73,15.35
2024/01/01 16:11:11.18,21.18,-7.95,-7.53,15.13
2024/01/01 16:11:11.19,21.19,-7.87,-7.33,14.82
2024/01/01 16:11:11.20,21.20,-7.71,-7.12,14.67
2024/01/01 16:11:11.21,21.21,-7.61,-6.91,14.47
2024/01/01 16:11:11.22,21.22,-7.51,-6.97,14.39
2024/01/01 16:11:11.23,21.23,-7.48,-7.12,14.75
2024/01/01 16:11:11.24,21.24,-7.63,-6.93,15.16
2024/01/01 16:11:11.25,21.25,-7.75,-6.72,15.20
2024/01/01 16:11:11.26,21.26,-7.83,-6.92,15.05
2024/01/01 16:11:11.27,21.27,-8.00,-7.28,14.96
2024/01/01 16:11:11.28,21.28,-8.08,-7.51,14.88
2024/01/01 16:11:11.29,21.29,-8.05,-7.61,14.88
2024/01/01 16:11:11.30,21.30,-8.12,-7.36,15.17
2024/01/01 16:11:11.31,21.31,-8.14,-6.76,15.50
2024/01/01 16:11:11.32,21.32,-7.99,-6.25,15.49
2024/01/01 16:11:11.33,21.33,-7.84,-6.02,15.38
2024/01/01 16:11:11.34,21.34,-7.66,-5.90,15.47
2024/01/01 16:11:11.35,21.35,-7.50,-5.91,15.55
2024/01/01 16:11:11.36,21.36,-7.61,-6.23,15.50
2024/01/01 16:11:11.37,21.37,-7.98,-6.87,15.60
2024/01/01 16:11:11.38,21.38,-8.31,-7.52,15.89
2024/01/01 16:11:11.39,21.39,-8.39,-7.81,15.93
2024/01/01 16:11:11.40,21.40,-8.23,-7.75,15.42
2024/01/01 16:11:11.41,21.41,-7.88,-7.59,14.84
2024/01/01 16:11:11.42,21.42,-7.53,-7.34,14.68
2024/01/01 16:11:11.43,21.43,-7.50,-6.93,14.68
2024/01/01 16:11:11.44,21.44,-7.87,-6.69,14.49
2024/01/01 16:11:11.45,21.45,-8.29,-6.94,14.40
2024/01/01 16:11:11.46,21.46,-8.54,-7.42,14.69
2024/01/01 16:11:11.47,21.47,-8.71,-7.74,14.90
2024/01/01 16:11:11.48,21.48,-8.82,-7.85,14.66
2024/01/01 16:11:11.49,21.49,-8.74,-7.83,14.34
2024/01/01 16:11:11.50,21.50,-8.65,-7.66,14.31
2024/01/01 16:11:11.51,21.51,-8.84,-7.48,14.51
2024/01/01 16:11:11.52,21.52,-9.08,-7.51,14.73
2024/01/01 16:11:11.53,21.53,-9.08,-7.70,14.99
2024/01/01 16:11:11.54,21.54,-9.04,-7.81,15.18
2024/01/01 16:11:11.55,21.55,-9.11,-7.95,15.10
2024/01/01 16:11:11.56,21.56,-9.15,-8.28,14.83
2024/01/01 16:11:11.57,21.57,-9.13,-8.57,14.86
2024/01/01 16:11:11.58,21.58,-9.25,-8.64,15.26
2024/01/01 16:11:11.59,21.59,-9.52,-8.56,15.55
2024/01/01 16:11:11.60,21.60,-9.66,-8.39,15.64
2024/01/01 16:11:11.61,21.61,-9.53,-8.15,15.64
2024/01/01 16:11:11.62,21.62,-9.38,-7.84,15.34
2024/01/01 16:11:11.63,21.63,-9.20,-7.59,14.74
2024/01/01 16:11:11.64,21.64,-8.90,-7.58,14.36
2024/01/01 16:11:11.65,21.65,-8.72,-7.72,14.56
2024/01/01 16:11:11.66,21.66,-8.72,-7.86,15.06
2024/01/01 16:11:11.67,21.67,-8.63,-8.02,15.35
2024/01/01 16:11:11.68,21.68,-8.42,-8.02,15.34
2024/01/01 16:11:11.69,21.69,-8.16,-7.67,15.14
2024/01/01 16:11:11.70,21.70,-7.85,-7.28,14.68
2024/01/01 16:11:11.71,21.71,-7.65,-7.23,14.07
2024/01/01 16:11:11.72,21.72,-7.68,-7.55,13.77
2024/01/01 16:11:11.73,21.73,-7.85,-7.83,13.94
2024/01/01 16:11:11.74,21.74,-8.08,-7.79,14.29
2024/01/01 16:11:11.75,21.75,-8.23,-7.55,14.54
2024/01/01 16:11:11.76,21.76,-8.10,-7.39,14.55
2024/01/01 16:11:11.77,21.77,-7.93,-7.37,14.40
2024/01/01 16:11:11.78,21.78,-8.03,-7.45,14.44
2024/01/01 16:11:11.79,21.79,-8.22,-7.57,14.62
2024/01/01 16:11:11.80,21.80,-8.38,-7.55,14.47
2024/01/01 16:11:11.81,21.81,-8.52,-7.30,14.16
2024/01/01 16:11:11.82,21.82,-8.53,-6.98,14.21
2024/01/01 16:11:11.83,21.83,-8.40,-6.53,14.61
2024/01/01 16:11:11.84,21.84,-8.23,-6.03,14.95
2024/01/01 16:11:11.85,21.85,-8.12,-5.96,15.12
2024/01/01 16:11:11.86,21.86,-8.10,-6.38,15.23
2024/01/01 16:11:11.87,21.87,-7.98,-6.85,15.23
2024/01/01 16:11:11.88,21.88,-7.75,-7.18,15.02
2024/01/01 16:11:11.89,21.89,-7.53,-7.32,14.64
2024/01/01 16:11:11.90,21.90,-7.29,-7.10,14.19
2024/01/01 16:11:11.91,21.91,-7.00,-6.59,13.87
2024/01/01 16:11:11.92,21.92,-6.97,-6.13,13.92
2024/01/01 16:11:11.93,21.93,-7.30,-5.97,14.17
2024/01/01 16:11:11.94,21.94,-7.56,-6.14,14.23
2024/01/01 16:11:11.95,21.95,-7.50,-6.55,14.13
2024/01/01 16:11:11.96,21.96,-7.27,-6.97,14.31
2024/01/01 16:11:11.97,21.97,-6.83,-7.09,14.76
2024/01/01 16:11:11.98,21.98,-6.42,-6.82,14.93
2024/01/01 16:11:11.99,21.99,-6.40,-6.38,14.68
2024/01/01 16:11:12.00,22.00,-6.56,-6.05,14.40
2024/01/01 16:11:12.01,22.01,-6.59,-5.93,14.23
2024/01/01 16:11:12.02,22.02,-6.60,-6.03,14.15
2024/01/01 16:11:12.03,22.03,-6.74,-6.50,14.16
2024/01/01 16:11:12.04,22.04,-6.94,-7.18,14.24
2024/01/01 16:11:12.05,22.05,-7.23,-7.54,14.31
2024/01/01 16:11:12.06,22.06,-7.58,-7.49,14.32
2024/01/01 16:11:12.07,22.07,-7.85,-7.44,14.44
2024/01/01 16:11:12.08,22.08,-8.01,-7.44,14.81
2024/01/01 16:11:12.09,22.09,-8.16,-7.31,15.12
2024/01/01 16:11:12.10,22.10,-8.33,-6.99,15.18
2024/01/01 16:11:12.11,22.11,-8.35,-6.53,15.24
2024/01/01 16:11:12.12,22.12,-8.20,-6.03,15.41
2024/01/01 16:11:12.13,22.13,-8.09,-5.68,15.47
2024/01/01 16:11:12.14,22.14,-8.03,-5.76,15.33
2024/01/01 16:11:12.15,22.15,-7.90,-6.40,15.19
2024/01/01 16:11:12.16,22.16,-7.62,-7.17,15.27
2024/01/01 16:11:12.17,22.17,-7.27,-7.71,15.36
2024/01/01 16:11:12.18,22.18,-7.12,-7.95,15.16
2024/01/01 16:11:12.19,22.19,-7.19,-7.75,14.94
2024/01/01 16:11:12.20,22.20,-7.39,-7.30,14.95
2024/01/01 16:11:12.21,22.21,-7.81,-6.93,15.02
2024/01/01 16:11:12.22,22.22,-8.14,-6.83,15.03
2024/01/01 16:11:12.23,22.23,-8.14,-6.97,15.02
2024/01/01 16:11:12.24,22.24,-8.12,-7.04,14.97
2024/01/01 16:11:12.25,22.25,-8.20,-6.92,14.98
2024/01/01 16:11:12.26,22.26,-8.21,-6.94,15.16
2024/01/01 16:11:12.27,22.27,-8.23,-7.17,15.46
2024/01/01 16:11:12.28,22.28,-8.36,-7.43,15.49
2024/01/01 16:11:12.29,22.29,-8.57,-7.79,14.97
2024/01/01 16:11:12.30,22.30,-8.82,-8.21,14.30
2024/01/01 16:11:12.31,22.31,-9.01,-8.53,14.08
2024/01/01 16:11:12.32,22.32,-9.15,-8.62,14.17
2024/01/01 16:11:12.33,22.33,-9.34,-8.48,14.23
2024/01/01 16:11:12.34,22.34,-9.45,-8.24,14.54
2024/01/01 16:11:12.35,22.35,-9.42,-8.01,15.29
2024/01/01 16:11:12.36,22.36,-9.48,-7.67,15.77
2024/01/01 16:11:12.37,22.37,-9.57,-7.37,15.19
2024/01/01 16:11:12.38,22.38,-9.44,-7.51,14.11
2024/01/01 16:11:12.39,22.39,-9.17,-7.98,13.78
2024/01/01 16:11:12.40,22.40,-9.03,-8.38,14.28
2024/01/01 16:11:12.41,22.41,-9.00,-8.67,14.78
2024/01/01 16:11:12.42,22.42,-8.97,-8.90,15.03
2024/01/01 16:11:12.43,22.43,-8.94,-8.81,15.30
2024/01/01 16:11:12.44,22.44,-8.90,-8.39,15.48
2024/01/01 16:11:12.45,22.45,-8.68,-8.08,15.36
2024/01/01 16:11:12.46,22.46,-8.31,-8.09,15.11
2024/01/01 16:11:12.47,22.47,-8.13,-8.13,15.00
2024/01/01 16:11:12.48,22.48,-8.28,-8.02,15.14
2024/01/01 16:11:12.49,22.49,-8.50,-7.78,15.46
2024/01/01 16:11:12.50,22.50,-8.55,-7.42,15.63
2024/01/01 16:11:12.51,22.51,-8.41,-7.03,15.34
2024/01/01 16:11:12.52,22.52,-8.18,-6.93,14.70
2024/01/01 16:11:12.53,22.53,-7.97,-7.23,14.28
2024/01/01 16:11:12.54,22.54,-7.75,-7.65,14.41
2024/01/01 16:11:12.55,22.55,-7.58,-7.96,14.69
2024/01/01 16:11:12.56,22.56,-7.65,-8.04,14.74
2024/01/01 16:11:12.57,22.57,-7.79,-7.85,14.89
2024/01/01 16:11:12.58,22.58,-7.77,-7.41,15.30
2024/01/01 16:11:12.59,22.59,-7.78,-6.78,15.29
2024/01/01 16:11:12.60,22.60,-7.98,-6.21,14.50
2024/01/01 16:11:12.61,22.61,-8.14,-6.05,13.79
2024/01/01 16:11:12.62,22.62,-8.29,-6.20,13.93
2024/01/01 16:11:12.63,22.63,-8.55,-6.43,14.55
2024/01/01 16:11:12.64,22.64,-8.65,-6.92,14.81
2024/01/01 16:11:12.65,22.65,-8.41,-7.61,14.63
2024/01/01 16:11:12.66,22.66,-8.06,-7.87,14.46
2024/01/01 16:11:12.67,22.67,-7.82,-7.62,14.28
2024/01/01 16:11:12.68,22.68,-7.77,-7.32,13.92
2024/01/01 16:11:12.69,22.69,-7.67,-7.09,13.78
2024/01/01 16:11:12.70,22.70,-7.44,-6.88,14.09
2024/01/01 16:11:12.71,22.71,-7.40,-6.58,14.28
2024/01/01 16:11:12.72,22.72,-7.46,-6.11,14.02
2024/01/01 16:11:12.73,22.73,-7.32,-5.70,13.69
2024/01/01 16:11:12.74,22.74,-7.29,-5.50,13.77
2024/01/01 16:11:12.75,22.75,-7.58,-5.50,14.10
2024/01/01 16:11:12.76,22.76,-7.84,-5.88,14.39
2024/01/01 16:11:12.77,22.77,-7.81,-6.47,14.72
2024/01/01 16:11:12.78,22.78,-7.62,-6.76,14.89
2024/01/01 16:11:12.79,22.79,-7.36,-6.64,14.62
2024/01/01 16:11:12.80,22.80,-6.99,-6.43,14.24
2024/01/01 16:11:12.81,22.81,-6.82,-6.32,14.19
2024/01/01 16:11:12.82,22.82,-7.17,-6.31,14.41
2024/01/01 16:11:12.83,22.83,-7.79,-6.51,14.60
2024/01/01 16:11:12.84,22.84,-8.33,-6.71,14.68
2024/01/01 16:11:12.85,22.85,-8.51,-6.36,14.62
2024/01/01 16:11:12.86,22.86,-8.28,-5.63,14.48
2024/01/01 16:11:12.87,22.87,-7.81,-5.17,14.40
2024/01/01 16:11:12.88,22.88,-7.34,-5.08,14.21
2024/01/01 16:11:12.89,22.89,-7.00,-5.36,13.71
2024/01/01 16:11:12.90,22.90,-6.92,-6.10,13.50
2024/01/01 16:11:12.91,22.91,-7.06,-6.92,14.14
2024/01/01 16:11:12.92,22.92,-7.21,-7.29,14.95
2024/01/01 16:11:12.93,22.93,-7.25,-7.25,15.25
2024/01/01 16:11:12.94,22.94,-7.26,-7.22,15.31
2024/01/01 16:11:12.95,22.95,-7.30,-7.13,15.35
2024/01/01 16:11:12.96,22.96,-7.27,-6.88,15.12
2024/01/01 16:11:12.97,22.97,-7.36,-6.87,14.48
2024/01/01 16:11:12.98,22.98,-7.78,-7.17,13.88
2024/01/01 16:11:12.99,22.99,-8.04,-7.46,13.94
2024/01/01 16:11:13.00,23.00,-7.80,-7.68,14.51
2024/01/01 16:11:13.01,23.01,-7.48,-7.75,14.87
2024/01/01 16:11:13.02,23.02,-7.19,-7.62,14.71
2024/01/01 16:11:13.03,23.03,-6.80,-7.60,14.49
2024/01/01 16:11:13.04,23.04,-6.66,-7.73,14.60
2024/01/01 16:11:13.05,23.05,-7.06,-7.90,14.60
2024/01/01 16:11:13.06,23.06,-7.67,-8.09,14.13
2024/01/01 16:11:13.07,23.07,-8.12,-8.13,13.72
2024/01/01 16:11:13.08,23.08,-8.42,-7.78,13.92
2024/01/01 16:11:13.09,23.09,-8.54,-7.16,14.41
2024/01/01 16:11:13.10,23.10,-8.46,-6.78,14.76
2024/01/01 16:11:13.11,23.11,-8.37,-6.93,15.03
2024/01/01 16:11:13.12,23.12,-8.32,-7.44,15.16
2024/01/01 16:11:13.13,23.13,-8.23,-8.13,15.01
2024/01/01 16:11:13.14,23.14,-8.08,-8.82,14.77
2024/01/01 16:11:13.15,23.15,-7.94,-9.20,14.64
2024/01/01 16:11:13.16,23.16,-7.86,-8.99,14.81
2024/01/01 16:11:13.17,23.17,-7.83,-8.28,15.47
2024/01/01 16:11:13.18,23.18,-7.90,-7.40,16.08
2024/01/01 16:11:13.19,23.19,-8.06,-6.64,15.77
2024/01/01 16:11:13.20,23.20,-8.10,-6.36,14.87
2024/01/01 16:11:13.21,23.21,-8.06,-6.65,14.38
2024/01/01 16:11:13.22,23.22,-8.20,-6.99,14.33
2024/01/01 16:11:13.23,23.23,-8.54,-7.27,14.17
2024/01/01 16:11:13.24,23.24,-8.84,-7.81,14.23
2024/01/01 16:11:13.25,23.25,-8.96,-8.26,15.16
2024/01/01 16:11:13.26,23.26,-8.83,-8.05,16.37
2024/01/01 16:11:13.27,23.27,-8.46,-7.49,16.75
2024/01/01 16:11:13.28,23.28,-8.04,-7.11,16.23
2024/01/01 16:11:13.29,23.29,-7.72,-6.89,15.51
2024/01/01 16:11:13.30,23.30,-7.61,-6.71,14.82
2024/01/01 16:11:13.31,23.31,-7.96,-6.76,14.24
2024/01/01 16:11:13.32,23.32,-8.57,-7.03,14.25
2024/01/01 16:11:13.33,23.33,-8.99,-7.34,14.99
2024/01/01 16:11:13.34,23.34,-9.15,-7.50,15.74
2024/01/01 16:11:13.35,23.35,-9.08,-7.54,15.82
2024/01/01 16:11:13.36,23.36,-8.68,-7.66,15.36
2024/01/01 16:11:13.37,23.37,-8.26,-7.71,14.81
2024/01/01 16:11:13.38,23.38,-8.21,-7.44,14.38
2024/01/01 16:11:13.39,23.39,-8.46,-7.08,14.09
2024/01/01 16:11:13.40,23.40,-8.68,-6.87,14.10
2024/01/01 16:11:13.41,23.41,-8.71,-6.64,14.56
2024/01/01 16:11:13.42,23.42,-8.61,-6.44,15.08
2024/01/01 16:11:13.43,23.43,-8.44,-6.34,15.18
2024/01/01 16:11:13.44,23.44,-8.13,-6.21,14.99
2024/01/01 16:11:13.45,23.45,-7.88,-6.11,14.71
2024/01/01 16:11:13.46,23.46,-8.06,-6.23,14.39
2024/01/01 16:11:13.47,23.47,-8.50,-6.62,14.09
2024/01/01 16:11:13.48,23.48,-8.85,-7.18,13.95
2024/01/01 16:11:13.49,23.49,-8.99,-7.69,14.25
2024/01/01 16:11:13.50,23.50,-8.84,-8.01,14.86
2024/01/01 16:11:13.51,23.51,-8.41,-8.03,15.25
2024/01/01 16:11:13.52,23.52,-8.01,-7.67,15.19
2024/01/01 16:11:13.53,23.53,-7.86,-7.18,15.09
2024/01/01 16:11:13.54,23.54,-7.98,-6.80,15.28
2024/01/01 16:11:13.55,23.55,-8.20,-6.51,15.44
2024/01/01 16:11:13.56,23.56,-8.42,-6.44,15.16
2024/01/01 16:11:13.57,23.57,-8.65,-6.74,14.69
2024/01/01 16:11:13.58,23.58,-8.67,-7.20,14.60
2024/01/01 16:11:13.59,23.59,-8.29,-7.47,14.87
2024/01/01 16:11:13.60,23.60,-7.79,-7.50,15.19
2024/01/01 16:11:13.61,23.61,-7.43,-7.56,15.54
2024/01/01 16:11:13.62,23.62,-7.29,-7.81,15.87
2024/01/01 16:11:13.63,23.63,-7.45,-8.06,15.71
2024/01/01 16:11:13.64,23.64,-7.86,-8.25,14.83
2024/01/01 16:11:13.65,23.65,-8.28,-8.39,13.94
2024/01/01 16:11:13.66,23.66,-8.38,-8.37,13.72
2024/01/01 16:11:13.67,23.67,-8.20,-7.98,13.86
2024/01/01 16:11:13.68,23.68,-7.98,-7.40,13.93
2024/01/01 16:11:13.69,23.69,-7.68,-7.14,14.17
2024/01/01 16:11:13.70,23.70,-7.39,-7.17,14.77
2024/01/01 16:11:13.71,23.71,-7.25,-7.21,15.36
2024/01/01 16:11:13.72,23.72,-7.37,-7.42,15.41
2024/01/01 16:11:13.73,23.73,-7.72,-7.80,15.06
2024/01/01 16:11:13.74,23.74,-8.16,-8.02,14.77
2024/01/01 16:11:13.75,23.75,-8.50,-7.92,14.64
2024/01/01 16:11:13.76,23.76,-8.53,-7.46,14.60
2024/01/01 16:11:13.77,23.77,-8.12,-6.71,14.52
2024/01/01 16:11:13.78,23.78,-7.54,-5.89,14.29
2024/01/01 16:11:13.79,23.79,-7.23,-5.34,14.17
2024/01/01 16:11:13.80,23.80,-7.29,-5.46,14.31
2024/01/01 16:11:13.81,23.81,-7.76,-6.13,14.44
2024/01/01 16:11:13.82,23.82,-8.40,-6.91,14.36
2024/01/01 16:11:13.83,23.83,-8.74,-7.72,14.18
2024/01/01 16:11:13.84,23.84,-8.59,-8.31,14.21
2024/01/01 16:11:13.85,23.85,-8.08,-8.22,14.48
2024/01/01 16:11:13.86,23.86,-7.73,-7.72,14.56
2024/01/01 16:11:13.87,23.87,-7.87,-7.31,14.27
2024/01/01 16:11:13.88,23.88,-8.22,-7.07,14.16
2024/01/01 16:11:13.89,23.89,-8.59,-6.95,14.52
2024/01/01 16:11:13.90,23.90,-8.96,-7.00,14.98
2024/01/01 16:11:13.91,23.91,-9.06,-7.33,15.23
2024/01/01 16:11:13.92,23.92,-8.84,-7.84,15.34
2024/01/01 16:11:13.93,23.93,-8.64,-8.06,15.42
2024/01/01 16:11:13.94,23.94,-8.49,-7.86,15.28
2024/01/01 16:11:13.95,23.95,-8.20,-7.64,14.72
2024/01/01 16:11:13.96,23.96,-7.99,-7.63,14.05
2024/01/01 16:11:13.97,23.97,-8.03,-7.85,13.85
2024/01/01 16:11:13.98,23.98,-8.15,-8.16,14.18
2024/01/01 16:11:13.99,23.99,-8.25,-8.18,14.66
2024/01/01 16:11:14.00,24.00,-8.22,-7.90,15.16
2024/01/01 16:11:14.01,24.01,-8.00,-7.47,15.42
2024/01/01 16:11:14.02,24.02,-7.78,-6.85,14.96
2024/01/01 16:11:14.03,24.03,-7.61,-6.31,14.05
2024/01/01 16:11:14.04,24.04,-7.33,-6.22,13.53
2024/01/01 16:11:14.05,24.05,-7.13,-6.34,13.59
2024/01/01 16:11:14.06,24.06,-7.24,-6.32,13.71
2024/01/01 16:11:14.07,24.07,-7.39,-6.39,13.73
2024/01/01 16:11:14.08,24.08,-7.44,-6.72,14.09
2024/01/01 16:11:14.09,24.09,-7.40,-6.98,14.94
2024/01/01 16:11:14.10,24.10,-7.12,-7.15,15.53
2024/01/01 16:11:14.11,24.11,-6.85,-7.32,15.31
2024/01/01 16:11:14.12,24.12,-6.79,-7.23,15.04
2024/01/01 16:11:14.13,24.13,-6.78,-6.91,15.32
2024/01/01 16:11:14.14,24.14,-6.81,-6.51,15.54
2024/01/01 16:11:14.15,24.15,-6.89,-6.12,15.00
2024/01/01 16:11:14.16,24.16,-6.83,-6.02,14.31
2024/01/01 16:11:14.17,24.17,-6.66,-6.21,14.68
2024/01/01 16:11:14.18,24.18,-6.62,-6.41,15.87
2024/01/01 16:11:14.19,24.19,-6.82,-6.65,16.30
2024/01/01 16:11:14.20,24.20,-7.10,-6.97,15.68
2024/01/01 16:11:14.21,24.21,-7.32,-7.12,15.18
2024/01/01 16:11:14.22,24.22,-7.45,-6.96,15.11
2024/01/01 16:11:14.23,24.23,-7.50,-6.78,14.69
2024/01/01 16:11:14.24,24.24,-7.50,-7.00,14.04
2024/01/01 16:11:14.25,24.25,-7.60,-7.24,14.06
2024/01/01 16:11:14.26,24.26,-7.87,-6.86,14.63
2024/01/01 16:11:14.27,24.27,-8.15,-6.07,14.92
2024/01/01 16:11:14.28,24.28,-8.28,-5.60,14.68
2024/01/01 16:11:14.29,24.29,-8.40,-5.56,14.34
2024/01/01 16:11:14.30,24.30,-8.60,-5.75,14.22
2024/01/01 16:11:14.31,24.31,-8.82,-6.29,14.28
2024/01/01 16:11:14.32,24.32,-9.04,-7.18,14.50
2024/01/01 16:11:14.33,24.33,-9.08,-8.00,14.91
2024/01/01 16:11:14.34,24.34,-8.98,-8.33,15.07
2024/01/01 16:11:14.35,24.35,-9.04,-8.04,14.52
2024/01/01 16:11:14.36,24.36,-9.10,-7.34,13.72
2024/01/01 16:11:14.37,24.37,-9.00,-6.66,13.50
2024/01/01 16:11:14.38,24.38,-9.02,-6.17,14.00
2024/01/01 16:11:14.39,24.39,-9.23,-6.11,14.69
2024/01/01 16:11:14.40,24.40,-9.30,-6.77,15.01
2024/01/01 16:11:14.41,24.41,-9.29,-7.72,14.89
2024/01/01 16:11:14.42,24.42,-9.11,-8.31,14.78
2024/01/01 16:11:14.43,24.43,-8.55,-8.54,14.94
2024/01/01 16:11:14.44,24.44,-8.01,-8.42,15.17
2024/01/01 16:11:14.45,24.45,-7.98,-8.01,15.25
2024/01/01 16:11:14.46,24.46,-8.31,-7.91,15.33
2024/01/01 16:11:14.47,24.47,-8.65,-8.07,15.67
2024/01/01 16:11:14.48,24.48,-8.86,-8.00,15.92
2024/01/01 16:11:14.49,24.49,-8.98,-8.03,15.63
2024/01/01 16:11:14.50,24.50,-9.01,-8.56,15.26
2024/01/01 16:11:14.51,24.51,-8.92,-9.03,15.30
2024/01/01 16:11:14.52,24.52,-8.75,-8.78,15.48
2024/01/01 16:11:14.53,24.53,-8.56,-8.12,15.49
2024/01/01 16:11:14.54,24.54,-8.35,-7.70,15.41
2024/01/01 16:11:14.55,24.55,-8.21,-7.61,15.42
2024/01/01 16:11:14.56,24.56,-8.24,-7.78,15.53
2024/01/01 16:11:14.57,24.57,-8.42,-8.07,15.58
2024/01/01 16:11:14.58,24.58,-8.54,-8.14,15.36
2024/01/01 16:11:14.59,24.59,-8.45,-7.93,14.98
2024/01/01 16:11:14.60,24.60,-8.29,-7.65,14.74
2024/01/01 16:11:14.61,24.61,-8.27,-7.29,14.53
2024/01/01 16:11:14.62,24.62,-8.24,-6.86,14.13
2024/01/01 16:11:14.63,24.63,-7.99,-6.58,14.00
2024/01/01 16:11:14.64,24.64,-7.79,-6.58,14.50
2024/01/01 16:11:14.65,24.65,-7.81,-6.74,15.07
2024/01/01 16:11:14.66,24.66,-7.92,-7.13,15.18
2024/01/01 16:11:14.67,24.67,-8.10,-7.74,15.10
2024/01/01 16:11:14.68,24.68,-8.34,-8.15,14.98
2024/01/01 16:11:14.69,24.69,-8.34,-8.12,14.53
2024/01/01 16:11:14.70,24.70,-7.96,-7.95,13.97
2024/01/01 16:11:14.71,24.71,-7.54,-7.76,13.86
2024/01/01 16:11:14.72,24.72,-7.38,-7.40,14.22
2024/01/01 16:11:14.73,24.73,-7.37,-7.06,14.57
2024/01/01 16:11:14.74,24.74,-7.46,-6.96,14.57
2024/01/01 16:11:14.75,24.75,-7.62,-6.96,14.27
2024/01/01 16:11:14.76,24.76,-7.61,-7.03,14.00
2024/01/01 16:11:14.77,24.77,-7.53,-7.19,13.98
2024/01/01 16:11:14.78,24.78,-7.65,-7.31,14.04
2024/01/01 16:11:14.79,24.79,-7.86,-7.45,13.89
2024/01/01 16:11:14.80,24.80,-7.96,-7.66,13.94
2024/01/01 16:11:14.81,24.81,-7.94,-7.74,14.62
2024/01/01 16:11:14.82,24.82,-7.78,-7.58,15.28
2024/01/01 16:11:14.83,24.83,-7.51,-7.32,15.18
2024/01/01 16:11:14.84,24.84,-7.32,-6.99,14.97
2024/01/01 16:11:14.85,24.85,-7.40,-6.46,15.50
2024/01/01 16:11:14.86,24.86,-7.67,-5.70,16.17
2024/01/01 16:11:14.87,24.87,-7.98,-5.17,15.99
2024/01/01 16:11:14.88,24.88,-8.18,-5.36,15.24
2024/01/01 16:11:14.89,24.89,-8.11,-5.96,14.76
2024/01/01 16:11:14.90,24.90,-7.75,-6.27,14.62
2024/01/01 16:11:14.91,24.91,-7.39,-6.30,14.38
2024/01/01 16:11:14.92,24.92,-7.31,-6.39,14.28
2024/01/01 16:11:14.93,24.93,-7.38,-6.50,14.87
2024/01/01 16:11:14.94,24.94,-7.47,-6.55,15.59
2024/01/01 16:11:14.95,24.95,-7.69,-6.78,15.54
2024/01/01 16:11:14.96,24.96,-7.86,-7.23,14.94
2024/01/01 16:11:14.97,24.97,-7.77,-7.56,14.46
2024/01/01 16:11:14.98,24.98,-7.61,-7.46,14.24
2024/01/01 16:11:14.99,24.99,-7.48,-7.23,13.98
2024/01/01 16:11:15.00,25.00,-7.45,-7.13,13.62
2024/01/01 16:11:15.01,25.01,-7.59,-6.85,13.68
2024/01/01 16:11:15.02,25.02,-7.82,-6.52,14.14
2024/01/01 16:11:15.03,25.03,-8.13,-6.60,14.40
2024/01/01 16:11:15.04,25.04,-8.30,-7.08,14.48
2024/01/01 16:11:15.05,25.05,-8.24,-7.82,14.72
2024/01/01 16:11:15.06,25.06,-8.40,-8.47,14.85
2024/01/01 16:11:15.07,25.07,-8.80,-8.73,14.47
2024/01/01 16:11:15.08,25.08,-9.05,-8.68,13.75
2024/01/01 16:11:15.09,25.09,-9.21,-8.32,13.40
2024/01/01 16:11:15.10,25.10,-9.38,-7.70,13.78
2024/01/01 16:11:15.11,25.11,-9.44,-7.16,14.46
2024/01/01 16:11:15.12,25.12,-9.53,-6.94,14.92
2024/01/01 16:11:15.13,25.13,-9.73,-7.07,14.94
2024/01/01 16:11:15.14,25.14,-9.78,-7.47,14.60
2024/01/01 16:11:15.15,25.15,-9.54,-7.96,14.47
2024/01/01 16:11:15.16,25.16,-9.20,-8.44,14.91
2024/01/01 16:11:15.17,25.17,-8.91,-8.86,15.51
2024/01/01 16:11:15.18,25.18,-8.68,-9.13,15.71
2024/01/01 16:11:15.19,25.19,-8.50,-9.04,15.45
2024/01/01 16:11:15.20,25.20,-8.39,-8.32,14.94
2024/01/01 16:11:15.21,25.21,-8.44,-7.25,14.26
2024/01/01 16:11:15.22,25.22,-8.71,-6.56,13.60
2024/01/01 16:11:15.23,25.23,-9.03,-6.58,13.51
2024/01/01 16:11:15.24,25.24,-9.17,-7.22,14.02
2024/01/01 16:11:15.25,25.25,-9.14,-8.10,14.65
2024/01/01 16:11:15.26,25.26,-8.91,-8.78,15.23
2024/01/01 16:11:15.27,25.27,-8.40,-9.05,15.72
2024/01/01 16:11:15.28,25.28,-7.81,-8.78,15.87
2024/01/01 16:11:15.29,25.29,-7.27,-8.17,15.58
2024/01/01 16:11:15.30,25.30,-6.75,-7.60,15.02
2024/01/01 16:11:15.31,25.31,-6.40,-7.07,14.47
2024/01/01 16:11:15.32,25.32,-6.36,-6.65,14.23
2024/01/01 16:11:15.33,25.33,-6.63,-6.72,14.36
2024/01/01 16:11:15.34,25.34,-7.22,-7.09,14.51
2024/01/01 16:11:15.35,25.35,-7.80,-7.35,14.33
2024/01/01 16:11:15.36,25.36,-8.07,-7.51,13.99
2024/01/01 16:11:15.37,25.37,-8.12,-7.50,14.00
2024/01/01 16:11:15.38,25.38,-7.96,-7.04,14.39
2024/01/01 16:11:15.39,25.39,-7.64,-6.23,14.69
2024/01/01 16:11:15.40,25.40,-7.43,-5.41,14.95
2024/01/01 16:11:15.41,25.41,-7.37,-4.95,15.25
2024/01/01 16:11:15.42,25.42,-7.32,-4.96,15.18
2024/01/01 16:11:15.43,25.43,-7.26,-5.20,14.88
2024/01/01 16:11:15.44,25.44,-7.21,-5.47,14.96
2024/01/01 16:11:15.45,25.45,-7.07,-5.49,15.18
2024/01/01 16:11:15.46,25.46,-6.79,-5.30,14.97
2024/01/01 16:11:15.47,25.47,-6.50,-5.56,14.52
2024/01/01 16:11:15.48,25.48,-6.39,-6.25,14.31
2024/01/01 16:11:15.49,25.49,-6.35,-6.51,14.46
2024/01/01 16:11:15.50,25.50,-6.33,-6.23,14.61
2024/01/01 16:11:15.51,25.51,-6.60,-5.81,14.42
2024/01/01 16:11:15.52,25.52,-7.00,-5.36,14.12
2024/01/01 16:11:15.53,25.53,-7.12,-5.11,14.15
2024/01/01 16:11:15.54,25.54,-7.09,-5.19,14.51
2024/01/01 16:11:15.55,25.55,-7.02,-5.54,14.69
2024/01/01 16:11:15.56,25.56,-6.76,-6.27,14.36
2024/01/01 16:11:15.57,25.57,-6.63,-7.09,13.85
2024/01/01 16:11:15.58,25.58,-6.91,-7.51,13.74
2024/01/01 16:11:15.59,25.59,-7.31,-7.60,14.23
2024/01/01 16:11:15.60,25.60,-7.57,-7.56,14.99
2024/01/01 16:11:15.61,25.61,-7.76,-7.35,15.36
2024/01/01 16:11:15.62,25.62,-7.77,-7.12,14.95
2024/01/01 16:11:15.63,25.63,-7.54,-6.97,14.20
2024/01/01 16:11:15.64,25.64,-7.32,-6.72,13.90
2024/01/01 16:11:15.65,25.65,-7.22,-6.40,14.15
2024/01/01 16:11:15.66,25.66,-7.16,-6.37,14.44
2024/01/01 16:11:15.67,25.67,-7.12,-6.63,14.73
2024/01/01 16:11:15.68,25.68,-7.14,-6.79,15.19
2024/01/01 16:11:15.69,25.69,-7.14,-6.66,15.51
2024/01/01 16:11:15.70,25.70,-7.15,-6.34,15.41
2024/01/01 16:11:15.71,25.71,-7.18,-6.25,15.20
2024/01/01 16:11:15.72,25.72,-7.29,-6.67,15.17
2024/01/01 16:11:15.73,25.73,-7.61,-7.26,15.15
2024/01/01 16:11:15.74,25.74,-8.09,-7.62,14.96
2024/01/01 16:11:15.75,25.75,-8.55,-7.69,14.82
2024/01/01 16:11:15.76,25.76,-8.85,-7.37,14.91
2024/01/01 16:11:15.77,25.77,-8.91,-6.86,14.89
2024/01/01 16:11:15.78,25.78,-8.72,-6.66,14.67
2024/01/01 16:11:15.79,25.79,-8.50,-6.91,14.80
2024/01/01 16:11:15.80,25.80,-8.53,-7.25,15.54
2024/01/01 16:11:15.81,25.81,-8.94,-7.59,16.33
2024/01/01 16:11:15.82,25.82,-9.52,-8.08,16.71
2024/01/01 16:11:15.83,25.83,-9.80,-8.58,16.69
2024/01/01 16:11:15.84,25.84,-9.68,-8.67,16.09
2024/01/01 16:11:15.85,25.85,-9.43,-8.40,15.17
2024/01/01 16:11:15.86,25.86,-9.13,-8.36,14.87
2024/01/01 16:11:15.87,25.87,-8.91,-8.72,15.15
2024/01/01 16:11:15.88,25.88,-9.11,-8.99,15.20
2024/01/01 16:11:15.89,25.89,-9.65,-9.12,15.11
2024/01/01 16:11:15.90,25.90,-10.27,-9.20,15.32
2024/01/01 16:11:15.91,25.91,-10.87,-8.75,15.49
2024/01/01 16:11:15.92,25.92,-11.23,-8.07,15.06
2024/01/01 16:11:15.93,25.93,-11.23,-7.95,14.40
2024/01/01 16:11:15.94,25.94,-10.91,-8.04,14.33
2024/01/01 16:11:15.95,25.95,-10.26,-7.84,14.78
2024/01/01 16:11:15.96,25.96,-9.62,-7.67,15.02
2024/01/01 16:11:15.97,25.97,-9.24,-7.77,14.81
2024/01/01 16:11:15.98,25.98,-8.88,-8.06,14.49
2024/01/01 16:11:15.99,25.99,-8.66,-8.53,14.38
2024/01/01 16:11:16.00,26.00,-9.02,-9.10,14.64
2024/01/01 16:11:16.01,26.01,-9.58,-9.60,15.07
2024/01/01 16:11:16.02,26.02,-9.86,-9.72,15.40
2024/01/01 16:11:16.03,26.03,-9.93,-9.26,15.47
2024/01/01 16:11:16.04,26.04,-9.80,-8.48,15.02
2024/01/01 16:11:16.05,26.05,-9.17,-7.84,14.20
2024/01/01 16:11:16.06,26.06,-8.41,-7.56,13.69
2024/01/01 16:11:16.07,26.07,-8.26,-7.66,13.82
2024/01/01 16:11:16.08,26.08,-8.69,-8.11,14.44
2024/01/01 16:11:16.09,26.09,-9.09,-8.74,15.19
2024/01/01 16:11:16.10,26.10,-9.38,-9.17,15.78
2024/01/01 16:11:16.11,26.11,-9.31,-9.20,16.12
2024/01/01 16:11:16.12,26.12,-8.54,-9.07,16.13
2024/01/01 16:11:16.13,26.13,-7.53,-8.86,15.71
2024/01/01 16:11:16.14,26.14,-6.89,-8.59,14.99
2024/01/01 16:11:16.15,26.15,-6.72,-8.33,14.41
2024/01/01 16:11:16.16,26.16,-6.95,-7.81,14.48
2024/01/01 16:11:16.17,26.17,-7.33,-6.92,14.94
2024/01/01 16:11:16.18,26.18,-7.54,-6.24,15.10
2024/01/01 16:11:16.19,26.19,-7.33,-6.14,14.89
2024/01/01 16:11:16.20,26.20,-6.72,-6.40,14.67
2024/01/01 16:11:16.21,26.21,-6.16,-6.60,14.42
2024/01/01 16:11:16.22,26.22,-6.07,-6.69,14.09
2024/01/01 16:11:16.23,26.23,-6.37,-6.80,14.00
2024/01/01 16:11:16.24,26.24,-6.57,-6.83,14.42
2024/01/01 16:11:16.25,26.25,-6.46,-6.67,14.91
2024/01/01 16:11:16.26,26.26,-6.32,-6.38,15.01
2024/01/01 16:11:16.27,26.27,-6.27,-6.03,14.94
2024/01/01 16:11:16.28,26.28,-6.25,-5.65,15.12
2024/01/01 16:11:16.29,26.29,-6.44,-5.22,15.37
2024/01/01 16:11:16.30,26.30,-6.87,-4.84,15.05
2024/01/01 16:11:16.31,26.31,-7.19,-4.77,14.25
2024/01/01 16:11:16.32,26.32,-7.20,-5.16,13.72
2024/01/01 16:11:16.33,26.33,-7.04,-5.70,13.73
2024/01/01 16:11:16.34,26.34,-6.84,-6.03,14.10
2024/01/01 16:11:16.35,26.35,-6.62,-6.26,14.88
2024/01/01 16:11:16.36,26.36,-6.67,-6.43,15.64
2024/01/01 16:11:16.37,26.37,-7.20,-6.43,15.76
2024/01/01 16:11:16.38,26.38,-7.78,-6.39,15.50
2024/01/01 16:11:16.39,26.39,-8.04,-6.28,15.36
2024/01/01 16:11:16.40,26.40,-8.13,-5.84,15.20
2024/01/01 16:11:16.41,26.41,-8.09,-5.41,15.00
2024/01/01 16:11:16.42,26.42,-7.98,-5.60,15.02
2024/01/01 16:11:16.43,26.43,-8.07,-6.09,15.06
2024/01/01 16:11:16.44,26.44,-8.25,-6.44,14.71
2024/01/01 16:11:16.45,26.45,-8.33,-6.94,14.17
2024/01/01 16:11:16.46,26.46,-8.47,-7.43,13.88
2024/01/01 16:11:16.47,26.47,-8.53,-7.51,13.87
2024/01/01 16:11:16.48,26.48,-8.42,-7.42,13.79
2024/01/01 16:11:16.49,26.49,-8.48,-7.26,13.78
2024/01/01 16:11:16.50,26.50,-8.50,-6.84,14.14
2024/01/01 16:11:16.51,26.51,-8.24,-6.37,14.64
2024/01/01 16:11:16.52,26.52,-8.00,-6.14,14.96
2024/01/01 16:11:16.53,26.53,-7.93,-6.35,14.94
2024/01/01 16:11:16.54,26.54,-7.92,-6.98,14.57
2024/01/01 16:11:16.55,26.55,-8.11,-7.56,14.12
2024/01/01 16:11:16.56,26.56,-8.66,-7.80,13.83
2024/01/01 16:11:16.57,26.57,-9.30,-7.90,13.75
2024/01/01 16:11:16.58,26.58,-9.73,-8.10,13.93
2024/01/01 16:11:16.59,26.59,-9.94,-8.47,14.36
2024/01/01 16:11:16.60,26.60,-10.00,-8.95,14.83
2024/01/01 16:11:16.61,26.61,-9.78,-9.19,15.20
2024/01/01 16:11:16.62,26.62,-9.32,-8.78,15.31
2024/01/01 16:11:16.63,26.63,-9.04,-7.93,14.85
2024/01/01 16:11:16.64,26.64,-9.11,-7.32,13.97
2024/01/01 16:11:16.65,26.65,-9.25,-7.43,13.34
2024/01/01 16:11:16.66,26.66,-9.34,-8.05,13.33
2024/01/01 16:11:16.67,26.67,-9.42,-8.68,13.61
2024/01/01 16:11:16.68,26.68,-9.32,-9.15,13.99
2024/01/01 16:11:16.69,26.69,-8.91,-9.46,14.69
2024/01/01 16:11:16.70,26.70,-8.48,-9.53,15.56
2024/01/01 16:11:16.71,26.71,-8.22,-9.30,16.01
2024/01/01 16:11:16.72,26.72,-8.01,-8.97,15.76
2024/01/01 16:11:16.73,26.73,-7.95,-8.63,14.86
2024/01/01 16:11:16.74,26.74,-8.08,-8.24,13.66
2024/01/01 16:11:16.75,26.75,-8.07,-8.10,12.80
2024/01/01 16:11:16.76,26.76,-7.97,-8.27,12.68
2024/01/01 16:11:16.77,26.77,-8.10,-8.01,13.19
2024/01/01 16:11:16.78,26.78,-8.41,-7.32,13.89
2024/01/01 16:11:16.79,26.79,-8.74,-6.94,14.25
2024/01/01 16:11:16.80,26.80,-8.99,-7.01,14.19
2024/01/01 16:11:16.81,26.81,-8.88,-7.31,14.19
2024/01/01 16:11:16.82,26.82,-8.46,-7.66,14.64
2024/01/01 16:11:16.83,26.83,-7.99,-7.63,15.02
2024/01/01 16:11:16.84,26.84,-7.43,-7.20,14.59
2024/01/01 16:11:16.85,26.85,-6.74,-6.82,13.80
2024/01/01 16:11:16.86,26.86,-6.26,-6.47,13.66
2024/01/01 16:11:16.87,26.87,-6.16,-5.96,14.02
2024/01/01 16:11:16.88,26.88,-6.23,-5.66,14.21
2024/01/01 16:11:16.89,26.89,-6.33,-5.92,14.65
2024/01/01 16:11:16.90,26.90,-6.40,-6.48,15.58
2024/01/01 16:11:16.91,26.91,-6.48,-6.83,15.95
2024/01/01 16:11:16.92,26.92,-6.61,-6.93,15.38
2024/01/01 16:11:16.93,26.93,-6.61,-7.01,14.83
2024/01/01 16:11:16.94,26.94,-6.40,-6.90,14.73
2024/01/01 16:11:16.95,26.95,-6.07,-6.44,14.72
2024/01/01 16:11:16.96,26.96,-5.75,-5.92,14.69
2024/01/01 16:11:16.97,26.97,-5.69,-5.45,14.77
2024/01/01 16:11:16.98,26.98,-5.88,-4.88,14.99
2024/01/01 16:11:16.99,26.99,-5.98,-4.55,15.13
2024/01/01 16:11:17.00,27.00,-5.92,-4.54,14.81
2024/01/01 16:11:17.01,27.01,-5.65,-4.40,14.09
2024/01/01 16:11:17.02,27.02,-5.10,-4.17,13.47
2024/01/01 16:11:17.03,27.03,-4.76,-4.13,13.28
2024/01/01 16:11:17.04,27.04,-4.93,-4.17,13.50
2024/01/01 16:11:17.05,27.05,-5.20,-4.26,14.08
2024/01/01 16:11:17.06,27.06,-5.54,-4.51,15.00
2024/01/01 16:11:17.07,27.07,-6.23,-4.69,15.81
2024/01/01 16:11:17.08,27.08,-6.89,-4.79,15.80
2024/01/01 16:11:17.09,27.09,-7.17,-5.07,15.17
2024/01/01 16:11:17.10,27.10,-7.39,-5.38,14.72
2024/01/01 16:11:17.11,27.11,-7.76,-5.45,14.70
2024/01/01 16:11:17.12,27.12,-8.07,-5.47,14.75
2024/01/01 16:11:17.13,27.13,-8.34,-5.59,14.85
2024/01/01 16:11:17.14,27.14,-8.60,-5.66,15.29
2024/01/01 16:11:17.15,27.15,-8.55,-5.77,15.95
2024/01/01 16:11:17.16,27.16,-8.39,-6.14,16.29
2024/01/01 16:11:17.17,27.17,-8.63,-6.73,16.15
2024/01/01 16:11:17.18,27.18,-9.16,-7.56,16.03
2024/01/01 16:11:17.19,27.19,-9.55,-8.36,16.31
2024/01/01 16:11:17.20,27.20,-9.68,-8.58,16.46
2024/01/01 16:11:17.21,27.21,-9.58,-8.27,15.99
2024/01/01 16:11:17.22,27.22,-9.28,-8.04,15.45
2024/01/01 16:11:17.23,27.23,-9.11,-8.07,15.38
2024/01/01 16:11:17.24,27.24,-9.27,-8.30,15.58
2024/01/01 16:11:17.25,27.25,-9.49,-8.87,15.65
2024/01/01 16:11:17.26,27.26,-9.63,-9.46,15.61
2024/01/01 16:11:17.27,27.27,-9.65,-9.50,15.59
2024/01/01 16:11:17.28,27.28,-9.45,-9.30,15.37
2024/01/01 16:11:17.29,27.29,-9.19,-9.30,14.98
2024/01/01 16:11:17.30,27.30,-9.03,-9.34,14.92
2024/01/01 16:11:17.31,27.31,-9.10,-9.23,15.21
2024/01/01 16:11:17.32,27.32,-9.61,-9.01,15.25
2024/01/01 16:11:17.33,27.33,-10.40,-8.80,14.98
2024/01/01 16:11:17.34,27.34,-11.08,-8.76,14.96
2024/01/01 16:11:17.35,27.35,-11.56,-8.72,15.38
2024/01/01 16:11:17.36,27.36,-11.83,-8.49,15.76
2024/01/01 16:11:17.37,27.37,-11.82,-8.39,15.71
2024/01/01 16:11:17.38,27.38,-11.62,-8.80,15.63
2024/01/01 16:11:17.39,27.39,-11.39,-9.54,15.83
2024/01/01 16:11:17.40,27.40,-11.23,-10.32,15.92
2024/01/01 16:11:17.41,27.41,-11.22,-11.04,15.93
2024/01/01 16:11:17.42,27.42,-11.23,-11.44,16.24
2024/01/01 16:11:17.43,27.43,-11.18,-11.31,16.41
2024/01/01 16:11:17.44,27.44,-11.05,-10.81,15.88
2024/01/01 16:11:17.45,27.45,-10.73,-10.28,15.18
2024/01/01 16:11:17.46,27.46,-10.38,-9.80,15.13
2024/01/01 16:11:17.47,27.47,-10.31,-9.29,15.62
2024/01/01 16:11:17.48,27.48,-10.43,-9.10,15.86
2024/01/01 16:11:17.49,27.49,-10.48,-9.30,15.42
2024/01/01 16:11:17.50,27.50,-10.20,-9.38,14.61
2024/01/01 16:11:17.51,27.51,-9.47,-9.16,14.15
2024/01/01 16:11:17.52,27.52,-8.54,-8.95,14.26
2024/01/01 16:11:17.53,27.53,-7.76,-8.73,14.38
2024/01/01 16:11:17.54,27.54,-7.24,-8.51,14.24
2024/01/01 16:11:17.55,27.55,-7.01,-8.37,14.09
2024/01/01 16:11:17.56,27.56,-7.11,-8.10,13.79
2024/01/01 16:11:17.57,27.57,-7.27,-7.56,13.09
2024/01/01 16:11:17.58,27.58,-7.21,-7.23,12.38
2024/01/01 16:11:17.59,27.59,-7.22,-7.26,12.25
2024/01/01 16:11:17.60,27.60,-7.35,-7.32,12.83
2024/01/01 16:11:17.61,27.61,-7.25,-7.43,13.69
2024/01/01 16:11:17.62,27.62,-7.12,-7.48,14.46
2024/01/01 16:11:17.63,27.63,-7.03,-7.14,14.79
2024/01/01 16:11:17.64,27.64,-6.83,-6.63,14.47
2024/01/01 16:11:17.65,27.65,-6.77,-6.26,14.02
2024/01/01 16:11:17.66,27.66,-6.99,-6.16,13.98
2024/01/01 16:11:17.67,27.67,-7.29,-6.34,14.10
2024/01/01 16:11:17.68,27.68,-7.45,-6.55,14.00
2024/01/01 16:11:17.69,27.69,-7.28,-6.50,13.98
2024/01/01 16:11:17.70,27.70,-6.65,-6.18,14.59
2024/01/01 16:11:17.71,27.71,-5.68,-5.78,15.57
2024/01/01 16:11:17.72,27.72,-4.91,-5.52,15.89
2024/01/01 16:11:17.73,27.73,-4.68,-5.31,15.14
2024/01/01 16:11:17.74,27.74,-4.71,-5.07,14.10
2024/01/01 16:11:17.75,27.75,-4.73,-4.82,13.62
2024/01/01 16:11:17.76,27.76,-4.84,-4.54,13.57
2024/01/01 16:11:17.77,27.77,-4.91,-4.49,13.59
2024/01/01 16:11:17.78,27.78,-4.68,-4.78,13.75
2024/01/01 16:11:17.79,27.79,-4.32,-4.92,14.12
2024/01/01 16:11:17.80,27.80,-4.05,-4.72,14.40
2024/01/01 16:11:17.81,27.81,-3.80,-4.48,14.28
2024/01/01 16:11:17.82,27.82,-3.64,-4.19,13.86
2024/01/01 16:11:17.83,27.83,-3.68,-3.80,13.43
2024/01/01 16:11:17.84,27.84,-3.88,-3.59,13.14
2024/01/01 16:11:17.85,27.85,-4.18,-3.62,13.20
2024/01/01 16:11:17.86,27.86,-4.56,-3.83,13.45
2024/01/01 16:11:17.87,27.87,-5.23,-4.04,13.52
2024/01/01 16:11:17.88,27.88,-6.13,-4.01,13.59
2024/01/01 16:11:17.89,27.89,-6.92,-3.92,13.88
2024/01/01 16:11:17.90,27.90,-7.46,-4.02,13.85
2024/01/01 16:11:17.91,27.91,-7.75,-4.39,13.28
2024/01/01 16:11:17.92,27.92,-7.94,-5.01,12.97
2024/01/01 16:11:17.93,27.93,-8.27,-5.40,13.84
2024/01/01 16:11:17.94,27.94,-8.65,-5.25,15.48
2024/01/01 16:11:17.95,27.95,-9.02,-5.07,16.62
2024/01/01 16:11:17.96,27.96,-9.41,-5.37,16.83
2024/01/01 16:11:17.97,27.97,-9.53,-5.93,16.30
2024/01/01 16:11:17.98,27.98,-9.36,-6.42,15.11
2024/01/01 16:11:17.99,27.99,-9.22,-6.96,13.96
2024/01/01 16:11:18.00,28.00,-9.10,-7.71,13.87
2024/01/01 16:11:18.01,28.01,-9.06,-8.37,14.66
2024/01/01 16:11:18.02,28.02,-9.41,-8.61,15.44
2024/01/01 16:11:18.03,28.03,-9.91,-8.54,15.93
2024/01/01 16:11:18.04,28.04,-10.16,-8.35,16.15
2024/01/01 16:11:18.05,28.05,-10.10,-7.86,16.03
2024/01/01 16:11:18.06,28.06,-9.80,-7.40,15.54
2024/01/01 16:11:18.07,28.07,-9.48,-7.48,15.13
2024/01/01 16:11:18.08,28.08,-9.38,-7.80,15.27
2024/01/01 16:11:18.09,28.09,-9.38,-7.93,15.65
2024/01/01 16:11:18.10,28.10,-9.50,-7.93,15.47
2024/01/01 16:11:18.11,28.11,-9.87,-8.04,14.65
2024/01/01 16:11:18.12,28.12,-10.27,-8.55,14.07
2024/01/01 16:11:18.13,28.13,-10.67,-9.58,14.36
2024/01/01 16:11:18.14,28.14,-11.30,-10.54,15.09
2024/01/01 16:11:18.15,28.15,-11.75,-10.78,15.16
2024/01/01 16:11:18.16,28.16,-11.66,-10.41,14.35
2024/01/01 16:11:18.17,28.17,-11.33,-9.84,14.00
2024/01/01 16:11:18.18,28.18,-11.00,-9.43,15.00
2024/01/01 16:11:18.19,28.19,-10.83,-9.41,16.32
2024/01/01 16:11:18.20,28.20,-11.05,-9.70,16.77
2024/01/01 16:11:18.21,28.21,-11.42,-10.08,16.41
2024/01/01 16:11:18.22,28.22,-11.58,-10.30,15.82
2024/01/01 16:11:18.23,28.23,-11.42,-10.21,15.39
2024/01/01 16:11:18.24,28.24,-10.97,-10.17,15.31
2024/01/01 16:11:18.25,28.25,-10.41,-10.51,15.62
2024/01/01 16:11:18.26,28.26,-9.82,-10.90,15.89
2024/01/01 16:11:18.27,28.27,-9.11,-10.99,15.61
2024/01/01 16:11:18.28,28.28,-8.34,-10.73,15.13
2024/01/01 16:11:18.29,28.29,-7.70,-10.04,15.13
2024/01/01 16:11:18.30,28.30,-7.35,-8.96,15.56
2024/01/01 16:11:18.31,28.31,-7.28,-8.11,15.98
2024/01/01 16:11:18.32,28.32,-7.31,-7.96,16.06
2024/01/01 16:11:18.33,28.33,-7.20,-8.11,15.60
2024/01/01 16:11:18.34,28.34,-6.88,-8.04,14.82
2024/01/01 16:11:18.35,28.35,-6.51,-8.01,14.35
2024/01/01 16:11:18.36,28.36,-6.33,-8.28,14.35
2024/01/01 16:11:18.37,28.37,-6.32,-8.68,14.48
2024/01/01 16:11:18.38,28.38,-6.40,-9.04,14.61
2024/01/01 16:11:18.39,28.39,-6.72,-8.95,14.79
2024/01/01 16:11:18.40,28.40,-7.18,-8.02,14.92
2024/01/01 16:11:18.41,28.41,-7.49,-6.85,14.81
2024/01/01 16:11:18.42,28.42,-7.63,-6.26,14.50
2024/01/01 16:11:18.43,28.43,-7.52,-6.22,13.94
2024/01/01 16:11:18.44,28.44,-6.98,-6.37,13.25
2024/01/01 16:11:18.45,28.45,-6.31,-6.40,13.19
2024/01/01 16:11:18.46,28.46,-5.93,-5.98,14.31
2024/01/01 16:11:18.47,28.47,-5.75,-5.24,15.73
2024/01/01 16:11:18.48,28.48,-5.66,-4.70,16.20
2024/01/01 16:11:18.49,28.49,-5.78,-4.81,15.91
2024/01/01 16:11:18.50,28.50,-6.10,-5.46,15.48
2024/01/01 16:11:18.51,28.51,-6.48,-6.09,14.86
2024/01/01 16:11:18.52,28.52,-6.72,-6.30,14.14
2024/01/01 16:11:18.53,28.53,-6.69,-6.10,14.00
2024/01/01 16:11:18.54,28.54,-6.37,-5.37,14.51
2024/01/01 16:11:18.55,28.55,-5.85,-4.14,14.68
2024/01/01 16:11:18.56,28.56,-5.36,-3.12,13.92
2024/01/01 16:11:18.57,28.57,-5.12,-2.78,12.98
2024/01/01 16:11:18.58,28.58,-5.17,-2.86,12.74
2024/01/01 16:11:18.59,28.59,-5.53,-3.28,13.08
2024/01/01 16:11:18.60,28.60,-6.21,-4.20,13.48
2024/01/01 16:11:18.61,28.61,-6.83,-5.15,13.90
2024/01/01 16:11:18.62,28.62,-6.91,-5.31,14.45
2024/01/01 16:11:18.63,28.63,-6.52,-4.63,14.92
2024/01/01 16:11:18.64,28.64,-6.14,-3.74,15.10
2024/01/01 16:11:18.65,28.65,-6.15,-3.13,14.95
2024/01/01 16:11:18.66,28.66,-6.83,-2.98,14.56
2024/01/01 16:11:18.67,28.67,-7.98,-3.29,14.21
2024/01/01 16:11:18.68,28.68,-8.91,-4.00,14.09
2024/01/01 16:11:18.69,28.69,-9.19,-4.83,13.94
2024/01/01 16:11:18.70,28.70,-9.05,-5.51,13.74
2024/01/01 16:11:18.71,28.71,-8.86,-6.03,13.88
2024/01/01 16:11:18.72,28.72,-8.75,-6.32,14.50
2024/01/01 16:11:18.73,28.73,-8.71,-6.11,15.17
2024/01/01 16:11:18.74,28.74,-8.75,-5.73,15.52
2024/01/01 16:11:18.75,28.75,-8.85,-5.66,15.41
2024/01/01 16:11:18.76,28.76,-8.90,-5.71,14.86
2024/01/01 16:11:18.77,28.77,-8.86,-5.83,14.12
2024/01/01 16:11:18.78,28.78,-8.84,-6.48,13.59
2024/01/01 16:11:18.79,28.79,-8.87,-7.60,13.51
2024/01/01 16:11:18.80,28.80,-8.86,-8.67,13.96
2024/01/01 16:11:18.81,28.81,-8.96,-9.50,14.60
2024/01/01 16:11:18.82,28.82,-9.18,-10.11,14.99
2024/01/01 16:11:18.83,28.83,-9.11,-10.35,14.88
2024/01/01 16:11:18.84,28.84,-8.65,-10.15,14.46
2024/01/01 16:11:18.85,28.85,-8.21,-9.72,14.09
2024/01/01 16:11:18.86,28.86,-8.02,-9.35,13.88
2024/01/01 16:11:18.87,28.87,-8.01,-9.30,13.99
2024/01/01 16:11:18.88,28.88,-8.29,-9.58,14.59
2024/01/01 16:11:18.89,28.89,-8.94,-9.74,15.17
2024/01/01 16:11:18.90,28.90,-9.72,-9.52,15.03
2024/01/01 16:11:18.91,28.91,-10.30,-9.29,14.41
2024/01/01 16:11:18.92,28.92,-10.55,-9.32,13.94
2024/01/01 16:11:18.93,28.93,-10.51,-9.50,13.89
2024/01/01 16:11:18.94,28.94,-10.26,-9.79,14.34
2024/01/01 16:11:18.95,28.95,-10.17,-10.10,15.06
2024/01/01 16:11:18.96,28.96,-10.35,-10.23,15.55
2024/01/01 16:11:18.97,28.97,-10.18,-10.33,15.60
2024/01/01 16:11:18.98,28.98,-9.34,-10.56,15.31
2024/01/01 16:11:18.99,28.99,-8.28,-10.54,14.90
2024/01/01 16:11:19.00,29.00,-7.46,-10.19,14.61
2024/01/01 16:11:19.01,29.01,-7.22,-9.88,14.66
2024/01/01 16:11:19.02,29.02,-7.62,-9.64,15.07
2024/01/01 16:11:19.03,29.03,-8.08,-9.39,15.42
2024/01/01 16:11:19.04,29.04,-8.02,-9.17,15.12
2024/01/01 16:11:19.05,29.05,-7.50,-8.86,14.20
2024/01/01 16:11:19.06,29.06,-6.75,-8.50,13.42
2024/01/01 16:11:19.07,29.07,-6.06,-8.38,13.42
2024/01/01 16:11:19.08,29.08,-5.87,-8.43,14.13
2024/01/01 16:11:19.09,29.09,-6.12,-8.42,14.97
2024/01/01 16:11:19.10,29.10,-6.36,-8.29,15.63
2024/01/01 16:11:19.11,29.11,-6.46,-7.88,16.07
2024/01/01 16:11:19.12,29.12,-6.51,-7.15,15.95
2024/01/01 16:11:19.13,29.13,-6.45,-6.56,15.05
2024/01/01 16:11:19.14,29.14,-6.38,-6.27,13.98
2024/01/01 16:11:19.15,29.15,-6.61,-5.80,13.51
2024/01/01 16:11:19.16,29.16,-7.18,-5.00,13.79
2024/01/01 16:11:19.17,29.17,-7.77,-4.35,14.79
2024/01/01 16:11:19.18,29.18,-8.18,-4.15,16.21
2024/01/01 16:11:19.19,29.19,-8.36,-4.36,17.17
2024/01/01 16:11:19.20,29.20,-8.26,-4.74,17.12
2024/01/01 16:11:19.21,29.21,-7.83,-5.07,16.32
2024/01/01 16:11:19.22,29.22,-7.29,-5.18,15.18
2024/01/01 16:11:19.23,29.23,-6.89,-5.02,14.31
2024/01/01 16:11:19.24,29.24,-6.78,-4.88,14.28
2024/01/01 16:11:19.25,29.25,-7.11,-4.92,14.91
2024/01/01 16:11:19.26,29.26,-7.50,-4.92,15.69
2024/01/01 16:11:19.27,29.27,-7.55,-4.97,16.24
2024/01/01 16:11:19.28,29.28,-7.58,-5.05,16.37
2024/01/01 16:11:19.29,29.29,-7.68,-4.94,15.96
2024/01/01 16:11:19.30,29.30,-7.49,-5.00,15.16
2024/01/01 16:11:19.31,29.31,-7.13,-5.52,14.68
2024/01/01 16:11:19.32,29.32,-6.80,-6.02,14.93
2024/01/01 16:11:19.33,29.33,-6.49,-6.03,15.31
2024/01/01 16:11:19.34,29.34,-6.47,-5.58,15.27
2024/01/01 16:11:19.35,29.35,-6.98,-5.09,14.88
2024/01/01 16:11:19.36,29.36,-7.86,-4.89,14.28
2024/01/01 16:11:19.37,29.37,-8.82,-5.05,13.72
2024/01/01 16:11:19.38,29.38,-9.62,-5.62,13.62
2024/01/01 16:11:19.39,29.39,-10.11,-6.39,14.16
2024/01/01 16:11:19.40,29.40,-10.18,-6.94,15.07
2024/01/01 16:11:19.41,29.41,-10.01,-7.18,15.61
2024/01/01 16:11:19.42,29.42,-9.99,-7.21,15.26
2024/01/01 16:11:19.43,29.43,-10.18,-7.23,14.49
2024/01/01 16:11:19.44,29.44,-10.42,-7.54,14.27
2024/01/01 16:11:19.45,29.45,-10.79,-8.23,14.65
2024/01/01 16:11:19.46,29.46,-11.22,-9.04,14.85
2024/01/01 16:11:19.47,29.47,-11.32,-9.65,14.82
2024/01/01 16:11:19.48,29.48,-11.01,-9.78,15.29
2024/01/01 16:11:19.49,29.49,-10.57,-9.39,16.06
2024/01/01 16:11:19.50,29.50,-10.17,-8.99,15.95
2024/01/01 16:11:19.51,29.51,-9.94,-9.15,14.81
2024/01/01 16:11:19.52,29.52,-10.03,-9.75,13.81
2024/01/01 16:11:19.53,29.53,-10.19,-10.24,13.53
2024/01/01 16:11:19.54,29.54,-9.99,-10.36,13.58
2024/01/01 16:11:19.55,29.55,-9.41,-10.09,13.81
2024/01/01 16:11:19.56,29.56,-8.82,-9.47,14.35
2024/01/01 16:11:19.57,29.57,-8.52,-8.83,15.02
2024/01/01 16:11:19.58,29.58,-8.51,-8.66,15.39
2024/01/01 16:11:19.59,29.59,-8.80,-9.01,15.01
2024/01/01 16:11:19.60,29.60,-9.23,-9.36,14.07
2024/01/01 16:11:19.61,29.61,-9.37,-9.35,13.51
2024/01/01 16:11:19.62,29.62,-9.08,-9.16,13.77
2024/01/01 16:11:19.63,29.63,-8.73,-8.94,14.37
2024/01/01 16:11:19.64,29.64,-8.41,-8.93,14.87
2024/01/01 16:11:19.65,29.65,-8.16,-9.23,15.36
2024/01/01 16:11:19.66,29.66,-8.13,-9.32,15.73
2024/01/01 16:11:19.67,29.67,-8.09,-9.02,15.48
2024/01/01 16:11:19.68,29.68,-7.81,-8.70,14.67
2024/01/01 16:11:19.69,29.69,-7.49,-8.32,14.24
2024/01/01 16:11:19.70,29.70,-7.23,-7.68,14.59
2024/01/01 16:11:19.71,29.71,-6.98,-6.91,15.16
2024/01/01 16:11:19.72,29.72,-6.90,-6.23,15.49
2024/01/01 16:11:19.73,29.73,-6.89,-5.78,15.57
2024/01/01 16:11:19.74,29.74,-6.81,-5.61,15.26
2024/01/01 16:11:19.75,29.75,-6.80,-5.59,14.71
2024/01/01 16:11:19.76,29.76,-6.84,-5.76,14.45
2024/01/01 16:11:19.77,29.77,-6.73,-6.10,14.36
2024/01/01 16:11:19.78,29.78,-6.49,-6.29,13.95
2024/01/01 16:11:19.79,29.79,-6.33,-6.29,13.50
2024/01/01 16:11:19.80,29.80,-6.29,-6.20,13.85
2024/01/01 16:11:19.81,29.81,-6.27,-5.95,14.78
2024/01/01 16:11:19.82,29.82,-6.22,-5.58,15.19
2024/01/01 16:11:19.83,29.83,-6.10,-5.28,14.73
2024/01/01 16:11:19.84,29.84,-5.91,-4.92,14.15
2024/01/01 16:11:19.85,29.85,-5.62,-4.29,14.10
2024/01/01 16:11:19.86,29.86,-5.30,-3.74,14.31
2024/01/01 16:11:19.87,29.87,-5.27,-3.71,14.26
2024/01/01 16:11:19.88,29.88,-5.43,-4.24,14.09
2024/01/01 16:11:19.89,29.89,-5.53,-5.22,14.01
2024/01/01 16:11:19.90,29.90,-5.82,-6.27,14.02
2024/01/01 16:11:19.91,29.91,-6.21,-6.86,14.10
2024/01/01 16:11:19.92,29.92,-6.25,-6.85,14.02
2024/01/01 16:11:19.93,29.93,-5.99,-6.26,13.82
2024/01/01 16:11:19.94,29.94,-5.73,-5.38,13.86
2024/01/01 16:11:19.95,29.95,-5.55,-4.79,13.97
2024/01/01 16:11:19.96,29.96,-5.58,-4.59,13.73
2024/01/01 16:11:19.97,29.97,-5.83,-4.74,13.34
2024/01/01 16:11:19.98,29.98,-6.23,-5.31,13.20
2024/01/01 16:11:19.99,29.99,-6.62,-5.94,13.30
2024/01/01 16:11:20.00,30.00,-6.90,-6.38,13.29
2024/01/01 16:11:20.01,30.01,-7.30,-6.78,13.48
2024/01/01 16:11:20.02,30.02,-7.81,-7.10,14.30
2024/01/01 16:11:20.03,30.03,-8.22,-7.20,14.97
2024/01/01 16:11:20.04,30.04,-8.54,-7.14,14.80
2024/01/01 16:11:20.05,30.05,-8.76,-7.16,14.51
2024/01/01 16:11:20.06,30.06,-8.73,-7.19,14.65
2024/01/01 16:11:20.07,30.07,-8.54,-6.91,14.70
2024/01/01 16:11:20.08,30.08,-8.19,-6.71,14.48
2024/01/01 16:11:20.09,30.09,-7.72,-7.00,14.44
2024/01/01 16:11:20.10,30.10,-7.41,-7.16,14.73
2024/01/01 16:11:20.11,30.11,-7.42,-7.01,15.10
2024/01/01 16:11:20.12,30.12,-7.75,-7.29,15.23
2024/01/01 16:11:20.13,30.13,-8.30,-8.10,15.12
2024/01/01 16:11:20.14,30.14,-8.74,-8.91,15.12
2024/01/01 16:11:20.15,30.15,-9.12,-9.34,15.23
2024/01/01 16:11:20.16,30.16,-9.69,-8.97,15.11
2024/01/01 16:11:20.17,30.17,-9.96,-7.79,15.01
2024/01/01 16:11:20.18,30.18,-9.63,-6.56,15.27
2024/01/01 16:11:20.19,30.19,-9.24,-5.76,15.52
2024/01/01 16:11:20.20,30.20,-9.02,-5.49,15.24
2024/01/01 16:11:20.21,30.21,-8.78,-5.86,14.84
2024/01/01 16:11:20.22,30.22,-8.91,-6.48,15.05
2024/01/01 16:11:20.23,30.23,-9.48,-6.89,15.73
2024/01/01 16:11:20.24,30.24,-9.86,-7.35,16.26
2024/01/01 16:11:20.25,30.25,-10.01,-8.11,16.25
2024/01/01 16:11:20.26,30.26,-10.30,-8.79,15.82
2024/01/01 16:11:20.27,30.27,-10.41,-9.34,15.41
2024/01/01 16:11:20.28,30.28,-10.23,-9.96,15.20
2024/01/01 16:11:20.29,30.29,-10.41,-10.14,14.94
2024/01/01 16:11:20.30,30.30,-10.88,-9.81,14.74
2024/01/01 16:11:20.31,30.31,-11.16,-9.58,14.97
2024/01/01 16:11:20.32,30.32,-11.38,-9.26,15.45
2024/01/01 16:11:20.33,30.33,-11.33,-8.67,15.42
2024/01/01 16:11:20.34,30.34,-10.60,-8.54,14.89
2024/01/01 16:11:20.35,30.35,-9.60,-9.00,14.89
2024/01/01 16:11:20.36,30.36,-8.80,-9.43,15.46
2024/01/01 16:11:20.37,30.37,-8.28,-9.67,15.61
2024/01/01 16:11:20.38,30.38,-8.17,-9.69,15.43
2024/01/01 16:11:20.39,30.39,-8.23,-9.16,15.46
2024/01/01 16:11:20.40,30.40,-8.16,-7.97,15.22
2024/01/01 16:11:20.41,30.41,-7.97,-6.64,14.59
2024/01/01 16:11:20.42,30.42,-7.71,-6.06,14.31
2024/01/01 16:11:20.43,30.43,-7.35,-6.40,14.72
2024/01/01 16:11:20.44,30.44,-6.85,-7.10,15.37
2024/01/01 16:11:20.45,30.45,-6.42,-7.87,15.74
2024/01/01 16:11:20.46,30.46,-6.18,-8.44,15.60
2024/01/01 16:11:20.47,30.47,-5.85,-8.40,15.12
2024/01/01 16:11:20.48,30.48,-5.38,-8.03,14.61
2024/01/01 16:11:20.49,30.49,-5.24,-7.89,14.29
2024/01/01 16:11:20.50,30.50,-5.52,-8.05,14.02
2024/01/01 16:11:20.51,30.51,-5.91,-8.38,13.71
2024/01/01 16:11:20.52,30.52,-6.41,-8.66,13.66
2024/01/01 16:11:20.53,30.53,-6.94,-8.60,14.01
2024/01/01 16:11:20.54,30.54,-7.16,-8.18,14.33
2024/01/01 16:11:20.55,30.55,-7.03,-7.53,14.55
2024/01/01 16:11:20.56,30.56,-6.81,-6.85,14.91
2024/01/01 16:11:20.57,30.57,-6.61,-6.18,15.14
2024/01/01 16:11:20.58,30.58,-6.45,-5.47,14.86
2024/01/01 16:11:20.59,30.59,-6.51,-4.96,14.56
2024/01/01 16:11:20.60,30.60,-6.72,-4.91,14.73
2024/01/01 16:11:20.61,30.61,-6.76,-5.27,14.93
2024/01/01 16:11:20.62,30.62,-6.66,-5.78,14.69
2024/01/01 16:11:20.63,30.63,-6.76,-6.19,14.29
2024/01/01 16:11:20.64,30.64,-7.11,-6.35,14.35
2024/01/01 16:11:20.65,30.65,-7.40,-6.22,14.83
2024/01/01 16:11:20.66,30.66,-7.58,-5.91,14.86
2024/01/01 16:11:20.67,30.67,-7.64,-5.42,14.22
2024/01/01 16:11:20.68,30.68,-7.17,-4.85,13.75
2024/01/01 16:11:20.69,30.69,-6.42,-4.35,13.90
2024/01/01 16:11:20.70,30.70,-6.17,-3.86,14.27
2024/01/01 16:11:20.71,30.71,-6.41,-3.55,14.53
2024/01/01 16:11:20.72,30.72,-6.70,-3.67,14.64
2024/01/01 16:11:20.73,30.73,-7.11,-4.03,14.49
2024/01/01 16:11:20.74,30.74,-7.53,-4.51,14.40
2024/01/01 16:11:20.75,30.75,-7.67,-5.25,14.53
2024/01/01 16:11:20.76,30.76,-8.01,-5.82,14.26
2024/01/01 16:11:20.77,30.77,-8.75,-5.81,13.78
2024/01/01 16:11:20.78,30.78,-9.48,-5.71,13.91
2024/01/01 16:11:20.79,30.79,-10.33,-5.60,14.54
2024/01/01 16:11:20.80,30.80,-11.12,-5.29,14.98
2024/01/01 16:11:20.81,30.81,-11.27,-5.56,14.98
2024/01/01 16:11:20.82,30.82,-11.24,-6.39,14.98
2024/01/01 16:11:20.83,30.83,-11.36,-6.75,15.14
2024/01/01 16:11:20.84,30.84,-11.27,-6.90,14.99
2024/01/01 16:11:20.85,30.85,-11.29,-7.36,14.77
2024/01/01 16:11:20.86,30.86,-11.52,-7.79,15.09
2024/01/01 16:11:20.87,30.87,-11.57,-8.05,15.46
2024/01/01 16:11:20.88,30.88,-11.46,-8.16,15.47
2024/01/01 16:11:20.89,30.89,-11.24,-8.14,15.58
2024/01/01 16:11:20.90,30.90,-10.83,-7.99,15.95
2024/01/01 16:11:20.91,30.91,-10.39,-7.57,16.22
2024/01/01 16:11:20.92,30.92,-10.17,-7.23,16.16
2024/01/01 16:11:20.93,30.93,-10.15,-7.56,15.71
2024/01/01 16:11:20.94,30.94,-10.00,-8.44,15.16
2024/01/01 16:11:20.95,30.95,-9.75,-9.40,15.11
2024/01/01 16:11:20.96,30.96,-9.61,-10.17,15.44
2024/01/01 16:11:20.97,30.97,-9.44,-10.58,15.35
2024/01/01 16:11:20.98,30.98,-9.02,-10.56,14.89
2024/01/01 16:11:20.99,30.99,-8.48,-10.43,14.67
2024/01/01 16:11:21.00,31.00,-8.14,-10.21,14.42
2024/01/01 16:11:21.01,31.01,-8.06,-9.80,13.78
2024/01/01 16:11:21.02,31.02,-8.03,-9.63,13.25
2024/01/01 16:11:21.03,31.03,-8.09,-9.95,13.49
2024/01/01 16:11:21.04,31.04,-8.14,-10.19,14.51
2024/01/01 16:11:21.05,31.05,-7.83,-10.06,15.68
2024/01/01 16:11:21.06,31.06,-7.49,-9.73,16.00
2024/01/01 16:11:21.07,31.07,-7.42,-9.19,15.08
2024/01/01 16:11:21.08,31.08,-7.06,-8.86,13.98
2024/01/01 16:11:21.09,31.09,-6.48,-9.17,14.01
2024/01/01 16:11:21.10,31.10,-6.51,-9.64,14.97
2024/01/01 16:11:21.11,31.11,-7.08,-10.08,15.70
2024/01/01 16:11:21.12,31.12,-7.71,-10.69,15.90
2024/01/01 16:11:21.13,31.13,-8.33,-10.89,15.90
2024/01/01 16:11:21.14,31.14,-8.66,-10.32,15.41
2024/01/01 16:11:21.15,31.15,-8.42,-9.77,14.34
2024/01/01 16:11:21.16,31.16,-7.97,-9.64,13.68
2024/01/01 16:11:21.17,31.17,-7.64,-9.57,14.20
2024/01/01 16:11:21.18,31.18,-7.29,-9.41,15.25
2024/01/01 16:11:21.19,31.19,-7.01,-9.23,15.79
2024/01/01 16:11:21.20,31.20,-6.98,-8.81,15.91
2024/01/01 16:11:21.21,31.21,-6.83,-8.05,16.12
2024/01/01 16:11:21.22,31.22,-6.47,-7.08,16.22
2024/01/01 16:11:21.23,31.23,-6.12,-6.11,15.69
2024/01/01 16:11:21.24,31.24,-5.50,-5.58,14.52
2024/01/01 16:11:21.25,31.25,-4.65,-5.43,13.17
2024/01/01 16:11:21.26,31.26,-4.14,-5.15,12.45
2024/01/01 16:11:21.27,31.27,-4.02,-5.02,12.62
2024/01/01 16:11:21.28,31.28,-4.11,-5.41,13.36
2024/01/01 16:11:21.29,31.29,-4.44,-5.88,14.31
2024/01/01 16:11:21.30,31.30,-4.95,-6.08,14.93
2024/01/01 16:11:21.31,31.31,-5.80,-5.83,14.72
2024/01/01 16:11:21.32,31.32,-6.90,-4.99,13.88
2024/01/01 16:11:21.33,31.33,-7.62,-4.11,13.14
2024/01/01 16:11:21.34,31.34,-7.75,-3.75,13.05
2024/01/01 16:11:21.35,31.35,-7.60,-3.68,13.43
2024/01/01 16:11:21.36,31.36,-7.36,-3.73,13.82
2024/01/01 16:11:21.37,31.37,-7.12,-4.03,14.31
2024/01/01 16:11:21.38,31.38,-6.93,-4.32,15.00
2024/01/01 16:11:21.39,31.39,-6.85,-4.21,15.10
2024/01/01 16:11:21.40,31.40,-6.92,-3.76,14.52
2024/01/01 16:11:21.41,31.41,-6.94,-3.49,14.38
2024/01/01 16:11:21.42,31.42,-6.91,-3.61,14.86
2024/01/01 16:11:21.43,31.43,-7.07,-3.77,15.05
2024/01/01 16:11:21.44,31.44,-7.43,-3.92,14.79
2024/01/01 16:11:21.45,31.45,-7.87,-4.00,14.75
2024/01/01 16:11:21.46,31.46,-8.24,-3.65,14.96
2024/01/01 16:11:21.47,31.47,-8.29,-3.37,14.78
2024/01/01 16:11:21.48,31.48,-8.17,-3.72,14.26
2024/01/01 16:11:21.49,31.49,-8.11,-4.17,14.20
2024/01/01 16:11:21.50,31.50,-7.96,-4.29,14.69
2024/01/01 16:11:21.51,31.51,-7.83,-4.45,15.31
2024/01/01 16:11:21.52,31.52,-7.81,-4.87,15.87
2024/01/01 16:11:21.53,31.53,-7.69,-5.31,16.05
2024/01/01 16:11:21.54,31.54,-7.55,-5.61,15.60
2024/01/01 16:11:21.55,31.55,-7.66,-5.92,14.84
2024/01/01 16:11:21.56,31.56,-8.00,-6.29,14.19
2024/01/01 16:11:21.57,31.57,-8.51,-6.44,13.99
2024/01/01 16:11:21.58,31.58,-9.19,-6.42,14.40
2024/01/01 16:11:21.59,31.59,-9.96,-6.53,14.87
2024/01/01 16:11:21.60,31.60,-10.52,-6.83,14.83
2024/01/01 16:11:21.61,31.61,-10.58,-7.39,14.61
2024/01/01 16:11:21.62,31.62,-10.33,-8.19,14.50
2024/01/01 16:11:21.63,31.63,-10.15,-8.86,14.30
2024/01/01 16:11:21.64,31.64,-9.99,-9.24,14.24
2024/01/01 16:11:21.65,31.65,-9.94,-9.43,14.81
2024/01/01 16:11:21.66,31.66,-10.28,-9.20,15.72
2024/01/01 16:11:21.67,31.67,-10.61,-8.63,15.96
2024/01/01 16:11:21.68,31.68,-10.56,-8.31,15.12
2024/01/01 16:11:21.69,31.69,-10.48,-8.42,14.04
2024/01/01 16:11:21.70,31.70,-10.45,-8.89,13.79
2024/01/01 16:11:21.71,31.71,-10.28,-9.78,14.33
2024/01/01 16:11:21.72,31.72,-10.21,-10.52,15.01
2024/01/01 16:11:21.73,31.73,-10.17,-10.46,15.50
2024/01/01 16:11:21.74,31.74,-9.77,-9.95,15.80
2024/01/01 16:11:21.75,31.75,-9.21,-9.47,15.79
2024/01/01 16:11:21.76,31.76,-8.83,-9.20,15.50
2024/01/01 16:11:21.77,31.77,-8.53,-9.51,15.32
2024/01/01 16:11:21.78,31.78,-8.41,-10.39,15.63
2024/01/01 16:11:21.79,31.79,-8.54,-11.26,16.10
2024/01/01 16:11:21.80,31.80,-8.61,-11.84,15.88
2024/01/01 16:11:21.81,31.81,-8.48,-12.00,15.03
2024/01/01 16:11:21.82,31.82,-8.23,-11.53,14.52
2024/01/01 16:11:21.83,31.83,-8.10,-10.72,14.53
2024/01/01 16:11:21.84,31.84,-8.24,-10.19,14.35
2024/01/01 16:11:21.85,31.85,-8.49,-10.15,13.73
2024/01/01 16:11:21.86,31.86,-8.64,-10.41,13.27
2024/01/01 16:11:21.87,31.87,-8.57,-10.51,13.55
2024/01/01 16:11:21.88,31.88,-8.24,-10.37,14.38
2024/01/01 16:11:21.89,31.89,-7.79,-10.22,15.27
2024/01/01 16:11:21.90,31.90,-7.25,-9.98,16.00
2024/01/01 16:11:21.91,31.91,-6.77,-9.38,16.17
2024/01/01 16:11:21.92,31.92,-6.83,-8.49,15.44
2024/01/01 16:11:21.93,31.93,-7.36,-7.73,14.20
2024/01/01 16:11:21.94,31.94,-7.83,-7.35,13.42
2024/01/01 16:11:21.95,31.95,-8.10,-7.24,13.61
2024/01/01 16:11:21.96,31.96,-8.13,-7.33,14.57
2024/01/01 16:11:21.97,31.97,-7.78,-7.55,15.83
2024/01/01 16:11:21.98,31.98,-7.15,-7.66,16.73
2024/01/01 16:11:21.99,31.99,-6.50,-7.63,16.63
2024/01/01 16:11:22.00,32.00,-5.93,-7.73,15.74
2024/01/01 16:11:22.01,32.01,-5.45,-7.85,15.03
2024/01/01 16:11:22.02,32.02,-5.19,-7.68,15.14
2024/01/01 16:11:22.03,32.03,-5.25,-7.32,15.49
2024/01/01 16:11:22.04,32.04,-5.60,-6.97,15.31
2024/01/01 16:11:22.05,32.05,-6.02,-6.36,15.02
2024/01/01 16:11:22.06,32.06,-6.21,-5.55,15.08
2024/01/01 16:11:22.07,32.07,-6.28,-5.00,15.00
2024/01/01 16:11:22.08,32.08,-6.16,-5.00,14.55
2024/01/01 16:11:22.09,32.09,-5.83,-5.35,14.33
2024/01/01 16:11:22.10,32.10,-5.70,-5.19,14.68
2024/01/01 16:11:22.11,32.11,-5.88,-4.15,15.00
2024/01/01 16:11:22.12,32.12,-6.15,-3.04,14.63
2024/01/01 16:11:22.13,32.13,-6.52,-2.42,14.10
2024/01/01 16:11:22.14,32.14,-6.85,-2.32,14.19
2024/01/01 16:11:22.15,32.15,-7.18,-2.82,14.36
2024/01/01 16:11:22.16,32.16,-7.81,-3.67,14.07
2024/01/01 16:11:22.17,32.17,-8.49,-4.52,14.01
2024/01/01 16:11:22.18,32.18,-8.97,-5.16,14.72
2024/01/01 16:11:22.19,32.19,-9.36,-5.30,15.54
2024/01/01 16:11:22.20,32.20,-9.56,-5.30,15.51
2024/01/01 16:11:22.21,32.21,-9.42,-5.74,14.71
2024/01/01 16:11:22.22,32.22,-9.20,-6.28,13.96
2024/01/01 16:11:22.23,32.23,-9.13,-6.53,13.90
2024/01/01 16:11:22.24,32.24,-9.12,-6.69,14.59
2024/01/01 16:11:22.25,32.25,-9.12,-6.65,15.24
2024/01/01 16:11:22.26,32.26,-9.17,-6.02,14.98
2024/01/01 16:11:22.27,32.27,-9.05,-5.23,14.11
2024/01/01 16:11:22.28,32.28,-8.70,-4.80,13.40
2024/01/01 16:11:22.29,32.29,-8.53,-4.33,13.03
2024/01/01 16:11:22.30,32.30,-8.61,-3.88,12.88
2024/01/01 16:11:22.31,32.31,-8.75,-4.19,13.05
2024/01/01 16:11:22.32,32.32,-8.88,-4.92,13.82
2024/01/01 16:11:22.33,32.33,-8.74,-5.44,14.93
2024/01/01 16:11:22.34,32.34,-8.31,-5.95,15.63
2024/01/01 16:11:22.35,32.35,-8.02,-6.45,15.69
2024/01/01 16:11:22.36,32.36,-8.00,-6.79,15.36
2024/01/01 16:11:22.37,32.37,-8.22,-7.27,14.89
2024/01/01 16:11:22.38,32.38,-8.79,-7.84,14.57
2024/01/01 16:11:22.39,32.39,-9.50,-8.34,14.57
2024/01/01 16:11:22.40,32.40,-10.06,-8.70,14.86
2024/01/01 16:11:22.41,32.41,-10.37,-8.65,15.47
2024/01/01 16:11:22.42,32.42,-10.30,-8.29,16.12
2024/01/01 16:11:22.43,32.43,-9.90,-8.10,16.18
2024/01/01 16:11:22.44,32.44,-9.44,-8.15,15.71
2024/01/01 16:11:22.45,32.45,-9.19,-8.35,15.44
2024/01/01 16:11:22.46,32.46,-9.23,-8.63,15.47
2024/01/01 16:11:22.47,32.47,-9.44,-8.78,15.38
2024/01/01 16:11:22.48,32.48,-9.53,-8.88,15.12
2024/01/01 16:11:22.49,32.49,-9.52,-9.09,14.84
2024/01/01 16:11:22.50,32.50,-9.52,-9.14,14.62
2024/01/01 16:11:22.51,32.51,-9.38,-8.94,14.44
2024/01/01 16:11:22.52,32.52,-9.26,-8.89,14.11
2024/01/01 16:11:22.53,32.53,-9.33,-9.10,13.77
2024/01/01 16:11:22.54,32.54,-9.37,-9.53,13.75
2024/01/01 16:11:22.55,32.55,-9.35,-9.99,14.16
2024/01/01 16:11:22.56,32.56,-9.40,-10.12,14.88
2024/01/01 16:11:22.57,32.57,-9.23,-9.91,15.47
2024/01/01 16:11:22.58,32.58,-8.80,-9.54,15.63
2024/01/01 16:11:22.59,32.59,-8.35,-9.06,15.39
2024/01/01 16:11:22.60,32.60,-7.92,-8.66,14.87
2024/01/01 16:11:22.61,32.61,-7.54,-8.56,14.46
2024/01/01 16:11:22.62,32.62,-7.28,-8.80,14.28
2024/01/01 16:11:22.63,32.63,-7.36,-9.17,13.94
2024/01/01 16:11:22.64,32.64,-7.75,-9.24,13.65
2024/01/01 16:11:22.65,32.65,-8.14,-9.08,13.95
2024/01/01 16:11:22.66,32.66,-8.44,-8.92,14.42
2024/01/01 16:11:22.67,32.67,-8.61,-8.90,14.30
2024/01/01 16:11:22.68,32.68,-8.42,-9.25,13.92
2024/01/01 16:11:22.69,32.69,-7.92,-9.54,14.29
2024/01/01 16:11:22.70,32.70,-7.27,-8.99,15.23
2024/01/01 16:11:22.71,32.71,-6.69,-7.85,15.44
2024/01/01 16:11:22.72,32.72,-6.45,-6.87,14.50
2024/01/01 16:11:22.73,32.73,-6.49,-6.32,13.54
2024/01/01 16:11:22.74,32.74,-6.54,-6.29,13.39
2024/01/01 16:11:22.75,32.75,-6.61,-6.83,13.58
2024/01/01 16:11:22.76,32.76,-6.61,-7.70,13.62
2024/01/01 16:11:22.77,32.77,-6.16,-8.35,13.93
2024/01/01 16:11:22.78,32.78,-5.38,-8.22,14.78
2024/01/01 16:11:22.79,32.79,-4.72,-7.32,15.55
2024/01/01 16:11:22.80,32.80,-4.24,-6.51,15.37
2024/01/01 16:11:22.81,32.81,-4.08,-6.20,14.38
2024/01/01 16:11:22.82,32.82,-4.50,-6.02,13.72
2024/01/01 16:11:22.83,32.83,-5.32,-5.83,13.79
2024/01/01 16:11:22.84,32.84,-6.19,-5.67,14.00
2024/01/01 16:11:22.85,32.85,-6.79,-5.42,14.13
2024/01/01 16:11:22.86,32.86,-6.98,-5.26,14.29
2024/01/01 16:11:22.87,32.87,-6.92,-5.25,14.38
2024/01/01 16:11:22.88,32.88,-6.80,-5.36,14.38
2024/01/01 16:11:22.89,32.89,-6.80,-5.61,14.41
2024/01/01 16:11:22.90,32.90,-7.16,-5.67,14.47
2024/01/01 16:11:22.91,32.91,-7.69,-5.15,14.69
2024/01/01 16:11:22.92,32.92,-7.87,-4.32,15.25
2024/01/01 16:11:22.93,32.93,-7.68,-3.58,15.84
2024/01/01 16:11:22.94,32.94,-7.40,-3.20,15.95
2024/01/01 16:11:22.95,32.95,-7.15,-3.62,15.68
2024/01/01 16:11:22.96,32.96,-7.14,-4.69,15.50
2024/01/01 16:11:22.97,32.97,-7.36,-5.64,15.50
2024/01/01 16:11:22.98,32.98,-7.42,-6.30,15.32
2024/01/01 16:11:22.99,32.99,-7.37,-6.82,14.90
2024/01/01 16:11:23.00,33.00,-7.56,-6.88,14.56
2024/01/01 16:11:23.01,33.01,-7.77,-6.51,14.46
2024/01/01 16:11:23.02,33.02,-7.73,-6.30,14.54
2024/01/01 16:11:23.03,33.03,-7.52,-6.48,14.73
2024/01/01 16:11:23.04,33.04,-7.11,-6.82,14.83
2024/01/01 16:11:23.05,33.05,-6.72,-6.97,14.68
2024/01/01 16:11:23.06,33.06,-6.89,-6.67,14.37
2024/01/01 16:11:23.07,33.07,-7.60,-6.04,13.88
2024/01/01 16:11:23.08,33.08,-8.37,-5.29,13.51
2024/01/01 16:11:23.09,33.09,-9.07,-4.51,13.88
2024/01/01 16:11:23.10,33.10,-9.84,-3.85,14.76
2024/01/01 16:11:23.11,33.11,-10.53,-3.64,15.31
2024/01/01 16:11:23.12,33.12,-10.92,-4.10,15.51
2024/01/01 16:11:23.13,33.13,-11.14,-5.04,15.95
2024/01/01 16:11:23.14,33.14,-11.25,-5.94,16.50
2024/01/01 16:11:23.15,33.15,-11.25,-6.57,16.59
2024/01/01 16:11:23.16,33.16,-11.46,-7.06,16.33
2024/01/01 16:11:23.17,33.17,-11.96,-7.36,16.16
2024/01/01 16:11:23.18,33.18,-12.24,-7.36,16.25
2024/01/01 16:11:23.19,33.19,-12.03,-7.38,16.67
2024/01/01 16:11:23.20,33.20,-11.55,-7.82,17.30
2024/01/01 16:11:23.21,33.21,-10.80,-8.45,17.79
2024/01/01 16:11:23.22,33.22,-9.78,-8.85,17.85
2024/01/01 16:11:23.23,33.23,-8.99,-9.08,17.45
2024/01/01 16:11:23.24,33.24,-8.55,-9.24,16.62
2024/01/01 16:11:23.25,33.25,-8.20,-9.48,15.29
2024/01/01 16:11:23.26,33.26,-8.11,-9.92,14.16
2024/01/01 16:11:23.27,33.27,-8.26,-10.51,14.06
2024/01/01 16:11:23.28,33.28,-8.33,-11.01,14.47
2024/01/01 16:11:23.29,33.29,-8.37,-11.19,14.33
2024/01/01 16:11:23.30,33.30,-8.41,-11.19,13.59
2024/01/01 16:11:23.31,33.31,-8.41,-11.15,13.01
2024/01/01 16:11:23.32,33.32,-8.42,-10.91,12.93
2024/01/01 16:11:23.33,33.33,-8.53,-10.64,12.89
2024/01/01 16:11:23.34,33.34,-8.76,-10.68,12.63
2024/01/01 16:11:23.35,33.35,-8.98,-10.78,12.48
2024/01/01 16:11:23.36,33.36,-9.00,-10.60,12.61
2024/01/01 16:11:23.37,33.37,-8.83,-10.25,13.08
2024/01/01 16:11:23.38,33.38,-8.55,-10.12,13.81
2024/01/01 16:11:23.39,33.39,-8.36,-10.20,14.45
2024/01/01 16:11:23.40,33.40,-8.58,-10.26,14.86
2024/01/01 16:11:23.41,33.41,-9.20,-10.36,15.06
2024/01/01 16:11:23.42,33.42,-9.79,-10.40,14.94
2024/01/01 16:11:23.43,33.43,-9.95,-10.13,14.75
2024/01/01 16:11:23.44,33.44,-9.65,-9.90,15.00
2024/01/01 16:11:23.45,33.45,-9.14,-9.76,15.88
2024/01/01 16:11:23.46,33.46,-8.46,-9.25,16.83
2024/01/01 16:11:23.47,33.47,-7.70,-8.43,17.02
2024/01/01 16:11:23.48,33.48,-7.13,-7.68,16.58
2024/01/01 16:11:23.49,33.49,-6.60,-7.27,16.40
2024/01/01 16:11:23.50,33.50,-6.00,-7.37,16.48
2024/01/01 16:11:23.51,33.51,-5.55,-7.77,16.41
2024/01/01 16:11:23.52,33.52,-5.17,-8.15,16.06
2024/01/01 16:11:23.53,33.53,-4.76,-8.30,15.35
2024/01/01 16:11:23.54,33.54,-4.37,-7.82,14.49
2024/01/01 16:11:23.55,33.55,-3.90,-6.98,13.78
2024/01/01 16:11:23.56,33.56,-3.62,-6.46,13.24
2024/01/01 16:11:23.57,33.57,-3.74,-6.23,13.05
2024/01/01 16:11:23.58,33.58,-4.07,-6.11,13.37
2024/01/01 16:11:23.59,33.59,-4.67,-5.88,13.92
2024/01/01 16:11:23.60,33.60,-5.48,-5.27,14.35
2024/01/01 16:11:23.61,33.61,-6.15,-4.56,14.51
2024/01/01 16:11:23.62,33.62,-6.72,-4.02,14.52
2024/01/01 16:11:23.63,33.63,-7.22,-3.50,14.49
2024/01/01 16:11:23.64,33.64,-7.45,-3.07,14.17
2024/01/01 16:11:23.65,33.65,-7.50,-2.80,13.49
2024/01/01 16:11:23.66,33.66,-7.55,-2.63,13.09
2024/01/01 16:11:23.67,33.67,-7.61,-2.66,13.58
2024/01/01 16:11:23.68,33.68,-7.82,-2.79,14.66
2024/01/01 16:11:23.69,33.69,-8.15,-2.73,15.46
2024/01/01 16:11:23.70,33.70,-8.31,-2.56,15.42
2024/01/01 16:11:23.71,33.71,-8.20,-2.42,14.82
2024/01/01 16:11:23.72,33.72,-7.94,-2.43,14.23
2024/01/01 16:11:23.73,33.73,-7.62,-2.80,14.15
2024/01/01 16:11:23.74,33.74,-7.30,-3.71,14.76
2024/01/01 16:11:23.75,33.75,-7.24,-4.85,15.64
2024/01/01 16:11:23.76,33.76,-7.54,-5.46,16.16
2024/01/01 16:11:23.77,33.77,-7.86,-5.24,16.21
2024/01/01 16:11:23.78,33.78,-7.95,-4.58,15.64
2024/01/01 16:11:23.79,33.79,-7.93,-3.93,14.36
2024/01/01 16:11:23.80,33.80,-7.86,-3.95,13.16
2024/01/01 16:11:23.81,33.81,-7.79,-4.98,12.95
2024/01/01 16:11:23.82,33.82,-7.91,-6.37,13.49
2024/01/01 16:11:23.83,33.83,-8.20,-7.54,14.01
2024/01/01 16:11:23.84,33.84,-8.51,-8.40,14.42
2024/01/01 16:11:23.85,33.85,-8.97,-8.60,14.97
2024/01/01 16:11:23.86,33.86,-9.60,-8.11,15.24
2024/01/01 16:11:23.87,33.87,-10.26,-7.75,14.76
2024/01/01 16:11:23.88,33.88,-10.91,-7.92,14.16
2024/01/01 16:11:23.89,33.89,-11.45,-8.24,14.20
2024/01/01 16:11:23.90,33.90,-11.71,-8.37,14.87
2024/01/01 16:11:23.91,33.91,-11.81,-8.41,15.62
2024/01/01 16:11:23.92,33.92,-11.85,-8.63,15.76
2024/01/01 16:11:23.93,33.93,-11.62,-9.18,15.27
2024/01/01 16:11:23.94,33.94,-10.98,-9.92,14.82
2024/01/01 16:11:23.95,33.95,-10.34,-10.40,14.77
2024/01/01 16:11:23.96,33.96,-10.03,-10.33,14.78
2024/01/01 16:11:23.97,33.97,-9.87,-10.08,14.82
2024/01/01 16:11:23.98,33.98,-9.86,-9.98,15.11
2024/01/01 16:11:23.99,33.99,-9.92,-10.06,15.20
2024/01/01 16:11:24.00,34.00,-9.68,-10.37,14.50
2024/01/01 16:11:24.01,34.01,-9.16,-10.93,13.62
2024/01/01 16:11:24.02,34.02,-8.81,-11.43,13.47
2024/01/01 16:11:24.03,34.03,-8.74,-11.55,13.86
2024/01/01 16:11:24.04,34.04,-8.66,-11.36,14.03
2024/01/01 16:11:24.05,34.05,-8.59,-11.15,13.93
2024/01/01 16:11:24.06,34.06,-8.57,-10.93,14.10
2024/01/01 16:11:24.07,34.07,-8.40,-10.72,14.44
2024/01/01 16:11:24.08,34.08,-8.37,-10.63,14.61
2024/01/01 16:11:24.09,34.09,-8.63,-10.53,14.85
2024/01/01 16:11:24.10,34.10,-8.90,-10.02,15.07
2024/01/01 16:11:24.11,34.11,-9.15,-8.81,14.85
2024/01/01 16:11:24.12,34.12,-9.09,-7.38,14.46
2024/01/01 16:11:24.13,34.13,-8.43,-6.50,14.44
2024/01/01 16:11:24.14,34.14,-7.61,-6.11,15.10
2024/01/01 16:11:24.15,34.15,-7.15,-6.04,16.28
2024/01/01 16:11:24.16,34.16,-7.36,-6.45,17.25
2024/01/01 16:11:24.17,34.17,-8.30,-6.84,17.43
2024/01/01 16:11:24.18,34.18,-9.27,-6.83,16.90
2024/01/01 16:11:24.19,34.19,-9.61,-6.79,15.98
2024/01/01 16:11:24.20,34.20,-9.36,-6.73,15.12
2024/01/01 16:11:24.21,34.21,-8.63,-6.60,14.83
2024/01/01 16:11:24.22,34.22,-7.68,-6.66,15.08
2024/01/01 16:11:24.23,34.23,-7.16,-6.79,15.36
2024/01/01 16:11:24.24,34.24,-7.08,-6.73,15.32
2024/01/01 16:11:24.25,34.25,-7.09,-6.62,15.08
2024/01/01 16:11:24.26,34.26,-7.14,-6.30,15.03
2024/01/01 16:11:24.27,34.27,-7.09,-5.81,15.07
2024/01/01 16:11:24.28,34.28,-6.62,-5.78,14.91
2024/01/01 16:11:24.29,34.29,-5.80,-6.21,14.69
2024/01/01 16:11:24.30,34.30,-5.02,-6.50,14.58
2024/01/01 16:11:24.31,34.31,-4.53,-6.39,14.47
2024/01/01 16:11:24.32,34.32,-4.39,-6.04,14.41
2024/01/01 16:11:24.33,34.33,-4.61,-5.57,14.44
2024/01/01 16:11:24.34,34.34,-5.03,-5.07,14.26
2024/01/01 16:11:24.35,34.35,-5.29,-4.72,13.82
2024/01/01 16:11:24.36,34.36,-5.46,-4.55,13.57
2024/01/01 16:11:24.37,34.37,-5.86,-4.41,13.91
2024/01/01 16:11:24.38,34.38,-6.33,-4.38,14.69
2024/01/01 16:11:24.39,34.39,-6.65,-4.62,15.33
2024/01/01 16:11:24.40,34.40,-6.83,-5.13,15.50
2024/01/01 16:11:24.41,34.41,-6.68,-5.69,15.32
2024/01/01 16:11:24.42,34.42,-6.22,-6.00,14.75
2024/01/01 16:11:24.43,34.43,-5.95,-5.78,14.07
2024/01/01 16:11:24.44,34.44,-5.94,-5.14,14.05
2024/01/01 16:11:24.45,34.45,-6.17,-4.47,14.76
2024/01/01 16:11:24.46,34.46,-6.82,-3.96,15.45
2024/01/01 16:11:24.47,34.47,-7.47,-4.04,15.69
2024/01/01 16:11:24.48,34.48,-7.60,-4.86,15.67
2024/01/01 16:11:24.49,34.49,-7.39,-5.59,15.65
2024/01/01 16:11:24.50,34.50,-7.11,-5.72,15.49
2024/01/01 16:11:24.51,34.51,-6.93,-5.90,15.06
2024/01/01 16:11:24.52,34.52,-7.15,-6.47,14.58
2024/01/01 16:11:24.53,34.53,-7.65,-7.08,14.25
2024/01/01 16:11:24.54,34.54,-8.09,-7.69,13.93
2024/01/01 16:11:24.55,34.55,-8.53,-8.35,13.44
2024/01/01 16:11:24.56,34.56,-9.01,-8.87,13.23
2024/01/01 16:11:24.57,34.57,-9.32,-9.32,13.72
2024/01/01 16:11:24.58,34.58,-9.63,-9.66,14.31
2024/01/01 16:11:24.59,34.59,-9.87,-9.53,14.36
2024/01/01 16:11:24.60,34.60,-9.51,-9.12,13.99
2024/01/01 16:11:24.61,34.61,-8.92,-8.59,13.49
2024/01/01 16:11:24.62,34.62,-8.83,-7.67,12.96
2024/01/01 16:11:24.63,34.63,-9.02,-6.97,12.54
2024/01/01 16:11:24.64,34.64,-9.40,-7.16,12.90
2024/01/01 16:11:24.65,34.65,-10.16,-7.85,14.33
2024/01/01 16:11:24.66,34.66,-10.94,-8.62,15.49
2024/01/01 16:11:24.67,34.67,-11.59,-9.33,15.31
2024/01/01 16:11:24.68,34.68,-12.25,-9.68,14.76
2024/01/01 16:11:24.69,34.69,-12.65,-9.62,14.90
2024/01/01 16:11:24.70,34.70,-12.68,-9.32,15.37
2024/01/01 16:11:24.71,34.71,-12.47,-9.07,15.35
2024/01/01 16:11:24.72,34.72,-12.08,-9.12,14.81
2024/01/01 16:11:24.73,34.73,-11.64,-9.18,14.64
2024/01/01 16:11:24.74,34.74,-11.21,-9.04,15.09
2024/01/01 16:11:24.75,34.75,-10.90,-8.93,15.14
2024/01/01 16:11:24.76,34.76,-10.59,-8.92,14.71
2024/01/01 16:11:24.77,34.77,-9.92,-9.17,14.90
2024/01/01 16:11:24.78,34.78,-9.18,-9.63,15.70
2024/01/01 16:11:24.79,34.79,-8.73,-9.80,15.91
2024/01/01 16:11:24.80,34.80,-8.22,-9.66,15.31
2024/01/01 16:11:24.81,34.81,-7.71,-9.17,15.01
2024/01/01 16:11:24.82,34.82,-7.47,-7.92,15.48
2024/01/01 16:11:24.83,34.83,-7.11,-6.45,15.67
2024/01/01 16:11:24.84,34.84,-6.60,-5.51,14.86
2024/01/01 16:11:24.85,34.85,-6.29,-5.08,14.02
2024/01/01 16:11:24.86,34.86,-6.16,-5.18,14.14
2024/01/01 16:11:24.87,34.87,-6.23,-5.87,14.90
2024/01/01 16:11:24.88,34.88,-6.55,-6.85,15.38
2024/01/01 16:11:24.89,34.89,-6.73,-7.80,15.25
2024/01/01 16:11:24.90,34.90,-6.57,-8.30,14.87
2024/01/01 16:11:24.91,34.91,-6.33,-8.19,14.44
2024/01/01 16:11:24.92,34.92,-6.21,-7.81,13.78
2024/01/01 16:11:24.93,34.93,-6.19,-7.53,13.15
2024/01/01 16:11:24.94,34.94,-6.27,-7.36,13.11
2024/01/01 16:11:24.95,34.95,-6.40,-7.10,13.52
2024/01/01 16:11:24.96,34.96,-6.40,-6.70,13.73
2024/01/01 16:11:24.97,34.97,-6.27,-6.26,13.74
2024/01/01 16:11:24.98,34.98,-6.18,-5.76,14.01
2024/01/01 16:11:24.99,34.99,-6.16,-5.32,14.42
2024/01/01 16:11:25.00,35.00,-6.13,-5.25,14.59
2024/01/01 16:11:25.01,35.01,-6.09,-5.62,14.67
2024/01/01 16:11:25.02,35.02,-6.08,-6.18,14.70
2024/01/01 16:11:25.03,35.03,-6.15,-6.43,14.35
2024/01/01 16:11:25.04,35.04,-6.19,-6.16,13.88
2024/01/01 16:11:25.05,35.05,-6.12,-5.85,13.99
2024/01/01 16:11:25.06,35.06,-6.18,-5.84,14.54
2024/01/01 16:11:25.07,35.07,-6.44,-6.11,14.89
2024/01/01 16:11:25.08,35.08,-6.65,-6.63,14.81
2024/01/01 16:11:25.09,35.09,-6.65,-6.92,14.67
2024/01/01 16:11:25.10,35.10,-6.31,-6.44,14.88
2024/01/01 16:11:25.11,35.11,-5.65,-5.70,15.03
2024/01/01 16:11:25.12,35.12,-5.03,-5.35,14.42
2024/01/01 16:11:25.13,35.13,-4.57,-5.31,13.46
2024/01/01 16:11:25.14,35.14,-4.20,-5.56,13.35
2024/01/01 16:11:25.15,35.15,-4.21,-5.94,14.18
2024/01/01 16:11:25.16,35.16,-4.63,-6.04,14.70
2024/01/01 16:11:25.17,35.17,-5.03,-5.98,14.15
2024/01/01 16:11:25.18,35.18,-5.38,-5.93,13.56
2024/01/01 16:11:25.19,35.19,-5.80,-5.48,14.10
2024/01/01 16:11:25.20,35.20,-6.07,-4.73,15.15
2024/01/01 16:11:25.21,35.21,-6.41,-4.28,15.62
2024/01/01 16:11:25.22,35.22,-7.20,-4.33,15.82
2024/01/01 16:11:25.23,35.23,-8.28,-4.72,16.16
2024/01/01 16:11:25.24,35.24,-9.35,-5.20,16.19
2024/01/01 16:11:25.25,35.25,-10.21,-5.77,15.70
2024/01/01 16:11:25.26,35.26,-10.62,-6.44,15.08
2024/01/01 16:11:25.27,35.27,-10.66,-6.81,15.08
2024/01/01 16:11:25.28,35.28,-10.50,-6.79,16.00
2024/01/01 16:11:25.29,35.29,-10.33,-6.79,16.88
2024/01/01 16:11:25.30,35.30,-10.44,-6.87,16.79
2024/01/01 16:11:25.31,35.31,-10.64,-6.91,16.24
2024/01/01 16:11:25.32,35.32,-10.73,-7.08,15.74
2024/01/01 16:11:25.33,35.33,-10.96,-7.23,15.16
2024/01/01 16:11:25.34,35.34,-11.13,-7.47,14.70
2024/01/01 16:11:25.35,35.35,-11.05,-7.96,14.80
2024/01/01 16:11:25.36,35.36,-11.10,-8.17,15.45
2024/01/01 16:11:25.37,35.37,-11.20,-8.11,15.83
2024/01/01 16:11:25.38,35.38,-11.07,-8.45,15.52
2024/01/01 16:11:25.39,35.39,-10.88,-9.02,15.20
2024/01/01 16:11:25.40,35.40,-10.72,-9.44,15.29
2024/01/01 16:11:25.41,35.41,-10.75,-9.80,15.30
2024/01/01 16:11:25.42,35.42,-11.19,-10.09,14.93
2024/01/01 16:11:25.43,35.43,-11.78,-10.30,14.48
2024/01/01 16:11:25.44,35.44,-12.05,-10.53,14.33
2024/01/01 16:11:25.45,35.45,-12.07,-10.68,14.44
2024/01/01 16:11:25.46,35.46,-12.17,-10.85,14.53
2024/01/01 16:11:25.47,35.47,-12.38,-11.27,14.66
2024/01/01 16:11:25.48,35.48,-12.63,-11.91,14.96
2024/01/01 16:11:25.49,35.49,-12.97,-12.29,15.22
2024/01/01 16:11:25.50,35.50,-13.12,-12.00,15.30
2024/01/01 16:11:25.51,35.51,-12.74,-11.30,15.19
2024/01/01 16:11:25.52,35.52,-12.03,-10.65,14.98
2024/01/01 16:11:25.53,35.53,-11.20,-10.31,14.98
2024/01/01 16:11:25.54,35.54,-10.31,-10.43,15.34
2024/01/01 16:11:25.55,35.55,-9.59,-10.58,15.68
2024/01/01 16:11:25.56,35.56,-9.05,-10.36,15.40
2024/01/01 16:11:25.57,35.57,-8.55,-10.05,14.79
2024/01/01 16:11:25.58,35.58,-8.06,-9.77,14.67
2024/01/01 16:11:25.59,35.59,-7.51,-9.30,14.87
2024/01/01 16:11:25.60,35.60,-6.88,-8.85,14.74
2024/01/01 16:11:25.61,35.61,-6.17,-8.77,14.67
2024/01/01 16:11:25.62,35.62,-5.48,-8.82,15.13
2024/01/01 16:11:25.63,35.63,-4.99,-8.51,15.64
2024/01/01 16:11:25.64,35.64,-4.70,-7.90,15.66
2024/01/01 16:11:25.65,35.65,-4.66,-7.40,15.18
2024/01/01 16:11:25.66,35.66,-4.93,-6.73,14.35
2024/01/01 16:11:25.67,35.67,-5.15,-5.82,13.57
2024/01/01 16:11:25.68,35.68,-5.02,-5.33,13.45
2024/01/01 16:11:25.69,35.69,-4.68,-5.30,13.97
2024/01/01 16:11:25.70,35.70,-4.18,-5.27,14.38
2024/01/01 16:11:25.71,35.71,-3.46,-5.24,14.49
2024/01/01 16:11:25.72,35.72,-2.71,-5.17,14.63
2024/01/01 16:11:25.73,35.73,-2.25,-4.73,14.53
2024/01/01 16:11:25.74,35.74,-2.25,-4.04,14.03
2024/01/01 16:11:25.75,35.75,-2.71,-3.65,13.72
2024/01/01 16:11:25.76,35.76,-3.51,-3.68,14.10
2024/01/01 16:11:25.77,35.77,-4.24,-3.76,14.69
2024/01/01 16:11:25.78,35.78,-4.69,-3.77,14.72
2024/01/01 16:11:25.79,35.79,-4.96,-3.64,14.23
2024/01/01 16:11:25.80,35.80,-4.87,-3.31,13.86
2024/01/01 16:11:25.81,35.81,-4.55,-2.95,13.81
2024/01/01 16:11:25.82,35.82,-4.75,-2.62,13.59
2024/01/01 16:11:25.83,35.83,-5.48,-2.35,12.91
2024/01/01 16:11:25.84,35.84,-6.12,-2.25,12.49
2024/01/01 16:11:25.85,35.85,-6.62,-2.09,12.95
2024/01/01 16:11:25.86,35.86,-7.17,-1.80,13.55
2024/01/01 16:11:25.87,35.87,-7.47,-1.69,13.46
2024/01/01 16:11:25.88,35.88,-7.33,-1.94,13.18
2024/01/01 16:11:25.89,35.89,-7.17,-2.40,13.55
2024/01/01 16:11:25.90,35.90,-7.17,-3.01,14.38
2024/01/01 16:11:25.91,35.91,-7.19,-3.88,14.81
2024/01/01 16:11:25.92,35.92,-7.61,-4.83,14.84
2024/01/01 16:11:25.93,35.93,-8.60,-5.66,15.38
2024/01/01 16:11:25.94,35.94,-9.68,-6.52,16.55
2024/01/01 16:11:25.95,35.95,-10.58,-7.28,17.26
2024/01/01 16:11:25.96,35.96,-11.22,-7.60,16.91
2024/01/01 16:11:25.97,35.97,-11.47,-7.48,16.00
2024/01/01 16:11:25.98,35.98,-11.63,-7.08,15.01
2024/01/01 16:11:25.99,35.99,-11.95,-6.69,14.13
2024/01/01 16:11:26.00,36.00,-12.05,-6.80,13.81
2024/01/01 16:11:26.01,36.01,-11.91,-7.38,14.40
2024/01/01 16:11:26.02,36.02,-11.79,-7.80,15.53
2024/01/01 16:11:26.03,36.03,-11.40,-8.04,16.32
2024/01/01 16:11:26.04,36.04,-10.69,-8.41,16.29
2024/01/01 16:11:26.05,36.05,-10.04,-8.65,15.90
2024/01/01 16:11:26.06,36.06,-9.48,-8.62,15.48
2024/01/01 16:11:26.07,36.07,-9.16,-8.59,14.89
2024/01/01 16:11:26.08,36.08,-9.28,-8.55,14.50
2024/01/01 16:11:26.09,36.09,-9.46,-8.75,14.62
2024/01/01 16:11:26.10,36.10,-9.65,-9.40,14.73
2024/01/01 16:11:26.11,36.11,-10.12,-10.18,14.75
2024/01/01 16:11:26.12,36.12,-10.59,-11.06,15.15
2024/01/01 16:11:26.13,36.13,-10.95,-11.80,15.81
2024/01/01 16:11:26.14,36.14,-11.29,-11.77,16.20
2024/01/01 16:11:26.15,36.15,-11.32,-11.39,15.81
2024/01/01 16:11:26.16,36.16,-11.25,-11.24,14.74
2024/01/01 16:11:26.17,36.17,-11.59,-11.04,14.14
2024/01/01 16:11:26.18,36.18,-12.04,-11.04,14.74
2024/01/01 16:11:26.19,36.19,-12.28,-11.40,15.59
2024/01/01 16:11:26.20,36.20,-12.22,-11.41,15.62
2024/01/01 16:11:26.21,36.21,-11.52,-10.90,15.26
2024/01/01 16:11:26.22,36.22,-10.37,-10.38,15.53
2024/01/01 16:11:26.23,36.23,-9.35,-10.00,16.17
2024/01/01 16:11:26.24,36.24,-8.55,-9.96,16.29
2024/01/01 16:11:26.25,36.25,-8.06,-10.42,16.37
2024/01/01 16:11:26.26,36.26,-8.00,-10.82,17.07
2024/01/01 16:11:26.27,36.27,-8.05,-10.62,17.41
2024/01/01 16:11:26.28,36.28,-7.84,-10.35,16.53
2024/01/01 16:11:26.29,36.29,-7.41,-10.59,15.39
2024/01/01 16:11:26.30,36.30,-6.83,-10.72,14.94
2024/01/01 16:11:26.31,36.31,-6.06,-10.28,14.50
2024/01/01 16:11:26.32,36.32,-5.38,-9.95,13.51
2024/01/01 16:11:26.33,36.33,-5.02,-10.21,12.72
2024/01/01 16:11:26.34,36.34,-4.74,-10.62,12.78
2024/01/01 16:11:26.35,36.35,-4.57,-10.72,13.30
2024/01/01 16:11:26.36,36.36,-4.82,-10.54,13.65
2024/01/01 16:11:26.37,36.37,-5.23,-9.98,13.83
2024/01/01 16:11:26.38,36.38,-5.31,-8.76,13.94
2024/01/01 16:11:26.39,36.39,-5.23,-7.15,13.81
2024/01/01 16:11:26.40,36.40,-5.15,-5.80,13.56
2024/01/01 16:11:26.41,36.41,-4.95,-5.13,13.54
2024/01/01 16:11:26.42,36.42,-4.89,-5.09,13.78
2024/01/01 16:11:26.43,36.43,-5.28,-5.38,14.03
2024/01/01 16:11:26.44,36.44,-5.74,-5.92,14.14
2024/01/01 16:11:26.45,36.45,-5.98,-6.36,14.42
2024/01/01 16:11:26.46,36.46,-6.16,-6.16,15.29
2024/01/01 16:11:26.47,36.47,-6.34,-5.45,16.52
2024/01/01 16:11:26.48,36.48,-6.54,-4.70,17.23
2024/01/01 16:11:26.49,36.49,-6.75,-3.97,16.73
2024/01/01 16:11:26.50,36.50,-6.90,-3.40,15.36
2024/01/01 16:11:26.51,36.51,-7.02,-3.19,14.26
2024/01/01 16:11:26.52,36.52,-7.05,-3.31,14.16
2024/01/01 16:11:26.53,36.53,-6.99,-3.43,14.64
2024/01/01 16:11:26.54,36.54,-7.00,-3.31,15.01
2024/01/01 16:11:26.55,36.55,-7.00,-3.05,15.01
2024/01/01 16:11:26.56,36.56,-6.62,-2.81,14.87
2024/01/01 16:11:26.57,36.57,-5.89,-2.78,14.82
2024/01/01 16:11:26.58,36.58,-5.20,-3.19,14.98
2024/01/01 16:11:26.59,36.59,-4.75,-3.74,15.37
2024/01/01 16:11:26.60,36.60,-4.64,-4.00,15.66
2024/01/01 16:11:26.61,36.61,-5.05,-3.91,15.40
2024/01/01 16:11:26.62,36.62,-5.75,-3.60,14.54
2024/01/01 16:11:26.63,36.63,-6.36,-3.32,13.20
2024/01/01 16:11:26.64,36.64,-7.02,-3.27,11.93
2024/01/01 16:11:26.65,36.65,-7.96,-3.68,11.54
2024/01/01 16:11:26.66,36.66,-9.21,-4.71,11.79
2024/01/01 16:11:26.67,36.67,-10.89,-5.81,11.84
2024/01/01 16:11:26.68,36.68,-12.63,-6.38,11.68
2024/01/01 16:11:26.69,36.69,-13.90,-6.31,11.56
2024/01/01 16:11:26.70,36.70,-14.57,-5.56,11.59
2024/01/01 16:11:26.71,36.71,-14.38,-4.65,11.76
2024/01/01 16:11:26.72,36.72,-13.56,-4.42,12.13
2024/01/01 16:11:26.73,36.73,-12.78,-4.57,12.92
2024/01/01 16:11:26.74,36.74,-12.16,-4.69,13.84
2024/01/01 16:11:26.75,36.75,-11.73,-5.08,14.46
2024/01/01 16:11:26.76,36.76,-11.52,-5.73,15.13
2024/01/01 16:11:26.77,36.77,-11.32,-6.44,15.76
2024/01/01 16:11:26.78,36.78,-11.25,-7.14,15.52
2024/01/01 16:11:26.79,36.79,-11.29,-7.87,14.59
2024/01/01 16:11:26.80,36.80,-11.14,-8.85,14.09
2024/01/01 16:11:26.81,36.81,-10.77,-9.80,14.51
2024/01/01 16:11:26.82,36.82,-10.28,-10.26,15.25
2024/01/01 16:11:26.83,36.83,-9.72,-10.40,15.77
2024/01/01 16:11:26.84,36.84,-9.27,-10.34,16.36
2024/01/01 16:11:26.85,36.85,-8.94,-10.06,17.09
2024/01/01 16:11:26.86,36.86,-8.66,-9.70,17.29
2024/01/01 16:11:26.87,36.87,-8.46,-9.46,16.77
2024/01/01 16:11:26.88,36.88,-8.23,-9.48,16.09
2024/01/01 16:11:26.89,36.89,-7.81,-9.61,15.80
2024/01/01 16:11:26.90,36.90,-7.11,-9.74,15.80
2024/01/01 16:11:26.91,36.91,-6.22,-9.89,15.52
2024/01/01 16:11:26.92,36.92,-5.40,-9.73,14.82
2024/01/01 16:11:26.93,36.93,-4.91,-9.07,14.22
2024/01/01 16:11:26.94,36.94,-4.93,-8.48,14.03
2024/01/01 16:11:26.95,36.95,-5.40,-8.33,14.01
2024/01/01 16:11:26.96,36.96,-5.85,-8.53,14.15
2024/01/01 16:11:26.97,36.97,-5.89,-8.89,14.73
2024/01/01 16:11:26.98,36.98,-5.74,-9.01,15.53
2024/01/01 16:11:26.99,36.99,-5.64,-8.81,16.06
2024/01/01 16:11:27.00,37.00,-5.56,-8.86,16.22
2024/01/01 16:11:27.01,37.01,-5.77,-9.28,16.16
2024/01/01 16:11:27.02,37.02,-6.46,-9.67,15.80
2024/01/01 16:11:27.03,37.03,-7.22,-9.99,15.20
2024/01/01 16:11:27.04,37.04,-7.71,-10.32,15.08
2024/01/01 16:11:27.05,37.05,-7.86,-10.53,15.70
2024/01/01 16:11:27.06,37.06,-7.57,-10.62,16.33
2024/01/01 16:11:27.07,37.07,-7.00,-10.62,16.55
2024/01/01 16:11:27.08,37.08,-6.47,-10.46,16.77
2024/01/01 16:11:27.09,37.09,-6.16,-10.10,17.03
2024/01/01 16:11:27.10,37.10,-6.14,-9.53,16.87
2024/01/01 16:11:27.11,37.11,-6.38,-8.85,16.14
2024/01/01 16:11:27.12,37.12,-6.72,-8.33,15.02
2024/01/01 16:11:27.13,37.13,-6.92,-8.10,14.04
2024/01/01 16:11:27.14,37.14,-6.81,-8.33,14.08
2024/01/01 16:11:27.15,37.15,-6.51,-9.04,15.18
2024/01/01 16:11:27.16,37.16,-6.39,-9.72,15.99
2024/01/01 16:11:27.17,37.17,-6.57,-9.95,15.56
2024/01/01 16:11:27.18,37.18,-6.87,-9.92,14.57
2024/01/01 16:11:27.19,37.19,-7.20,-9.65,13.97
2024/01/01 16:11:27.20,37.20,-7.48,-8.94,13.78
2024/01/01 16:11:27.21,37.21,-7.73,-8.05,13.72
2024/01/01 16:11:27.22,37.22,-8.20,-7.24,13.86
2024/01/01 16:11:27.23,37.23,-8.91,-6.19,13.99
2024/01/01 16:11:27.24,37.24,-9.61,-4.83,13.82
2024/01/01 16:11:27.25,37.25,-10.19,-3.64,13.70
2024/01/01 16:11:27.26,37.26,-10.59,-3.01,14.13
2024/01/01 16:11:27.27,37.27,-10.71,-2.92,14.99
2024/01/01 16:11:27.28,37.28,-10.75,-3.30,15.74
2024/01/01 16:11:27.29,37.29,-10.91,-3.94,16.11
2024/01/01 16:11:27.30,37.30,-10.88,-4.51,16.22
2024/01/01 16:11:27.31,37.31,-10.49,-5.01,16.08
2024/01/01 16:11:27.32,37.32,-10.14,-5.60,15.55
2024/01/01 16:11:27.33,37.33,-9.85,-6.23,14.95
2024/01/01 16:11:27.34,37.34,-9.43,-6.78,14.86
2024/01/01 16:11:27.35,37.35,-9.35,-6.77,15.35
2024/01/01 16:11:27.36,37.36,-9.84,-5.96,15.95
2024/01/01 16:11:27.37,37.37,-10.32,-4.93,16.22
2024/01/01 16:11:27.38,37.38,-10.35,-4.15,16.23
2024/01/01 16:11:27.39,37.39,-9.90,-3.81,16.09
2024/01/01 16:11:27.40,37.40,-9.17,-4.21,15.62
2024/01/01 16:11:27.41,37.41,-8.53,-5.14,15.03
2024/01/01 16:11:27.42,37.42,-8.25,-5.86,14.77
2024/01/01 16:11:27.43,37.43,-8.38,-6.01,14.71
2024/01/01 16:11:27.44,37.44,-8.72,-5.70,14.20
2024/01/01 16:11:27.45,37.45,-8.95,-5.21,13.04
2024/01/01 16:11:27.46,37.46,-8.93,-5.03,12.08
2024/01/01 16:11:27.47,37.47,-8.71,-5.41,12.21
2024/01/01 16:11:27.48,37.48,-8.64,-5.93,13.04
2024/01/01 16:11:27.49,37.49,-8.77,-5.95,13.62
2024/01/01 16:11:27.50,37.50,-8.73,-5.46,13.73
2024/01/01 16:11:27.51,37.51,-8.51,-4.91,13.63
2024/01/01 16:11:27.52,37.52,-8.38,-4.52,13.37
2024/01/01 16:11:27.53,37.53,-8.31,-4.51,12.98
2024/01/01 16:11:27.54,37.54,-8.41,-5.05,12.76
2024/01/01 16:11:27.55,37.55,-8.95,-5.91,12.95
2024/01/01 16:11:27.56,37.56,-9.65,-6.89,13.45
2024/01/01 16:11:27.57,37.57,-10.03,-7.79,14.05
2024/01/01 16:11:27.58,37.58,-10.10,-8.25,14.62
2024/01/01 16:11:27.59,37.59,-9.93,-8.05,15.15
2024/01/01 16:11:27.60,37.60,-9.50,-7.39,15.57
2024/01/01 16:11:27.61,37.61,-9.02,-6.61,15.64
2024/01/01 16:11:27.62,37.62,-8.60,-6.11,15.40
2024/01/01 16:11:27.63,37.63,-8.03,-6.27,15.25
2024/01/01 16:11:27.64,37.64,-7.28,-7.00,15.25
2024/01/01 16:11:27.65,37.65,-6.42,-7.90,14.92
2024/01/01 16:11:27.66,37.66,-5.39,-8.83,14.38
2024/01/01 16:11:27.67,37.67,-4.49,-9.67,14.22
2024/01/01 16:11:27.68,37.68,-4.24,-10.13,14.47
2024/01/01 16:11:27.69,37.69,-4.49,-10.30,14.70
2024/01/01 16:11:27.70,37.70,-4.74,-10.53,14.66
2024/01/01 16:11:27.71,37.71,-4.99,-10.55,14.33
2024/01/01 16:11:27.72,37.72,-5.11,-10.04,13.84
2024/01/01 16:11:27.73,37.73,-4.98,-9.26,13.61
2024/01/01 16:11:27.74,37.74,-4.98,-8.37,14.18
2024/01/01 16:11:27.75,37.75,-5.29,-7.37,15.08
2024/01/01 16:11:27.76,37.76,-5.75,-6.51,15.18
2024/01/01 16:11:27.77,37.77,-6.32,-6.02,14.45
2024/01/01 16:11:27.78,37.78,-6.75,-5.98,13.77
2024/01/01 16:11:27.79,37.79,-6.87,-6.40,13.32
2024/01/01 16:11:27.80,37.80,-6.84,-7.30,12.85
2024/01/01 16:11:27.81,37.81,-6.80,-8.69,12.68
2024/01/01 16:11:27.82,37.82,-6.81,-10.10,13.07
2024/01/01 16:11:27.83,37.83,-7.10,-10.63,13.74
2024/01/01 16:11:27.84,37.84,-7.68,-10.29,14.39
2024/01/01 16:11:27.85,37.85,-8.17,-9.83,14.97
2024/01/01 16:11:27.86,37.86,-8.22,-9.41,15.41
2024/01/01 16:11:27.87,37.87,-7.84,-8.98,15.47
2024/01/01 16:11:27.88,37.88,-7.27,-8.72,15.25
2024/01/01 16:11:27.89,37.89,-6.54,-8.58,15.12
2024/01/01 16:11:27.90,37.90,-5.83,-8.40,15.06
2024/01/01 16:11:27.91,37.91,-5.64,-8.31,14.83
2024/01/01 16:11:27.92,37.92,-6.08,-8.57,14.55
2024/01/01 16:11:27.93,37.93,-6.67,-8.98,14.44
2024/01/01 16:11:27.94,37.94,-7.13,-9.09,14.36
2024/01/01 16:11:27.95,37.95,-7.46,-8.90,14.24
2024/01/01 16:11:27.96,37.96,-7.48,-8.64,14.44
2024/01/01 16:11:27.97,37.97,-7.12,-8.23,15.05
2024/01/01 16:11:27.98,37.98,-6.94,-7.63,15.75
2024/01/01 16:11:27.99,37.99,-7.17,-7.18,16.23
2024/01/01 16:11:28.00,38.00,-7.44,-7.13,16.19
2024/01/01 16:11:28.01,38.01,-7.64,-7.23,15.60
2024/01/01 16:11:28.02,38.02,-7.80,-7.28,15.10
2024/01/01 16:11:28.03,38.03,-7.81,-7.47,15.27
2024/01/01 16:11:28.04,38.04,-7.70,-7.67,16.07
2024/01/01 16:11:28.05,38.05,-7.60,-7.58,16.82
2024/01/01 16:11:28.06,38.06,-7.62,-7.40,16.88
2024/01/01 16:11:28.07,38.07,-7.71,-7.13,16.38
2024/01/01 16:11:28.08,38.08,-7.73,-6.47,15.66
2024/01/01 16:11:28.09,38.09,-7.93,-5.41,14.90
2024/01/01 16:11:28.10,38.10,-8.60,-4.27,14.53
2024/01/01 16:11:28.11,38.11,-9.48,-3.32,14.71
2024/01/01 16:11:28.12,38.12,-10.31,-2.65,15.00
2024/01/01 16:11:28.13,38.13,-10.86,-2.53,15.10
2024/01/01 16:11:28.14,38.14,-10.86,-3.14,15.20
2024/01/01 16:11:28.15,38.15,-10.61,-3.90,15.62
2024/01/01 16:11:28.16,38.16,-10.54,-4.22,16.17
2024/01/01 16:11:28.17,38.17,-10.73,-4.30,16.37
2024/01/01 16:11:28.18,38.18,-10.99,-4.32,16.11
2024/01/01 16:11:28.19,38.19,-10.92,-4.22,15.70
2024/01/01 16:11:28.20,38.20,-10.30,-4.13,15.60
2024/01/01 16:11:28.21,38.21,-9.46,-4.15,15.81
2024/01/01 16:11:28.22,38.22,-8.86,-4.09,15.85
2024/01/01 16:11:28.23,38.23,-8.60,-3.92,15.43
2024/01/01 16:11:28.24,38.24,-8.73,-3.89,14.74
2024/01/01 16:11:28.25,38.25,-9.27,-4.16,14.00
2024/01/01 16:11:28.26,38.26,-9.93,-4.79,13.37
2024/01/01 16:11:28.27,38.27,-10.32,-5.80,13.36
2024/01/01 16:11:28.28,38.28,-10.46,-6.86,14.42
2024/01/01 16:11:28.29,38.29,-10.44,-7.45,15.70
2024/01/01 16:11:28.30,38.30,-10.29,-7.57,15.90
2024/01/01 16:11:28.31,38.31,-10.15,-7.60,15.22
2024/01/01 16:11:28.32,38.32,-10.19,-7.69,14.73
2024/01/01 16:11:28.33,38.33,-10.51,-7.69,14.52
2024/01/01 16:11:28.34,38.34,-11.04,-7.63,14.18
2024/01/01 16:11:28.35,38.35,-11.60,-7.88,13.96
2024/01/01 16:11:28.36,38.36,-11.99,-8.37,14.25
2024/01/01 16:11:28.37,38.37,-11.97,-8.65,14.95
2024/01/01 16:11:28.38,38.38,-11.53,-8.76,15.58
2024/01/01 16:11:28.39,38.39,-10.94,-8.90,15.73
2024/01/01 16:11:28.40,38.40,-10.37,-9.04,15.26
2024/01/01 16:11:28.41,38.41,-9.82,-9.22,14.24
2024/01/01 16:11:28.42,38.42,-9.44,-9.43,13.21
2024/01/01 16:11:28.43,38.43,-9.05,-9.48,12.79
2024/01/01 16:11:28.44,38.44,-8.45,-9.39,12.70
2024/01/01 16:11:28.45,38.45,-7.88,-9.31,12.29
2024/01/01 16:11:28.46,38.46,-7.49,-9.56,11.99
2024/01/01 16:11:28.47,38.47,-7.01,-10.41,12.77
2024/01/01 16:11:28.48,38.48,-6.55,-11.39,14.48
2024/01/01 16:11:28.49,38.49,-6.39,-11.87,15.77
2024/01/01 16:11:28.50,38.50,-6.38,-11.86,15.76
2024/01/01 16:11:28.51,38.51,-6.25,-11.55,15.13
2024/01/01 16:11:28.52,38.52,-5.99,-11.10,14.79
2024/01/01 16:11:28.53,38.53,-5.75,-10.93,14.64
2024/01/01 16:11:28.54,38.54,-5.60,-11.13,14.42
2024/01/01 16:11:28.55,38.55,-5.57,-11.34,14.48
2024/01/01 16:11:28.56,38.56,-5.79,-11.11,14.65
2024/01/01 16:11:28.57,38.57,-6.09,-10.39,14.24
2024/01/01 16:11:28.58,38.58,-5.99,-9.68,13.34
2024/01/01 16:11:28.59,38.59,-5.36,-9.31,12.79
2024/01/01 16:11:28.60,38.60,-4.62,-8.99,12.97
2024/01/01 16:11:28.61,38.61,-4.05,-8.61,13.56
2024/01/01 16:11:28.62,38.62,-3.73,-8.29,14.01
2024/01/01 16:11:28.63,38.63,-3.65,-7.78,14.07
2024/01/01 16:11:28.64,38.64,-3.74,-6.95,13.78
2024/01/01 16:11:28.65,38.65,-4.00,-6.15,13.31
2024/01/01 16:11:28.66,38.66,-4.50,-5.69,13.00
2024/01/01 16:11:28.67,38.67,-5.17,-5.66,13.25
2024/01/01 16:11:28.68,38.68,-5.98,-5.86,14.06
2024/01/01 16:11:28.69,38.69,-6.89,-5.68,14.92
2024/01/01 16:11:28.70,38.70,-7.46,-4.77,15.32
2024/01/01 16:11:28.71,38.71,-7.29,-3.42,15.38
2024/01/01 16:11:28.72,38.72,-6.52,-2.14,15.62
2024/01/01 16:11:28.73,38.73,-5.63,-1.27,16.02
2024/01/01 16:11:28.74,38.74,-5.05,-0.99,16.05
2024/01/01 16:11:28.75,38.75,-5.10,-1.30,15.66
2024/01/01 16:11:28.76,38.76,-5.72,-2.07,15.37
2024/01/01 16:11:28.77,38.77,-6.42,-3.04,15.39
2024/01/01 16:11:28.78,38.78,-6.72,-3.87,15.50
2024/01/01 16:11:28.79,38.79,-6.73,-4.40,15.51
2024/01/01 16:11:28.80,38.80,-6.77,-4.68,15.58
2024/01/01 16:11:28.81,38.81,-6.90,-4.89,15.93
2024/01/01 16:11:28.82,38.82,-7.17,-5.21,16.21
2024/01/01 16:11:28.83,38.83,-7.68,-5.57,16.20
2024/01/01 16:11:28.84,38.84,-8.31,-5.90,16.09
2024/01/01 16:11:28.85,38.85,-8.99,-6.26,15.91
2024/01/01 16:11:28.86,38.86,-9.73,-6.60,15.52
2024/01/01 16:11:28.87,38.87,-10.32,-6.94,15.10
2024/01/01 16:11:28.88,38.88,-10.77,-7.21,15.12
2024/01/01 16:11:28.89,38.89,-11.21,-7.09,15.66
2024/01/01 16:11:28.90,38.90,-11.65,-6.74,16.07
2024/01/01 16:11:28.91,38.91,-12.10,-6.57,15.70
2024/01/01 16:11:28.92,38.92,-12.40,-6.61,14.68
2024/01/01 16:11:28.93,38.93,-12.49,-6.59,13.60
2024/01/01 16:11:28.94,38.94,-12.54,-6.33,12.97
2024/01/01 16:11:28.95,38.95,-12.59,-5.88,12.79
2024/01/01 16:11:28.96,38.96,-12.43,-5.44,12.74
2024/01/01 16:11:28.97,38.97,-12.03,-5.31,12.86
2024/01/01 16:11:28.98,38.98,-11.49,-5.70,13.51
2024/01/01 16:11:28.99,38.99,-10.95,-6.48,14.55
2024/01/01 16:11:29.00,39.00,-10.58,-7.41,15.35
2024/01/01 16:11:29.01,39.01,-10.39,-8.48,15.70
2024/01/01 16:11:29.02,39.02,-10.26,-9.52,15.67
2024/01/01 16:11:29.03,39.03,-10.29,-10.08,15.06
2024/01/01 16:11:29.04,39.04,-10.35,-10.01,14.04
2024/01/01 16:11:29.05,39.05,-10.16,-9.64,13.38
2024/01/01 16:11:29.06,39.06,-9.86,-9.23,13.43
2024/01/01 16:11:29.07,39.07,-9.54,-9.00,13.69
2024/01/01 16:11:29.08,39.08,-9.11,-9.37,13.52
2024/01/01 16:11:29.09,39.09,-8.84,-10.37,13.09
2024/01/01 16:11:29.10,39.10,-8.89,-11.43,13.12
2024/01/01 16:11:29.11,39.11,-8.96,-12.15,13.65
2024/01/01 16:11:29.12,39.12,-9.00,-12.35,14.07
2024/01/01 16:11:29.13,39.13,-8.93,-11.94,14.29
2024/01/01 16:11:29.14,39.14,-8.43,-11.12,14.69
2024/01/01 16:11:29.15,39.15,-7.76,-10.06,15.14
2024/01/01 16:11:29.16,39.16,-7.45,-8.88,15.22
2024/01/01 16:11:29.17,39.17,-7.40,-8.02,15.03
2024/01/01 16:11:29.18,39.18,-7.45,-7.74,15.05
2024/01/01 16:11:29.19,39.19,-7.55,-7.79,15.52
2024/01/01 16:11:29.20,39.20,-7.29,-8.17,16.00
2024/01/01 16:11:29.21,39.21,-6.57,-8.79,16.16
2024/01/01 16:11:29.22,39.22,-5.69,-8.84,16.51
2024/01/01 16:11:29.23,39.23,-4.89,-7.89,17.19
2024/01/01 16:11:29.24,39.24,-4.43,-6.45,17.39
2024/01/01 16:11:29.25,39.25,-4.44,-5.12,16.67
2024/01/01 16:11:29.26,39.26,-4.74,-4.32,15.68
2024/01/01 16:11:29.27,39.27,-5.15,-4.22,15.36
2024/01/01 16:11:29.28,39.28,-5.43,-4.52,15.67
2024/01/01 16:11:29.29,39.29,-5.34,-4.98,15.86
2024/01/01 16:11:29.30,39.30,-4.91,-5.55,15.80
2024/01/01 16:11:29.31,39.31,-4.29,-6.02,15.90
2024/01/01 16:11:29.32,39.32,-3.71,-6.22,15.79
2024/01/01 16:11:29.33,39.33,-3.32,-6.19,14.87
2024/01/01 16:11:29.34,39.34,-3.10,-6.17,13.56
2024/01/01 16:11:29.35,39.35,-3.17,-6.03,12.93
2024/01/01 16:11:29.36,39.36,-3.69,-5.49,13.26
2024/01/01 16:11:29.37,39.37,-4.61,-4.82,13.90
2024/01/01 16:11:29.38,39.38,-5.63,-4.43,14.47
2024/01/01 16:11:29.39,39.39,-6.32,-4.38,15.01
2024/01/01 16:11:29.40,39.40,-6.60,-4.62,15.15
2024/01/01 16:11:29.41,39.41,-6.77,-5.11,14.61
2024/01/01 16:11:29.42,39.42,-7.08,-5.97,13.83
2024/01/01 16:11:29.43,39.43,-7.61,-6.88,13.57
2024/01/01 16:11:29.44,39.44,-8.30,-7.09,13.95
2024/01/01 16:11:29.45,39.45,-8.90,-6.59,14.24
2024/01/01 16:11:29.46,39.46,-9.20,-6.06,14.02
2024/01/01 16:11:29.47,39.47,-9.12,-5.92,13.76
2024/01/01 16:11:29.48,39.48,-8.87,-6.22,13.90
2024/01/01 16:11:29.49,39.49,-8.67,-6.56,14.32
2024/01/01 16:11:29.50,39.50,-8.35,-6.64,14.72
2024/01/01 16:11:29.51,39.51,-7.90,-6.47,14.71
2024/01/01 16:11:29.52,39.52,-7.67,-6.08,14.06
2024/01/01 16:11:29.53,39.53,-7.70,-5.61,13.17
2024/01/01 16:11:29.54,39.54,-7.80,-5.38,12.70
2024/01/01 16:11:29.55,39.55,-8.10,-5.40,12.78
2024/01/01 16:11:29.56,39.56,-8.74,-5.63,13.18
2024/01/01 16:11:29.57,39.57,-9.44,-6.29,13.65
2024/01/01 16:11:29.58,39.58,-10.09,-7.20,13.81
2024/01/01 16:11:29.59,39.59,-10.73,-7.94,13.70
2024/01/01 16:11:29.60,39.60,-11.05,-8.62,13.85
2024/01/01 16:11:29.61,39.61,-10.92,-9.09,14.13
2024/01/01 16:11:29.62,39.62,-10.58,-8.82,14.08
2024/01/01 16:11:29.63,39.63,-10.01,-8.20,14.05
2024/01/01 16:11:29.64,39.64,-9.46,-7.86,14.79
2024/01/01 16:11:29.65,39.65,-9.35,-7.45,15.96
2024/01/01 16:11:29.66,39.66,-9.51,-7.03,16.40
2024/01/01 16:11:29.67,39.67,-9.76,-7.17,15.93
2024/01/01 16:11:29.68,39.68,-10.12,-7.74,15.40
2024/01/01 16:11:29.69,39.69,-10.29,-8.47,15.02
2024/01/01 16:11:29.70,39.70,-10.15,-9.53,14.56
2024/01/01 16:11:29.71,39.71,-9.99,-10.66,14.23
2024/01/01 16:11:29.72,39.72,-9.87,-11.14,14.18
2024/01/01 16:11:29.73,39.73,-9.67,-10.66,14.32
2024/01/01 16:11:29.74,39.74,-9.44,-9.58,14.41
2024/01/01 16:11:29.75,39.75,-9.33,-8.41,14.10
2024/01/01 16:11:29.76,39.76,-9.31,-7.46,13.45
2024/01/01 16:11:29.77,39.77,-9.38,-7.04,13.19
2024/01/01 16:11:29.78,39.78,-9.75,-7.13,13.82
2024/01/01 16:11:29.79,39.79,-10.26,-7.33,14.87
2024/01/01 16:11:29.80,39.80,-10.36,-7.44,15.67
2024/01/01 16:11:29.81,39.81,-9.84,-7.41,16.19
2024/01/01 16:11:29.82,39.82,-8.78,-7.25,16.36
2024/01/01 16:11:29.83,39.83,-7.35,-7.13,15.96
2024/01/01 16:11:29.84,39.84,-6.14,-7.28,15.30
2024/01/01 16:11:29.85,39.85,-5.79,-7.69,14.91
2024/01/01 16:11:29.86,39.86,-6.19,-8.32,15.04
2024/01/01 16:11:29.87,39.87,-6.72,-9.05,15.66
2024/01/01 16:11:29.88,39.88,-7.17,-9.65,16.42
2024/01/01 16:11:29.89,39.89,-7.50,-9.77,16.73
2024/01/01 16:11:29.90,39.90,-7.59,-9.34,16.10
2024/01/01 16:11:29.91,39.91,-7.57,-8.71,14.83
2024/01/01 16:11:29.92,39.92,-7.68,-8.24,13.92
2024/01/01 16:11:29.93,39.93,-7.69,-8.20,13.97
2024/01/01 16:11:29.94,39.94,-7.48,-8.47,14.66
2024/01/01 16:11:29.95,39.95,-7.19,-8.64,15.45
2024/01/01 16:11:29.96,39.96,-6.70,-8.65,15.92
2024/01/01 16:11:29.97,39.97,-5.92,-8.53,15.90
2024/01/01 16:11:29.98,39.98,-5.02,-8.11,15.74
2024/01/01 16:11:29.99,39.99,-4.16,-7.62,15.63
2024/01/01 16:11:30.00,40.00,-3.63,-7.18,15.39
2024/01/01 16:11:30.01,40.01,-3.55,-6.61,15.11
2024/01/01 16:11:30.02,40.02,-3.57,-6.02,14.95
2024/01/01 16:11:30.03,40.03,-3.57,-5.38,14.68
2024/01/01 16:11:30.04,40.04,-3.63,-4.60,14.33
2024/01/01 16:11:30.05,40.05,-3.69,-4.17,14.31
2024/01/01 16:11:30.06,40.06,-3.98,-4.48,14.61
2024/01/01 16:11:30.07,40.07,-4.60,-5.28,14.83
2024/01/01 16:11:30.08,40.08,-5.23,-6.38,14.91
2024/01/01 16:11:30.09,40.09,-5.69,-7.36,15.25
2024/01/01 16:11:30.10,40.10,-6.05,-7.48,15.80
2024/01/01 16:11:30.11,40.11,-6.28,-6.66,15.92
2024/01/01 16:11:30.12,40.12,-6.44,-5.56,15.41
2024/01/01 16:11:30.13,40.13,-6.74,-4.52,14.81
2024/01/01 16:11:30.14,40.14,-7.29,-3.66,14.62
2024/01/01 16:11:30.15,40.15,-8.02,-3.32,14.73
2024/01/01 16:11:30.16,40.16,-8.88,-3.59,14.88
2024/01/01 16:11:30.17,40.17,-9.56,-4.16,15.08
2024/01/01 16:11:30.18,40.18,-9.73,-4.81,15.26
2024/01/01 16:11:30.19,40.19,-9.72,-5.29,15.02
2024/01/01 16:11:30.20,40.20,-9.91,-5.52,14.37
2024/01/01 16:11:30.21,40.21,-10.11,-5.76,13.83
2024/01/01 16:11:30.22,40.22,-10.35,-5.85,13.61
2024/01/01 16:11:30.23,40.23,-10.79,-5.50,13.30
2024/01/01 16:11:30.24,40.24,-11.15,-5.07,12.65
2024/01/01 16:11:30.25,40.25,-11.23,-4.85,11.99
2024/01/01 16:11:30.26,40.26,-11.21,-4.53,11.70
2024/01/01 16:11:30.27,40.27,-11.15,-4.30,11.83
2024/01/01 16:11:30.28,40.28,-10.93,-4.58,12.54
2024/01/01 16:11:30.29,40.29,-10.59,-5.16,13.79
2024/01/01 16:11:30.30,40.30,-10.27,-5.71,14.89
2024/01/01 16:11:30.31,40.31,-10.00,-6.19,15.23
2024/01/01 16:11:30.32,40.32,-9.70,-6.45,15.08
2024/01/01 16:11:30.33,40.33,-9.53,-6.31,14.95
2024/01/01 16:11:30.34,40.34,-9.79,-5.82,14.84
2024/01/01 16:11:30.35,40.35,-10.56,-5.36,14.60
2024/01/01 16:11:30.36,40.36,-11.48,-5.41,14.48
2024/01/01 16:11:30.37,40.37,-12.16,-6.12,14.78
2024/01/01 16:11:30.38,40.38,-12.50,-7.23,15.37
2024/01/01 16:11:30.39,40.39,-12.49,-8.31,15.81
2024/01/01 16:11:30.40,40.40,-12.20,-8.92,15.87
2024/01/01 16:11:30.41,40.41,-11.87,-8.83,15.82
2024/01/01 16:11:30.42,40.42,-11.66,-8.27,15.99
2024/01/01 16:11:30.43,40.43,-11.35,-7.69,16.22
2024/01/01 16:11:30.44,40.44,-10.62,-7.47,16.26
2024/01/01 16:11:30.45,40.45,-9.50,-7.81,16.00
2024/01/01 16:11:30.46,40.46,-8.43,-8.61,15.44
2024/01/01 16:11:30.47,40.47,-7.67,-9.46,14.95
2024/01/01 16:11:30.48,40.48,-7.10,-9.97,14.97
2024/01/01 16:11:30.49,40.49,-6.82,-9.92,15.24
2024/01/01 16:11:30.50,40.50,-6.93,-9.39,15.12
2024/01/01 16:11:30.51,40.51,-7.03,-9.00,14.60
2024/01/01 16:11:30.52,40.52,-6.97,-9.10,14.23
2024/01/01 16:11:30.53,40.53,-7.01,-9.37,14.08
2024/01/01 16:11:30.54,40.54,-7.15,-9.57,13.65
2024/01/01 16:11:30.55,40.55,-7.28,-9.60,13.15
2024/01/01 16:11:30.56,40.56,-7.26,-9.31,13.34
2024/01/01 16:11:30.57,40.57,-6.98,-8.86,14.05
2024/01/01 16:11:30.58,40.58,-6.58,-8.69,14.43
2024/01/01 16:11:30.59,40.59,-6.23,-9.03,14.44
2024/01/01 16:11:30.60,40.60,-5.93,-9.68,14.57
2024/01/01 16:11:30.61,40.61,-5.83,-10.21,14.74
2024/01/01 16:11:30.62,40.62,-6.07,-10.38,14.56
2024/01/01 16:11:30.63,40.63,-6.43,-10.16,14.28
2024/01/01 16:11:30.64,40.64,-6.66,-9.55,14.50
2024/01/01 16:11:30.65,40.65,-6.72,-8.76,15.25
2024/01/01 16:11:30.66,40.66,-6.56,-8.36,15.98
2024/01/01 16:11:30.67,40.67,-6.04,-8.60,16.33
2024/01/01 16:11:30.68,40.68,-5.18,-9.08,16.44
2024/01/01 16:11:30.69,40.69,-4.40,-9.44,16.36
2024/01/01 16:11:30.70,40.70,-4.10,-9.71,16.09
2024/01/01 16:11:30.71,40.71,-4.24,-9.98,15.65
2024/01/01 16:11:30.72,40.72,-4.58,-10.11,15.03
2024/01/01 16:11:30.73,40.73,-5.03,-9.88,14.40
2024/01/01 16:11:30.74,40.74,-5.34,-9.35,14.17
2024/01/01 16:11:30.75,40.75,-5.29,-8.68,14.32
2024/01/01 16:11:30.76,40.76,-5.19,-7.86,14.53
2024/01/01 16:11:30.77,40.77,-5.30,-7.09,14.72
2024/01/01 16:11:30.78,40.78,-5.45,-6.66,14.86
2024/01/01 16:11:30.79,40.79,-5.55,-6.43,14.91
2024/01/01 16:11:30.80,40.80,-5.56,-6.24,14.98
2024/01/01 16:11:30.81,40.81,-5.52,-6.05,14.96
2024/01/01 16:11:30.82,40.82,-5.64,-5.62,14.64
2024/01/01 16:11:30.83,40.83,-5.78,-4.80,14.21
2024/01/01 16:11:30.84,40.84,-5.77,-3.91,13.97
2024/01/01 16:11:30.85,40.85,-5.69,-3.33,14.04
2024/01/01 16:11:30.86,40.86,-5.57,-3.32,14.24
2024/01/01 16:11:30.87,40.87,-5.55,-3.88,14.56
2024/01/01 16:11:30.88,40.88,-6.04,-4.63,15.12
2024/01/01 16:11:30.89,40.89,-7.14,-5.13,15.58
2024/01/01 16:11:30.90,40.90,-8.53,-5.41,15.57
2024/01/01 16:11:30.91,40.91,-9.88,-5.64,15.38
2024/01/01 16:11:30.92,40.92,-10.91,-5.82,15.37
2024/01/01 16:11:30.93,40.93,-11.48,-5.88,15.36
2024/01/01 16:11:30.94,40.94,-11.67,-5.86,15.14
2024/01/01 16:11:30.95,40.95,-11.68,-5.80,14.97
2024/01/01 16:11:30.96,40.96,-11.61,-5.54,14.97
2024/01/01 16:11:30.97,40.97,-11.41,-5.11,14.83
2024/01/01 16:11:30.98,40.98,-11.19,-4.77,14.43
2024/01/01 16:11:30.99,40.99,-11.07,-4.68,14.12
2024/01/01 16:11:31.00,41.00,-10.97,-4.72,14.07
2024/01/01 16:11:31.01,41.01,-10.84,-4.80,13.98
2024/01/01 16:11:31.02,41.02,-10.71,-5.01,13.71
2024/01/01 16:11:31.03,41.03,-10.70,-5.33,13.53
2024/01/01 16:11:31.04,41.04,-11.02,-5.50,13.74
2024/01/01 16:11:31.05,41.05,-11.82,-5.57,14.03
2024/01/01 16:11:31.06,41.06,-13.03,-5.96,14.02
2024/01/01 16:11:31.07,41.07,-14.11,-6.77,13.93
2024/01/01 16:11:31.08,41.08,-14.59,-7.73,14.04
2024/01/01 16:11:31.09,41.09,-14.52,-8.52,14.08
2024/01/01 16:11:31.10,41.10,-14.04,-8.97,13.77
2024/01/01 16:11:31.11,41.11,-13.31,-9.15,13.49
2024/01/01 16:11:31.12,41.12,-12.61,-9.17,13.88
2024/01/01 16:11:31.13,41.13,-12.08,-8.99,14.71
2024/01/01 16:11:31.14,41.14,-11.62,-8.53,14.96
2024/01/01 16:11:31.15,41.15,-11.05,-7.75,14.30
2024/01/01 16:11:31.16,41.16,-10.24,-6.87,13.53
2024/01/01 16:11:31.17,41.17,-9.36,-6.18,13.20
2024/01/01 16:11:31.18,41.18,-8.65,-5.99,13.12
2024/01/01 16:11:31.19,41.19,-8.03,-6.44,13.16
2024/01/01 16:11:31.20,41.20,-7.50,-7.24,13.66
2024/01/01 16:11:31.21,41.21,-7.13,-7.79,14.69
2024/01/01 16:11:31.22,41.22,-6.71,-7.91,15.73
2024/01/01 16:11:31.23,41.23,-6.15,-7.91,16.17
2024/01/01 16:11:31.24,41.24,-5.62,-7.93,15.93
2024/01/01 16:11:31.25,41.25,-5.26,-7.91,15.44
2024/01/01 16:11:31.26,41.26,-5.03,-7.92,14.96
2024/01/01 16:11:31.27,41.27,-5.02,-8.06,14.55
2024/01/01 16:11:31.28,41.28,-5.05,-8.33,14.48
2024/01/01 16:11:31.29,41.29,-4.84,-8.64,14.97
2024/01/01 16:11:31.30,41.30,-4.49,-8.67,15.68
2024/01/01 16:11:31.31,41.31,-4.13,-8.27,16.06
2024/01/01 16:11:31.32,41.32,-3.70,-7.83,16.01
2024/01/01 16:11:31.33,41.33,-3.44,-7.44,15.77
2024/01/01 16:11:31.34,41.34,-3.56,-6.95,15.44
2024/01/01 16:11:31.35,41.35,-3.88,-6.67,14.93
2024/01/01 16:11:31.36,41.36,-4.31,-6.81,14.41
2024/01/01 16:11:31.37,41.37,-4.86,-7.25,14.26
2024/01/01 16:11:31.38,41.38,-5.33,-7.83,14.46
2024/01/01 16:11:31.39,41.39,-5.56,-8.38,14.71
2024/01/01 16:11:31.40,41.40,-5.53,-8.73,14.81
2024/01/01 16:11:31.41,41.41,-5.22,-9.07,14.80
2024/01/01 16:11:31.42,41.42,-4.63,-9.47,14.82
2024/01/01 16:11:31.43,41.43,-3.96,-9.62,15.04
2024/01/01 16:11:31.44,41.44,-3.47,-9.28,15.44
2024/01/01 16:11:31.45,41.45,-3.38,-8.49,15.75
2024/01/01 16:11:31.46,41.46,-3.69,-7.44,15.58
2024/01/01 16:11:31.47,41.47,-4.17,-6.50,14.69
2024/01/01 16:11:31.48,41.48,-4.55,-6.05,13.40
2024/01/01 16:11:31.49,41.49,-4.90,-6.10,12.42
2024/01/01 16:11:31.50,41.50,-5.38,-6.42,12.08
2024/01/01 16:11:31.51,41.51,-5.93,-6.94,12.24
2024/01/01 16:11:31.52,41.52,-6.48,-7.62,12.74
2024/01/01 16:11:31.53,41.53,-7.07,-8.30,13.50
2024/01/01 16:11:31.54,41.54,-7.55,-8.76,14.17
2024/01/01 16:11:31.55,41.55,-7.82,-8.80,14.30
2024/01/01 16:11:31.56,41.56,-7.96,-8.45,13.98
2024/01/01 16:11:31.57,41.57,-7.97,-8.11,14.07
2024/01/01 16:11:31.58,41.58,-7.89,-8.12,14.93
2024/01/01 16:11:31.59,41.59,-8.00,-8.24,15.84
2024/01/01 16:11:31.60,41.60,-8.34,-8.05,16.18
2024/01/01 16:11:31.61,41.61,-8.62,-7.47,16.17
2024/01/01 16:11:31.62,41.62,-8.86,-6.58,16.22
2024/01/01 16:11:31.63,41.63,-9.15,-5.68,16.33
2024/01/01 16:11:31.64,41.64,-9.37,-5.39,16.34
2024/01/01 16:11:31.65,41.65,-9.57,-5.63,16.41
2024/01/01 16:11:31.66,41.66,-9.76,-5.68,16.66
2024/01/01 16:11:31.67,41.67,-9.74,-5.32,16.84
2024/01/01 16:11:31.68,41.68,-9.57,-4.82,16.58
2024/01/01 16:11:31.69,41.69,-9.53,-4.35,15.96
2024/01/01 16:11:31.70,41.70,-9.64,-4.08,15.51
2024/01/01 16:11:31.71,41.71,-9.77,-4.14,15.50
2024/01/01 16:11:31.72,41.72,-9.94,-4.35,15.31
2024/01/01 16:11:31.73,41.73,-10.14,-4.61,14.32
2024/01/01 16:11:31.74,41.74,-10.34,-5.12,12.98
2024/01/01 16:11:31.75,41.75,-10.62,-5.75,12.24
2024/01/01 16:11:31.76,41.76,-11.04,-6.12,12.27
2024/01/01 16:11:31.77,41.77,-11.49,-6.19,12.52
2024/01/01 16:11:31.78,41.78,-11.89,-6.07,12.76
2024/01/01 16:11:31.79,41.79,-12.23,-5.72,13.20
2024/01/01 16:11:31.80,41.80,-12.51,-5.35,13.68
2024/01/01 16:11:31.81,41.81,-12.84,-5.21,13.94
2024/01/01 16:11:31.82,41.82,-13.27,-5.21,14.22
2024/01/01 16:11:31.83,41.83,-13.63,-5.12,14.79
2024/01/01 16:11:31.84,41.84,-13.83,-4.77,15.33
2024/01/01 16:11:31.85,41.85,-13.91,-4.33,15.43
2024/01/01 16:11:31.86,41.86,-13.82,-4.27,15.30
2024/01/01 16:11:31.87,41.87,-13.50,-4.77,15.35
2024/01/01 16:11:31.88,41.88,-12.96,-5.62,15.56
2024/01/01 16:11:31.89,41.89,-12.17,-6.59,15.58
2024/01/01 16:11:31.90,41.90,-11.10,-7.50,15.39
2024/01/01 16:11:31.91,41.91,-9.99,-8.21,15.14
2024/01/01 16:11:31.92,41.92,-9.18,-8.78,15.00
2024/01/01 16:11:31.93,41.93,-8.74,-9.30,15.07
2024/01/01 16:11:31.94,41.94,-8.53,-9.70,15.35
2024/01/01 16:11:31.95,41.95,-8.36,-9.83,15.57
2024/01/01 16:11:31.96,41.96,-7.97,-9.72,15.55
2024/01/01 16:11:31.97,41.97,-7.28,-9.46,15.42
2024/01/01 16:11:31.98,41.98,-6.40,-9.21,15.31
2024/01/01 16:11:31.99,41.99,-5.40,-9.25,15.08
2024/01/01 16:11:32.00,42.00,-4.42,-9.83,14.66
2024/01/01 16:11:32.01,42.01,-3.63,-10.81,14.40
2024/01/01 16:11:32.02,42.02,-3.11,-11.73,14.58
2024/01/01 16:11:32.03,42.03,-2.86,-12.08,15.06
2024/01/01 16:11:32.04,42.04,-2.77,-11.75,15.63
2024/01/01 16:11:32.05,42.05,-2.62,-11.04,16.16
2024/01/01 16:11:32.06,42.06,-2.52,-10.20,16.47
2024/01/01 16:11:32.07,42.07,-2.73,-9.33,16.60
2024/01/01 16:11:32.08,42.08,-3.33,-8.71,16.53
2024/01/01 16:11:32.09,42.09,-4.30,-8.37,16.08
2024/01/01 16:11:32.10,42.10,-5.36,-8.10,15.43
2024/01/01 16:11:32.11,42.11,-6.00,-8.06,15.09
2024/01/01 16:11:32.12,42.12,-6.03,-8.28,15.29
2024/01/01 16:11:32.13,42.13,-5.61,-8.58,15.75
2024/01/01 16:11:32.14,42.14,-4.92,-8.90,16.24
2024/01/01 16:11:32.15,42.15,-4.16,-8.98,16.90
2024/01/01 16:11:32.16,42.16,-3.53,-8.52,17.52
2024/01/01 16:11:32.17,42.17,-3.18,-7.67,17.36
2024/01/01 16:11:32.18,42.18,-3.22,-6.83,16.24
2024/01/01 16:11:32.19,42.19,-3.67,-6.30,15.03
2024/01/01 16:11:32.20,42.20,-4.40,-6.05,14.38
2024/01/01 16:11:32.21,42.21,-5.20,-6.00,14.16
2024/01/01 16:11:32.22,42.22,-6.01,-6.27,14.17
2024/01/01 16:11:32.23,42.23,-6.77,-6.83,14.46
2024/01/01 16:11:32.24,42.24,-7.36,-7.38,14.85
2024/01/01 16:11:32.25,42.25,-7.78,-7.78,14.81
2024/01/01 16:11:32.26,42.26,-8.17,-8.14,14.07
2024/01/01 16:11:32.27,42.27,-8.65,-8.54,12.98
2024/01/01 16:11:32.28,42.28,-9.34,-8.89,12.20
2024/01/01 16:11:32.29,42.29,-10.36,-9.01,12.16
2024/01/01 16:11:32.30,42.30,-11.48,-8.69,12.75
2024/01/01 16:11:32.31,42.31,-12.32,-7.74,13.40
2024/01/01 16:11:32.32,42.32,-12.72,-6.24,13.72
2024/01/01 16:11:32.33,42.33,-12.76,-4.82,13.90
2024/01/01 16:11:32.34,42.34,-12.62,-4.16,14.13
2024/01/01 16:11:32.35,42.35,-12.49,-4.45,14.23
2024/01/01 16:11:32.36,42.36,-12.46,-5.52,13.92
2024/01/01 16:11:32.37,42.37,-12.50,-6.88,13.42
2024/01/01 16:11:32.38,42.38,-12.49,-7.93,13.22
2024/01/01 16:11:32.39,42.39,-12.35,-8.32,13.60
2024/01/01 16:11:32.40,42.40,-12.20,-8.17,14.16
2024/01/01 16:11:32.41,42.41,-12.18,-7.71,14.33
2024/01/01 16:11:32.42,42.42,-12.16,-7.14,14.13
2024/01/01 16:11:32.43,42.43,-11.97,-6.50,14.15
2024/01/01 16:11:32.44,42.44,-11.75,-5.79,14.59
2024/01/01 16:11:32.45,42.45,-11.48,-5.10,14.85
2024/01/01 16:11:32.46,42.46,-10.93,-4.58,14.60
2024/01/01 16:11:32.47,42.47,-10.03,-4.30,14.45
2024/01/01 16:11:32.48,42.48,-8.99,-4.24,14.79
2024/01/01 16:11:32.49,42.49,-8.07,-4.32,15.21
2024/01/01 16:11:32.50,42.50,-7.47,-4.54,15.32
2024/01/01 16:11:32.51,42.51,-7.32,-4.81,15.09
2024/01/01 16:11:32.52,42.52,-7.54,-4.93,14.72
2024/01/01 16:11:32.53,42.53,-7.71,-5.02,14.38
2024/01/01 16:11:32.54,42.54,-7.64,-5.34,14.08
2024/01/01 16:11:32.55,42.55,-7.41,-5.74,13.85
2024/01/01 16:11:32.56,42.56,-6.98,-5.99,13.88
2024/01/01 16:11:32.57,42.57,-6.51,-6.11,14.24
2024/01/01 16:11:32.58,42.58,-6.26,-6.10,14.71
2024/01/01 16:11:32.59,42.59,-6.18,-6.19,15.04
2024/01/01 16:11:32.60,42.60,-6.19,-6.52,15.21
2024/01/01 16:11:32.61,42.61,-6.46,-6.76,15.28
2024/01/01 16:11:32.62,42.62,-6.91,-6.74,15.06
2024/01/01 16:11:32.63,42.63,-7.33,-6.67,14.46
2024/01/01 16:11:32.64,42.64,-7.72,-6.52,13.76
2024/01/01 16:11:32.65,42.65,-8.03,-6.14,13.21
2024/01/01 16:11:32.66,42.66,-8.10,-5.76,12.86
2024/01/01 16:11:32.67,42.67,-7.99,-5.71,12.89
2024/01/01 16:11:32.68,42.68,-7.90,-6.07,13.37
2024/01/01 16:11:32.69,42.69,-7.83,-6.52,13.90
2024/01/01 16:11:32.70,42.70,-7.84,-6.68,14.01
2024/01/01 16:11:32.71,42.71,-7.91,-6.48,13.82
2024/01/01 16:11:32.72,42.72,-7.77,-6.28,13.70
2024/01/01 16:11:32.73,42.73,-7.29,-6.42,13.83
2024/01/01 16:11:32.74,42.74,-6.62,-7.02,14.23
2024/01/01 16:11:32.75,42.75,-5.86,-7.93,14.81
2024/01/01 16:11:32.76,42.76,-5.21,-8.86,15.44
2024/01/01 16:11:32.77,42.77,-4.87,-9.53,16.03
2024/01/01 16:11:32.78,42.78,-4.89,-9.81,16.39
2024/01/01 16:11:32.79,42.79,-5.31,-9.61,16.26
2024/01/01 16:11:32.80,42.80,-6.01,-8.98,15.56
2024/01/01 16:11:32.81,42.81,-6.68,-8.18,14.68
2024/01/01 16:11:32.82,42.82,-7.10,-7.61,14.12
2024/01/01 16:11:32.83,42.83,-7.16,-7.52,14.06
2024/01/01 16:11:32.84,42.84,-6.86,-8.00,14.36
2024/01/01 16:11:32.85,42.85,-6.31,-8.92,14.72
2024/01/01 16:11:32.86,42.86,-5.70,-9.96,14.95
2024/01/01 16:11:32.87,42.87,-5.18,-10.81,15.02
2024/01/01 16:11:32.88,42.88,-4.87,-11.16,14.76
2024/01/01 16:11:32.89,42.89,-4.92,-10.86,14.17
2024/01/01 16:11:32.90,42.90,-5.24,-10.00,13.59
2024/01/01 16:11:32.91,42.91,-5.65,-8.90,13.40
2024/01/01 16:11:32.92,42.92,-5.94,-7.84,13.62
2024/01/01 16:11:32.93,42.93,-6.00,-7.00,13.87
2024/01/01 16:11:32.94,42.94,-5.94,-6.46,13.95
2024/01/01 16:11:32.95,42.95,-6.03,-6.24,14.05
2024/01/01 16:11:32.96,42.96,-6.29,-6.38,14.25
2024/01/01 16:11:32.97,42.97,-6.56,-6.86,14.43
2024/01/01 16:11:32.98,42.98,-6.78,-7.38,14.70
2024/01/01 16:11:32.99,42.99,-7.05,-7.55,15.27
2024/01/01 16:11:33.00,43.00,-7.47,-7.16,15.83
2024/01/01 16:11:33.01,43.01,-8.09,-6.29,15.72
2024/01/01 16:11:33.02,43.02,-8.73,-5.30,14.89
2024/01/01 16:11:33.03,43.03,-9.04,-4.55,14.00
2024/01/01 16:11:33.04,43.04,-9.00,-4.15,13.30
2024/01/01 16:11:33.05,43.05,-8.82,-4.10,12.65
2024/01/01 16:11:33.06,43.06,-8.55,-4.49,12.44
2024/01/01 16:11:33.07,43.07,-8.20,-5.20,13.23
2024/01/01 16:11:33.08,43.08,-8.02,-5.81,14.73
2024/01/01 16:11:33.09,43.09,-8.13,-6.22,15.91
2024/01/01 16:11:33.10,43.10,-8.45,-6.67,16.28
2024/01/01 16:11:33.11,43.11,-8.85,-7.01,16.18
2024/01/01 16:11:33.12,43.12,-9.26,-7.02,15.88
2024/01/01 16:11:33.13,43.13,-9.61,-6.91,15.39
2024/01/01 16:11:33.14,43.14,-9.90,-6.95,14.99
2024/01/01 16:11:33.15,43.15,-10.00,-7.09,15.10
2024/01/01 16:11:33.16,43.16,-9.88,-7.22,15.59
2024/01/01 16:11:33.17,43.17,-9.67,-7.31,15.81
2024/01/01 16:11:33.18,43.18,-9.31,-7.56,15.42
2024/01/01 16:11:33.19,43.19,-8.77,-8.00,14.92
2024/01/01 16:11:33.20,43.20,-8.38,-8.37,14.92
2024/01/01 16:11:33.21,43.21,-8.46,-8.40,15.23
2024/01/01 16:11:33.22,43.22,-8.89,-7.95,15.07
2024/01/01 16:11:33.23,43.23,-9.40,-7.11,14.35
2024/01/01 16:11:33.24,43.24,-9.72,-6.12,13.81
2024/01/01 16:11:33.25,43.25,-9.70,-5.22,13.82
2024/01/01 16:11:33.26,43.26,-9.37,-4.68,14.11
2024/01/01 16:11:33.27,43.27,-8.93,-4.81,14.48
2024/01/01 16:11:33.28,43.28,-8.61,-5.61,14.86
2024/01/01 16:11:33.29,43.29,-8.49,-6.67,15.04
2024/01/01 16:11:33.30,43.30,-8.46,-7.69,15.06
2024/01/01 16:11:33.31,43.31,-8.54,-8.50,15.26
2024/01/01 16:11:33.32,43.32,-8.87,-8.80,15.61
2024/01/01 16:11:33.33,43.33,-9.34,-8.46,15.75
2024/01/01 16:11:33.34,43.34,-9.75,-7.74,15.51
2024/01/01 16:11:33.35,43.35,-10.05,-6.88,15.09
2024/01/01 16:11:33.36,43.36,-10.23,-6.03,14.76
2024/01/01 16:11:33.37,43.37,-10.16,-5.52,14.66
2024/01/01 16:11:33.38,43.38,-9.90,-5.62,14.81
2024/01/01 16:11:33.39,43.39,-9.54,-6.20,15.18
2024/01/01 16:11:33.40,43.40,-9.12,-6.97,15.76
2024/01/01 16:11:33.41,43.41,-8.74,-7.72,16.44
2024/01/01 16:11:33.42,43.42,-8.54,-8.22,16.94
2024/01/01 16:11:33.43,43.43,-8.51,-8.47,16.93
2024/01/01 16:11:33.44,43.44,-8.64,-8.65,16.49
2024/01/01 16:11:33.45,43.45,-8.86,-8.74,15.86
2024/01/01 16:11:33.46,43.46,-8.96,-8.68,15.15
2024/01/01 16:11:33.47,43.47,-8.88,-8.53,14.48
2024/01/01 16:11:33.48,43.48,-8.72,-8.36,14.17
2024/01/01 16:11:33.49,43.49,-8.44,-8.24,14.32
2024/01/01 16:11:33.50,43.50,-7.98,-8.16,14.59
2024/01/01 16:11:33.51,43.51,-7.49,-7.92,14.52
2024/01/01 16:11:33.52,43.52,-7.18,-7.35,13.97
2024/01/01 16:11:33.53,43.53,-7.18,-6.66,13.31
2024/01/01 16:11:33.54,43.54,-7.42,-6.10,13.06
2024/01/01 16:11:33.55,43.55,-7.77,-5.69,13.23
2024/01/01 16:11:33.56,43.56,-8.11,-5.56,13.49
2024/01/01 16:11:33.57,43.57,-8.24,-5.90,13.76
2024/01/01 16:11:33.58,43.58,-8.04,-6.48,14.08
2024/01/01 16:11:33.59,43.59,-7.65,-6.90,14.26
2024/01/01 16:11:33.60,43.60,-7.20,-7.04,14.22
2024/01/01 16:11:33.61,43.61,-6.82,-6.92,14.18
2024/01/01 16:11:33.62,43.62,-6.63,-6.61,14.38
2024/01/01 16:11:33.63,43.63,-6.58,-6.50,14.75
2024/01/01 16:11:33.64,43.64,-6.54,-7.07,15.08
2024/01/01 16:11:33.65,43.65,-6.52,-8.24,15.43
2024/01/01 16:11:33.66,43.66,-6.68,-9.52,15.88
2024/01/01 16:11:33.67,43.67,-7.06,-10.49,16.30
2024/01/01 16:11:33.68,43.68,-7.50,-10.91,16.60
2024/01/01 16:11:33.69,43.69,-7.79,-10.88,16.69
2024/01/01 16:11:33.70,43.70,-7.96,-10.59,16.51
2024/01/01 16:11:33.71,43.71,-8.19,-10.19,16.11
2024/01/01 16:11:33.72,43.72,-8.42,-9.89,15.56
2024/01/01 16:11:33.73,43.73,-8.61,-9.74,15.08
2024/01/01 16:11:33.74,43.74,-8.64,-9.55,15.01
2024/01/01 16:11:33.75,43.75,-8.26,-9.23,15.15
2024/01/01 16:11:33.76,43.76,-7.49,-8.82,15.00
2024/01/01 16:11:33.77,43.77,-6.51,-8.25,14.56
2024/01/01 16:11:33.78,43.78,-5.47,-7.57,14.02
2024/01/01 16:11:33.79,43.79,-4.52,-6.82,13.38
2024/01/01 16:11:33.80,43.80,-3.75,-6.11,12.80
2024/01/01 16:11:33.81,43.81,-3.24,-5.69,12.62
2024/01/01 16:11:33.82,43.82,-3.31,-5.58,12.95
2024/01/01 16:11:33.83,43.83,-4.03,-5.67,13.55
2024/01/01 16:11:33.84,43.84,-5.09,-5.92,14.15
2024/01/01 16:11:33.85,43.85,-6.28,-6.08,14.57
2024/01/01 16:11:33.86,43.86,-7.46,-5.90,14.77
2024/01/01 16:11:33.87,43.87,-8.40,-5.59,14.81
2024/01/01 16:11:33.88,43.88,-9.07,-5.53,14.88
2024/01/01 16:11:33.89,43.89,-9.59,-5.70,15.05
2024/01/01 16:11:33.90,43.90,-9.94,-5.90,15.34
2024/01/01 16:11:33.91,43.91,-10.21,-6.11,15.76
2024/01/01 16:11:33.92,43.92,-10.56,-6.36,16.03
2024/01/01 16:11:33.93,43.93,-10.89,-6.55,15.85
2024/01/01 16:11:33.94,43.94,-10.92,-6.69,15.50
2024/01/01 16:11:33.95,43.95,-10.69,-6.74,15.41
2024/01/01 16:11:33.96,43.96,-10.43,-6.51,15.52
2024/01/01 16:11:33.97,43.97,-10.25,-6.17,15.57
2024/01/01 16:11:33.98,43.98,-10.18,-6.08,15.67
2024/01/01 16:11:33.99,43.99,-10.21,-6.13,16.07
2024/01/01 16:11:34.00,44.00,-10.08,-6.07,16.59
2024/01/01 16:11:34.01,44.01,-9.68,-6.16,16.70
2024/01/01 16:11:34.02,44.02,-9.17,-6.70,16.14
2024/01/01 16:11:34.03,44.03,-8.63,-7.62,15.14
2024/01/01 16:11:34.04,44.04,-8.22,-8.59,14.26
2024/01/01 16:11:34.05,44.05,-8.19,-9.14,13.83
2024/01/01 16:11:34.06,44.06,-8.59,-9.03,13.66
2024/01/01 16:11:34.07,44.07,-9.20,-8.28,13.40
2024/01/01 16:11:34.08,44.08,-9.87,-7.08,13.19
2024/01/01 16:11:34.09,44.09,-10.48,-5.77,13.37
2024/01/01 16:11:34.10,44.10,-10.83,-4.73,13.78
2024/01/01 16:11:34.11,44.11,-10.89,-4.25,13.90
2024/01/01 16:11:34.12,44.12,-10.61,-4.51,13.74
2024/01/01 16:11:34.13,44.13,-9.91,-5.38,13.73
2024/01/01 16:11:34.14,44.14,-8.93,-6.51,13.91
2024/01/01 16:11:34.15,44.15,-8.05,-7.59,14.14
2024/01/01 16:11:34.16,44.16,-7.53,-8.60,14.63
2024/01/01 16:11:34.17,44.17,-7.49,-9.61,15.42
2024/01/01 16:11:34.18,44.18,-7.84,-10.37,16.06
2024/01/01 16:11:34.19,44.19,-8.24,-10.68,16.17
2024/01/01 16:11:34.20,44.20,-8.47,-10.47,15.87
2024/01/01 16:11:34.21,44.21,-8.49,-9.54,15.42
2024/01/01 16:11:34.22,44.22,-8.18,-8.20,14.86
2024/01/01 16:11:34.23,44.23,-7.62,-7.34,14.49
2024/01/01 16:11:34.24,44.24,-7.07,-7.30,14.87
2024/01/01 16:11:34.25,44.25,-6.75,-7.69,15.93
2024/01/01 16:11:34.26,44.26,-6.84,-8.07,16.99
2024/01/01 16:11:34.27,44.27,-7.28,-8.29,17.40
2024/01/01 16:11:34.28,44.28,-7.51,-8.31,17.12
2024/01/01 16:11:34.29,44.29,-6.97,-8.03,16.53
2024/01/01 16:11:34.30,44.30,-5.84,-7.50,15.93
2024/01/01 16:11:34.31,44.31,-4.77,-7.08,15.53
2024/01/01 16:11:34.32,44.32,-4.04,-7.00,15.38
2024/01/01 16:11:34.33,44.33,-3.80,-7.18,15.36
2024/01/01 16:11:34.34,44.34,-4.12,-7.32,15.25
2024/01/01 16:11:34.35,44.35,-4.68,-7.45,15.05
2024/01/01 16:11:34.36,44.36,-5.26,-7.87,15.00
2024/01/01 16:11:34.37,44.37,-6.03,-8.66,15.26
2024/01/01 16:11:34.38,44.38,-6.97,-9.57,15.63
2024/01/01 16:11:34.39,44.39,-7.74,-10.19,15.86
2024/01/01 16:11:34.40,44.40,-8.15,-10.13,15.89
2024/01/01 16:11:34.41,44.41,-8.39,-9.45,15.68
2024/01/01 16:11:34.42,44.42,-8.67,-8.60,15.34
2024/01/01 16:11:34.43,44.43,-9.04,-7.88,14.99
2024/01/01 16:11:34.44,44.44,-9.41,-7.20,14.70
2024/01/01 16:11:34.45,44.45,-9.62,-6.38,14.42
2024/01/01 16:11:34.46,44.46,-9.54,-5.59,14.09
2024/01/01 16:11:34.47,44.47,-9.20,-5.27,13.86
2024/01/01 16:11:34.48,44.48,-8.63,-5.82,13.96
2024/01/01 16:11:34.49,44.49,-7.95,-7.26,14.29
2024/01/01 16:11:34.50,44.50,-7.39,-8.93,14.25
2024/01/01 16:11:34.51,44.51,-7.10,-10.01,13.42
2024/01/01 16:11:34.52,44.52,-7.09,-10.17,12.26
2024/01/01 16:11:34.53,44.53,-7.37,-9.55,11.60
2024/01/01 16:11:34.54,44.54,-7.77,-8.58,11.79
2024/01/01 16:11:34.55,44.55,-8.06,-7.80,12.53
2024/01/01 16:11:34.56,44.56,-8.27,-7.40,13.49
2024/01/01 16:11:34.57,44.57,-8.57,-7.15,14.50
2024/01/01 16:11:34.58,44.58,-9.00,-6.96,15.13
2024/01/01 16:11:34.59,44.59,-9.69,-6.77,14.99
2024/01/01 16:11:34.60,44.60,-10.63,-6.46,14.40
2024/01/01 16:11:34.61,44.61,-11.56,-5.99,13.99
2024/01/01 16:11:34.62,44.62,-12.20,-5.27,13.99
2024/01/01 16:11:34.63,44.63,-12.33,-4.40,14.19
2024/01/01 16:11:34.64,44.64,-11.88,-3.74,14.49
2024/01/01 16:11:34.65,44.65,-10.97,-3.38,15.11
2024/01/01 16:11:34.66,44.66,-9.87,-3.18,16.09
2024/01/01 16:11:34.67,44.67,-8.92,-3.13,16.94
2024/01/01 16:11:34.68,44.68,-8.32,-3.27,17.19
2024/01/01 16:11:34.69,44.69,-8.08,-3.63,16.90
2024/01/01 16:11:34.70,44.70,-8.03,-4.27,16.49
2024/01/01 16:11:34.71,44.71,-8.06,-5.23,16.26
2024/01/01 16:11:34.72,44.72,-8.17,-6.42,16.05
2024/01/01 16:11:34.73,44.73,-8.29,-7.50,15.46
2024/01/01 16:11:34.74,44.74,-8.31,-8.14,14.46
2024/01/01 16:11:34.75,44.75,-8.20,-8.25,13.63
2024/01/01 16:11:34.76,44.76,-7.95,-7.99,13.32
2024/01/01 16:11:34.77,44.77,-7.61,-7.56,13.23
2024/01/01 16:11:34.78,44.78,-7.18,-7.16,13.13
2024/01/01 16:11:34.79,44.79,-6.59,-6.85,13.17
2024/01/01 16:11:34.80,44.80,-5.96,-6.49,13.43
2024/01/01 16:11:34.81,44.81,-5.42,-6.09,13.66
2024/01/01 16:11:34.82,44.82,-5.05,-5.95,13.66
2024/01/01 16:11:34.83,44.83,-4.98,-6.09,13.71
2024/01/01 16:11:34.84,44.84,-5.15,-6.17,14.04
2024/01/01 16:11:34.85,44.85,-5.43,-6.06,14.17
2024/01/01 16:11:34.86,44.86,-5.80,-6.01,13.78
2024/01/01 16:11:34.87,44.87,-6.21,-6.32,13.32
2024/01/01 16:11:34.88,44.88,-6.69,-7.14,13.32
2024/01/01 16:11:34.89,44.89,-7.31,-8.28,13.69
2024/01/01 16:11:34.90,44.90,-7.95,-9.43,14.01
2024/01/01 16:11:34.91,44.91,-8.46,-10.15,14.12
2024/01/01 16:11:34.92,44.92,-8.85,-9.85,14.30
2024/01/01 16:11:34.93,44.93,-9.07,-8.49,14.66
2024/01/01 16:11:34.94,44.94,-9.20,-6.63,14.96
2024/01/01 16:11:34.95,44.95,-9.33,-4.94,15.01
2024/01/01 16:11:34.96,44.96,-9.36,-3.89,14.94
2024/01/01 16:11:34.97,44.97,-9.19,-3.60,15.02
2024/01/01 16:11:34.98,44.98,-8.90,-3.98,15.38
2024/01/01 16:11:34.99,44.99,-8.53,-4.94,15.92
2024/01/01 16:11:35.00,45.00,-8.10,-6.36,16.54
2024/01/01 16:11:35.01,45.01,-7.66,-7.97,17.10
2024/01/01 16:11:35.02,45.02,-7.34,-9.34,17.32
2024/01/01 16:11:35.03,45.03,-7.14,-10.20,17.02
2024/01/01 16:11:35.04,45.04,-7.02,-10.50,16.31
2024/01/01 16:11:35.05,45.05,-7.04,-10.26,15.54
2024/01/01 16:11:35.06,45.06,-7.24,-9.72,14.93
2024/01/01 16:11:35.07,45.07,-7.50,-9.28,14.74
2024/01/01 16:11:35.08,45.08,-7.68,-9.25,15.09
2024/01/01 16:11:35.09,45.09,-7.79,-9.58,15.51
2024/01/01 16:11:35.10,45.10,-7.91,-9.98,15.43
2024/01/01 16:11:35.11,45.11,-7.93,-10.31,14.89
2024/01/01 16:11:35.12,45.12,-7.85,-10.66,14.22
2024/01/01 16:11:35.13,45.13,-7.89,-11.01,13.55
2024/01/01 16:11:35.14,45.14,-8.15,-11.24,13.18
2024/01/01 16:11:35.15,45.15,-8.61,-11.18,13.51
2024/01/01 16:11:35.16,45.16,-9.24,-10.59,14.36
2024/01/01 16:11:35.17,45.17,-9.90,-9.57,15.01
2024/01/01 16:11:35.18,45.18,-10.34,-8.55,15.10
2024/01/01 16:11:35.19,45.19,-10.55,-7.78,14.94
2024/01/01 16:11:35.20,45.20,-10.57,-7.28,14.86
2024/01/01 16:11:35.21,45.21,-10.41,-7.23,14.89
2024/01/01 16:11:35.22,45.22,-10.20,-7.75,15.08
2024/01/01 16:11:35.23,45.23,-9.98,-8.49,15.42
2024/01/01 16:11:35.24,45.24,-9.68,-8.69,15.63
2024/01/01 16:11:35.25,45.25,-9.33,-8.02,15.50
2024/01/01 16:11:35.26,45.26,-9.02,-6.91,15.12
2024/01/01 16:11:35.27,45.27,-8.63,-6.07,14.85
2024/01/01 16:11:35.28,45.28,-8.11,-6.09,14.88
2024/01/01 16:11:35.29,45.29,-7.83,-6.97,15.14
2024/01/01 16:11:35.30,45.30,-7.90,-8.10,15.49
2024/01/01 16:11:35.31,45.31,-8.00,-8.90,15.87
2024/01/01 16:11:35.32,45.32,-7.99,-9.16,16.15
2024/01/01 16:11:35.33,45.33,-7.90,-9.05,16.08
2024/01/01 16:11:35.34,45.34,-7.63,-8.97,15.51
2024/01/01 16:11:35.35,45.35,-7.43,-9.01,14.84
2024/01/01 16:11:35.36,45.36,-7.65,-8.98,14.75
2024/01/01 16:11:35.37,45.37,-8.22,-8.89,15.28
2024/01/01 16:11:35.38,45.38,-8.88,-8.73,15.78
2024/01/01 16:11:35.39,45.39,-9.29,-8.49,15.81
2024/01/01 16:11:35.40,45.40,-9.17,-8.31,15.52
2024/01/01 16:11:35.41,45.41,-8.66,-7.99,15.17
2024/01/01 16:11:35.42,45.42,-8.13,-7.26,14.70
2024/01/01 16:11:35.43,45.43,-7.95,-6.15,13.96
2024/01/01 16:11:35.44,45.44,-8.26,-4.87,13.26
2024/01/01 16:11:35.45,45.45,-8.74,-3.54,12.98
2024/01/01 16:11:35.46,45.46,-8.97,-2.24,12.85
2024/01/01 16:11:35.47,45.47,-8.74,-1.15,12.43
2024/01/01 16:11:35.48,45.48,-8.13,-0.45,11.85
2024/01/01 16:11:35.49,45.49,-7.40,-0.24,11.61
2024/01/01 16:11:35.50,45.50,-6.82,-0.42,11.79
2024/01/01 16:11:35.51,45.51,-6.40,-0.93,12.02
2024/01/01 16:11:35.52,45.52,-6.01,-1.72,12.31
2024/01/01 16:11:35.53,45.53,-5.65,-2.55,13.05
2024/01/01 16:11:35.54,45.54,-5.44,-3.06,14.04
2024/01/01 16:11:35.55,45.55,-5.45,-3.25,14.60
2024/01/01 16:11:35.56,45.56,-5.53,-3.44,14.55
2024/01/01 16:11:35.57,45.57,-5.59,-3.82,14.25
2024/01/01 16:11:35.58,45.58,-5.79,-4.22,14.02
2024/01/01 16:11:35.59,45.59,-6.22,-4.62,13.88
2024/01/01 16:11:35.60,45.60,-6.83,-5.01,13.73
2024/01/01 16:11:35.61,45.61,-7.51,-5.06,13.74
2024/01/01 16:11:35.62,45.62,-8.03,-4.74,14.09
2024/01/01 16:11:35.63,45.63,-8.44,-4.49,14.56
2024/01/01 16:11:35.64,45.64,-8.89,-4.51,14.75
2024/01/01 16:11:35.65,45.65,-9.31,-5.00,14.72
2024/01/01 16:11:35.66,45.66,-9.61,-5.93,14.85
2024/01/01 16:11:35.67,45.67,-9.82,-6.83,15.19
2024/01/01 16:11:35.68,45.68,-9.87,-7.40,15.37
2024/01/01 16:11:35.69,45.69,-9.79,-7.89,15.17
2024/01/01 16:11:35.70,45.70,-9.72,-8.39,14.86
2024/01/01 16:11:35.71,45.71,-9.56,-8.72,14.59
2024/01/01 16:11:35.72,45.72,-9.20,-8.73,14.30
2024/01/01 16:11:35.73,45.73,-8.81,-8.44,14.03
2024/01/01 16:11:35.74,45.74,-8.37,-8.12,13.93
2024/01/01 16:11:35.75,45.75,-7.70,-8.13,14.05
2024/01/01 16:11:35.76,45.76,-6.89,-8.53,14.24
2024/01/01 16:11:35.77,45.77,-6.22,-9.15,14.30
2024/01/01 16:11:35.78,45.78,-5.84,-9.74,14.36
2024/01/01 16:11:35.79,45.79,-5.83,-10.19,14.68
2024/01/01 16:11:35.80,45.80,-6.27,-10.60,15.05
2024/01/01 16:11:35.81,45.81,-6.98,-11.11,15.13
2024/01/01 16:11:35.82,45.82,-7.58,-11.77,14.89
2024/01/01 16:11:35.83,45.83,-7.89,-12.42,14.57
2024/01/01 16:11:35.84,45.84,-7.88,-12.90,14.50
2024/01/01 16:11:35.85,45.85,-7.53,-13.33,14.84
2024/01/01 16:11:35.86,45.86,-7.03,-13.68,15.64
2024/01/01 16:11:35.87,45.87,-6.58,-13.70,16.85
2024/01/01 16:11:35.88,45.88,-6.13,-13.32,18.08
2024/01/01 16:11:35.89,45.89,-5.74,-12.46,18.62
2024/01/01 16:11:35.90,45.90,-5.55,-11.20,18.16
2024/01/01 16:11:35.91,45.91,-5.42,-10.06,17.29
2024/01/01 16:11:35.92,45.92,-5.27,-9.43,16.81
2024/01/01 16:11:35.93,45.93,-5.48,-9.23,16.78
2024/01/01 16:11:35.94,45.94,-6.23,-9.40,16.82
2024/01/01 16:11:35.95,45.95,-7.34,-9.90,16.83
2024/01/01 16:11:35.96,45.96,-8.54,-10.45,16.94
2024/01/01 16:11:35.97,45.97,-9.46,-10.84,16.94
2024/01/01 16:11:35.98,45.98,-9.82,-11.12,16.49
2024/01/01 16:11:35.99,45.99,-9.68,-11.11,15.92
2024/01/01 16:11:36.00,46.00,-9.29,-10.49,15.69
2024/01/01 16:11:36.01,46.01,-8.95,-9.28,15.61
2024/01/01 16:11:36.02,46.02,-8.84,-7.72,15.33
2024/01/01 16:11:36.03,46.03,-8.80,-6.19,15.01
2024/01/01 16:11:36.04,46.04,-8.67,-4.98,14.79
2024/01/01 16:11:36.05,46.05,-8.49,-4.24,14.57
2024/01/01 16:11:36.06,46.06,-8.35,-4.20,14.31
2024/01/01 16:11:36.07,46.07,-8.31,-4.90,14.34
2024/01/01 16:11:36.08,46.08,-8.51,-5.92,14.78
2024/01/01 16:11:36.09,46.09,-9.10,-6.81,15.11
2024/01/01 16:11:36.10,46.10,-9.90,-7.22,14.84
2024/01/01 16:11:36.11,46.11,-10.49,-6.96,14.20
2024/01/01 16:11:36.12,46.12,-10.72,-6.09,13.67
2024/01/01 16:11:36.13,46.13,-10.72,-4.98,13.37
2024/01/01 16:11:36.14,46.14,-10.64,-4.19,13.24
2024/01/01 16:11:36.15,46.15,-10.67,-4.05,13.35
2024/01/01 16:11:36.16,46.16,-11.00,-4.33,13.78
2024/01/01 16:11:36.17,46.17,-11.51,-4.83,14.35
2024/01/01 16:11:36.18,46.18,-11.92,-5.36,14.68
2024/01/01 16:11:36.19,46.19,-11.90,-5.75,14.68
2024/01/01 16:11:36.20,46.20,-11.34,-6.14,14.83
2024/01/01 16:11:36.21,46.21,-10.48,-6.46,15.51
2024/01/01 16:11:36.22,46.22,-9.77,-6.20,16.34
2024/01/01 16:11:36.23,46.23,-9.41,-5.13,16.66
2024/01/01 16:11:36.24,46.24,-9.34,-3.64,16.46
2024/01/01 16:11:36.25,46.25,-9.42,-2.28,16.20
2024/01/01 16:11:36.26,46.26,-9.43,-1.48,16.05
2024/01/01 16:11:36.27,46.27,-9.23,-1.54,15.89
2024/01/01 16:11:36.28,46.28,-9.03,-2.32,15.83
2024/01/01 16:11:36.29,46.29,-8.98,-3.17,15.84
2024/01/01 16:11:36.30,46.30,-8.87,-3.64,15.63
2024/01/01 16:11:36.31,46.31,-8.45,-3.74,14.97
2024/01/01 16:11:36.32,46.32,-7.73,-3.57,13.93
2024/01/01 16:11:36.33,46.33,-6.96,-3.29,12.92
2024/01/01 16:11:36.34,46.34,-6.38,-3.27,12.47
2024/01/01 16:11:36.35,46.35,-6.17,-3.82,12.76
2024/01/01 16:11:36.36,46.36,-6.27,-4.93,13.48
2024/01/01 16:11:36.37,46.37,-6.34,-6.25,14.07
2024/01/01 16:11:36.38,46.38,-6.22,-7.26,14.33
2024/01/01 16:11:36.39,46.39,-5.89,-7.64,14.47
2024/01/01 16:11:36.40,46.40,-5.34,-7.71,14.54
2024/01/01 16:11:36.41,46.41,-4.74,-7.96,14.36
2024/01/01 16:11:36.42,46.42,-4.41,-8.44,13.95
2024/01/01 16:11:36.43,46.43,-4.37,-9.01,13.63
2024/01/01 16:11:36.44,46.44,-4.57,-9.45,13.62
2024/01/01 16:11:36.45,46.45,-4.97,-9.62,13.87
2024/01/01 16:11:36.46,46.46,-5.29,-9.79,14.15
2024/01/01 16:11:36.47,46.47,-5.47,-10.20,14.27
2024/01/01 16:11:36.48,46.48,-5.73,-10.62,14.23
2024/01/01 16:11:36.49,46.49,-6.19,-10.76,14.02
2024/01/01 16:11:36.50,46.50,-6.91,-10.52,13.63
2024/01/01 16:11:36.51,46.51,-7.73,-9.82,13.27
2024/01/01 16:11:36.52,46.52,-8.32,-8.85,13.30
2024/01/01 16:11:36.53,46.53,-8.57,-7.96,13.75
2024/01/01 16:11:36.54,46.54,-8.49,-7.36,14.30
2024/01/01 16:11:36.55,46.55,-8.09,-7.19,14.52
2024/01/01 16:11:36.56,46.56,-7.46,-7.40,14.48
2024/01/01 16:11:36.57,46.57,-6.78,-7.92,14.71
2024/01/01 16:11:36.58,46.58,-6.24,-8.72,15.37
2024/01/01 16:11:36.59,46.59,-5.97,-9.56,16.10
2024/01/01 16:11:36.60,46.60,-5.88,-9.99,16.56
2024/01/01 16:11:36.61,46.61,-5.98,-9.83,16.47
2024/01/01 16:11:36.62,46.62,-6.53,-9.10,15.80
2024/01/01 16:11:36.63,46.63,-7.67,-8.11,14.92
2024/01/01 16:11:36.64,46.64,-9.40,-7.37,14.27
2024/01/01 16:11:36.65,46.65,-11.43,-7.13,14.12
2024/01/01 16:11:36.66,46.66,-13.10,-7.50,14.48
2024/01/01 16:11:36.67,46.67,-13.76,-8.41,15.02
2024/01/01 16:11:36.68,46.68,-13.24,-9.53,15.43
2024/01/01 16:11:36.69,46.69,-11.82,-10.61,15.75
2024/01/01 16:11:36.70,46.70,-10.14,-11.54,16.13
2024/01/01 16:11:36.71,46.71,-8.87,-12.04,16.46
2024/01/01 16:11:36.72,46.72,-8.22,-11.98,16.34
2024/01/01 16:11:36.73,46.73,-8.04,-11.43,15.76
2024/01/01 16:11:36.74,46.74,-8.11,-10.43,15.20
2024/01/01 16:11:36.75,46.75,-8.30,-9.10,14.94
2024/01/01 16:11:36.76,46.76,-8.52,-7.84,14.72
2024/01/01 16:11:36.77,46.77,-8.78,-7.10,14.20
2024/01/01 16:11:36.78,46.78,-9.22,-7.01,13.53
2024/01/01 16:11:36.79,46.79,-9.84,-7.31,13.16
2024/01/01 16:11:36.80,46.80,-10.37,-7.70,13.10
2024/01/01 16:11:36.81,46.81,-10.65,-8.04,12.95
2024/01/01 16:11:36.82,46.82,-10.53,-8.28,12.62
2024/01/01 16:11:36.83,46.83,-10.04,-8.40,12.54
2024/01/01 16:11:36.84,46.84,-9.57,-8.17,12.90
2024/01/01 16:11:36.85,46.85,-9.41,-7.49,13.38
2024/01/01 16:11:36.86,46.86,-9.42,-6.65,13.81
2024/01/01 16:11:36.87,46.87,-9.36,-5.93,14.49
2024/01/01 16:11:36.88,46.88,-8.99,-5.25,15.34
2024/01/01 16:11:36.89,46.89,-8.26,-4.60,15.75
2024/01/01 16:11:36.90,46.90,-7.31,-4.19,15.58
2024/01/01 16:11:36.91,46.91,-6.49,-4.14,15.58
2024/01/01 16:11:36.92,46.92,-6.15,-4.28,16.07
2024/01/01 16:11:36.93,46.93,-6.48,-4.48,16.54
2024/01/01 16:11:36.94,46.94,-7.25,-4.83,16.61
2024/01/01 16:11:36.95,46.95,-7.98,-5.35,16.52
2024/01/01 16:11:36.96,46.96,-8.30,-5.79,16.39
2024/01/01 16:11:36.97,46.97,-8.16,-6.01,15.96
2024/01/01 16:11:36.98,46.98,-7.76,-6.18,15.20
2024/01/01 16:11:36.99,46.99,-7.38,-6.28,14.65
2024/01/01 16:11:37.00,47.00,-7.24,-6.07,14.68
2024/01/01 16:11:37.01,47.01,-7.37,-5.37,14.87
2024/01/01 16:11:37.02,47.02,-7.52,-4.32,14.53
2024/01/01 16:11:37.03,47.03,-7.35,-3.29,13.71
2024/01/01 16:11:37.04,47.04,-6.71,-2.73,13.07
2024/01/01 16:11:37.05,47.05,-5.81,-2.98,13.01
2024/01/01 16:11:37.06,47.06,-5.02,-3.88,13.43
2024/01/01 16:11:37.07,47.07,-4.58,-5.02,14.07
2024/01/01 16:11:37.08,47.08,-4.55,-6.05,14.67
2024/01/01 16:11:37.09,47.09,-4.94,-6.70,14.96
2024/01/01 16:11:37.10,47.10,-5.65,-6.85,14.90
2024/01/01 16:11:37.11,47.11,-6.57,-6.56,14.68
2024/01/01 16:11:37.12,47.12,-7.56,-5.96,14.47
2024/01/01 16:11:37.13,47.13,-8.39,-5.30,14.32
2024/01/01 16:11:37.14,47.14,-8.85,-4.78,14.24
2024/01/01 16:11:37.15,47.15,-8.98,-4.31,14.17
2024/01/01 16:11:37.16,47.16,-8.88,-4.02,14.04
2024/01/01 16:11:37.17,47.17,-8.59,-4.30,13.88
2024/01/01 16:11:37.18,47.18,-8.18,-5.32,13.86
2024/01/01 16:11:37.19,47.19,-7.77,-6.84,14.00
2024/01/01 16:11:37.20,47.20,-7.44,-8.46,14.30
2024/01/01 16:11:37.21,47.21,-7.16,-9.89,14.83
2024/01/01 16:11:37.22,47.22,-7.01,-10.86,15.40
2024/01/01 16:11:37.23,47.23,-7.06,-11.12,15.65
2024/01/01 16:11:37.24,47.24,-7.16,-10.77,15.55
2024/01/01 16:11:37.25,47.25,-7.24,-10.23,15.32
2024/01/01 16:11:37.26,47.26,-7.38,-9.84,15.10
2024/01/01 16:11:37.27,47.27,-7.62,-9.78,14.93
2024/01/01 16:11:37.28,47.28,-8.03,-10.08,14.88
2024/01/01 16:11:37.29,47.29,-8.54,-10.46,14.98
2024/01/01 16:11:37.30,47.30,-8.87,-10.67,15.03
2024/01/01 16:11:37.31,47.31,-8.94,-10.56,14.91
2024/01/01 16:11:37.32,47.32,-8.87,-9.99,14.89
2024/01/01 16:11:37.33,47.33,-8.78,-9.04,15.20
2024/01/01 16:11:37.34,47.34,-8.85,-7.94,15.58
2024/01/01 16:11:37.35,47.35,-9.27,-6.82,15.48
2024/01/01 16:11:37.36,47.36,-9.94,-5.67,14.86
2024/01/01 16:11:37.37,47.37,-10.50,-4.54,14.30
2024/01/01 16:11:37.38,47.38,-10.86,-3.61,14.31
2024/01/01 16:11:37.39,47.39,-11.04,-3.22,14.76
2024/01/01 16:11:37.40,47.40,-10.91,-3.67,15.35
2024/01/01 16:11:37.41,47.41,-10.50,-4.95,16.01
2024/01/01 16:11:37.42,47.42,-10.11,-6.57,16.57
2024/01/01 16:11:37.43,47.43,-9.92,-8.00,16.58
2024/01/01 16:11:37.44,47.44,-9.89,-8.97,15.96
2024/01/01 16:11:37.45,47.45,-10.01,-9.36,15.07
2024/01/01 16:11:37.46,47.46,-10.32,-9.12,14.12
2024/01/01 16:11:37.47,47.47,-10.75,-8.61,13.19
2024/01/01 16:11:37.48,47.48,-11.19,-8.29,12.64
2024/01/01 16:11:37.49,47.49,-11.58,-8.14,12.71
2024/01/01 16:11:37.50,47.50,-11.88,-7.85,13.16
2024/01/01 16:11:37.51,47.51,-11.89,-7.35,13.74
2024/01/01 16:11:37.52,47.52,-11.52,-6.78,14.38
2024/01/01 16:11:37.53,47.53,-10.77,-6.22,14.97
2024/01/01 16:11:37.54,47.54,-9.72,-5.90,15.10
2024/01/01 16:11:37.55,47.55,-8.61,-6.07,14.57
2024/01/01 16:11:37.56,47.56,-7.64,-6.61,13.89
2024/01/01 16:11:37.57,47.57,-6.89,-7.23,13.79
2024/01/01 16:11:37.58,47.58,-6.51,-7.52,14.29
2024/01/01 16:11:37.59,47.59,-6.50,-7.10,14.85
2024/01/01 16:11:37.60,47.60,-6.55,-5.94,15.03
2024/01/01 16:11:37.61,47.61,-6.51,-4.58,14.70
2024/01/01 16:11:37.62,47.62,-6.48,-3.76,13.85
2024/01/01 16:11:37.63,47.63,-6.53,-4.06,12.72
2024/01/01 16:11:37.64,47.64,-6.60,-5.33,11.99
2024/01/01 16:11:37.65,47.65,-6.73,-6.81,12.19
2024/01/01 16:11:37.66,47.66,-6.82,-8.00,13.03
2024/01/01 16:11:37.67,47.67,-6.61,-9.01,13.80
2024/01/01 16:11:37.68,47.68,-6.04,-9.83,14.27
2024/01/01 16:11:37.69,47.69,-5.32,-10.21,14.72
2024/01/01 16:11:37.70,47.70,-4.72,-10.00,15.24
2024/01/01 16:11:37.71,47.71,-4.48,-9.28,15.65
2024/01/01 16:11:37.72,47.72,-4.56,-8.22,15.88
2024/01/01 16:11:37.73,47.73,-4.74,-7.01,15.96
2024/01/01 16:11:37.74,47.74,-4.80,-5.83,15.74
2024/01/01 16:11:37.75,47.75,-4.54,-4.96,15.08
2024/01/01 16:11:37.76,47.76,-3.85,-4.74,14.27
2024/01/01 16:11:37.77,47.77,-3.00,-5.33,13.87
2024/01/01 16:11:37.78,47.78,-2.37,-6.59,14.11
2024/01/01 16:11:37.79,47.79,-2.17,-8.15,14.61
2024/01/01 16:11:37.80,47.80,-2.44,-9.51,14.80
2024/01/01 16:11:37.81,47.81,-3.04,-10.32,14.67
2024/01/01 16:11:37.82,47.82,-3.63,-10.52,14.61
2024/01/01 16:11:37.83,47.83,-4.09,-10.25,14.82
2024/01/01 16:11:37.84,47.84,-4.51,-9.69,15.21
2024/01/01 16:11:37.85,47.85,-4.92,-8.89,15.68
2024/01/01 16:11:37.86,47.86,-5.40,-7.74,16.11
2024/01/01 16:11:37.87,47.87,-5.95,-6.18,16.48
2024/01/01 16:11:37.88,47.88,-6.34,-4.50,16.80
2024/01/01 16:11:37.89,47.89,-6.49,-3.18,17.00
2024/01/01 16:11:37.90,47.90,-6.54,-2.57,17.11
2024/01/01 16:11:37.91,47.91,-6.50,-2.83,17.23
2024/01/01 16:11:37.92,47.92,-6.53,-3.80,17.27
2024/01/01 16:11:37.93,47.93,-6.93,-4.99,17.01
2024/01/01 16:11:37.94,47.94,-7.69,-6.18,16.49
2024/01/01 16:11:37.95,47.95,-8.60,-7.20,16.08
2024/01/01 16:11:37.96,47.96,-9.41,-7.70,15.85
2024/01/01 16:11:37.97,47.97,-9.95,-7.53,15.47
2024/01/01 16:11:37.98,47.98,-10.21,-7.13,14.94
2024/01/01 16:11:37.99,47.99,-10.38,-6.98,14.68
2024/01/01 16:11:38.00,48.00,-10.62,-7.25,14.87
2024/01/01 16:11:38.01,48.01,-10.85,-7.95,15.21
2024/01/01 16:11:38.02,48.02,-10.90,-9.04,15.28
2024/01/01 16:11:38.03,48.03,-10.70,-10.27,15.07
2024/01/01 16:11:38.04,48.04,-10.32,-11.33,14.79
2024/01/01 16:11:38.05,48.05,-10.07,-11.81,14.58
2024/01/01 16:11:38.06,48.06,-10.24,-11.36,14.31
2024/01/01 16:11:38.07,48.07,-10.73,-10.07,13.81
2024/01/01 16:11:38.08,48.08,-11.20,-8.60,13.09
2024/01/01 16:11:38.09,48.09,-11.46,-7.54,12.52
2024/01/01 16:11:38.10,48.10,-11.53,-7.14,12.40
2024/01/01 16:11:38.11,48.11,-11.57,-7.23,12.65
2024/01/01 16:11:38.12,48.12,-11.74,-7.31,13.09
2024/01/01 16:11:38.13,48.13,-11.93,-7.20,13.53
2024/01/01 16:11:38.14,48.14,-11.98,-7.11,13.78
2024/01/01 16:11:38.15,48.15,-11.79,-7.33,13.85
2024/01/01 16:11:38.16,48.16,-11.48,-8.02,14.00
2024/01/01 16:11:38.17,48.17,-11.34,-8.87,14.28
2024/01/01 16:11:38.18,48.18,-11.47,-9.27,14.50
2024/01/01 16:11:38.19,48.19,-11.75,-8.91,14.56
2024/01/01 16:11:38.20,48.20,-11.97,-8.00,14.61
2024/01/01 16:11:38.21,48.21,-12.01,-6.97,14.93
2024/01/01 16:11:38.22,48.22,-11.81,-6.23,15.73
2024/01/01 16:11:38.23,48.23,-11.36,-5.91,16.79
2024/01/01 16:11:38.24,48.24,-10.76,-5.81,17.49
2024/01/01 16:11:38.25,48.25,-10.05,-5.73,17.57
2024/01/01 16:11:38.26,48.26,-9.25,-5.66,17.27
2024/01/01 16:11:38.27,48.27,-8.68,-5.65,16.88
2024/01/01 16:11:38.28,48.28,-8.53,-5.89,16.40
2024/01/01 16:11:38.29,48.29,-8.72,-6.71,15.77
2024/01/01 16:11:38.30,48.30,-9.16,-8.12,15.18
2024/01/01 16:11:38.31,48.31,-9.64,-9.56,14.92
2024/01/01 16:11:38.32,48.32,-9.81,-10.32,14.90
2024/01/01 16:11:38.33,48.33,-9.52,-9.94,14.86
2024/01/01 16:11:38.34,48.34,-8.74,-8.41,14.84
2024/01/01 16:11:38.35,48.35,-7.53,-6.34,14.87
2024/01/01 16:11:38.36,48.36,-6.21,-4.46,14.79
2024/01/01 16:11:38.37,48.37,-5.11,-3.32,14.56
2024/01/01 16:11:38.38,48.38,-4.37,-3.24,14.36
2024/01/01 16:11:38.39,48.39,-4.02,-4.00,14.27
2024/01/01 16:11:38.40,48.40,-3.87,-5.17,14.18
2024/01/01 16:11:38.41,48.41,-3.71,-6.49,14.08
2024/01/01 16:11:38.42,48.42,-3.54,-7.61,14.06
2024/01/01 16:11:38.43,48.43,-3.56,-8.07,14.06
2024/01/01 16:11:38.44,48.44,-3.83,-7.86,13.88
2024/01/01 16:11:38.45,48.45,-4.21,-7.47,13.59
2024/01/01 16:11:38.46,48.46,-4.58,-7.24,13.45
2024/01/01 16:11:38.47,48.47,-5.00,-7.21,13.40
2024/01/01 16:11:38.48,48.48,-5.45,-7.38,13.24
2024/01/01 16:11:38.49,48.49,-5.73,-7.81,13.03
2024/01/01 16:11:38.50,48.50,-5.63,-8.43,13.01
2024/01/01 16:11:38.51,48.51,-5.13,-9.14,13.14
2024/01/01 16:11:38.52,48.52,-4.50,-9.72,13.09
2024/01/01 16:11:38.53,48.53,-4.10,-9.93,12.73
2024/01/01 16:11:38.54,48.54,-4.14,-9.65,12.39
2024/01/01 16:11:38.55,48.55,-4.70,-9.01,12.47
2024/01/01 16:11:38.56,48.56,-5.65,-8.19,12.81
2024/01/01 16:11:38.57,48.57,-6.67,-7.32,13.05
2024/01/01 16:11:38.58,48.58,-7.38,-6.51,13.24
2024/01/01 16:11:38.59,48.59,-7.62,-5.88,13.72
2024/01/01 16:11:38.60,48.60,-7.40,-5.41,14.51
2024/01/01 16:11:38.61,48.61,-6.84,-5.23,15.18
2024/01/01 16:11:38.62,48.62,-6.33,-5.48,15.40
2024/01/01 16:11:38.63,48.63,-6.33,-5.98,15.35
2024/01/01 16:11:38.64,48.64,-6.85,-6.55,15.32
2024/01/01 16:11:38.65,48.65,-7.64,-7.19,15.34
2024/01/01 16:11:38.66,48.66,-8.48,-7.69,15.41
2024/01/01 16:11:38.67,48.67,-9.16,-7.79,15.55
2024/01/01 16:11:38.68,48.68,-9.73,-7.40,15.61
2024/01/01 16:11:38.69,48.69,-10.23,-6.66,15.48
2024/01/01 16:11:38.70,48.70,-10.39,-5.96,15.16
2024/01/01 16:11:38.71,48.71,-10.06,-5.59,14.81
2024/01/01 16:11:38.72,48.72,-9.37,-5.54,14.79
2024/01/01 16:11:38.73,48.73,-8.65,-5.80,15.33
2024/01/01 16:11:38.74,48.74,-8.23,-6.23,16.10
2024/01/01 16:11:38.75,48.75,-8.19,-6.63,16.56
2024/01/01 16:11:38.76,48.76,-8.24,-6.98,16.52
2024/01/01 16:11:38.77,48.77,-8.02,-7.33,16.28
2024/01/01 16:11:38.78,48.78,-7.49,-7.72,16.13
2024/01/01 16:11:38.79,48.79,-6.90,-8.28,16.04
2024/01/01 16:11:38.80,48.80,-6.48,-8.91,15.96
2024/01/01 16:11:38.81,48.81,-6.38,-9.21,16.01
2024/01/01 16:11:38.82,48.82,-6.70,-8.94,16.05
2024/01/01 16:11:38.83,48.83,-7.54,-8.28,15.79
2024/01/01 16:11:38.84,48.84,-8.82,-7.66,15.16
2024/01/01 16:11:38.85,48.85,-10.19,-7.40,14.39
2024/01/01 16:11:38.86,48.86,-11.32,-7.52,13.82
2024/01/01 16:11:38.87,48.87,-12.16,-7.83,13.59
2024/01/01 16:11:38.88,48.88,-12.77,-8.06,13.59
2024/01/01 16:11:38.89,48.89,-13.16,-8.10,13.73
2024/01/01 16:11:38.90,48.90,-13.36,-8.06,13.89
2024/01/01 16:11:38.91,48.91,-13.41,-7.96,13.75
2024/01/01 16:11:38.92,48.92,-13.25,-7.75,13.23
2024/01/01 16:11:38.93,48.93,-12.92,-7.43,12.67
2024/01/01 16:11:38.94,48.94,-12.66,-7.01,12.48
2024/01/01 16:11:38.95,48.95,-12.72,-6.63,12.69
2024/01/01 16:11:38.96,48.96,-13.02,-6.58,13.19
2024/01/01 16:11:38.97,48.97,-13.37,-6.96,14.03
2024/01/01 16:11:38.98,48.98,-13.59,-7.53,15.13
2024/01/01 16:11:38.99,48.99,-13.49,-8.16,16.16
2024/01/01 16:11:39.00,49.00,-12.86,-8.93,16.76
2024/01/01 16:11:39.01,49.01,-11.71,-9.75,16.80
2024/01/01 16:11:39.02,49.02,-10.29,-10.29,16.34
2024/01/01 16:11:39.03,49.03,-8.74,-10.28,15.56
2024/01/01 16:11:39.04,49.04,-7.29,-9.68,14.70
2024/01/01 16:11:39.05,49.05,-6.12,-8.73,13.97
2024/01/01 16:11:39.06,49.06,-5.29,-7.85,13.41
2024/01/01 16:11:39.07,49.07,-4.78,-7.35,12.91
2024/01/01 16:11:39.08,49.08,-4.55,-7.32,12.41
2024/01/01 16:11:39.09,49.09,-4.39,-7.60,12.16
2024/01/01 16:11:39.10,49.10,-4.15,-8.00,12.25
2024/01/01 16:11:39.11,49.11,-3.81,-8.30,12.37
2024/01/01 16:11:39.12,49.12,-3.40,-8.40,12.28
2024/01/01 16:11:39.13,49.13,-3.04,-8.37,12.27
2024/01/01 16:11:39.14,49.14,-3.05,-8.11,12.85
2024/01/01 16:11:39.15,49.15,-3.52,-7.47,13.99
2024/01/01 16:11:39.16,49.16,-4.20,-6.61,15.10
2024/01/01 16:11:39.17,49.17,-4.90,-5.71,15.83
2024/01/01 16:11:39.18,49.18,-5.53,-4.74,16.34
2024/01/01 16:11:39.19,49.19,-6.16,-3.83,16.76
2024/01/01 16:11:39.20,49.20,-6.94,-3.07,17.01
2024/01/01 16:11:39.21,49.21,-7.83,-2.61,17.08
2024/01/01 16:11:39.22,49.22,-8.59,-2.67,17.18
2024/01/01 16:11:39.23,49.23,-8.97,-3.31,17.56
2024/01/01 16:11:39.24,49.24,-8.82,-4.40,18.05
2024/01/01 16:11:39.25,49.25,-8.25,-5.66,18.05
2024/01/01 16:11:39.26,49.26,-7.56,-6.80,17.26
2024/01/01 16:11:39.27,49.27,-6.92,-7.52,15.97
2024/01/01 16:11:39.28,49.28,-6.41,-7.55,14.68
2024/01/01 16:11:39.29,49.29,-6.19,-6.83,13.64
2024/01/01 16:11:39.30,49.30,-6.33,-5.76,12.94
2024/01/01 16:11:39.31,49.31,-6.75,-4.82,12.63
2024/01/01 16:11:39.32,49.32,-7.22,-4.14,12.70
2024/01/01 16:11:39.33,49.33,-7.52,-3.76,12.95
2024/01/01 16:11:39.34,49.34,-7.46,-3.73,13.06
2024/01/01 16:11:39.35,49.35,-7.18,-3.98,12.79
2024/01/01 16:11:39.36,49.36,-6.93,-4.46,12.14
2024/01/01 16:11:39.37,49.37,-6.88,-5.20,11.35
2024/01/01 16:11:39.38,49.38,-7.05,-6.18,10.90
2024/01/01 16:11:39.39,49.39,-7.45,-7.09,11.03
2024/01/01 16:11:39.40,49.40,-8.19,-7.52,11.53
2024/01/01 16:11:39.41,49.41,-9.27,-7.30,12.10
2024/01/01 16:11:39.42,49.42,-10.50,-6.73,12.55
2024/01/01 16:11:39.43,49.43,-11.73,-6.22,12.85
2024/01/01 16:11:39.44,49.44,-12.78,-6.04,13.23
2024/01/01 16:11:39.45,49.45,-13.60,-6.27,13.84
2024/01/01 16:11:39.46,49.46,-14.29,-6.70,14.56
2024/01/01 16:11:39.47,49.47,-14.77,-7.12,15.23
2024/01/01 16:11:39.48,49.48,-14.81,-7.61,16.00
2024/01/01 16:11:39.49,49.49,-14.32,-8.19,17.04
2024/01/01 16:11:39.50,49.50,-13.34,-8.67,17.94
2024/01/01 16:11:39.51,49.51,-12.15,-8.89,18.08
2024/01/01 16:11:39.52,49.52,-11.31,-8.69,17.61
2024/01/01 16:11:39.53,49.53,-11.12,-7.93,17.32
2024/01/01 16:11:39.54,49.54,-11.38,-6.79,17.38
2024/01/01 16:11:39.55,49.55,-11.77,-5.89,17.27
2024/01/01 16:11:39.56,49.56,-11.93,-5.97,16.73
2024/01/01 16:11:39.57,49.57,-11.45,-7.10,16.08
2024/01/01 16:11:39.58,49.58,-10.29,-8.57,15.74
2024/01/01 16:11:39.59,49.59,-8.84,-9.68,15.75
2024/01/01 16:11:39.60,49.60,-7.57,-10.34,15.61
2024/01/01 16:11:39.61,49.61,-6.80,-10.60,14.99
2024/01/01 16:11:39.62,49.62,-6.46,-10.52,14.35
2024/01/01 16:11:39.63,49.63,-6.13,-10.35,14.14
2024/01/01 16:11:39.64,49.64,-5.57,-10.25,14.00
2024/01/01 16:11:39.65,49.65,-4.82,-10.31,13.54
2024/01/01 16:11:39.66,49.66,-4.05,-10.55,12.96
2024/01/01 16:11:39.67,49.67,-3.63,-10.67,12.59
2024/01/01 16:11:39.68,49.68,-3.87,-10.22,12.55
2024/01/01 16:11:39.69,49.69,-4.73,-9.22,12.67
2024/01/01 16:11:39.70,49.70,-6.13,-7.90,12.85
2024/01/01 16:11:39.71,49.71,-7.76,-6.47,13.06
2024/01/01 16:11:39.72,49.72,-9.13,-5.42,13.24
2024/01/01 16:11:39.73,49.73,-10.08,-5.16,13.51
2024/01/01 16:11:39.74,49.74,-10.50,-5.51,14.16
2024/01/01 16:11:39.75,49.75,-10.20,-6.01,14.97
2024/01/01 16:11:39.76,49.76,-9.38,-6.45,15.49
2024/01/01 16:11:39.77,49.77,-8.35,-6.75,15.55
2024/01/01 16:11:39.78,49.78,-7.29,-6.90,15.43
2024/01/01 16:11:39.79,49.79,-6.62,-6.67,15.41
2024/01/01 16:11:39.80,49.80,-6.68,-5.94,15.53
2024/01/01 16:11:39.81,49.81,-7.28,-5.15,15.57
2024/01/01 16:11:39.82,49.82,-7.85,-4.79,15.63
2024/01/01 16:11:39.83,49.83,-7.82,-4.95,16.02
2024/01/01 16:11:39.84,49.84,-7.07,-5.41,16.49
2024/01/01 16:11:39.85,49.85,-5.86,-6.02,16.48
2024/01/01 16:11:39.86,49.86,-4.51,-6.79,16.05
2024/01/01 16:11:39.87,49.87,-3.46,-7.65,15.55
2024/01/01 16:11:39.88,49.88,-3.11,-8.31,14.94
2024/01/01 16:11:39.89,49.89,-3.45,-8.54,14.14
2024/01/01 16:11:39.90,49.90,-4.17,-8.40,13.57
2024/01/01 16:11:39.91,49.91,-5.03,-7.98,13.62
2024/01/01 16:11:39.92,49.92,-5.72,-7.39,13.94
2024/01/01 16:11:39.93,49.93,-5.96,-6.88,14.05
2024/01/01 16:11:39.94,49.94,-5.79,-6.67,14.12
2024/01/01 16:11:39.95,49.95,-5.59,-6.76,14.48
2024/01/01 16:11:39.96,49.96,-5.70,-7.10,14.99
2024/01/01 16:11:39.97,49.97,-6.01,-7.73,15.45
2024/01/01 16:11:39.98,49.98,-6.15,-8.56,15.83
2024/01/01 16:11:39.99,49.99,-6.00,-9.22,15.97
2024/01/01 16:11:40.00,50.00,-5.74,-9.57,15.61
2024/01/01 16:11:40.01,50.01,-5.61,-9.72,14.86
2024/01/01 16:11:40.02,50.02,-5.80,-9.57,14.10
2024/01/01 16:11:40.03,50.03,-6.32,-8.74,13.65
2024/01/01 16:11:40.04,50.04,-7.01,-7.23,13.66
2024/01/01 16:11:40.05,50.05,-7.58,-5.57,14.00
2024/01/01 16:11:40.06,50.06,-7.72,-4.34,14.31
2024/01/01 16:11:40.07,50.07,-7.33,-3.86,14.42
2024/01/01 16:11:40.08,50.08,-6.85,-3.92,14.38
2024/01/01 16:11:40.09,50.09,-6.72,-3.99,14.21
2024/01/01 16:11:40.10,50.10,-7.02,-3.98,13.84
2024/01/01 16:11:40.11,50.11,-7.81,-4.45,13.48
2024/01/01 16:11:40.12,50.12,-9.10,-5.77,13.60
2024/01/01 16:11:40.13,50.13,-10.47,-7.63,14.41
2024/01/01 16:11:40.14,50.14,-11.65,-9.26,15.70
2024/01/01 16:11:40.15,50.15,-12.59,-10.01,17.06
2024/01/01 16:11:40.16,50.16,-13.13,-9.65,18.18
2024/01/01 16:11:40.17,50.17,-13.00,-8.53,19.00
2024/01/01 16:11:40.18,50.18,-12.20,-7.25,19.55
2024/01/01 16:11:40.19,50.19,-11.07,-6.34,19.81
2024/01/01 16:11:40.20,50.20,-10.04,-6.11,19.83
2024/01/01 16:11:40.21,50.21,-9.50,-6.50,19.60
2024/01/01 16:11:40.22,50.22,-9.77,-7.13,18.94
2024/01/01 16:11:40.23,50.23,-10.69,-7.68,17.86
2024/01/01 16:11:40.24,50.24,-11.74,-8.16,16.59
2024/01/01 16:11:40.25,50.25,-12.45,-8.47,15.35
2024/01/01 16:11:40.26,50.26,-12.53,-8.52,14.23
2024/01/01 16:11:40.27,50.27,-11.72,-8.51,13.25
2024/01/01 16:11:40.28,50.28,-10.32,-8.55,12.57
2024/01/01 16:11:40.29,50.29,-8.88,-8.48,12.34
2024/01/01 16:11:40.30,50.30,-7.84,-8.23,12.35
2024/01/01 16:11:40.31,50.31,-7.40,-7.75,12.29
2024/01/01 16:11:40.32,50.32,-7.45,-7.06,12.12
2024/01/01 16:11:40.33,50.33,-7.58,-6.31,12.02
2024/01/01 16:11:40.34,50.34,-7.41,-5.58,12.14
2024/01/01 16:11:40.35,50.35,-6.78,-4.95,12.42
2024/01/01 16:11:40.36,50.36,-5.78,-4.63,12.60
2024/01/01 16:11:40.37,50.37,-4.81,-4.72,12.76
2024/01/01 16:11:40.38,50.38,-4.30,-5.06,13.17
2024/01/01 16:11:40.39,50.39,-4.43,-5.61,13.78
2024/01/01 16:11:40.40,50.40,-5.09,-6.43,14.46
2024/01/01 16:11:40.41,50.41,-6.08,-7.58,15.24
2024/01/01 16:11:40.42,50.42,-7.26,-8.89,16.02
2024/01/01 16:11:40.43,50.43,-8.57,-9.89,16.51
2024/01/01 16:11:40.44,50.44,-9.71,-10.20,16.72
2024/01/01 16:11:40.45,50.45,-10.43,-9.86,16.76
2024/01/01 16:11:40.46,50.46,-10.77,-9.22,16.61
2024/01/01 16:11:40.47,50.47,-10.80,-8.77,16.20
2024/01/01 16:11:40.48,50.48,-10.44,-8.97,15.77
2024/01/01 16:11:40.49,50.49,-9.80,-9.69,15.61
2024/01/01 16:11:40.50,50.50,-8.99,-10.36,15.78
2024/01/01 16:11:40.51,50.51,-8.16,-10.64,16.12
2024/01/01 16:11:40.52,50.52,-7.54,-10.54,16.35
2024/01/01 16:11:40.53,50.53,-7.21,-10.06,16.25
2024/01/01 16:11:40.54,50.54,-6.96,-9.36,15.70
2024/01/01 16:11:40.55,50.55,-6.70,-8.56,14.72
2024/01/01 16:11:40.56,50.56,-6.45,-7.51,13.65
2024/01/01 16:11:40.57,50.57,-6.09,-6.12,12.98
2024/01/01 16:11:40.58,50.58,-5.67,-4.56,12.87
2024/01/01 16:11:40.59,50.59,-5.34,-3.11,13.01
2024/01/01 16:11:40.60,50.60,-5.05,-2.33,13.21
2024/01/01 16:11:40.61,50.61,-4.76,-2.67,13.48
2024/01/01 16:11:40.62,50.62,-4.67,-3.88,13.81
2024/01/01 16:11:40.63,50.63,-4.71,-5.31,14.21
2024/01/01 16:11:40.64,50.64,-4.65,-6.42,14.67
2024/01/01 16:11:40.65,50.65,-4.59,-6.86,15.31
2024/01/01 16:11:40.66,50.66,-4.67,-6.62,16.12
2024/01/01 16:11:40.67,50.67,-4.89,-6.17,17.00
2024/01/01 16:11:40.68,50.68,-5.21,-6.03,17.86
2024/01/01 16:11:40.69,50.69,-5.51,-6.54,18.51
2024/01/01 16:11:40.70,50.70,-5.70,-7.73,18.63
2024/01/01 16:11:40.71,50.71,-5.90,-9.09,18.24
2024/01/01 16:11:40.72,50.72,-6.27,-9.94,17.60
2024/01/01 16:11:40.73,50.73,-6.90,-9.98,16.85
2024/01/01 16:11:40.74,50.74,-7.63,-9.39,16.14
2024/01/01 16:11:40.75,50.75,-7.95,-8.68,15.66
2024/01/01 16:11:40.76,50.76,-7.55,-8.17,15.40
2024/01/01 16:11:40.77,50.77,-6.63,-7.79,15.16
2024/01/01 16:11:40.78,50.78,-5.73,-7.41,14.98
2024/01/01 16:11:40.79,50.79,-5.38,-7.07,15.00
2024/01/01 16:11:40.80,50.80,-5.77,-6.78,14.98
2024/01/01 16:11:40.81,50.81,-6.72,-6.53,14.40
2024/01/01 16:11:40.82,50.82,-7.92,-6.44,13.33
2024/01/01 16:11:40.83,50.83,-9.06,-6.58,12.58
2024/01/01 16:11:40.84,50.84,-9.90,-6.76,12.61
2024/01/01 16:11:40.85,50.85,-10.42,-6.69,12.95
2024/01/01 16:11:40.86,50.86,-10.72,-6.24,13.01
2024/01/01 16:11:40.87,50.87,-10.80,-5.50,12.85
2024/01/01 16:11:40.88,50.88,-10.77,-4.56,12.92
2024/01/01 16:11:40.89,50.89,-10.85,-3.59,13.43
2024/01/01 16:11:40.90,50.90,-11.23,-3.05,14.03
2024/01/01 16:11:40.91,50.91,-11.82,-3.10,14.31
2024/01/01 16:11:40.92,50.92,-12.40,-3.40,14.27
2024/01/01 16:11:40.93,50.93,-12.76,-3.72,14.02
2024/01/01 16:11:40.94,50.94,-12.84,-4.24,13.58
2024/01/01 16:11:40.95,50.95,-12.54,-5.45,13.14
2024/01/01 16:11:40.96,50.96,-11.88,-7.65,13.18
2024/01/01 16:11:40.97,50.97,-11.04,-10.39,13.94
2024/01/01 16:11:40.98,50.98,-10.24,-12.69,14.93
2024/01/01 16:11:40.99,50.99,-9.44,-13.84,15.51
2024/01/01 16:11:41.00,51.00,-8.60,-13.78,15.64
2024/01/01 16:11:41.01,51.01,-7.76,-12.81,15.72
2024/01/01 16:11:41.02,51.02,-6.98,-11.34,15.75
2024/01/01 16:11:41.03,51.03,-6.42,-9.73,15.25
2024/01/01 16:11:41.04,51.04,-6.27,-8.25,14.14
2024/01/01 16:11:41.05,51.05,-6.54,-7.16,13.14
2024/01/01 16:11:41.06,51.06,-7.11,-6.65,12.98
2024/01/01 16:11:41.07,51.07,-7.83,-6.74,13.45
2024/01/01 16:11:41.08,51.08,-8.34,-7.28,13.85
2024/01/01 16:11:41.09,51.09,-8.25,-7.90,14.00
2024/01/01 16:11:41.10,51.10,-7.54,-8.00,14.12
2024/01/01 16:11:41.11,51.11,-6.41,-7.30,14.29
2024/01/01 16:11:41.12,51.12,-4.94,-6.36,14.35
2024/01/01 16:11:41.13,51.13,-3.33,-5.76,14.33
2024/01/01 16:11:41.14,51.14,-2.13,-5.55,14.58
2024/01/01 16:11:41.15,51.15,-1.81,-5.51,15.35
2024/01/01 16:11:41.16,51.16,-2.62,-5.50,16.40
2024/01/01 16:11:41.17,51.17,-4.46,-5.51,17.26
2024/01/01 16:11:41.18,51.18,-6.78,-5.94,17.67
2024/01/01 16:11:41.19,51.19,-8.86,-7.17,17.79
2024/01/01 16:11:41.20,51.20,-10.15,-8.99,17.78
2024/01/01 16:11:41.21,51.21,-10.50,-10.85,17.51
2024/01/01 16:11:41.22,51.22,-10.17,-12.13,17.15
2024/01/01 16:11:41.23,51.23,-9.57,-12.33,17.07
2024/01/01 16:11:41.24,51.24,-9.05,-11.38,17.03
2024/01/01 16:11:41.25,51.25,-8.75,-9.93,16.55
2024/01/01 16:11:41.26,51.26,-8.56,-8.74,15.58
2024/01/01 16:11:41.27,51.27,-8.39,-7.90,14.43
2024/01/01 16:11:41.28,51.28,-8.22,-7.14,13.40
2024/01/01 16:11:41.29,51.29,-8.21,-6.50,12.67
2024/01/01 16:11:41.30,51.30,-8.58,-6.29,12.37
2024/01/01 16:11:41.31,51.31,-9.23,-6.65,12.57
2024/01/01 16:11:41.32,51.32,-9.84,-7.52,13.10
2024/01/01 16:11:41.33,51.33,-10.33,-8.56,13.53
2024/01/01 16:11:41.34,51.34,-10.83,-9.19,13.59
2024/01/01 16:11:41.35,51.35,-11.39,-9.13,13.48
2024/01/01 16:11:41.36,51.36,-12.01,-8.50,13.50
2024/01/01 16:11:41.37,51.37,-12.71,-7.58,13.58
2024/01/01 16:11:41.38,51.38,-13.30,-6.53,13.56
2024/01/01 16:11:41.39,51.39,-13.50,-5.40,13.57
2024/01/01 16:11:41.40,51.40,-13.32,-4.19,13.87
2024/01/01 16:11:41.41,51.41,-12.83,-3.12,14.36
2024/01/01 16:11:41.42,51.42,-12.11,-2.68,14.75
2024/01/01 16:11:41.43,51.43,-11.40,-2.96,15.05
2024/01/01 16:11:41.44,51.44,-10.92,-3.41,15.38
2024/01/01 16:11:41.45,51.45,-10.65,-3.59,15.54
2024/01/01 16:11:41.46,51.46,-10.36,-3.72,15.39
2024/01/01 16:11:41.47,51.47,-9.80,-4.16,15.19
2024/01/01 16:11:41.48,51.48,-8.92,-4.99,15.28
2024/01/01 16:11:41.49,51.49,-7.94,-5.87,15.70
2024/01/01 16:11:41.50,51.50,-7.06,-6.52,16.27
2024/01/01 16:11:41.51,51.51,-6.25,-6.98,16.66
2024/01/01 16:11:41.52,51.52,-5.44,-7.44,16.55
2024/01/01 16:11:41.53,51.53,-4.66,-7.87,15.93
2024/01/01 16:11:41.54,51.54,-4.11,-8.31,15.07
2024/01/01 16:11:41.55,51.55,-4.13,-8.77,14.34
2024/01/01 16:11:41.56,51.56,-4.91,-9.19,14.07
2024/01/01 16:11:41.57,51.57,-6.24,-9.43,14.25
2024/01/01 16:11:41.58,51.58,-7.68,-9.36,14.39
2024/01/01 16:11:41.59,51.59,-8.77,-8.88,14.27
2024/01/01 16:11:41.60,51.60,-9.28,-8.12,14.12
2024/01/01 16:11:41.61,51.61,-9.34,-7.25,14.05
2024/01/01 16:11:41.62,51.62,-9.20,-6.37,13.87
2024/01/01 16:11:41.63,51.63,-9.01,-5.81,13.59
2024/01/01 16:11:41.64,51.64,-8.79,-5.90,13.48
2024/01/01 16:11:41.65,51.65,-8.56,-6.51,13.66
2024/01/01 16:11:41.66,51.66,-8.18,-7.28,14.02
2024/01/01 16:11:41.67,51.67,-7.70,-7.86,14.49
2024/01/01 16:11:41.68,51.68,-7.36,-7.89,15.06
2024/01/01 16:11:41.69,51.69,-7.11,-7.34,15.45
2024/01/01 16:11:41.70,51.70,-6.66,-6.73,15.32
2024/01/01 16:11:41.71,51.71,-5.95,-6.48,14.82
2024/01/01 16:11:41.72,51.72,-5.09,-6.67,14.36
2024/01/01 16:11:41.73,51.73,-4.32,-7.18,13.95
2024/01/01 16:11:41.74,51.74,-3.90,-7.76,13.44
2024/01/01 16:11:41.75,51.75,-3.88,-8.11,13.00
2024/01/01 16:11:41.76,51.76,-4.17,-8.07,12.87
2024/01/01 16:11:41.77,51.77,-4.76,-7.76,13.15
2024/01/01 16:11:41.78,51.78,-5.53,-7.77,13.82
2024/01/01 16:11:41.79,51.79,-6.28,-8.58,14.68
2024/01/01 16:11:41.80,51.80,-6.94,-9.92,15.42
2024/01/01 16:11:41.81,51.81,-7.33,-11.12,15.95
2024/01/01 16:11:41.82,51.82,-7.23,-11.80,16.36
2024/01/01 16:11:41.83,51.83,-6.66,-11.69,16.62
2024/01/01 16:11:41.84,51.84,-5.87,-10.81,16.61
2024/01/01 16:11:41.85,51.85,-5.25,-9.65,16.35
2024/01/01 16:11:41.86,51.86,-5.21,-8.66,15.98
2024/01/01 16:11:41.87,51.87,-5.80,-8.08,15.72
2024/01/01 16:11:41.88,51.88,-6.68,-8.03,15.60
2024/01/01 16:11:41.89,51.89,-7.51,-8.24,15.44
2024/01/01 16:11:41.90,51.90,-7.97,-8.21,15.15
2024/01/01 16:11:41.91,51.91,-7.84,-7.80,14.97
2024/01/01 16:11:41.92,51.92,-7.26,-7.16,15.27
2024/01/01 16:11:41.93,51.93,-6.66,-6.54,15.83
2024/01/01 16:11:41.94,51.94,-6.35,-6.03,15.90
2024/01/01 16:11:41.95,51.95,-6.48,-5.51,15.14
2024/01/01 16:11:41.96,51.96,-7.02,-4.74,14.08
2024/01/01 16:11:41.97,51.97,-7.66,-3.78,13.30
2024/01/01 16:11:41.98,51.98,-8.04,-2.97,12.88
2024/01/01 16:11:41.99,51.99,-8.05,-2.70,12.62
2024/01/01 16:11:42.00,52.00,-7.75,-3.13,12.38
2024/01/01 16:11:42.01,52.01,-7.36,-4.01,12.17
2024/01/01 16:11:42.02,52.02,-7.04,-4.93,11.97
2024/01/01 16:11:42.03,52.03,-6.99,-5.59,11.55
2024/01/01 16:11:42.04,52.04,-7.34,-5.81,10.78
2024/01/01 16:11:42.05,52.05,-8.19,-5.66,10.09
2024/01/01 16:11:42.06,52.06,-9.64,-5.26,10.01
2024/01/01 16:11:42.07,52.07,-11.66,-4.49,10.54
2024/01/01 16:11:42.08,52.08,-13.80,-3.31,11.36
2024/01/01 16:11:42.09,52.09,-15.45,-1.82,12.25
2024/01/01 16:11:42.10,52.10,-16.30,-0.17,13.07
2024/01/01 16:11:42.11,52.11,-16.36,1.24,13.63
2024/01/01 16:11:42.12,52.12,-15.87,1.61,13.91
2024/01/01 16:11:42.13,52.13,-15.21,0.42,14.12
2024/01/01 16:11:42.14,52.14,-14.68,-2.13,14.56
2024/01/01 16:11:42.15,52.15,-14.31,-5.30,15.39
2024/01/01 16:11:42.16,52.16,-14.08,-8.09,16.47
2024/01/01 16:11:42.17,52.17,-13.92,-9.45,17.42
2024/01/01 16:11:42.18,52.18,-13.52,-9.06,17.92
2024/01/01 16:11:42.19,52.19,-12.67,-7.55,18.02
2024/01/01 16:11:42.20,52.20,-11.39,-5.87,17.94
2024/01/01 16:11:42.21,52.21,-9.79,-4.56,17.79
2024/01/01 16:11:42.22,52.22,-8.09,-3.78,17.50
2024/01/01 16:11:42.23,52.23,-6.69,-3.51,16.78
2024/01/01 16:11:42.24,52.24,-5.71,-3.73,15.58
2024/01/01 16:11:42.25,52.25,-4.81,-4.64,14.29
2024/01/01 16:11:42.26,52.26,-3.91,-6.38,13.41
2024/01/01 16:11:42.27,52.27,-3.25,-8.56,13.16
2024/01/01 16:11:42.28,52.28,-2.94,-10.57,13.35
2024/01/01 16:11:42.29,52.29,-3.18,-11.89,13.69
2024/01/01 16:11:42.30,52.30,-4.01,-12.12,14.02
2024/01/01 16:11:42.31,52.31,-5.03,-11.26,14.19
2024/01/01 16:11:42.32,52.32,-5.86,-9.71,14.19
2024/01/01 16:11:42.33,52.33,-6.34,-7.94,14.37
2024/01/01 16:11:42.34,52.34,-6.13,-6.51,14.96
2024/01/01 16:11:42.35,52.35,-5.05,-5.96,15.58
2024/01/01 16:11:42.36,52.36,-3.47,-6.47,15.78
2024/01/01 16:11:42.37,52.37,-1.94,-7.80,15.79
2024/01/01 16:11:42.38,52.38,-0.90,-9.45,15.93
2024/01/01 16:11:42.39,52.39,-0.73,-10.96,15.80
2024/01/01 16:11:42.40,52.40,-1.40,-12.27,14.97
2024/01/01 16:11:42.41,52.41,-2.46,-13.38,13.89
2024/01/01 16:11:42.42,52.42,-3.63,-13.79,13.30
2024/01/01 16:11:42.43,52.43,-4.81,-13.10,13.37
2024/01/01 16:11:42.44,52.44,-5.82,-11.52,13.66
2024/01/01 16:11:42.45,52.45,-6.58,-9.48,13.81
2024/01/01 16:11:42.46,52.46,-7.16,-7.46,13.88
2024/01/01 16:11:42.47,52.47,-7.64,-6.21,13.93
2024/01/01 16:11:42.48,52.48,-8.22,-6.25,13.76
2024/01/01 16:11:42.49,52.49,-8.92,-7.45,13.29
2024/01/01 16:11:42.50,52.50,-9.44,-9.17,12.85
2024/01/01 16:11:42.51,52.51,-9.43,-10.62,12.96
2024/01/01 16:11:42.52,52.52,-8.87,-11.15,13.59
2024/01/01 16:11:42.53,52.53,-7.91,-10.66,14.30
2024/01/01 16:11:42.54,52.54,-6.73,-9.54,14.80
2024/01/01 16:11:42.55,52.55,-5.74,-8.32,15.04
2024/01/01 16:11:42.56,52.56,-5.38,-7.31,14.95
2024/01/01 16:11:42.57,52.57,-5.74,-6.67,14.51
2024/01/01 16:11:42.58,52.58,-6.67,-6.47,13.97
2024/01/01 16:11:42.59,52.59,-8.08,-6.65,13.57
2024/01/01 16:11:42.60,52.60,-9.65,-7.04,13.29
2024/01/01 16:11:42.61,52.61,-10.89,-7.48,13.13
2024/01/01 16:11:42.62,52.62,-11.49,-7.89,13.20
2024/01/01 16:11:42.63,52.63,-11.39,-8.30,13.51
2024/01/01 16:11:42.64,52.64,-10.74,-8.83,13.99
2024/01/01 16:11:42.65,52.65,-10.05,-9.39,14.64
2024/01/01 16:11:42.66,52.66,-9.75,-9.47,15.58
2024/01/01 16:11:42.67,52.67,-9.76,-8.49,16.76
2024/01/01 16:11:42.68,52.68,-9.91,-6.30,17.70
2024/01/01 16:11:42.69,52.69,-10.05,-3.36,17.85
2024/01/01 16:11:42.70,52.70,-9.97,-0.71,17.20
2024/01/01 16:11:42.71,52.71,-9.66,0.71,16.30
2024/01/01 16:11:42.72,52.72,-9.31,0.67,15.81
2024/01/01 16:11:42.73,52.73,-8.98,-0.55,15.87
2024/01/01 16:11:42.74,52.74,-8.76,-2.36,16.21
2024/01/01 16:11:42.75,52.75,-8.66,-4.35,16.59
2024/01/01 16:11:42.76,52.76,-8.49,-6.54,16.87
2024/01/01 16:11:42.77,52.77,-8.11,-8.78,17.10
2024/01/01 16:11:42.78,52.78,-7.46,-10.44,17.35
2024/01/01 16:11:42.79,52.79,-6.74,-10.84,17.50
2024/01/01 16:11:42.80,52.80,-6.46,-9.63,17.41
2024/01/01 16:11:42.81,52.81,-6.86,-7.17,17.25
2024/01/01 16:11:42.82,52.82,-7.78,-4.48,17.00
2024/01/01 16:11:42.83,52.83,-8.95,-2.38,16.39
2024/01/01 16:11:42.84,52.84,-10.13,-1.29,15.47
2024/01/01 16:11:42.85,52.85,-11.11,-1.32,14.55
2024/01/01 16:11:42.86,52.86,-11.94,-2.08,14.02
2024/01/01 16:11:42.87,52.87,-12.60,-3.16,14.06
2024/01/01 16:11:42.88,52.88,-13.01,-4.60,14.49
2024/01/01 16:11:42.89,52.89,-13.12,-6.47,14.87
2024/01/01 16:11:42.90,52.90,-12.77,-8.61,14.93
2024/01/01 16:11:42.91,52.91,-11.97,-10.62,14.89
2024/01/01 16:11:42.92,52.92,-11.08,-11.82,15.11
2024/01/01 16:11:42.93,52.93,-10.48,-11.70,15.45
2024/01/01 16:11:42.94,52.94,-10.38,-10.50,15.38
2024/01/01 16:11:42.95,52.95,-10.55,-8.99,14.87
2024/01/01 16:11:42.96,52.96,-10.37,-7.89,14.34
2024/01/01 16:11:42.97,52.97,-9.47,-7.44,14.18
2024/01/01 16:11:42.98,52.98,-8.02,-7.62,14.32
2024/01/01 16:11:42.99,52.99,-6.54,-8.32,14.44
2024/01/01 16:11:43.00,53.00,-5.45,-9.20,14.37
2024/01/01 16:11:43.01,53.01,-4.84,-9.76,14.15
2024/01/01 16:11:43.02,53.02,-4.68,-9.56,13.94
2024/01/01 16:11:43.03,53.03,-4.93,-8.48,13.86
2024/01/01 16:11:43.04,53.04,-5.52,-6.71,13.85
2024/01/01 16:11:43.05,53.05,-6.51,-4.55,13.86
2024/01/01 16:11:43.06,53.06,-7.77,-2.45,13.95
2024/01/01 16:11:43.07,53.07,-8.86,-0.90,14.23
2024/01/01 16:11:43.08,53.08,-9.34,-0.14,14.74
2024/01/01 16:11:43.09,53.09,-9.12,-0.36,15.42
2024/01/01 16:11:43.10,53.10,-8.45,-1.80,16.22
2024/01/01 16:11:43.11,53.11,-7.68,-4.19,17.19
2024/01/01 16:11:43.12,53.12,-7.01,-6.86,18.01
2024/01/01 16:11:43.13,53.13,-6.59,-9.07,18.11
2024/01/01 16:11:43.14,53.14,-6.42,-10.40,17.56
2024/01/01 16:11:43.15,53.15,-6.42,-10.79,17.03
2024/01/01 16:11:43.16,53.16,-6.58,-10.39,16.77
2024/01/01 16:11:43.17,53.17,-6.73,-9.55,16.56
2024/01/01 16:11:43.18,53.18,-6.51,-8.78,16.45
2024/01/01 16:11:43.19,53.19,-5.80,-8.02,16.63
2024/01/01 16:11:43.20,53.20,-5.01,-6.78,16.80
2024/01/01 16:11:43.21,53.21,-4.51,-5.15,16.31
2024/01/01 16:11:43.22,53.22,-4.50,-3.67,15.02
2024/01/01 16:11:43.23,53.23,-4.94,-2.71,13.57
2024/01/01 16:11:43.24,53.24,-5.47,-2.62,12.48
2024/01/01 16:11:43.25,53.25,-5.98,-3.58,11.62
2024/01/01 16:11:43.26,53.26,-6.60,-5.20,10.72
2024/01/01 16:11:43.27,53.27,-7.39,-6.57,10.02
2024/01/01 16:11:43.28,53.28,-8.37,-7.04,9.80
2024/01/01 16:11:43.29,53.29,-9.58,-6.62,9.89
2024/01/01 16:11:43.30,53.30,-10.83,-5.87,10.04
2024/01/01 16:11:43.31,53.31,-11.79,-5.46,10.52
2024/01/01 16:11:43.32,53.32,-12.20,-5.64,11.75
2024/01/01 16:11:43.33,53.33,-11.81,-6.31,13.46
2024/01/01 16:11:43.34,53.34,-10.44,-7.34,14.92
2024/01/01 16:11:43.35,53.35,-8.41,-8.58,15.88
2024/01/01 16:11:43.36,53.36,-6.35,-9.70,16.63
2024/01/01 16:11:43.37,53.37,-4.75,-10.59,17.23
2024/01/01 16:11:43.38,53.38,-3.95,-11.31,17.41
2024/01/01 16:11:43.39,53.39,-4.04,-11.68,17.13
2024/01/01 16:11:43.40,53.40,-4.81,-11.33,16.72
2024/01/01 16:11:43.41,53.41,-6.01,-10.40,16.42
2024/01/01 16:11:43.42,53.42,-7.48,-9.51,16.24
2024/01/01 16:11:43.43,53.43,-8.98,-9.28,16.27
2024/01/01 16:11:43.44,53.44,-10.28,-9.76,16.56
2024/01/01 16:11:43.45,53.45,-11.35,-10.50,16.93
2024/01/01 16:11:43.46,53.46,-12.15,-11.21,17.21
2024/01/01 16:11:43.47,53.47,-12.45,-11.85,17.53
2024/01/01 16:11:43.48,53.48,-12.10,-12.27,17.98
2024/01/01 16:11:43.49,53.49,-11.05,-12.34,18.28
2024/01/01 16:11:43.50,53.50,-9.29,-12.26,18.18
2024/01/01 16:11:43.51,53.51,-7.10,-12.21,17.78
2024/01/01 16:11:43.52,53.52,-4.94,-12.18,17.21
2024/01/01 16:11:43.53,53.53,-3.17,-12.20,16.42
2024/01/01 16:11:43.54,53.54,-2.20,-12.07,15.57
2024/01/01 16:11:43.55,53.55,-2.39,-11.23,15.06
2024/01/01 16:11:43.56,53.56,-3.79,-9.30,14.94
2024/01/01 16:11:43.57,53.57,-6.04,-6.77,14.80
2024/01/01 16:11:43.58,53.58,-8.48,-4.83,14.46
2024/01/01 16:11:43.59,53.59,-10.36,-4.25,14.09
2024/01/01 16:11:43.60,53.60,-11.16,-4.78,13.92
2024/01/01 16:11:43.61,53.61,-10.89,-5.59,14.13
2024/01/01 16:11:43.62,53.62,-9.96,-5.89,14.51
2024/01/01 16:11:43.63,53.63,-8.89,-5.21,14.60
2024/01/01 16:11:43.64,53.64,-7.94,-3.63,14.09
2024/01/01 16:11:43.65,53.65,-7.16,-1.84,13.09
2024/01/01 16:11:43.66,53.66,-6.53,-0.62,12.20
2024/01/01 16:11:43.67,53.67,-6.00,-0.34,12.14
2024/01/01 16:11:43.68,53.68,-5.56,-0.84,12.83
2024/01/01 16:11:43.69,53.69,-5.32,-1.58,13.50
2024/01/01 16:11:43.70,53.70,-5.25,-2.24,13.83
2024/01/01 16:11:43.71,53.71,-5.34,-3.09,14.27
2024/01/01 16:11:43.72,53.72,-5.81,-4.36,15.17
2024/01/01 16:11:43.73,53.73,-6.64,-6.04,16.25
2024/01/01 16:11:43.74,53.74,-7.66,-8.06,16.91
2024/01/01 16:11:43.75,53.75,-8.87,-10.04,16.98
2024/01/01 16:11:43.76,53.76,-10.20,-11.55,16.65
2024/01/01 16:11:43.77,53.77,-11.38,-12.49,16.10
2024/01/01 16:11:43.78,53.78,-12.21,-12.70,15.36
2024/01/01 16:11:43.79,53.79,-12.47,-12.07,14.51
2024/01/01 16:11:43.80,53.80,-12.07,-10.98,13.86
2024/01/01 16:11:43.81,53.81,-11.17,-9.97,13.80
2024/01/01 16:11:43.82,53.82,-9.99,-9.16,14.11
2024/01/01 16:11:43.83,53.83,-8.54,-8.38,14.13
2024/01/01 16:11:43.84,53.84,-6.71,-7.47,13.65
2024/01/01 16:11:43.85,53.85,-4.61,-6.51,13.06
2024/01/01 16:11:43.86,53.86,-2.72,-5.76,12.51
2024/01/01 16:11:43.87,53.87,-1.63,-5.62,12.03
2024/01/01 16:11:43.88,53.88,-1.62,-6.33,11.88
2024/01/01 16:11:43.89,53.89,-2.61,-7.47,12.15
2024/01/01 16:11:43.90,53.90,-4.12,-8.20,12.61
2024/01/01 16:11:43.91,53.91,-5.49,-8.15,12.97
2024/01/01 16:11:43.92,53.92,-6.43,-7.37,13.23
2024/01/01 16:11:43.93,53.93,-6.96,-5.95,13.48
2024/01/01 16:11:43.94,53.94,-7.06,-4.38,13.80
2024/01/01 16:11:43.95,53.95,-6.77,-3.39,14.34
2024/01/01 16:11:43.96,53.96,-6.29,-3.46,15.23
2024/01/01 16:11:43.97,53.97,-5.90,-4.71,16.09
2024/01/01 16:11:43.98,53.98,-5.89,-6.94,16.37
2024/01/01 16:11:43.99,53.99,-6.26,-9.64,16.03
2024/01/01 16:11:44.00,54.00,-6.69,-12.05,15.50
2024/01/01 16:11:44.01,54.01,-6.95,-13.50,15.12
2024/01/01 16:11:44.02,54.02,-7.06,-13.88,14.89
2024/01/01 16:11:44.03,54.03,-7.10,-13.62,14.85
2024/01/01 16:11:44.04,54.04,-7.19,-13.11,15.18
2024/01/01 16:11:44.05,54.05,-7.56,-12.52,15.84
2024/01/01 16:11:44.06,54.06,-8.31,-11.85,16.31
2024/01/01 16:11:44.07,54.07,-9.38,-11.02,16.18
2024/01/01 16:11:44.08,54.08,-10.70,-9.88,15.70
2024/01/01 16:11:44.09,54.09,-12.04,-8.55,15.39
2024/01/01 16:11:44.10,54.10,-13.02,-7.59,15.20
2024/01/01 16:11:44.11,54.11,-13.26,-7.51,14.84
2024/01/01 16:11:44.12,54.12,-12.79,-8.23,14.32
2024/01/01 16:11:44.13,54.13,-12.07,-9.03,14.12
2024/01/01 16:11:44.14,54.14,-11.48,-9.08,14.52
2024/01/01 16:11:44.15,54.15,-10.93,-8.07,15.11
2024/01/01 16:11:44.16,54.16,-10.29,-6.20,15.16
2024/01/01 16:11:44.17,54.17,-9.55,-4.07,14.58
2024/01/01 16:11:44.18,54.18,-8.72,-2.56,13.87
2024/01/01 16:11:44.19,54.19,-8.10,-2.15,13.54
2024/01/01 16:11:44.20,54.20,-7.98,-2.51,13.65
2024/01/01 16:11:44.21,54.21,-8.22,-2.89,13.84
2024/01/01 16:11:44.22,54.22,-8.41,-2.68,13.66
2024/01/01 16:11:44.23,54.23,-8.15,-1.97,13.06
2024/01/01 16:11:44.24,54.24,-7.20,-1.59,12.35
2024/01/01 16:11:44.25,54.25,-5.84,-2.34,11.83
2024/01/01 16:11:44.26,54.26,-4.74,-4.19,11.64
2024/01/01 16:11:44.27,54.27,-4.33,-6.54,12.01
2024/01/01 16:11:44.28,54.28,-4.68,-8.55,13.04
2024/01/01 16:11:44.29,54.29,-5.59,-9.56,14.36
2024/01/01 16:11:44.30,54.30,-6.63,-9.49,15.36
2024/01/01 16:11:44.31,54.31,-7.31,-8.66,15.80
2024/01/01 16:11:44.32,54.32,-7.47,-7.48,16.00
2024/01/01 16:11:44.33,54.33,-7.30,-6.46,16.26
2024/01/01 16:11:44.34,54.34,-7.03,-6.01,16.54
2024/01/01 16:11:44.35,54.35,-6.84,-6.14,16.78
2024/01/01 16:11:44.36,54.36,-6.87,-6.61,16.97
2024/01/01 16:11:44.37,54.37,-7.21,-7.07,17.02
2024/01/01 16:11:44.38,54.38,-7.77,-7.19,16.79
2024/01/01 16:11:44.39,54.39,-8.40,-6.93,16.15
2024/01/01 16:11:44.40,54.40,-9.09,-6.30,15.06
2024/01/01 16:11:44.41,54.41,-9.70,-5.30,13.81
2024/01/01 16:11:44.42,54.42,-9.96,-4.27,12.81
2024/01/01 16:11:44.43,54.43,-9.71,-3.79,12.34
2024/01/01 16:11:44.44,54.44,-8.92,-3.97,12.45
2024/01/01 16:11:44.45,54.45,-7.66,-4.25,12.94
2024/01/01 16:11:44.46,54.46,-6.17,-3.90,13.29
2024/01/01 16:11:44.47,54.47,-4.68,-2.69,13.02
2024/01/01 16:11:44.48,54.48,-3.36,-1.19,12.18
2024/01/01 16:11:44.49,54.49,-2.39,-0.47,11.34
2024/01/01 16:11:44.50,54.50,-1.93,-1.47,10.96
2024/01/01 16:11:44.51,54.51,-1.94,-4.41,11.16
2024/01/01 16:11:44.52,54.52,-2.20,-8.35,11.89
2024/01/01 16:11:44.53,54.53,-2.41,-11.71,12.87
2024/01/01 16:11:44.54,54.54,-2.33,-13.34,13.59
2024/01/01 16:11:44.55,54.55,-2.02,-13.20,13.71
2024/01/01 16:11:44.56,54.56,-1.97,-12.21,13.30
2024/01/01 16:11:44.57,54.57,-2.60,-11.53,12.71
2024/01/01 16:11:44.58,54.58,-3.82,-11.85,12.40
2024/01/01 16:11:44.59,54.59,-5.30,-13.06,12.50
2024/01/01 16:11:44.60,54.60,-6.94,-14.34,12.66
2024/01/01 16:11:44.61,54.61,-8.59,-14.76,12.64
2024/01/01 16:11:44.62,54.62,-9.93,-14.09,12.57
2024/01/01 16:11:44.63,54.63,-10.86,-12.73,12.59
2024/01/01 16:11:44.64,54.64,-11.51,-11.35,12.67
2024/01/01 16:11:44.65,54.65,-12.02,-10.56,13.00
2024/01/01 16:11:44.66,54.66,-12.75,-10.11,13.88
2024/01/01 16:11:44.67,54.67,-13.90,-9.22,15.25
2024/01/01 16:11:44.68,54.68,-15.11,-7.74,16.60
2024/01/01 16:11:44.69,54.69,-15.71,-6.30,17.54
2024/01/01 16:11:44.70,54.70,-15.34,-5.57,18.13
2024/01/01 16:11:44.71,54.71,-14.32,-5.74,18.44
2024/01/01 16:11:44.72,54.72,-13.36,-6.37,18.39
2024/01/01 16:11:44.73,54.73,-13.03,-6.96,18.02
2024/01/01 16:11:44.74,54.74,-13.40,-7.42,17.38
2024/01/01 16:11:44.75,54.75,-14.16,-7.87,16.53
2024/01/01 16:11:44.76,54.76,-15.00,-8.35,15.79
2024/01/01 16:11:44.77,54.77,-15.68,-8.78,15.48
2024/01/01 16:11:44.78,54.78,-16.21,-8.84,15.46
2024/01/01 16:11:44.79,54.79,-16.66,-8.28,15.48
2024/01/01 16:11:44.80,54.80,-17.07,-7.26,15.37
2024/01/01 16:11:44.81,54.81,-17.40,-6.11,15.14
2024/01/01 16:11:44.82,54.82,-17.45,-5.17,14.96
2024/01/01 16:11:44.83,54.83,-16.88,-4.83,15.01
2024/01/01 16:11:44.84,54.84,-15.78,-4.91,15.18
2024/01/01 16:11:44.85,54.85,-14.48,-4.59,15.40
2024/01/01 16:11:44.86,54.86,-13.01,-3.57,15.79
2024/01/01 16:11:44.87,54.87,-11.37,-2.39,16.25
2024/01/01 16:11:44.88,54.88,-9.69,-1.72,16.32
2024/01/01 16:11:44.89,54.89,-8.02,-2.00,15.80
2024/01/01 16:11:44.90,54.90,-6.51,-3.05,15.11
2024/01/01 16:11:44.91,54.91,-5.64,-4.10,14.81
2024/01/01 16:11:44.92,54.92,-5.73,-4.69,14.81
2024/01/01 16:11:44.93,54.93,-6.58,-5.14,14.76
2024/01/01 16:11:44.94,54.94,-7.62,-5.68,14.72
2024/01/01 16:11:44.95,54.95,-8.25,-6.01,14.86
2024/01/01 16:11:44.96,54.96,-8.16,-5.59,14.91
2024/01/01 16:11:44.97,54.97,-7.48,-4.12,14.67
2024/01/01 16:11:44.98,54.98,-6.55,-1.95,14.28
2024/01/01 16:11:44.99,54.99,-5.81,0.04,14.09
2024/01/01 16:11:45.00,55.00,-5.54,0.94,14.35
2024/01/01 16:11:45.01,55.01,-5.65,0.52,15.13
2024/01/01 16:11:45.02,55.02,-5.71,-0.59,16.28
2024/01/01 16:11:45.03,55.03,-5.33,-1.74,17.50
2024/01/01 16:11:45.04,55.04,-4.34,-3.16,18.51
2024/01/01 16:11:45.05,55.05,-2.76,-5.44,19.17
2024/01/01 16:11:45.06,55.06,-1.01,-8.57,19.39
2024/01/01 16:11:45.07,55.07,0.30,-11.78,19.08
2024/01/01 16:11:45.08,55.08,0.63,-14.04,18.16
2024/01/01 16:11:45.09,55.09,-0.18,-14.90,16.68
2024/01/01 16:11:45.10,55.10,-1.80,-14.98,14.92
2024/01/01 16:11:45.11,55.11,-3.55,-15.29,13.24
2024/01/01 16:11:45.12,55.12,-5.15,-16.15,11.72
2024/01/01 16:11:45.13,55.13,-6.69,-16.93,10.42
2024/01/01 16:11:45.14,55.14,-8.18,-16.81,9.64
2024/01/01 16:11:45.15,55.15,-9.51,-15.44,9.48
2024/01/01 16:11:45.16,55.16,-10.57,-13.10,9.51
2024/01/01 16:11:45.17,55.17,-11.13,-10.65,9.24
2024/01/01 16:11:45.18,55.18,-10.96,-8.86,8.83
2024/01/01 16:11:45.19,55.19,-10.20,-7.72,8.84
2024/01/01 16:11:45.20,55.20,-9.21,-6.83,9.47
2024/01/01 16:11:45.21,55.21,-8.22,-6.14,10.37
2024/01/01 16:11:45.22,55.22,-7.40,-5.72,11.18
2024/01/01 16:11:45.23,55.23,-6.89,-5.46,11.88
2024/01/01 16:11:45.24,55.24,-6.73,-5.30,12.77
2024/01/01 16:11:45.25,55.25,-6.83,-5.29,14.05
2024/01/01 16:11:45.26,55.26,-6.95,-5.36,15.60
2024/01/01 16:11:45.27,55.27,-6.97,-5.44,17.09
2024/01/01 16:11:45.28,55.28,-7.18,-5.62,18.35
2024/01/01 16:11:45.29,55.29,-8.00,-5.95,19.35
2024/01/01 16:11:45.30,55.30,-9.61,-6.25,20.03
2024/01/01 16:11:45.31,55.31,-11.79,-6.45,20.44
2024/01/01 16:11:45.32,55.32,-14.03,-6.61,20.64
2024/01/01 16:11:45.33,55.33,-15.86,-6.72,20.46
2024/01/01 16:11:45.34,55.34,-16.88,-6.53,19.92
2024/01/01 16:11:45.35,55.35,-16.87,-5.80,19.35
2024/01/01 16:11:45.36,55.36,-15.97,-4.43,18.87
2024/01/01 16:11:45.37,55.37,-14.47,-2.61,18.21
2024/01/01 16:11:45.38,55.38,-12.45,-0.99,16.99
2024/01/01 16:11:45.39,55.39,-10.23,-0.06,15.32
2024/01/01 16:11:45.40,55.40,-8.34,0.02,13.73
2024/01/01 16:11:45.41,55.41,-7.15,-0.77,12.57
2024/01/01 16:11:45.42,55.42,-6.75,-2.38,11.97
2024/01/01 16:11:45.43,55.43,-6.94,-4.86,11.94
2024/01/01 16:11:45.44,55.44,-7.37,-8.19,12.36
2024/01/01 16:11:45.45,55.45,-7.92,-11.66,13.02
2024/01/01 16:11:45.46,55.46,-8.65,-14.19,13.56
2024/01/01 16:11:45.47,55.47,-9.58,-14.91,13.61
2024/01/01 16:11:45.48,55.48,-10.58,-13.53,13.26
2024/01/01 16:11:45.49,55.49,-11.23,-10.95,12.90
2024/01/01 16:11:45.50,55.50,-11.17,-8.65,12.74
2024/01/01 16:11:45.51,55.51,-10.20,-7.51,12.80
2024/01/01 16:11:45.52,55.52,-8.28,-7.67,13.00
2024/01/01 16:11:45.53,55.53,-5.86,-8.51,13.21
2024/01/01 16:11:45.54,55.54,-3.66,-9.09,13.20
2024/01/01 16:11:45.55,55.55,-2.34,-8.94,12.67
2024/01/01 16:11:45.56,55.56,-2.38,-8.32,11.53
2024/01/01 16:11:45.57,55.57,-3.81,-8.02,10.13
2024/01/01 16:11:45.58,55.58,-6.10,-8.81,9.15
2024/01/01 16:11:45.59,55.59,-8.42,-10.59,9.19
2024/01/01 16:11:45.60,55.60,-10.12,-12.26,10.46
2024/01/01 16:11:45.61,55.61,-10.84,-12.87,12.71
2024/01/01 16:11:45.62,55.62,-10.46,-12.38,15.26
2024/01/01 16:11:45.63,55.63,-9.15,-11.32,17.31
2024/01/01 16:11:45.64,55.64,-7.44,-10.23,18.63
2024/01/01 16:11:45.65,55.65,-5.91,-9.22,19.58
2024/01/01 16:11:45.66,55.66,-4.99,-7.95,20.42
2024/01/01 16:11:45.67,55.67,-4.77,-6.33,20.82
2024/01/01 16:11:45.68,55.68,-4.87,-4.89,20.27
2024/01/01 16:11:45.69,55.69,-4.72,-4.19,18.98
2024/01/01 16:11:45.70,55.70,-4.04,-4.24,17.87
2024/01/01 16:11:45.71,55.71,-3.03,-4.60,17.48
2024/01/01 16:11:45.72,55.72,-2.15,-4.63,17.36
2024/01/01 16:11:45.73,55.73,-1.70,-4.11,16.93
2024/01/01 16:11:45.74,55.74,-1.61,-3.43,16.36
2024/01/01 16:11:45.75,55.75,-1.59,-3.06,16.04
2024/01/01 16:11:45.76,55.76,-1.55,-3.23,15.87
2024/01/01 16:11:45.77,55.77,-1.60,-3.88,15.55
2024/01/01 16:11:45.78,55.78,-1.82,-4.69,15.21
2024/01/01 16:11:45.79,55.79,-2.41,-5.34,15.28
2024/01/01 16:11:45.80,55.80,-3.56,-5.87,15.82
2024/01/01 16:11:45.81,55.81,-5.20,-6.51,16.29
2024/01/01 16:11:45.82,55.82,-7.15,-7.01,16.20
2024/01/01 16:11:45.83,55.83,-9.04,-6.67,15.60
2024/01/01 16:11:45.84,55.84,-10.24,-5.22,14.75
2024/01/01 16:11:45.85,55.85,-10.43,-3.09,13.98
2024/01/01 16:11:45.86,55.86,-9.70,-0.99,13.67
2024/01/01 16:11:45.87,55.87,-8.49,0.41,14.00
2024/01/01 16:11:45.88,55.88,-7.36,0.91,14.79
2024/01/01 16:11:45.89,55.89,-6.67,0.69,15.60
2024/01/01 16:11:45.90,55.90,-6.48,-0.18,15.99
2024/01/01 16:11:45.91,55.91,-7.00,-1.69,15.87
2024/01/01 16:11:45.92,55.92,-8.47,-3.68,15.25
2024/01/01 16:11:45.93,55.93,-10.76,-5.99,14.08
2024/01/01 16:11:45.94,55.94,-13.39,-8.56,12.72
2024/01/01 16:11:45.95,55.95,-15.65,-11.27,11.84
2024/01/01 16:11:45.96,55.96,-17.06,-13.86,11.51
2024/01/01 16:11:45.97,55.97,-17.68,-15.68,11.39
2024/01/01 16:11:45.98,55.98,-17.71,-16.05,11.46
2024/01/01 16:11:45.99,55.99,-17.29,-14.76,11.92
2024/01/01 16:11:46.00,56.00,-16.54,-12.28,12.56
2024/01/01 16:11:46.01,56.01,-15.45,-9.92,12.86
2024/01/01 16:11:46.02,56.02,-14.04,-9.11,12.78
2024/01/01 16:11:46.03,56.03,-12.49,-10.11,12.78
2024/01/01 16:11:46.04,56.04,-11.00,-12.28,12.94
2024/01/01 16:11:46.05,56.05,-9.81,-14.74,13.02
2024/01/01 16:11:46.06,56.06,-9.06,-16.69,13.08
2024/01/01 16:11:46.07,56.07,-8.78,-17.57,13.27
2024/01/01 16:11:46.08,56.08,-9.08,-17.38,13.48
2024/01/01 16:11:46.09,56.09,-9.97,-16.61,13.76
2024/01/01 16:11:46.10,56.10,-11.19,-15.82,14.35
2024/01/01 16:11:46.11,56.11,-12.49,-15.07,15.27
2024/01/01 16:11:46.12,56.12,-13.65,-14.23,16.09
2024/01/01 16:11:46.13,56.13,-14.48,-13.32,16.53
2024/01/01 16:11:46.14,56.14,-14.76,-12.41,16.86
2024/01/01 16:11:46.15,56.15,-14.28,-11.33,17.33
2024/01/01 16:11:46.16,56.16,-12.83,-9.86,17.75
2024/01/01 16:11:46.17,56.17,-10.37,-7.92,17.84
2024/01/01 16:11:46.18,56.18,-7.29,-5.61,17.58
2024/01/01 16:11:46.19,56.19,-4.12,-3.36,17.10
2024/01/01 16:11:46.20,56.20,-1.33,-1.87,16.51
2024/01/01 16:11:46.21,56.21,0.87,-1.65,15.94
2024/01/01 16:11:46.22,56.22,2.45,-2.47,15.63
2024/01/01 16:11:46.23,56.23,3.30,-3.54,15.77
2024/01/01 16:11:46.24,56.24,3.21,-4.18,16.27
2024/01/01 16:11:46.25,56.25,2.22,-4.30,16.69
2024/01/01 16:11:46.26,56.26,0.68,-4.24,16.73
2024/01/01 16:11:46.27,56.27,-1.10,-4.34,16.26
2024/01/01 16:11:46.28,56.28,-2.96,-4.67,15.42
2024/01/01 16:11:46.29,56.29,-4.68,-5.13,14.55
2024/01/01 16:11:46.30,56.30,-5.91,-5.66,13.88
2024/01/01 16:11:46.31,56.31,-6.42,-6.21,13.49
2024/01/01 16:11:46.32,56.32,-6.09,-6.63,13.38
2024/01/01 16:11:46.33,56.33,-5.05,-6.73,13.47
2024/01/01 16:11:46.34,56.34,-3.73,-6.04,13.49
2024/01/01 16:11:46.35,56.35,-2.64,-4.13,13.17
2024/01/01 16:11:46.36,56.36,-2.11,-1.16,12.35
2024/01/01 16:11:46.37,56.37,-2.22,2.19,11.10
2024/01/01 16:11:46.38,56.38,-2.90,5.11,9.77
2024/01/01 16:11:46.39,56.39,-3.96,6.59,8.97
2024/01/01 16:11:46.40,56.40,-5.08,5.74,9.26
2024/01/01 16:11:46.41,56.41,-6.05,2.50,10.68
2024/01/01 16:11:46.42,56.42,-7.07,-2.16,12.63
2024/01/01 16:11:46.43,56.43,-8.50,-6.98,14.60
2024/01/01 16:11:46.44,56.44,-10.27,-10.87,16.38
2024/01/01 16:11:46.45,56.45,-11.73,-13.27,17.75
2024/01/01 16:11:46.46,56.46,-12.24,-14.22,18.26
2024/01/01 16:11:46.47,56.47,-11.85,-14.48,17.85
2024/01/01 16:11:46.48,56.48,-11.10,-14.96,17.27
2024/01/01 16:11:46.49,56.49,-10.51,-15.99,17.26
2024/01/01 16:11:46.50,56.50,-10.38,-17.15,17.80
2024/01/01 16:11:46.51,56.51,-10.61,-17.85,18.34
2024/01/01 16:11:46.52,56.52,-10.71,-17.63,18.51
2024/01/01 16:11:46.53,56.53,-10.30,-16.56,18.26
2024/01/01 16:11:46.54,56.54,-9.43,-15.32,17.58
2024/01/01 16:11:46.55,56.55,-8.30,-14.79,16.52
2024/01/01 16:11:46.56,56.56,-7.01,-15.02,15.54
2024/01/01 16:11:46.57,56.57,-5.68,-15.12,15.10
2024/01/01 16:11:46.58,56.58,-4.67,-14.41,15.11
2024/01/01 16:11:46.59,56.59,-4.38,-13.14,15.29
2024/01/01 16:11:46.60,56.60,-4.98,-11.93,15.60
2024/01/01 16:11:46.61,56.61,-6.42,-10.81,16.19
2024/01/01 16:11:46.62,56.62,-8.42,-9.28,16.99
2024/01/01 16:11:46.63,56.63,-10.48,-7.29,17.70
2024/01/01 16:11:46.64,56.64,-11.96,-5.28,18.10
2024/01/01 16:11:46.65,56.65,-12.40,-3.70,18.33
2024/01/01 16:11:46.66,56.66,-11.73,-2.70,18.51
2024/01/01 16:11:46.67,56.67,-10.25,-2.01,18.40
2024/01/01 16:11:46.68,56.68,-8.36,-1.15,17.86
2024/01/01 16:11:46.69,56.69,-6.38,-0.17,17.27
2024/01/01 16:11:46.70,56.70,-4.68,0.49,17.04
2024/01/01 16:11:46.71,56.71,-3.58,0.60,16.91
2024/01/01 16:11:46.72,56.72,-3.19,0.21,16.32
2024/01/01 16:11:46.73,56.73,-3.48,-0.35,15.25
2024/01/01 16:11:46.74,56.74,-4.50,-0.44,14.11
2024/01/01 16:11:46.75,56.75,-6.20,0.34,13.17
2024/01/01 16:11:46.76,56.76,-8.15,1.65,12.49
2024/01/01 16:11:46.77,56.77,-9.97,2.75,12.00
2024/01/01 16:11:46.78,56.78,-11.56,3.07,11.74
2024/01/01 16:11:46.79,56.79,-12.77,2.45,11.88
2024/01/01 16:11:46.80,56.80,-13.40,1.12,12.56
2024/01/01 16:11:46.81,56.81,-13.59,-0.46,13.48
2024/01/01 16:11:46.82,56.82,-13.61,-2.01,13.99
2024/01/01 16:11:46.83,56.83,-13.58,-3.45,13.81
2024/01/01 16:11:46.84,56.84,-13.59,-4.77,13.30
2024/01/01 16:11:46.85,56.85,-13.75,-5.80,12.80
2024/01/01 16:11:46.86,56.86,-14.24,-6.33,12.19
2024/01/01 16:11:46.87,56.87,-15.10,-6.11,11.38
2024/01/01 16:11:46.88,56.88,-15.96,-5.30,10.55
2024/01/01 16:11:46.89,56.89,-16.31,-4.66,9.97
2024/01/01 16:11:46.90,56.90,-16.00,-4.92,9.82
2024/01/01 16:11:46.91,56.91,-15.10,-6.19,10.19
2024/01/01 16:11:46.92,56.92,-13.72,-8.09,11.16
2024/01/01 16:11:46.93,56.93,-12.04,-9.97,12.60
2024/01/01 16:11:46.94,56.94,-10.27,-11.26,13.89
2024/01/01 16:11:46.95,56.95,-8.52,-11.80,14.38
2024/01/01 16:11:46.96,56.96,-6.69,-11.81,14.07
2024/01/01 16:11:46.97,56.97,-4.80,-11.48,13.50
2024/01/01 16:11:46.98,56.98,-3.11,-11.04,13.19
2024/01/01 16:11:46.99,56.99,-1.82,-10.92,13.39
2024/01/01 16:11:47.00,57.00,-0.84,-11.42,14.18
2024/01/01 16:11:47.01,57.01,-0.09,-12.52,15.54
2024/01/01 16:11:47.02,57.02,0.41,-14.13,17.21
2024/01/01 16:11:47.03,57.03,0.63,-16.01,18.64
2024/01/01 16:11:47.04,57.04,0.56,-17.58,19.44
2024/01/01 16:11:47.05,57.05,0.24,-18.31,19.67
2024/01/01 16:11:47.06,57.06,-0.28,-18.20,19.58
2024/01/01 16:11:47.07,57.07,-1.03,-17.67,19.42
2024/01/01 16:11:47.08,57.08,-1.95,-17.05,19.47
2024/01/01 16:11:47.09,57.09,-2.97,-16.34,19.71
2024/01/01 16:11:47.10,57.10,-4.09,-15.20,19.78
2024/01/01 16:11:47.11,57.11,-5.18,-13.40,19.25
2024/01/01 16:11:47.12,57.12,-5.88,-11.08,18.24
2024/01/01 16:11:47.13,57.13,-5.87,-8.49,17.42
2024/01/01 16:11:47.14,57.14,-5.26,-6.09,17.12
2024/01/01 16:11:47.15,57.15,-4.46,-4.57,17.03
2024/01/01 16:11:47.16,57.16,-3.75,-4.17,17.05
2024/01/01 16:11:47.17,57.17,-3.32,-4.37,17.27
2024/01/01 16:11:47.18,57.18,-3.27,-4.24,17.47
2024/01/01 16:11:47.19,57.19,-3.74,-3.05,17.18
2024/01/01 16:11:47.20,57.20,-4.71,-1.02,16.36
2024/01/01 16:11:47.21,57.21,-6.02,0.82,15.54
2024/01/01 16:11:47.22,57.22,-7.49,1.60,15.09
2024/01/01 16:11:47.23,57.23,-8.96,1.06,14.80
2024/01/01 16:11:47.24,57.24,-10.20,-0.40,14.50
2024/01/01 16:11:47.25,57.25,-11.04,-1.84,14.33
2024/01/01 16:11:47.26,57.26,-11.48,-2.54,14.36
2024/01/01 16:11:47.27,57.27,-11.44,-2.36,14.35
2024/01/01 16:11:47.28,57.28,-10.96,-1.62,13.93
2024/01/01 16:11:47.29,57.29,-10.45,-0.80,12.83
2024/01/01 16:11:47.30,57.30,-10.31,-0.42,11.40
2024/01/01 16:11:47.31,57.31,-10.72,-0.98,10.45
2024/01/01 16:11:47.32,57.32,-11.89,-2.57,10.40
2024/01/01 16:11:47.33,57.33,-13.82,-4.46,10.76
2024/01/01 16:11:47.34,57.34,-16.02,-5.87,10.88
2024/01/01 16:11:47.35,57.35,-17.86,-6.68,10.89
2024/01/01 16:11:47.36,57.36,-18.80,-7.01,11.31
2024/01/01 16:11:47.37,57.37,-18.67,-7.00,12.14
2024/01/01 16:11:47.38,57.38,-17.81,-6.84,13.05
2024/01/01 16:11:47.39,57.39,-16.49,-6.63,13.96
2024/01/01 16:11:47.40,57.40,-14.82,-6.19,14.88
2024/01/01 16:11:47.41,57.41,-13.01,-5.38,15.63
2024/01/01 16:11:47.42,57.42,-11.29,-4.64,16.03
2024/01/01 16:11:47.43,57.43,-9.76,-4.63,16.14
2024/01/01 16:11:47.44,57.44,-8.48,-5.42,16.09
2024/01/01 16:11:47.45,57.45,-7.42,-6.47,15.58
2024/01/01 16:11:47.46,57.46,-6.51,-7.33,14.45
2024/01/01 16:11:47.47,57.47,-5.66,-7.85,13.22
2024/01/01 16:11:47.48,57.48,-5.01,-7.97,12.75
2024/01/01 16:11:47.49,57.49,-5.00,-7.87,13.27
2024/01/01 16:11:47.50,57.50,-5.79,-8.03,14.21
2024/01/01 16:11:47.51,57.51,-6.89,-8.86,14.99
2024/01/01 16:11:47.52,57.52,-7.57,-10.18,15.46
2024/01/01 16:11:47.53,57.53,-7.52,-11.48,15.58
2024/01/01 16:11:47.54,57.54,-6.97,-12.45,15.33
2024/01/01 16:11:47.55,57.55,-6.50,-12.92,14.91
2024/01/01 16:11:47.56,57.56,-6.35,-12.72,14.66
2024/01/01 16:11:47.57,57.57,-6.26,-11.90,14.66
2024/01/01 16:11:47.58,57.58,-5.83,-10.74,14.70
2024/01/01 16:11:47.59,57.59,-4.83,-9.42,14.75
2024/01/01 16:11:47.60,57.60,-3.41,-7.98,15.00
2024/01/01 16:11:47.61,57.61,-1.99,-6.53,15.40
2024/01/01 16:11:47.62,57.62,-0.83,-5.46,15.63
2024/01/01 16:11:47.63,57.63,0.08,-5.15,15.64
2024/01/01 16:11:47.64,57.64,0.66,-5.55,15.74
2024/01/01 16:11:47.65,57.65,0.46,-6.29,16.03
2024/01/01 16:11:47.66,57.66,-0.96,-7.03,16.20
2024/01/01 16:11:47.67,57.67,-3.61,-7.63,15.97
2024/01/01 16:11:47.68,57.68,-6.86,-8.39,15.55
2024/01/01 16:11:47.69,57.69,-9.75,-9.84,15.07
2024/01/01 16:11:47.70,57.70,-11.55,-12.14,14.43
2024/01/01 16:11:47.71,57.71,-11.89,-14.74,13.75
2024/01/01 16:11:47.72,57.72,-10.83,-16.82,13.49
2024/01/01 16:11:47.73,57.73,-8.93,-17.60,13.78
2024/01/01 16:11:47.74,57.74,-6.80,-16.82,14.22
2024/01/01 16:11:47.75,57.75,-4.77,-14.86,14.45
2024/01/01 16:11:47.76,57.76,-3.13,-12.49,14.43
2024/01/01 16:11:47.77,57.77,-2.18,-10.47,14.20
2024/01/01 16:11:47.78,57.78,-1.92,-9.37,13.67
2024/01/01 16:11:47.79,57.79,-2.25,-9.45,12.82
2024/01/01 16:11:47.80,57.80,-3.21,-10.32,11.93
2024/01/01 16:11:47.81,57.81,-4.96,-11.04,11.31
2024/01/01 16:11:47.82,57.82,-7.48,-10.84,11.07
2024/01/01 16:11:47.83,57.83,-10.51,-9.65,11.14
2024/01/01 16:11:47.84,57.84,-13.40,-7.90,11.52
2024/01/01 16:11:47.85,57.85,-15.49,-6.37,12.35
2024/01/01 16:11:47.86,57.86,-16.38,-5.81,13.59
2024/01/01 16:11:47.87,57.87,-16.04,-6.43,14.94
2024/01/01 16:11:47.88,57.88,-14.72,-7.66,16.20
2024/01/01 16:11:47.89,57.89,-12.95,-8.55,17.33
2024/01/01 16:11:47.90,57.90,-11.27,-8.48,18.02
2024/01/01 16:11:47.91,57.91,-10.00,-7.60,17.79
2024/01/01 16:11:47.92,57.92,-9.10,-6.84,16.79
2024/01/01 16:11:47.93,57.93,-8.55,-6.77,15.77
2024/01/01 16:11:47.94,57.94,-8.51,-7.13,15.27
2024/01/01 16:11:47.95,57.95,-8.93,-7.41,15.13
2024/01/01 16:11:47.96,57.96,-9.49,-7.33,14.99
2024/01/01 16:11:47.97,57.97,-9.96,-6.71,14.98
2024/01/01 16:11:47.98,57.98,-10.26,-5.69,15.47
2024/01/01 16:11:47.99,57.99,-10.38,-4.77,16.53
2024/01/01 16:11:48.00,58.00,-10.35,-4.33,17.68
2024/01/01 16:11:48.01,58.01,-10.14,-4.37,18.39
2024/01/01 16:11:48.02,58.02,-9.71,-4.62,18.61
2024/01/01 16:11:48.03,58.03,-9.21,-4.68,18.61
2024/01/01 16:11:48.04,58.04,-8.75,-4.42,18.42
2024/01/01 16:11:48.05,58.05,-8.34,-3.79,17.73
2024/01/01 16:11:48.06,58.06,-7.82,-2.55,16.53
2024/01/01 16:11:48.07,58.07,-7.04,-0.59,15.18
2024/01/01 16:11:48.08,58.08,-6.01,1.73,14.05
2024/01/01 16:11:48.09,58.09,-4.90,3.90,13.36
2024/01/01 16:11:48.10,58.10,-3.78,5.55,13.25
2024/01/01 16:11:48.11,58.11,-2.68,6.54,13.62
2024/01/01 16:11:48.12,58.12,-1.69,6.79,14.06
2024/01/01 16:11:48.13,58.13,-0.96,6.01,14.20
2024/01/01 16:11:48.14,58.14,-0.62,4.16,13.99
2024/01/01 16:11:48.15,58.15,-0.92,1.82,13.50
2024/01/01 16:11:48.16,58.16,-2.03,-0.14,12.86
2024/01/01 16:11:48.17,58.17,-3.72,-1.20,12.46
2024/01/01 16:11:48.18,58.18,-5.42,-1.65,12.58
2024/01/01 16:11:48.19,58.19,-6.55,-2.51,13.07
2024/01/01 16:11:48.20,58.20,-6.66,-4.71,13.57
2024/01/01 16:11:48.21,58.21,-5.77,-8.13,13.90
2024/01/01 16:11:48.22,58.22,-4.34,-11.44,13.91
2024/01/01 16:11:48.23,58.23,-2.93,-13.24,13.44
2024/01/01 16:11:48.24,58.24,-1.95,-13.20,12.63
2024/01/01 16:11:48.25,58.25,-1.78,-11.98,11.81
2024/01/01 16:11:48.26,58.26,-2.57,-10.43,11.17
2024/01/01 16:11:48.27,58.27,-4.16,-9.01,10.85
2024/01/01 16:11:48.28,58.28,-6.12,-7.73,11.03
2024/01/01 16:11:48.29,58.29,-7.84,-6.59,11.68
2024/01/01 16:11:48.30,58.30,-8.86,-6.10,12.42
2024/01/01 16:11:48.31,58.31,-9.09,-6.99,12.87
2024/01/01 16:11:48.32,58.32,-8.81,-9.36,13.20
2024/01/01 16:11:48.33,58.33,-8.36,-12.42,13.91
2024/01/01 16:11:48.34,58.34,-8.04,-14.93,15.10
2024/01/01 16:11:48.35,58.35,-8.02,-15.80,16.22
2024/01/01 16:11:48.36,58.36,-8.36,-14.78,16.51
2024/01/01 16:11:48.37,58.37,-9.03,-12.79,15.90
2024/01/01 16:11:48.38,58.38,-9.95,-11.03,15.08
2024/01/01 16:11:48.39,58.39,-11.05,-10.23,14.56
2024/01/01 16:11:48.40,58.40,-12.07,-10.60,14.39
2024/01/01 16:11:48.41,58.41,-12.58,-11.86,14.51
2024/01/01 16:11:48.42,58.42,-12.46,-13.48,14.99
2024/01/01 16:11:48.43,58.43,-12.04,-14.95,15.75
2024/01/01 16:11:48.44,58.44,-11.67,-16.08,16.58
2024/01/01 16:11:48.45,58.45,-11.53,-16.84,17.29
2024/01/01 16:11:48.46,58.46,-11.80,-17.04,17.81
2024/01/01 16:11:48.47,58.47,-12.50,-16.41,18.17
2024/01/01 16:11:48.48,58.48,-13.57,-15.01,18.44
2024/01/01 16:11:48.49,58.49,-15.00,-13.11,18.61
2024/01/01 16:11:48.50,58.50,-16.46,-11.17,18.58
2024/01/01 16:11:48.51,58.51,-17.46,-9.68,18.22
2024/01/01 16:11:48.52,58.52,-17.78,-8.78,17.52
2024/01/01 16:11:48.53,58.53,-17.46,-8.19,16.63
2024/01/01 16:11:48.54,58.54,-16.49,-7.85,15.87
2024/01/01 16:11:48.55,58.55,-15.01,-8.08,15.57
2024/01/01 16:11:48.56,58.56,-13.23,-9.32,15.66
2024/01/01 16:11:48.57,58.57,-11.37,-11.53,15.77
2024/01/01 16:11:48.58,58.58,-9.73,-13.78,15.79
2024/01/01 16:11:48.59,58.59,-8.64,-14.74,15.91
2024/01/01 16:11:48.60,58.60,-8.34,-13.52,16.06
2024/01/01 16:11:48.61,58.61,-8.65,-10.18,15.76
2024/01/01 16:11:48.62,58.62,-9.01,-5.89,14.67
2024/01/01 16:11:48.63,58.63,-8.87,-2.16,13.14
2024/01/01 16:11:48.64,58.64,-8.05,-0.05,11.93
2024/01/01 16:11:48.65,58.65,-6.96,0.14,11.26
2024/01/01 16:11:48.66,58.66,-6.38,-1.21,10.82
2024/01/01 16:11:48.67,58.67,-6.73,-3.27,10.42
2024/01/01 16:11:48.68,58.68,-7.71,-5.16,10.21
2024/01/01 16:11:48.69,58.69,-8.75,-6.07,10.24
2024/01/01 16:11:48.70,58.70,-9.32,-5.60,10.41
2024/01/01 16:11:48.71,58.71,-9.09,-3.89,10.69
2024/01/01 16:11:48.72,58.72,-8.11,-1.40,11.21
2024/01/01 16:11:48.73,58.73,-6.69,1.22,12.04
2024/01/01 16:11:48.74,58.74,-5.08,3.02,13.08
2024/01/01 16:11:48.75,58.75,-3.42,3.21,14.17
2024/01/01 16:11:48.76,58.76,-2.00,1.58,15.14
2024/01/01 16:11:48.77,58.77,-1.27,-1.40,16.00
2024/01/01 16:11:48.78,58.78,-1.54,-4.60,16.82
2024/01/01 16:11:48.79,58.79,-2.71,-6.53,17.43
2024/01/01 16:11:48.80,58.80,-4.19,-6.30,17.44
2024/01/01 16:11:48.81,58.81,-5.19,-4.25,16.74
2024/01/01 16:11:48.82,58.82,-5.25,-1.55,15.71
2024/01/01 16:11:48.83,58.83,-4.60,0.45,14.83
2024/01/01 16:11:48.84,58.84,-3.87,0.74,14.37
2024/01/01 16:11:48.85,58.85,-3.79,-0.74,14.38
2024/01/01 16:11:48.86,58.86,-4.78,-3.00,14.71
2024/01/01 16:11:48.87,58.87,-6.58,-4.75,15.09
2024/01/01 16:11:48.88,58.88,-8.50,-5.41,15.41
2024/01/01 16:11:48.89,58.89,-9.81,-5.36,15.58
2024/01/01 16:11:48.90,58.90,-10.02,-5.21,15.52
2024/01/01 16:11:48.91,58.91,-9.19,-5.11,15.30
2024/01/01 16:11:48.92,58.92,-7.80,-4.92,15.23
2024/01/01 16:11:48.93,58.93,-6.32,-4.51,15.50
2024/01/01 16:11:48.94,58.94,-5.08,-3.94,15.75
2024/01/01 16:11:48.95,58.95,-4.31,-3.52,15.51
2024/01/01 16:11:48.96,58.96,-4.07,-3.52,14.91
2024/01/01 16:11:48.97,58.97,-4.52,-3.91,14.49
2024/01/01 16:11:48.98,58.98,-5.89,-4.38,14.48
2024/01/01 16:11:48.99,58.99,-8.01,-4.69,14.60
2024/01/01 16:11:49.00,59.00,-10.28,-4.88,14.42
2024/01/01 16:11:49.01,59.01,-12.03,-5.17,13.85
2024/01/01 16:11:49.02,59.02,-12.74,-5.75,13.22
2024/01/01 16:11:49.03,59.03,-12.24,-6.53,12.77
2024/01/01 16:11:49.04,59.04,-10.83,-7.26,12.51
2024/01/01 16:11:49.05,59.05,-9.14,-7.75,12.45
2024/01/01 16:11:49.06,59.06,-7.77,-7.93,12.69
2024/01/01 16:11:49.07,59.07,-7.01,-7.76,13.23
2024/01/01 16:11:49.08,59.08,-6.68,-7.31,13.66
2024/01/01 16:11:49.09,59.09,-6.29,-6.82,13.46
2024/01/01 16:11:49.10,59.10,-5.62,-6.37,12.67
2024/01/01 16:11:49.11,59.11,-4.84,-5.87,11.95
2024/01/01 16:11:49.12,59.12,-4.36,-5.40,11.78
2024/01/01 16:11:49.13,59.13,-4.80,-5.27,12.10
2024/01/01 16:11:49.14,59.14,-6.45,-5.66,12.68
2024/01/01 16:11:49.15,59.15,-8.95,-6.54,13.52
2024/01/01 16:11:49.16,59.16,-11.65,-7.69,14.64
2024/01/01 16:11:49.17,59.17,-13.99,-8.96,15.75
2024/01/01 16:11:49.18,59.18,-15.54,-10.45,16.42
2024/01/01 16:11:49.19,59.19,-16.07,-12.11,16.43
2024/01/01 16:11:49.20,59.20,-15.65,-13.51,16.02
2024/01/01 16:11:49.21,59.21,-14.49,-14.34,15.55
2024/01/01 16:11:49.22,59.22,-12.98,-14.61,15.17
2024/01/01 16:11:49.23,59.23,-11.62,-14.47,14.89
2024/01/01 16:11:49.24,59.24,-10.66,-14.20,14.82
2024/01/01 16:11:49.25,59.25,-10.16,-14.08,14.95
2024/01/01 16:11:49.26,59.26,-10.07,-14.30,15.04
2024/01/01 16:11:49.27,59.27,-10.05,-15.03,14.79
2024/01/01 16:11:49.28,59.28,-9.65,-16.19,14.32
2024/01/01 16:11:49.29,59.29,-8.83,-17.21,14.11
2024/01/01 16:11:49.30,59.30,-7.97,-17.58,14.36
2024/01/01 16:11:49.31,59.31,-7.49,-17.27,14.77
2024/01/01 16:11:49.32,59.32,-7.54,-16.46,15.08
2024/01/01 16:11:49.33,59.33,-7.86,-15.22,15.32
2024/01/01 16:11:49.34,59.34,-8.14,-13.52,15.35
2024/01/01 16:11:49.35,59.35,-8.15,-11.45,14.90
2024/01/01 16:11:49.36,59.36,-7.75,-9.42,14.09
2024/01/01 16:11:49.37,59.37,-7.00,-7.98,13.40
2024/01/01 16:11:49.38,59.38,-6.29,-7.32,13.06
2024/01/01 16:11:49.39,59.39,-6.25,-7.16,12.98
2024/01/01 16:11:49.40,59.40,-7.17,-7.08,13.21
2024/01/01 16:11:49.41,59.41,-8.80,-6.87,13.83
2024/01/01 16:11:49.42,59.42,-10.69,-6.66,14.65
2024/01/01 16:11:49.43,59.43,-12.34,-6.67,15.33
2024/01/01 16:11:49.44,59.44,-13.22,-6.74,15.75
2024/01/01 16:11:49.45,59.45,-13.23,-6.38,15.96
2024/01/01 16:11:49.46,59.46,-12.74,-5.07,16.15
2024/01/01 16:11:49.47,59.47,-12.10,-2.70,16.50
2024/01/01 16:11:49.48,59.48,-11.50,0.30,16.93
2024/01/01 16:11:49.49,59.49,-10.87,3.23,17.18
2024/01/01 16:11:49.50,59.50,-9.91,5.17,17.13
2024/01/01 16:11:49.51,59.51,-8.58,5.55,16.89
2024/01/01 16:11:49.52,59.52,-7.29,4.82,16.51
2024/01/01 16:11:49.53,59.53,-6.51,3.79,15.89
2024/01/01 16:11:49.54,59.54,-6.56,3.07,15.07
2024/01/01 16:11:49.55,59.55,-7.46,3.26,14.28
2024/01/01 16:11:49.56,59.56,-8.80,4.56,13.63
2024/01/01 16:11:49.57,59.57,-9.81,6.44,13.07
2024/01/01 16:11:49.58,59.58,-9.93,8.00,12.71
2024/01/01 16:11:49.59,59.59,-9.15,8.50,12.84
2024/01/01 16:11:49.60,59.60,-7.88,7.85,13.47
2024/01/01 16:11:49.61,59.61,-6.54,6.44,14.19
2024/01/01 16:11:49.62,59.62,-5.31,4.54,14.46
2024/01/01 16:11:49.63,59.63,-4.23,2.15,14.04
2024/01/01 16:11:49.64,59.64,-3.29,-0.72,13.19
2024/01/01 16:11:49.65,59.65,-2.72,-3.90,12.39
2024/01/01 16:11:49.66,59.66,-2.90,-6.77,12.03
2024/01/01 16:11:49.67,59.67,-4.04,-8.66,12.15
2024/01/01 16:11:49.68,59.68,-5.93,-9.57,12.55
2024/01/01 16:11:49.69,59.69,-7.88,-10.26,12.92
2024/01/01 16:11:49.70,59.70,-9.08,-11.51,13.02
2024/01/01 16:11:49.71,59.71,-9.13,-13.41,13.01
2024/01/01 16:11:49.72,59.72,-8.20,-15.35,13.28
2024/01/01 16:11:49.73,59.73,-6.74,-16.64,13.96
2024/01/01 16:11:49.74,59.74,-5.22,-17.20,14.68
2024/01/01 16:11:49.75,59.75,-3.93,-17.54,15.26
2024/01/01 16:11:49.76,59.76,-2.90,-18.06,16.00
2024/01/01 16:11:49.77,59.77,-2.10,-18.71,17.07
2024/01/01 16:11:49.78,59.78,-1.60,-19.22,18.12
2024/01/01 16:11:49.79,59.79,-1.46,-19.33,18.65
2024/01/01 16:11:49.80,59.80,-1.60,-18.78,18.40
2024/01/01 16:11:49.81,59.81,-1.90,-17.46,17.44
2024/01/01 16:11:49.82,59.82,-2.07,-15.86,16.10
2024/01/01 16:11:49.83,59.83,-1.91,-14.78,14.98
2024/01/01 16:11:49.84,59.84,-1.45,-14.75,14.71
2024/01/01 16:11:49.85,59.85,-0.97,-15.64,15.34
2024/01/01 16:11:49.86,59.86,-0.96,-16.61,16.33
2024/01/01 16:11:49.87,59.87,-1.83,-16.70,17.21
2024/01/01 16:11:49.88,59.88,-3.52,-15.59,17.73
2024/01/01 16:11:49.89,59.89,-5.64,-13.65,17.83
2024/01/01 16:11:49.90,59.90,-7.60,-11.53,17.64
2024/01/01 16:11:49.91,59.91,-8.86,-9.91,17.43
2024/01/01 16:11:49.92,59.92,-9.25,-9.06,17.38
2024/01/01 16:11:49.93,59.93,-8.92,-8.80,17.47
2024/01/01 16:11:49.94,59.94,-8.17,-9.00,17.74
2024/01/01 16:11:49.95,59.95,-7.40,-9.53,18.20
2024/01/01 16:11:49.96,59.96,-7.01,-9.94,18.50
2024/01/01 16:11:49.97,59.97,-7.22,-9.57,17.98
2024/01/01 16:11:49.98,59.98,-7.92,-8.25,16.49
2024/01/01 16:11:49.99,59.99,-8.86,-6.32,14.67
2024/01/01 16:11:50.00,60.00,-9.87,-4.32,13.09
2024/01/01 16:11:50.01,60.01,-10.79,-3.06,11.84
2024/01/01 16:11:50.02,60.02,-11.51,-3.13,10.91
2024/01/01 16:11:50.03,60.03,-12.01,-4.28,10.30
2024/01/01 16:11:50.04,60.04,-12.53,-5.58,9.85
2024/01/01 16:11:50.05,60.05,-13.40,-6.46,9.45
2024/01/01 16:11:50.06,60.06,-14.81,-6.78,9.03
2024/01/01 16:11:50.07,60.07,-16.79,-6.35,8.53
2024/01/01 16:11:50.08,60.08,-19.01,-5.05,8.11
2024/01/01 16:11:50.09,60.09,-20.94,-3.18,8.13
2024/01/01 16:11:50.10,60.10,-22.05,-1.11,8.66
2024/01/01 16:11:50.11,60.11,-22.02,0.85,9.49
2024/01/01 16:11:50.12,60.12,-21.03,2.32,10.58
2024/01/01 16:11:50.13,60.13,-19.69,3.17,11.93
2024/01/01 16:11:50.14,60.14,-18.45,3.25,13.12
2024/01/01 16:11:50.15,60.15,-17.38,2.25,13.55
2024/01/01 16:11:50.16,60.16,-16.58,0.31,13.36
2024/01/01 16:11:50.17,60.17,-16.18,-1.75,13.30
2024/01/01 16:11:50.18,60.18,-16.24,-3.25,13.73
2024/01/01 16:11:50.19,60.19,-16.65,-4.16,14.42
2024/01/01 16:11:50.20,60.20,-17.12,-4.97,15.02
2024/01/01 16:11:50.21,60.21,-17.29,-6.13,15.43
2024/01/01 16:11:50.22,60.22,-17.04,-7.66,15.65
2024/01/01 16:11:50.23,60.23,-16.43,-9.28,15.72
2024/01/01 16:11:50.24,60.24,-15.55,-10.79,15.82
2024/01/01 16:11:50.25,60.25,-14.42,-11.96,16.09
2024/01/01 16:11:50.26,60.26,-12.92,-12.42,16.50
2024/01/01 16:11:50.27,60.27,-10.95,-12.27,17.03
2024/01/01 16:11:50.28,60.28,-8.43,-12.17,17.71
2024/01/01 16:11:50.29,60.29,-5.33,-12.48,18.22
2024/01/01 16:11:50.30,60.30,-2.00,-12.87,18.19
2024/01/01 16:11:50.31,60.31,1.01,-12.96,17.69
2024/01/01 16:11:50.32,60.32,3.38,-12.82,17.13
2024/01/01 16:11:50.33,60.33,5.05,-12.74,16.75
2024/01/01 16:11:50.34,60.34,6.16,-13.11,16.45
2024/01/01 16:11:50.35,60.35,6.91,-13.92,16.10
2024/01/01 16:11:50.36,60.36,7.39,-14.45,15.78
2024/01/01 16:11:50.37,60.37,7.54,-13.90,15.40
2024/01/01 16:11:50.38,60.38,7.27,-12.34,14.54
2024/01/01 16:11:50.39,60.39,6.67,-10.41,13.35
2024/01/01 16:11:50.40,60.40,5.86,-8.69,12.48
2024/01/01 16:11:50.41,60.41,4.72,-7.42,12.29
2024/01/01 16:11:50.42,60.42,3.06,-6.55,12.59
2024/01/01 16:11:50.43,60.43,1.15,-6.00,13.31
2024/01/01 16:11:50.44,60.44,-0.48,-5.72,14.61
2024/01/01 16:11:50.45,60.45,-1.48,-5.60,16.26
2024/01/01 16:11:50.46,60.46,-1.75,-5.61,17.48
2024/01/01 16:11:50.47,60.47,-1.46,-5.61,17.79
2024/01/01 16:11:50.48,60.48,-0.98,-5.16,17.43
2024/01/01 16:11:50.49,60.49,-0.81,-3.97,16.85
2024/01/01 16:11:50.50,60.50,-1.16,-2.46,16.24
2024/01/01 16:11:50.51,60.51,-1.82,-1.57,15.68
2024/01/01 16:11:50.52,60.52,-2.45,-1.95,15.38
2024/01/01 16:11:50.53,60.53,-2.81,-3.34,15.52
2024/01/01 16:11:50.54,60.54,-2.82,-4.99,15.89
2024/01/01 16:11:50.55,60.55,-2.77,-6.30,16.06
2024/01/01 16:11:50.56,60.56,-3.07,-6.97,15.83
2024/01/01 16:11:50.57,60.57,-4.03,-6.89,15.34
2024/01/01 16:11:50.58,60.58,-5.83,-6.26,14.82
2024/01/01 16:11:50.59,60.59,-8.30,-5.55,14.43
2024/01/01 16:11:50.60,60.60,-10.96,-5.02,14.23
2024/01/01 16:11:50.61,60.61,-13.34,-4.85,14.25
2024/01/01 16:11:50.62,60.62,-15.09,-5.16,14.42
2024/01/01 16:11:50.63,60.63,-15.97,-5.74,14.57
2024/01/01 16:11:50.64,60.64,-15.86,-6.13,14.65
2024/01/01 16:11:50.65,60.65,-15.01,-6.28,14.80
2024/01/01 16:11:50.66,60.66,-14.01,-6.39,15.15
2024/01/01 16:11:50.67,60.67,-13.47,-6.57,15.59
2024/01/01 16:11:50.68,60.68,-13.74,-6.76,15.88
2024/01/01 16:11:50.69,60.69,-14.88,-6.72,16.04
2024/01/01 16:11:50.70,60.70,-16.59,-6.06,16.12
2024/01/01 16:11:50.71,60.71,-18.42,-4.65,16.14
2024/01/01 16:11:50.72,60.72,-19.90,-2.97,16.11
2024/01/01 16:11:50.73,60.73,-20.88,-1.81,16.23
2024/01/01 16:11:50.74,60.74,-21.53,-1.70,16.81
2024/01/01 16:11:50.75,60.75,-22.03,-2.69,17.95
2024/01/01 16:11:50.76,60.76,-22.36,-4.50,19.22
2024/01/01 16:11:50.77,60.77,-22.45,-6.58,20.10
2024/01/01 16:11:50.78,60.78,-22.11,-8.29,20.48
2024/01/01 16:11:50.79,60.79,-21.31,-9.20,20.48
2024/01/01 16:11:50.80,60.80,-20.31,-9.19,20.19
2024/01/01 16:11:50.81,60.81,-19.29,-8.64,19.66
2024/01/01 16:11:50.82,60.82,-18.25,-8.23,18.98
2024/01/01 16:11:50.83,60.83,-17.30,-8.34,18.26
2024/01/01 16:11:50.84,60.84,-16.35,-9.08,17.47
2024/01/01 16:11:50.85,60.85,-15.11,-10.47,16.54
2024/01/01 16:11:50.86,60.86,-13.55,-12.17,15.49
2024/01/01 16:11:50.87,60.87,-11.73,-13.69,14.61
2024/01/01 16:11:50.88,60.88,-9.71,-14.92,14.15
2024/01/01 16:11:50.89,60.89,-7.79,-15.97,13.98
2024/01/01 16:11:50.90,60.90,-6.38,-16.82,13.76
2024/01/01 16:11:50.91,60.91,-5.55,-17.15,13.38
2024/01/01 16:11:50.92,60.92,-5.18,-16.46,13.08
2024/01/01 16:11:50.93,60.93,-5.02,-14.46,12.95
2024/01/01 16:11:50.94,60.94,-4.90,-11.59,12.76
2024/01/01 16:11:50.95,60.95,-4.68,-8.79,12.38
2024/01/01 16:11:50.96,60.96,-4.32,-6.83,12.00
2024/01/01 16:11:50.97,60.97,-3.95,-5.81,11.80
2024/01/01 16:11:50.98,60.98,-3.71,-5.29,11.74
2024/01/01 16:11:50.99,60.99,-3.77,-4.66,11.72
2024/01/01 16:11:51.00,61.00,-4.25,-3.68,11.68
2024/01/01 16:11:51.01,61.01,-4.96,-2.67,11.69
2024/01/01 16:11:51.02,61.02,-5.49,-2.30,11.85
2024/01/01 16:11:51.03,61.03,-5.62,-2.76,12.08
2024/01/01 16:11:51.04,61.04,-5.47,-3.48,12.17
2024/01/01 16:11:51.05,61.05,-5.22,-3.75,12.20
2024/01/01 16:11:51.06,61.06,-5.09,-3.44,12.53
2024/01/01 16:11:51.07,61.07,-5.30,-2.77,13.23
2024/01/01 16:11:51.08,61.08,-5.81,-1.85,13.95
2024/01/01 16:11:51.09,61.09,-6.27,-0.66,14.33
2024/01/01 16:11:51.10,61.10,-6.34,0.67,14.47
2024/01/01 16:11:51.11,61.11,-5.87,1.70,14.71
2024/01/01 16:11:51.12,61.12,-4.85,2.10,15.25
2024/01/01 16:11:51.13,61.13,-3.34,1.98,16.11
2024/01/01 16:11:51.14,61.14,-1.50,1.49,17.09
2024/01/01 16:11:51.15,61.15,0.50,0.69,17.89
2024/01/01 16:11:51.16,61.16,2.44,-0.23,18.29
2024/01/01 16:11:51.17,61.17,3.84,-0.94,18.07
2024/01/01 16:11:51.18,61.18,4.16,-1.09,17.08
2024/01/01 16:11:51.19,61.19,3.28,-0.46,15.57
2024/01/01 16:11:51.20,61.20,1.59,0.73,14.13
2024/01/01 16:11:51.21,61.21,-0.12,1.89,13.09
2024/01/01 16:11:51.22,61.22,-1.05,2.28,12.32
2024/01/01 16:11:51.23,61.23,-0.97,1.33,11.67
2024/01/01 16:11:51.24,61.24,-0.26,-1.08,11.32
2024/01/01 16:11:51.25,61.25,0.37,-4.52,11.46
2024/01/01 16:11:51.26,61.26,0.27,-8.18,12.00
2024/01/01 16:11:51.27,61.27,-0.82,-11.26,12.60
2024/01/01 16:11:51.28,61.28,-2.70,-13.35,12.89
2024/01/01 16:11:51.29,61.29,-4.86,-14.55,12.75
2024/01/01 16:11:51.30,61.30,-6.73,-15.20,12.48
2024/01/01 16:11:51.31,61.31,-8.07,-15.52,12.44
2024/01/01 16:11:51.32,61.32,-8.95,-15.48,12.62
2024/01/01 16:11:51.33,61.33,-9.56,-14.90,12.81
2024/01/01 16:11:51.34,61.34,-10.14,-13.61,12.96
2024/01/01 16:11:51.35,61.35,-10.83,-11.77,13.15
2024/01/01 16:11:51.36,61.36,-11.44,-10.03,13.32
2024/01/01 16:11:51.37,61.37,-11.80,-9.05,13.33
2024/01/01 16:11:51.38,61.38,-12.08,-8.97,13.29
2024/01/01 16:11:51.39,61.39,-12.47,-9.37,13.49
2024/01/01 16:11:51.40,61.40,-12.85,-9.82,13.96
2024/01/01 16:11:51.41,61.41,-13.12,-10.19,14.33
2024/01/01 16:11:51.42,61.42,-13.29,-10.68,14.21
2024/01/01 16:11:51.43,61.43,-13.22,-11.58,13.76
2024/01/01 16:11:51.44,61.44,-12.78,-13.09,13.57
2024/01/01 16:11:51.45,61.45,-12.04,-15.18,13.99
2024/01/01 16:11:51.46,61.46,-11.07,-17.43,14.80
2024/01/01 16:11:51.47,61.47,-9.92,-19.17,15.63
2024/01/01 16:11:51.48,61.48,-8.95,-19.80,16.36
2024/01/01 16:11:51.49,61.49,-8.42,-19.17,17.06
2024/01/01 16:11:51.50,61.50,-8.30,-17.72,17.56
2024/01/01 16:11:51.51,61.51,-8.58,-16.15,17.86
2024/01/01 16:11:51.52,61.52,-9.32,-14.88,18.22
2024/01/01 16:11:51.53,61.53,-10.50,-13.86,18.70
2024/01/01 16:11:51.54,61.54,-12.01,-12.97,19.04
2024/01/01 16:11:51.55,61.55,-13.59,-12.32,19.01
2024/01/01 16:11:51.56,61.56,-14.77,-11.92,18.63
2024/01/01 16:11:51.57,61.57,-15.18,-11.50,18.10
2024/01/01 16:11:51.58,61.58,-14.70,-11.02,17.59
2024/01/01 16:11:51.59,61.59,-13.49,-10.66,17.10
2024/01/01 16:11:51.60,61.60,-11.96,-10.29,16.63
2024/01/01 16:11:51.61,61.61,-10.69,-9.58,16.18
2024/01/01 16:11:51.62,61.62,-10.07,-8.44,15.73
2024/01/01 16:11:51.63,61.63,-10.23,-6.97,15.31
2024/01/01 16:11:51.64,61.64,-11.02,-5.42,14.86
2024/01/01 16:11:51.65,61.65,-11.92,-4.19,14.26
2024/01/01 16:11:51.66,61.66,-12.40,-3.53,13.56
2024/01/01 16:11:51.67,61.67,-12.11,-3.26,13.01
2024/01/01 16:11:51.68,61.68,-11.15,-3.03,12.77
2024/01/01 16:11:51.69,61.69,-10.04,-2.65,12.85
2024/01/01 16:11:51.70,61.70,-9.36,-2.14,13.18
2024/01/01 16:11:51.71,61.71,-9.30,-1.59,13.64
2024/01/01 16:11:51.72,61.72,-9.62,-1.11,14.09
2024/01/01 16:11:51.73,61.73,-9.89,-0.85,14.42
2024/01/01 16:11:51.74,61.74,-9.80,-0.83,14.52
2024/01/01 16:11:51.75,61.75,-9.20,-0.80,14.42
2024/01/01 16:11:51.76,61.76,-8.06,-0.58,14.16
2024/01/01 16:11:51.77,61.77,-6.65,-0.15,13.79
2024/01/01 16:11:51.78,61.78,-5.26,0.49,13.47
2024/01/01 16:11:51.79,61.79,-3.97,1.28,13.20
2024/01/01 16:11:51.80,61.80,-2.87,2.12,12.73
2024/01/01 16:11:51.81,61.81,-1.97,2.78,12.05
2024/01/01 16:11:51.82,61.82,-1.19,2.73,11.66
2024/01/01 16:11:51.83,61.83,-0.70,1.66,11.95
2024/01/01 16:11:51.84,61.84,-0.68,-0.09,12.76
2024/01/01 16:11:51.85,61.85,-1.12,-1.96,13.62
2024/01/01 16:11:51.86,61.86,-1.78,-3.50,14.35
2024/01/01 16:11:51.87,61.87,-2.41,-4.68,14.97
2024/01/01 16:11:51.88,61.88,-2.77,-5.61,15.23
2024/01/01 16:11:51.89,61.89,-2.91,-6.30,14.96
2024/01/01 16:11:51.90,61.90,-3.11,-6.54,14.41
2024/01/01 16:11:51.91,61.91,-3.61,-6.27,13.96
2024/01/01 16:11:51.92,61.92,-4.45,-5.70,13.67
2024/01/01 16:11:51.93,61.93,-5.38,-5.30,13.41
2024/01/01 16:11:51.94,61.94,-6.13,-5.37,13.10
2024/01/01 16:11:51.95,61.95,-6.54,-5.71,12.85
2024/01/01 16:11:51.96,61.96,-6.44,-6.11,12.86
2024/01/01 16:11:51.97,61.97,-5.71,-6.57,13.20
2024/01/01 16:11:51.98,61.98,-4.48,-7.07,13.74
2024/01/01 16:11:51.99,61.99,-3.04,-7.54,14.30
2024/01/01 16:11:52.00,62.00,-1.83,-7.86,14.88
2024/01/01 16:11:52.01,62.01,-1.18,-7.87,15.51
2024/01/01 16:11:52.02,62.02,-1.08,-7.60,16.11
2024/01/01 16:11:52.03,62.03,-1.30,-7.29,16.51
2024/01/01 16:11:52.04,62.04,-1.70,-7.22,16.58
2024/01/01 16:11:52.05,62.05,-2.22,-7.66,16.42
2024/01/01 16:11:52.06,62.06,-2.86,-8.73,16.26
2024/01/01 16:11:52.07,62.07,-3.66,-10.35,16.24
2024/01/01 16:11:52.08,62.08,-4.64,-12.26,16.39
2024/01/01 16:11:52.09,62.09,-5.61,-14.09,16.52
2024/01/01 16:11:52.10,62.10,-6.41,-15.60,16.40
2024/01/01 16:11:52.11,62.11,-7.12,-16.70,16.06
2024/01/01 16:11:52.12,62.12,-7.93,-17.27,15.75
2024/01/01 16:11:52.13,62.13,-8.93,-17.24,15.54
2024/01/01 16:11:52.14,62.14,-10.11,-16.70,15.20
2024/01/01 16:11:52.15,62.15,-11.32,-15.91,14.59
2024/01/01 16:11:52.16,62.16,-12.20,-15.15,14.03
2024/01/01 16:11:52.17,62.17,-12.33,-14.52,13.84
2024/01/01 16:11:52.18,62.18,-11.62,-13.97,13.88
2024/01/01 16:11:52.19,62.19,-10.37,-13.47,13.89
2024/01/01 16:11:52.20,62.20,-9.00,-12.90,13.95
2024/01/01 16:11:52.21,62.21,-7.83,-12.08,14.18
2024/01/01 16:11:52.22,62.22,-7.06,-10.97,14.37
2024/01/01 16:11:52.23,62.23,-6.84,-9.81,14.25
2024/01/01 16:11:52.24,62.24,-7.19,-8.92,13.99
2024/01/01 16:11:52.25,62.25,-8.02,-8.46,14.02
2024/01/01 16:11:52.26,62.26,-9.27,-8.32,14.35
2024/01/01 16:11:52.27,62.27,-10.85,-8.31,14.67
2024/01/01 16:11:52.28,62.28,-12.53,-8.44,14.88
2024/01/01 16:11:52.29,62.29,-14.10,-8.74,15.20
2024/01/01 16:11:52.30,62.30,-15.43,-9.14,15.84
2024/01/01 16:11:52.31,62.31,-16.22,-9.73,16.68
2024/01/01 16:11:52.32,62.32,-16.22,-10.53,17.43
2024/01/01 16:11:52.33,62.33,-15.48,-11.17,17.88
2024/01/01 16:11:52.34,62.34,-14.29,-11.16,17.95
2024/01/01 16:11:52.35,62.35,-13.02,-10.29,17.54
2024/01/01 16:11:52.36,62.36,-11.89,-8.74,16.75
2024/01/01 16:11:52.37,62.37,-10.87,-6.95,16.03
2024/01/01 16:11:52.38,62.38,-9.88,-5.42,15.62
2024/01/01 16:11:52.39,62.39,-8.91,-4.51,15.35
2024/01/01 16:11:52.40,62.40,-7.98,-4.34,15.07
2024/01/01 16:11:52.41,62.41,-7.33,-4.60,14.84
2024/01/01 16:11:52.42,62.42,-7.46,-4.51,14.78
2024/01/01 16:11:52.43,62.43,-8.43,-3.62,14.80
2024/01/01 16:11:52.44,62.44,-9.74,-2.13,14.75
2024/01/01 16:11:52.45,62.45,-10.89,-0.44,14.78
2024/01/01 16:11:52.46,62.46,-11.52,0.86,15.24
2024/01/01 16:11:52.47,62.47,-11.47,1.11,16.14
2024/01/01 16:11:52.48,62.48,-10.94,0.19,17.19
2024/01/01 16:11:52.49,62.49,-10.27,-1.38,18.01
2024/01/01 16:11:52.50,62.50,-9.59,-2.76,18.33
2024/01/01 16:11:52.51,62.51,-8.97,-3.17,18.04
2024/01/01 16:11:52.52,62.52,-8.41,-2.47,17.21
2024/01/01 16:11:52.53,62.53,-7.92,-1.31,16.07
2024/01/01 16:11:52.54,62.54,-7.51,-0.56,15.07
2024/01/01 16:11:52.55,62.55,-7.21,-0.70,14.47
2024/01/01 16:11:52.56,62.56,-7.12,-1.69,14.17
2024/01/01 16:11:52.57,62.57,-7.33,-3.22,13.97
2024/01/01 16:11:52.58,62.58,-7.78,-4.81,13.77
2024/01/01 16:11:52.59,62.59,-8.37,-5.99,13.45
2024/01/01 16:11:52.60,62.60,-9.05,-6.43,12.87
2024/01/01 16:11:52.61,62.61,-9.89,-5.90,12.22
2024/01/01 16:11:52.62,62.62,-10.91,-4.48,11.88
2024/01/01 16:11:52.63,62.63,-12.08,-2.72,11.90
2024/01/01 16:11:52.64,62.64,-13.25,-1.24,11.99
2024/01/01 16:11:52.65,62.65,-13.96,-0.49,11.92
2024/01/01 16:11:52.66,62.66,-13.85,-0.63,11.80
2024/01/01 16:11:52.67,62.67,-13.06,-1.39,11.89
2024/01/01 16:11:52.68,62.68,-11.87,-2.34,12.28
2024/01/01 16:11:52.69,62.69,-10.41,-3.18,12.81
2024/01/01 16:11:52.70,62.70,-8.78,-3.92,13.39
2024/01/01 16:11:52.71,62.71,-7.11,-4.70,13.98
2024/01/01 16:11:52.72,62.72,-5.49,-5.76,14.45
2024/01/01 16:11:52.73,62.73,-4.07,-7.17,14.62
2024/01/01 16:11:52.74,62.74,-2.95,-8.84,14.51
2024/01/01 16:11:52.75,62.75,-2.19,-10.55,14.19
2024/01/01 16:11:52.76,62.76,-1.88,-12.15,13.66
2024/01/01 16:11:52.77,62.77,-2.13,-13.73,13.12
2024/01/01 16:11:52.78,62.78,-2.96,-15.32,12.92
2024/01/01 16:11:52.79,62.79,-4.24,-16.42,13.14
2024/01/01 16:11:52.80,62.80,-5.51,-16.40,13.65
2024/01/01 16:11:52.81,62.81,-6.09,-15.17,14.29
2024/01/01 16:11:52.82,62.82,-5.68,-13.31,14.99
2024/01/01 16:11:52.83,62.83,-4.74,-11.67,15.63
2024/01/01 16:11:52.84,62.84,-4.03,-10.95,16.14
2024/01/01 16:11:52.85,62.85,-4.12,-11.17,16.63
2024/01/01 16:11:52.86,62.86,-5.07,-11.52,17.15
2024/01/01 16:11:52.87,62.87,-6.57,-11.05,17.47
2024/01/01 16:11:52.88,62.88,-8.17,-9.60,17.39
2024/01/01 16:11:52.89,62.89,-9.57,-7.86,16.99
2024/01/01 16:11:52.90,62.90,-10.66,-6.66,16.47
2024/01/01 16:11:52.91,62.91,-11.44,-6.33,16.01
2024/01/01 16:11:52.92,62.92,-11.93,-6.81,15.88
2024/01/01 16:11:52.93,62.93,-12.11,-7.65,16.13
2024/01/01 16:11:52.94,62.94,-12.02,-8.30,16.44
2024/01/01 16:11:52.95,62.95,-11.69,-8.46,16.48
2024/01/01 16:11:52.96,62.96,-11.14,-8.31,16.19
2024/01/01 16:11:52.97,62.97,-10.41,-8.03,15.69
2024/01/01 16:11:52.98,62.98,-9.49,-7.60,15.09
2024/01/01 16:11:52.99,62.99,-8.43,-7.06,14.53
2024/01/01 16:11:53.00,63.00,-7.50,-6.39,14.17
2024/01/01 16:11:53.01,63.01,-6.84,-5.44,14.17
2024/01/01 16:11:53.02,63.02,-6.27,-4.35,14.53
2024/01/01 16:11:53.03,63.03,-5.60,-3.64,14.89
2024/01/01 16:11:53.04,63.04,-4.78,-3.62,14.81
2024/01/01 16:11:53.05,63.05,-3.92,-4.16,14.33
2024/01/01 16:11:53.06,63.06,-3.15,-4.88,13.91
2024/01/01 16:11:53.07,63.07,-2.67,-5.39,13.75
2024/01/01 16:11:53.08,63.08,-2.64,-5.49,13.62
2024/01/01 16:11:53.09,63.09,-3.06,-5.30,13.31
2024/01/01 16:11:53.10,63.10,-3.85,-5.05,13.03
2024/01/01 16:11:53.11,63.11,-4.91,-4.86,12.90
2024/01/01 16:11:53.12,63.12,-6.15,-4.78,12.86
2024/01/01 16:11:53.13,63.13,-7.36,-4.69,12.79
2024/01/01 16:11:53.14,63.14,-8.39,-4.41,12.67
2024/01/01 16:11:53.15,63.15,-9.34,-3.92,12.54
2024/01/01 16:11:53.16,63.16,-10.34,-3.45,12.53
2024/01/01 16:11:53.17,63.17,-11.36,-3.32,12.78
2024/01/01 16:11:53.18,63.18,-12.35,-3.62,13.46
2024/01/01 16:11:53.19,63.19,-13.17,-4.08,14.55
2024/01/01 16:11:53.20,63.20,-13.56,-4.34,15.69
2024/01/01 16:11:53.21,63.21,-13.33,-4.44,16.32
2024/01/01 16:11:53.22,63.22,-12.41,-4.72,16.11
2024/01/01 16:11:53.23,63.23,-10.92,-5.48,15.25
2024/01/01 16:11:53.24,63.24,-9.26,-6.77,14.24
2024/01/01 16:11:53.25,63.25,-7.87,-8.44,13.54
2024/01/01 16:11:53.26,63.26,-7.04,-10.27,13.22
2024/01/01 16:11:53.27,63.27,-6.84,-12.02,13.13
2024/01/01 16:11:53.28,63.28,-7.09,-13.23,13.21
2024/01/01 16:11:53.29,63.29,-7.51,-13.32,13.45
2024/01/01 16:11:53.30,63.30,-7.83,-12.14,13.62
2024/01/01 16:11:53.31,63.31,-7.74,-10.29,13.46
2024/01/01 16:11:53.32,63.32,-7.08,-8.74,12.95
2024/01/01 16:11:53.33,63.33,-6.03,-8.05,12.38
2024/01/01 16:11:53.34,63.34,-5.00,-8.26,12.14
2024/01/01 16:11:53.35,63.35,-4.37,-9.19,12.44
2024/01/01 16:11:53.36,63.36,-4.51,-10.44,13.23
2024/01/01 16:11:53.37,63.37,-5.53,-11.24,14.24
2024/01/01 16:11:53.38,63.38,-7.00,-10.97,15.20
2024/01/01 16:11:53.39,63.39,-8.22,-9.56,15.97
2024/01/01 16:11:53.40,63.40,-8.74,-7.56,16.53
2024/01/01 16:11:53.41,63.41,-8.48,-5.77,16.90
2024/01/01 16:11:53.42,63.42,-7.74,-4.90,17.33
2024/01/01 16:11:53.43,63.43,-7.11,-5.25,18.15
2024/01/01 16:11:53.44,63.44,-7.16,-6.61,19.37
2024/01/01 16:11:53.45,63.45,-7.93,-8.29,20.53
2024/01/01 16:11:53.46,63.46,-8.91,-9.46,21.07
2024/01/01 16:11:53.47,63.47,-9.63,-9.65,20.80
2024/01/01 16:11:53.48,63.48,-10.00,-9.02,19.85
2024/01/01 16:11:53.49,63.49,-10.24,-8.22,18.56
2024/01/01 16:11:53.50,63.50,-10.47,-7.95,17.40
2024/01/01 16:11:53.51,63.51,-10.52,-8.45,16.74
2024/01/01 16:11:53.52,63.52,-10.18,-9.29,16.69
2024/01/01 16:11:53.53,63.53,-9.34,-9.75,17.02
2024/01/01 16:11:53.54,63.54,-8.00,-9.49,17.10
2024/01/01 16:11:53.55,63.55,-6.24,-8.78,16.50
2024/01/01 16:11:53.56,63.56,-4.36,-8.18,15.41
2024/01/01 16:11:53.57,63.57,-2.68,-8.20,14.38
2024/01/01 16:11:53.58,63.58,-1.42,-9.06,13.74
2024/01/01 16:11:53.59,63.59,-0.66,-10.51,13.47
2024/01/01 16:11:53.60,63.60,-0.43,-11.97,13.37
2024/01/01 16:11:53.61,63.61,-0.59,-12.81,13.22
2024/01/01 16:11:53.62,63.62,-0.84,-12.85,12.86
2024/01/01 16:11:53.63,63.63,-0.84,-12.32,12.31
2024/01/01 16:11:53.64,63.64,-0.53,-11.47,11.75
2024/01/01 16:11:53.65,63.65,-0.08,-10.41,11.44
2024/01/01 16:11:53.66,63.66,0.29,-9.20,11.49
2024/01/01 16:11:53.67,63.67,0.38,-8.01,11.71
2024/01/01 16:11:53.68,63.68,0.04,-7.21,11.75
2024/01/01 16:11:53.69,63.69,-0.76,-7.06,11.49
2024/01/01 16:11:53.70,63.70,-1.92,-7.48,11.23
2024/01/01 16:11:53.71,63.71,-3.40,-8.15,11.39
2024/01/01 16:11:53.72,63.72,-5.25,-8.75,12.09
2024/01/01 16:11:53.73,63.73,-7.37,-9.10,13.01
2024/01/01 16:11:53.74,63.74,-9.36,-9.10,13.88
2024/01/01 16:11:53.75,63.75,-10.78,-8.63,14.70
2024/01/01 16:11:53.76,63.76,-11.57,-7.58,15.54
2024/01/01 16:11:53.77,63.77,-12.01,-5.96,16.31
2024/01/01 16:11:53.78,63.78,-12.35,-3.95,16.78
2024/01/01 16:11:53.79,63.79,-12.71,-1.96,16.85
2024/01/01 16:11:53.80,63.80,-13.04,-0.70,16.71
2024/01/01 16:11:53.81,63.81,-13.17,-0.80,16.52
2024/01/01 16:11:53.82,63.82,-13.00,-2.18,16.38
2024/01/01 16:11:53.83,63.83,-12.49,-3.90,16.30
2024/01/01 16:11:53.84,63.84,-11.51,-4.72,16.20
2024/01/01 16:11:53.85,63.85,-9.92,-4.16,16.01
2024/01/01 16:11:53.86,63.86,-7.79,-2.93,15.69
2024/01/01 16:11:53.87,63.87,-5.54,-2.07,15.08
2024/01/01 16:11:53.88,63.88,-3.93,-2.12,14.08
2024/01/01 16:11:53.89,63.89,-3.54,-2.95,12.97
2024/01/01 16:11:53.90,63.90,-4.44,-3.97,12.07
2024/01/01 16:11:53.91,63.91,-6.25,-4.35,11.51
2024/01/01 16:11:53.92,63.92,-8.33,-3.84,11.26
2024/01/01 16:11:53.93,63.93,-10.06,-3.04,11.31
2024/01/01 16:11:53.94,63.94,-11.15,-2.80,11.70
2024/01/01 16:11:53.95,63.95,-11.55,-3.55,12.32
2024/01/01 16:11:53.96,63.96,-11.22,-5.15,12.99
2024/01/01 16:11:53.97,63.97,-10.21,-6.88,13.72
2024/01/01 16:11:53.98,63.98,-8.96,-7.95,14.59
2024/01/01 16:11:53.99,63.99,-8.05,-8.12,15.45
2024/01/01 16:11:54.00,64.00,-7.87,-7.56,16.10
2024/01/01 16:11:54.01,64.01,-8.37,-6.59,16.50
2024/01/01 16:11:54.02,64.02,-9.12,-5.64,16.64
2024/01/01 16:11:54.03,64.03,-9.71,-5.32,16.58
2024/01/01 16:11:54.04,64.04,-10.04,-6.05,16.40
2024/01/01 16:11:54.05,64.05,-10.26,-7.60,16.09
2024/01/01 16:11:54.06,64.06,-10.63,-9.16,15.61
2024/01/01 16:11:54.07,64.07,-11.26,-10.11,15.08
2024/01/01 16:11:54.08,64.08,-11.92,-10.64,14.79
2024/01/01 16:11:54.09,64.09,-12.41,-11.32,14.85
2024/01/01 16:11:54.10,64.10,-12.74,-12.46,15.14
2024/01/01 16:11:54.11,64.11,-12.94,-13.84,15.58
2024/01/01 16:11:54.12,64.12,-12.92,-14.92,16.19
2024/01/01 16:11:54.13,64.13,-12.50,-15.42,16.72
2024/01/01 16:11:54.14,64.14,-11.50,-15.61,16.74
2024/01/01 16:11:54.15,64.15,-10.05,-15.79,16.11
2024/01/01 16:11:54.16,64.16,-8.63,-15.73,15.21
2024/01/01 16:11:54.17,64.17,-7.61,-15.06,14.45
2024/01/01 16:11:54.18,64.18,-7.04,-13.66,13.82
2024/01/01 16:11:54.19,64.19,-6.74,-11.93,13.11
2024/01/01 16:11:54.20,64.20,-6.34,-10.58,12.31
2024/01/01 16:11:54.21,64.21,-5.75,-10.18,11.75
2024/01/01 16:11:54.22,64.22,-5.37,-10.74,11.78
2024/01/01 16:11:54.23,64.23,-5.63,-11.67,12.41
2024/01/01 16:11:54.24,64.24,-6.64,-12.11,13.17
2024/01/01 16:11:54.25,64.25,-8.22,-11.52,13.54
2024/01/01 16:11:54.26,64.26,-9.83,-10.12,13.61
2024/01/01 16:11:54.27,64.27,-10.88,-8.68,13.85
2024/01/01 16:11:54.28,64.28,-11.19,-7.87,14.40
2024/01/01 16:11:54.29,64.29,-10.83,-7.85,15.11
2024/01/01 16:11:54.30,64.30,-9.83,-8.28,15.89
2024/01/01 16:11:54.31,64.31,-8.51,-8.48,16.63
2024/01/01 16:11:54.32,64.32,-7.25,-7.81,17.01
2024/01/01 16:11:54.33,64.33,-6.26,-6.30,16.78
2024/01/01 16:11:54.34,64.34,-5.63,-4.30,16.19
2024/01/01 16:11:54.35,64.35,-5.33,-2.01,15.61
2024/01/01 16:11:54.36,64.36,-5.18,0.21,15.02
2024/01/01 16:11:54.37,64.37,-4.94,1.78,14.23
2024/01/01 16:11:54.38,64.38,-4.49,2.39,13.43
2024/01/01 16:11:54.39,64.39,-3.95,2.30,12.96
2024/01/01 16:11:54.40,64.40,-3.66,1.86,12.86
2024/01/01 16:11:54.41,64.41,-3.80,1.25,12.87
2024/01/01 16:11:54.42,64.42,-4.16,0.40,12.82
2024/01/01 16:11:54.43,64.43,-4.41,-0.79,12.70
2024/01/01 16:11:54.44,64.44,-4.38,-2.26,12.64
2024/01/01 16:11:54.45,64.45,-4.14,-3.85,12.72
2024/01/01 16:11:54.46,64.46,-3.93,-5.15,12.88
2024/01/01 16:11:54.47,64.47,-3.89,-5.83,12.99
2024/01/01 16:11:54.48,64.48,-3.89,-5.91,12.97
2024/01/01 16:11:54.49,64.49,-3.98,-5.77,12.78
2024/01/01 16:11:54.50,64.50,-4.47,-5.74,12.53
2024/01/01 16:11:54.51,64.51,-5.58,-5.96,12.43
2024/01/01 16:11:54.52,64.52,-7.12,-6.29,12.61
2024/01/01 16:11:54.53,64.53,-8.54,-6.47,12.92
2024/01/01 16:11:54.54,64.54,-9.34,-6.38,13.02
2024/01/01 16:11:54.55,64.55,-9.49,-6.11,12.81
2024/01/01 16:11:54.56,64.56,-9.22,-5.83,12.56
2024/01/01 16:11:54.57,64.57,-8.81,-5.70,12.57
2024/01/01 16:11:54.58,64.58,-8.64,-5.71,12.82
2024/01/01 16:11:54.59,64.59,-8.93,-5.77,13.17
2024/01/01 16:11:54.60,64.60,-9.57,-5.88,13.63
2024/01/01 16:11:54.61,64.61,-10.43,-6.17,14.22
2024/01/01 16:11:54.62,64.62,-11.37,-6.90,14.85
2024/01/01 16:11:54.63,64.63,-12.21,-8.14,15.40
2024/01/01 16:11:54.64,64.64,-12.83,-9.71,15.77
2024/01/01 16:11:54.65,64.65,-13.22,-11.27,16.06
2024/01/01 16:11:54.66,64.66,-13.33,-12.52,16.51
2024/01/01 16:11:54.67,64.67,-13.30,-13.18,17.27
2024/01/01 16:11:54.68,64.68,-13.37,-13.17,18.17
2024/01/01 16:11:54.69,64.69,-13.60,-12.58,18.93
2024/01/01 16:11:54.70,64.70,-13.86,-11.68,19.43
2024/01/01 16:11:54.71,64.71,-14.08,-10.75,19.65
2024/01/01 16:11:54.72,64.72,-14.22,-10.05,19.66
2024/01/01 16:11:54.73,64.73,-14.22,-9.96,19.56
2024/01/01 16:11:54.74,64.74,-14.13,-10.56,19.32
2024/01/01 16:11:54.75,64.75,-14.15,-11.50,18.75
2024/01/01 16:11:54.76,64.76,-14.26,-12.45,17.79
2024/01/01 16:11:54.77,64.77,-14.37,-13.20,16.67
2024/01/01 16:11:54.78,64.78,-14.48,-13.45,15.72
2024/01/01 16:11:54.79,64.79,-14.64,-13.01,15.04
2024/01/01 16:11:54.80,64.80,-14.73,-12.11,14.55
2024/01/01 16:11:54.81,64.81,-14.49,-11.06,14.20
2024/01/01 16:11:54.82,64.82,-13.64,-10.18,13.94
2024/01/01 16:11:54.83,64.83,-12.10,-9.62,13.77
2024/01/01 16:11:54.84,64.84,-10.29,-9.10,13.74
2024/01/01 16:11:54.85,64.85,-8.86,-8.06,13.80
2024/01/01 16:11:54.86,64.86,-8.17,-6.31,13.65
2024/01/01 16:11:54.87,64.87,-8.15,-4.26,13.13
2024/01/01 16:11:54.88,64.88,-8.44,-2.49,12.37
2024/01/01 16:11:54.89,64.89,-8.54,-1.34,11.54
2024/01/01 16:11:54.90,64.90,-8.16,-0.85,10.87
2024/01/01 16:11:54.91,64.91,-7.36,-0.94,10.66
2024/01/01 16:11:54.92,64.92,-6.55,-1.24,10.95
2024/01/01 16:11:54.93,64.93,-6.13,-1.26,11.46
2024/01/01 16:11:54.94,64.94,-6.15,-0.99,11.95
2024/01/01 16:11:54.95,64.95,-6.51,-0.73,12.53
2024/01/01 16:11:54.96,64.96,-7.09,-0.64,13.37
2024/01/01 16:11:54.97,64.97,-7.67,-0.84,14.29
2024/01/01 16:11:54.98,64.98,-8.00,-1.69,14.88
2024/01/01 16:11:54.99,64.99,-8.10,-3.52,15.15
2024/01/01 16:11:55.00,65.00,-8.08,-6.34,15.64
2024/01/01 16:11:55.01,65.01,-8.02,-9.73,16.59
2024/01/01 16:11:55.02,65.02,-8.07,-12.87,17.58
2024/01/01 16:11:55.03,65.03,-8.40,-14.96,18.10
2024/01/01 16:11:55.04,65.04,-9.03,-15.54,18.15
2024/01/01 16:11:55.05,65.05,-9.87,-14.71,17.95
2024/01/01 16:11:55.06,65.06,-10.65,-13.11,17.53
2024/01/01 16:11:55.07,65.07,-10.81,-11.61,16.89
2024/01/01 16:11:55.08,65.08,-10.06,-10.88,16.21
2024/01/01 16:11:55.09,65.09,-8.60,-11.28,15.64
2024/01/01 16:11:55.10,65.10,-6.83,-12.69,15.24
2024/01/01 16:11:55.11,65.11,-5.24,-14.49,15.05
2024/01/01 16:11:55.12,65.12,-4.22,-15.83,15.12
2024/01/01 16:11:55.13,65.13,-3.75,-16.24,15.21
2024/01/01 16:11:55.14,65.14,-3.48,-15.94,15.06
2024/01/01 16:11:55.15,65.15,-3.12,-15.42,14.74
2024/01/01 16:11:55.16,65.16,-2.64,-14.92,14.61
2024/01/01 16:11:55.17,65.17,-2.25,-14.29,14.82
2024/01/01 16:11:55.18,65.18,-2.12,-13.30,15.25
2024/01/01 16:11:55.19,65.19,-2.21,-11.86,15.68
2024/01/01 16:11:55.20,65.20,-2.45,-9.95,15.92
2024/01/01 16:11:55.21,65.21,-2.77,-7.71,15.94
2024/01/01 16:11:55.22,65.22,-3.19,-5.46,15.91
2024/01/01 16:11:55.23,65.23,-3.78,-3.63,15.93
2024/01/01 16:11:55.24,65.24,-4.63,-2.61,16.08
2024/01/01 16:11:55.25,65.25,-5.79,-2.55,16.50
2024/01/01 16:11:55.26,65.26,-7.12,-3.37,17.25
2024/01/01 16:11:55.27,65.27,-8.37,-4.59,18.03
2024/01/01 16:11:55.28,65.28,-9.22,-5.73,18.47
2024/01/01 16:11:55.29,65.29,-9.51,-6.63,18.52
2024/01/01 16:11:55.30,65.30,-9.32,-7.21,18.27
2024/01/01 16:11:55.31,65.31,-8.86,-7.22,17.73
2024/01/01 16:11:55.32,65.32,-8.33,-6.53,17.01
2024/01/01 16:11:55.33,65.33,-7.89,-5.21,16.41
2024/01/01 16:11:55.34,65.34,-7.45,-3.55,15.98
2024/01/01 16:11:55.35,65.35,-6.71,-2.14,15.45
2024/01/01 16:11:55.36,65.36,-5.65,-1.34,14.52
2024/01/01 16:11:55.37,65.37,-4.77,-0.89,13.29
2024/01/01 16:11:55.38,65.38,-4.65,-0.25,12.01
2024/01/01 16:11:55.39,65.39,-5.44,0.89,10.81
2024/01/01 16:11:55.40,65.40,-6.90,2.36,9.79
2024/01/01 16:11:55.41,65.41,-8.65,3.68,9.11
2024/01/01 16:11:55.42,65.42,-10.32,4.52,8.89
2024/01/01 16:11:55.43,65.43,-11.68,4.80,9.09
2024/01/01 16:11:55.44,65.44,-12.64,4.60,9.53
2024/01/01 16:11:55.45,65.45,-12.97,3.95,10.09
2024/01/01 16:11:55.46,65.46,-12.42,3.02,10.77
2024/01/01 16:11:55.47,65.47,-10.98,2.03,11.41
2024/01/01 16:11:55.48,65.48,-9.09,0.89,11.59
2024/01/01 16:11:55.49,65.49,-7.30,-0.59,11.27
2024/01/01 16:11:55.50,65.50,-6.13,-2.53,11.04
2024/01/01 16:11:55.51,65.51,-5.95,-4.75,11.41
2024/01/01 16:11:55.52,65.52,-6.61,-6.87,12.16
2024/01/01 16:11:55.53,65.53,-7.58,-8.65,12.69
2024/01/01 16:11:55.54,65.54,-8.46,-10.01,12.84
2024/01/01 16:11:55.55,65.55,-9.06,-10.84,13.02
2024/01/01 16:11:55.56,65.56,-9.38,-11.26,13.53
2024/01/01 16:11:55.57,65.57,-9.69,-11.50,14.24
2024/01/01 16:11:55.58,65.58,-10.22,-11.65,14.99
2024/01/01 16:11:55.59,65.59,-10.81,-11.80,15.84
2024/01/01 16:11:55.60,65.60,-11.30,-12.05,16.71
2024/01/01 16:11:55.61,65.61,-11.62,-12.53,17.24
2024/01/01 16:11:55.62,65.62,-11.56,-13.27,17.17
2024/01/01 16:11:55.63,65.63,-11.01,-14.07,16.69
2024/01/01 16:11:55.64,65.64,-10.10,-14.62,16.22
2024/01/01 16:11:55.65,65.65,-9.01,-14.84,16.00
2024/01/01 16:11:55.66,65.66,-7.89,-14.83,15.99
2024/01/01 16:11:55.67,65.67,-6.82,-14.67,16.17
2024/01/01 16:11:55.68,65.68,-5.74,-14.35,16.50
2024/01/01 16:11:55.69,65.69,-4.57,-13.86,16.94
2024/01/01 16:11:55.70,65.70,-3.30,-13.35,17.34
2024/01/01 16:11:55.71,65.71,-1.94,-13.11,17.58
2024/01/01 16:11:55.72,65.72,-0.61,-13.27,17.59
2024/01/01 16:11:55.73,65.73,0.45,-13.60,17.31
2024/01/01 16:11:55.74,65.74,0.95,-13.69,16.85
2024/01/01 16:11:55.75,65.75,0.75,-13.09,16.50
2024/01/01 16:11:55.76,65.76,-0.02,-11.52,16.33
2024/01/01 16:11:55.77,65.77,-1.08,-9.08,16.10
2024/01/01 16:11:55.78,65.78,-2.00,-6.38,15.72
2024/01/01 16:11:55.79,65.79,-2.43,-4.29,15.54
2024/01/01 16:11:55.80,65.80,-2.36,-3.24,15.83
2024/01/01 16:11:55.81,65.81,-2.07,-3.02,16.42
2024/01/01 16:11:55.82,65.82,-1.98,-3.24,16.95
2024/01/01 16:11:55.83,65.83,-2.55,-3.45,17.32
2024/01/01 16:11:55.84,65.84,-3.94,-3.45,17.62
2024/01/01 16:11:55.85,65.85,-5.92,-3.40,17.76
2024/01/01 16:11:55.86,65.86,-8.00,-3.51,17.69
2024/01/01 16:11:55.87,65.87,-9.64,-3.64,17.62
2024/01/01 16:11:55.88,65.88,-10.57,-3.62,17.67
2024/01/01 16:11:55.89,65.89,-10.82,-3.54,17.75
2024/01/01 16:11:55.90,65.90,-10.59,-3.78,17.82
2024/01/01 16:11:55.91,65.91,-10.16,-4.39,17.84
2024/01/01 16:11:55.92,65.92,-9.89,-4.95,17.67
2024/01/01 16:11:55.93,65.93,-9.92,-5.02,17.14
2024/01/01 16:11:55.94,65.94,-10.12,-4.63,16.24
2024/01/01 16:11:55.95,65.95,-10.34,-4.18,15.20
2024/01/01 16:11:55.96,65.96,-10.42,-4.24,14.18
2024/01/01 16:11:55.97,65.97,-10.27,-5.09,13.24
2024/01/01 16:11:55.98,65.98,-9.90,-6.52,12.59
2024/01/01 16:11:55.99,65.99,-9.26,-8.06,12.37
2024/01/01 16:11:56.00,66.00,-8.35,-9.28,12.33
2024/01/01 16:11:56.01,66.01,-7.36,-10.12,12.18
2024/01/01 16:11:56.02,66.02,-6.59,-10.74,11.89
2024/01/01 16:11:56.03,66.03,-6.26,-11.12,11.61
2024/01/01 16:11:56.04,66.04,-6.40,-11.08,11.32
2024/01/01 16:11:56.05,66.05,-6.79,-10.71,10.92
2024/01/01 16:11:56.06,66.06,-7.08,-10.30,10.31
2024/01/01 16:11:56.07,66.07,-7.15,-9.96,9.54
2024/01/01 16:11:56.08,66.08,-7.07,-9.74,8.83
2024/01/01 16:11:56.09,66.09,-6.96,-9.80,8.38
2024/01/01 16:11:56.10,66.10,-7.08,-10.07,8.27
2024/01/01 16:11:56.11,66.11,-7.61,-10.31,8.48
2024/01/01 16:11:56.12,66.12,-8.53,-10.25,9.00
2024/01/01 16:11:56.13,66.13,-9.70,-9.78,9.81
2024/01/01 16:11:56.14,66.14,-10.70,-9.07,10.79
2024/01/01 16:11:56.15,66.15,-11.03,-8.42,11.76
2024/01/01 16:11:56.16,66.16,-10.46,-8.03,12.66
2024/01/01 16:11:56.17,66.17,-9.11,-7.98,13.70
2024/01/01 16:11:56.18,66.18,-7.44,-8.25,15.22
2024/01/01 16:11:56.19,66.19,-6.05,-8.64,17.12
2024/01/01 16:11:56.20,66.20,-5.36,-8.96,18.81
2024/01/01 16:11:56.21,66.21,-5.37,-8.95,19.83
2024/01/01 16:11:56.22,66.22,-5.71,-8.31,20.06
2024/01/01 16:11:56.23,66.23,-6.12,-6.99,19.73
2024/01/01 16:11:56.24,66.24,-6.45,-5.38,19.19
2024/01/01 16:11:56.25,66.25,-6.64,-4.04,18.69
2024/01/01 16:11:56.26,66.26,-6.79,-3.09,18.27
2024/01/01 16:11:56.27,66.27,-6.99,-2.34,17.98
2024/01/01 16:11:56.28,66.28,-7.07,-1.79,17.97
2024/01/01 16:11:56.29,66.29,-6.96,-1.61,18.31
2024/01/01 16:11:56.30,66.30,-6.81,-2.02,18.62
2024/01/01 16:11:56.31,66.31,-6.82,-3.07,18.42
2024/01/01 16:11:56.32,66.32,-7.03,-4.53,17.69
2024/01/01 16:11:56.33,66.33,-7.36,-5.96,16.72
2024/01/01 16:11:56.34,66.34,-7.77,-7.01,15.63
2024/01/01 16:11:56.35,66.35,-8.26,-7.51,14.44
2024/01/01 16:11:56.36,66.36,-8.90,-7.43,13.40
2024/01/01 16:11:56.37,66.37,-9.66,-6.82,12.72
2024/01/01 16:11:56.38,66.38,-10.57,-5.80,12.33
2024/01/01 16:11:56.39,66.39,-11.60,-4.57,12.01
2024/01/01 16:11:56.40,66.40,-12.77,-3.44,11.76
2024/01/01 16:11:56.41,66.41,-14.11,-2.68,11.72
2024/01/01 16:11:56.42,66.42,-15.58,-2.62,11.80
2024/01/01 16:11:56.43,66.43,-17.01,-3.39,11.69
2024/01/01 16:11:56.44,66.44,-18.24,-4.62,11.18
2024/01/01 16:11:56.45,66.45,-19.27,-5.61,10.40
2024/01/01 16:11:56.46,66.46,-20.29,-6.04,9.83
2024/01/01 16:11:56.47,66.47,-21.40,-6.28,9.82
2024/01/01 16:11:56.48,66.48,-22.30,-6.89,10.37
2024/01/01 16:11:56.49,66.49,-22.45,-7.97,11.28
2024/01/01 16:11:56.50,66.50,-21.44,-9.18,12.20
2024/01/01 16:11:56.51,66.51,-19.35,-10.13,12.98
2024/01/01 16:11:56.52,66.52,-16.59,-10.70,13.68
2024/01/01 16:11:56.53,66.53,-13.60,-11.14,14.30
2024/01/01 16:11:56.54,66.54,-10.81,-11.66,14.77
2024/01/01 16:11:56.55,66.55,-8.61,-12.18,15.03
2024/01/01 16:11:56.56,66.56,-7.27,-12.43,15.05
2024/01/01 16:11:56.57,66.57,-6.78,-12.39,14.82
2024/01/01 16:11:56.58,66.58,-6.86,-12.33,14.41
2024/01/01 16:11:56.59,66.59,-7.10,-12.57,13.98
2024/01/01 16:11:56.60,66.60,-7.24,-13.26,13.54
2024/01/01 16:11:56.61,66.61,-7.13,-14.18,13.14
2024/01/01 16:11:56.62,66.62,-6.73,-14.97,12.97
2024/01/01 16:11:56.63,66.63,-6.10,-15.23,13.17
2024/01/01 16:11:56.64,66.64,-5.45,-14.57,13.67
2024/01/01 16:11:56.65,66.65,-4.95,-12.93,14.15
2024/01/01 16:11:56.66,66.66,-4.64,-10.84,14.32
2024/01/01 16:11:56.67,66.67,-4.48,-9.04,14.22
2024/01/01 16:11:56.68,66.68,-4.25,-7.80,14.04
2024/01/01 16:11:56.69,66.69,-3.86,-6.88,13.92
2024/01/01 16:11:56.70,66.70,-3.30,-5.95,13.88
2024/01/01 16:11:56.71,66.71,-2.50,-4.92,14.00
2024/01/01 16:11:56.72,66.72,-1.50,-3.98,14.28
2024/01/01 16:11:56.73,66.73,-0.52,-3.34,14.58
2024/01/01 16:11:56.74,66.74,0.18,-2.91,14.80
2024/01/01 16:11:56.75,66.75,0.48,-2.44,15.03
2024/01/01 16:11:56.76,66.76,0.37,-1.74,15.24
2024/01/01 16:11:56.77,66.77,-0.03,-0.72,15.16
2024/01/01 16:11:56.78,66.78,-0.32,0.40,14.69
2024/01/01 16:11:56.79,66.79,-0.21,1.22,14.09
2024/01/01 16:11:56.80,66.80,0.23,1.50,13.65
2024/01/01 16:11:56.81,66.81,0.69,1.22,13.34
2024/01/01 16:11:56.82,66.82,0.94,0.47,12.99
2024/01/01 16:11:56.83,66.83,0.91,-0.54,12.64
2024/01/01 16:11:56.84,66.84,0.54,-1.45,12.35
2024/01/01 16:11:56.85,66.85,-0.23,-1.88,12.25
2024/01/01 16:11:56.86,66.86,-1.31,-1.65,12.38
2024/01/01 16:11:56.87,66.87,-2.52,-0.88,12.59
2024/01/01 16:11:56.88,66.88,-3.79,0.05,12.76
2024/01/01 16:11:56.89,66.89,-5.10,0.60,13.03
2024/01/01 16:11:56.90,66.90,-6.43,0.46,13.59
2024/01/01 16:11:56.91,66.91,-7.81,-0.09,14.25
2024/01/01 16:11:56.92,66.92,-9.22,-0.68,14.79
2024/01/01 16:11:56.93,66.93,-10.44,-1.18,15.22
2024/01/01 16:11:56.94,66.94,-11.36,-1.64,15.63
2024/01/01 16:11:56.95,66.95,-12.14,-2.01,15.80
2024/01/01 16:11:56.96,66.96,-13.03,-2.18,15.53
2024/01/01 16:11:56.97,66.97,-14.22,-2.01,15.09
2024/01/01 16:11:56.98,66.98,-15.60,-1.59,14.84
2024/01/01 16:11:56.99,66.99,-16.91,-1.44,14.79
2024/01/01 16:11:57.00,67.00,-17.98,-2.15,14.99
2024/01/01 16:11:57.01,67.01,-18.68,-3.75,15.60
2024/01/01 16:11:57.02,67.02,-18.98,-5.51,16.56
2024/01/01 16:11:57.03,67.03,-18.92,-6.52,17.44
2024/01/01 16:11:57.04,67.04,-18.49,-6.53,17.79
2024/01/01 16:11:57.05,67.05,-17.61,-6.04,17.58
2024/01/01 16:11:57.06,67.06,-16.32,-5.90,17.08
2024/01/01 16:11:57.07,67.07,-14.77,-6.73,16.61
2024/01/01 16:11:57.08,67.08,-13.24,-8.46,16.21
2024/01/01 16:11:57.09,67.09,-11.80,-10.33,15.86
2024/01/01 16:11:57.10,67.10,-10.37,-11.58,15.74
2024/01/01 16:11:57.11,67.11,-9.08,-11.94,15.96
2024/01/01 16:11:57.12,67.12,-8.14,-11.72,16.34
2024/01/01 16:11:57.13,67.13,-7.58,-11.61,16.59
2024/01/01 16:11:57.14,67.14,-7.38,-12.05,16.59
2024/01/01 16:11:57.15,67.15,-7.63,-12.88,16.48
2024/01/01 16:11:57.16,67.16,-8.35,-13.64,16.32
2024/01/01 16:11:57.17,67.17,-9.45,-13.99,16.14
2024/01/01 16:11:57.18,67.18,-10.90,-13.80,15.94
2024/01/01 16:11:57.19,67.19,-12.48,-13.18,15.77
2024/01/01 16:11:57.20,67.20,-13.66,-12.44,15.64
2024/01/01 16:11:57.21,67.21,-13.94,-11.72,15.63
2024/01/01 16:11:57.22,67.22,-13.21,-11.17,15.76
2024/01/01 16:11:57.23,67.23,-11.83,-10.98,15.88
2024/01/01 16:11:57.24,67.24,-10.37,-11.03,15.83
2024/01/01 16:11:57.25,67.25,-9.34,-10.95,15.65
2024/01/01 16:11:57.26,67.26,-8.91,-10.56,15.32
2024/01/01 16:11:57.27,67.27,-8.84,-9.90,14.82
2024/01/01 16:11:57.28,67.28,-8.73,-9.22,14.22
2024/01/01 16:11:57.29,67.29,-8.38,-8.71,13.61
2024/01/01 16:11:57.30,67.30,-7.94,-8.33,13.11
2024/01/01 16:11:57.31,67.31,-7.61,-7.97,12.85
2024/01/01 16:11:57.32,67.32,-7.44,-7.56,12.91
2024/01/01 16:11:57.33,67.33,-7.33,-7.08,13.17
2024/01/01 16:11:57.34,67.34,-7.07,-6.55,13.41
2024/01/01 16:11:57.35,67.35,-6.48,-6.06,13.52
2024/01/01 16:11:57.36,67.36,-5.54,-5.75,13.60
2024/01/01 16:11:57.37,67.37,-4.37,-5.57,13.77
2024/01/01 16:11:57.38,67.38,-3.11,-5.26,14.03
2024/01/01 16:11:57.39,67.39,-1.87,-4.69,14.35
2024/01/01 16:11:57.40,67.40,-0.68,-4.16,14.66
2024/01/01 16:11:57.41,67.41,0.39,-4.22,14.91
2024/01/01 16:11:57.42,67.42,1.14,-5.23,15.09
2024/01/01 16:11:57.43,67.43,1.42,-6.88,15.01
2024/01/01 16:11:57.44,67.44,1.09,-8.49,14.55
2024/01/01 16:11:57.45,67.45,0.24,-9.41,13.98
2024/01/01 16:11:57.46,67.46,-0.90,-9.28,13.63
2024/01/01 16:11:57.47,67.47,-2.06,-8.21,13.51
2024/01/01 16:11:57.48,67.48,-2.93,-6.75,13.53
2024/01/01 16:11:57.49,67.49,-3.33,-5.62,13.72
2024/01/01 16:11:57.50,67.50,-3.48,-5.16,14.13
2024/01/01 16:11:57.51,67.51,-3.85,-5.24,14.75
2024/01/01 16:11:57.52,67.52,-4.74,-5.54,15.57
2024/01/01 16:11:57.53,67.53,-6.20,-5.70,16.44
2024/01/01 16:11:57.54,67.54,-7.96,-5.53,17.08
2024/01/01 16:11:57.55,67.55,-9.56,-5.07,17.25
2024/01/01 16:11:57.56,67.56,-10.62,-4.30,17.09
2024/01/01 16:11:57.57,67.57,-11.01,-3.27,17.03
2024/01/01 16:11:57.58,67.58,-10.76,-2.29,17.21
2024/01/01 16:11:57.59,67.59,-10.08,-1.80,17.46
2024/01/01 16:11:57.60,67.60,-9.30,-2.03,17.74
2024/01/01 16:11:57.61,67.61,-8.70,-2.89,18.07
2024/01/01 16:11:57.62,67.62,-8.49,-4.00,18.31
2024/01/01 16:11:57.63,67.63,-8.64,-5.03,18.28
2024/01/01 16:11:57.64,67.64,-8.98,-5.82,17.89
2024/01/01 16:11:57.65,67.65,-9.38,-6.23,17.18
2024/01/01 16:11:57.66,67.66,-9.81,-6.29,16.32
2024/01/01 16:11:57.67,67.67,-10.30,-6.19,15.47
2024/01/01 16:11:57.68,67.68,-10.82,-6.11,14.84
2024/01/01 16:11:57.69,67.69,-11.21,-6.22,14.57
2024/01/01 16:11:57.70,67.70,-11.42,-6.66,14.54
2024/01/01 16:11:57.71,67.71,-11.56,-7.30,14.51
2024/01/01 16:11:57.72,67.72,-11.71,-7.86,14.45
2024/01/01 16:11:57.73,67.73,-11.91,-8.09,14.46
2024/01/01 16:11:57.74,67.74,-12.26,-7.85,14.45
2024/01/01 16:11:57.75,67.75,-12.64,-7.31,14.19
2024/01/01 16:11:57.76,67.76,-12.73,-6.96,13.68
2024/01/01 16:11:57.77,67.77,-12.45,-7.15,13.28
2024/01/01 16:11:57.78,67.78,-11.94,-7.81,13.07
2024/01/01 16:11:57.79,67.79,-11.41,-8.59,12.81
2024/01/01 16:11:57.80,67.80,-11.04,-9.10,12.49
2024/01/01 16:11:57.81,67.81,-10.93,-9.09,12.37
2024/01/01 16:11:57.82,67.82,-11.11,-8.53,12.63
2024/01/01 16:11:57.83,67.83,-11.51,-7.79,13.05
2024/01/01 16:11:57.84,67.84,-11.98,-7.26,13.34
2024/01/01 16:11:57.85,67.85,-12.44,-6.94,13.49
2024/01/01 16:11:57.86,67.86,-12.87,-6.51,13.64
2024/01/01 16:11:57.87,67.87,-13.38,-5.79,13.71
2024/01/01 16:11:57.88,67.88,-13.94,-4.92,13.65
2024/01/01 16:11:57.89,67.89,-14.30,-4.24,13.68
2024/01/01 16:11:57.90,67.90,-14.19,-4.15,13.94
2024/01/01 16:11:57.91,67.91,-13.54,-4.86,14.26
2024/01/01 16:11:57.92,67.92,-12.41,-6.44,14.46
2024/01/01 16:11:57.93,67.93,-11.02,-8.59,14.60
2024/01/01 16:11:57.94,67.94,-9.80,-10.67,14.73
2024/01/01 16:11:57.95,67.95,-8.96,-12.19,14.73
2024/01/01 16:11:57.96,67.96,-8.27,-13.07,14.52
2024/01/01 16:11:57.97,67.97,-7.39,-13.41,14.23
2024/01/01 16:11:57.98,67.98,-6.12,-13.47,13.94
2024/01/01 16:11:57.99,67.99,-4.51,-13.39,13.66
2024/01/01 16:11:58.00,68.00,-2.91,-13.16,13.52
2024/01/01 16:11:58.01,68.01,-1.82,-12.92,13.59
2024/01/01 16:11:58.02,68.02,-1.59,-12.94,13.67
2024/01/01 16:11:58.03,68.03,-2.19,-13.32,13.60
2024/01/01 16:11:58.04,68.04,-3.17,-13.80,13.49
2024/01/01 16:11:58.05,68.05,-4.07,-13.90,13.45
2024/01/01 16:11:58.06,68.06,-4.80,-13.33,13.42
2024/01/01 16:11:58.07,68.07,-5.52,-12.21,13.33
2024/01/01 16:11:58.08,68.08,-6.38,-10.84,13.32
2024/01/01 16:11:58.09,68.09,-7.38,-9.49,13.61
2024/01/01 16:11:58.10,68.10,-8.30,-8.36,14.26
2024/01/01 16:11:58.11,68.11,-8.82,-7.56,15.05
2024/01/01 16:11:58.12,68.12,-8.81,-7.00,15.77
2024/01/01 16:11:58.13,68.13,-8.42,-6.54,16.47
2024/01/01 16:11:58.14,68.14,-7.91,-6.29,17.31
2024/01/01 16:11:58.15,68.15,-7.55,-6.34,18.29
2024/01/01 16:11:58.16,68.16,-7.45,-6.50,19.23
2024/01/01 16:11:58.17,68.17,-7.62,-6.41,19.94
2024/01/01 16:11:58.18,68.18,-7.93,-5.92,20.37
2024/01/01 16:11:58.19,68.19,-8.05,-5.32,20.61
2024/01/01 16:11:58.20,68.20,-7.64,-5.08,20.79
2024/01/01 16:11:58.21,68.21,-6.72,-5.32,20.97
2024/01/01 16:11:58.22,68.22,-5.61,-5.81,21.00
2024/01/01 16:11:58.23,68.23,-4.62,-6.27,20.82
2024/01/01 16:11:58.24,68.24,-4.07,-6.68,20.42
2024/01/01 16:11:58.25,68.25,-4.07,-7.06,19.67
2024/01/01 16:11:58.26,68.26,-4.59,-7.46,18.44
2024/01/01 16:11:58.27,68.27,-5.43,-7.90,16.88
2024/01/01 16:11:58.28,68.28,-6.31,-8.39,15.45
2024/01/01 16:11:58.29,68.29,-6.95,-8.79,14.48
2024/01/01 16:11:58.30,68.30,-7.17,-8.98,14.04
2024/01/01 16:11:58.31,68.31,-6.93,-9.11,14.02
2024/01/01 16:11:58.32,68.32,-6.43,-9.42,14.21
2024/01/01 16:11:58.33,68.33,-6.04,-9.97,14.29
2024/01/01 16:11:58.34,68.34,-6.01,-10.59,14.14
2024/01/01 16:11:58.35,68.35,-6.38,-10.96,13.87
2024/01/01 16:11:58.36,68.36,-7.06,-10.75,13.64
2024/01/01 16:11:58.37,68.37,-7.82,-9.90,13.51
2024/01/01 16:11:58.38,68.38,-8.32,-8.74,13.40
2024/01/01 16:11:58.39,68.39,-8.39,-7.82,13.27
2024/01/01 16:11:58.40,68.40,-8.06,-7.35,13.23
2024/01/01 16:11:58.41,68.41,-7.48,-7.12,13.32
2024/01/01 16:11:58.42,68.42,-7.02,-6.67,13.41
2024/01/01 16:11:58.43,68.43,-6.98,-5.83,13.37
2024/01/01 16:11:58.44,68.44,-7.31,-4.84,13.20
2024/01/01 16:11:58.45,68.45,-7.83,-4.06,13.04
2024/01/01 16:11:58.46,68.46,-8.36,-3.72,12.99
2024/01/01 16:11:58.47,68.47,-8.72,-3.79,13.18
2024/01/01 16:11:58.48,68.48,-8.95,-4.00,13.62
2024/01/01 16:11:58.49,68.49,-9.28,-4.15,14.21
2024/01/01 16:11:58.50,68.50,-9.77,-4.24,14.79
2024/01/01 16:11:58.51,68.51,-10.32,-4.28,15.26
2024/01/01 16:11:58.52,68.52,-10.76,-4.18,15.58
2024/01/01 16:11:58.53,68.53,-10.99,-3.96,15.64
2024/01/01 16:11:58.54,68.54,-10.94,-3.85,15.52
2024/01/01 16:11:58.55,68.55,-10.62,-4.03,15.43
2024/01/01 16:11:58.56,68.56,-10.20,-4.59,15.40
2024/01/01 16:11:58.57,68.57,-9.92,-5.34,15.23
2024/01/01 16:11:58.58,68.58,-9.77,-5.98,14.83
2024/01/01 16:11:58.59,68.59,-9.69,-6.38,14.25
2024/01/01 16:11:58.60,68.60,-9.69,-6.60,13.58
2024/01/01 16:11:58.61,68.61,-9.70,-6.72,12.94
2024/01/01 16:11:58.62,68.62,-9.63,-6.86,12.53
2024/01/01 16:11:58.63,68.63,-9.38,-7.09,12.36
2024/01/01 16:11:58.64,68.64,-8.79,-7.38,12.26
2024/01/01 16:11:58.65,68.65,-7.81,-7.65,12.09
2024/01/01 16:11:58.66,68.66,-6.65,-7.66,11.98
2024/01/01 16:11:58.67,68.67,-5.67,-7.21,12.02
2024/01/01 16:11:58.68,68.68,-5.13,-6.25,12.14
2024/01/01 16:11:58.69,68.69,-5.08,-4.84,12.17
2024/01/01 16:11:58.70,68.70,-5.30,-3.29,12.14
2024/01/01 16:11:58.71,68.71,-5.50,-1.97,12.18
2024/01/01 16:11:58.72,68.72,-5.54,-1.26,12.46
2024/01/01 16:11:58.73,68.73,-5.56,-1.42,13.03
2024/01/01 16:11:58.74,68.74,-5.75,-2.33,13.84
2024/01/01 16:11:58.75,68.75,-6.26,-3.53,14.73
2024/01/01 16:11:58.76,68.76,-7.20,-4.50,15.52
2024/01/01 16:11:58.77,68.77,-8.61,-5.07,16.04
2024/01/01 16:11:58.78,68.78,-10.33,-5.50,16.40
2024/01/01 16:11:58.79,68.79,-12.11,-6.07,16.84
2024/01/01 16:11:58.80,68.80,-13.66,-6.91,17.45
2024/01/01 16:11:58.81,68.81,-14.78,-8.05,18.02
2024/01/01 16:11:58.82,68.82,-15.39,-9.34,18.34
2024/01/01 16:11:58.83,68.83,-15.50,-10.39,18.47
2024/01/01 16:11:58.84,68.84,-15.12,-10.91,18.51
2024/01/01 16:11:58.85,68.85,-14.34,-10.91,18.36
2024/01/01 16:11:58.86,68.86,-13.31,-10.50,17.86
2024/01/01 16:11:58.87,68.87,-12.16,-9.71,17.17
2024/01/01 16:11:58.88,68.88,-10.92,-8.62,16.53
2024/01/01 16:11:58.89,68.89,-9.70,-7.46,15.93
2024/01/01 16:11:58.90,68.90,-8.62,-6.81,15.16
2024/01/01 16:11:58.91,68.91,-7.67,-7.22,14.23
2024/01/01 16:11:58.92,68.92,-6.85,-8.51,13.41
2024/01/01 16:11:58.93,68.93,-6.25,-9.87,12.87
2024/01/01 16:11:58.94,68.94,-5.87,-10.65,12.43
2024/01/01 16:11:58.95,68.95,-5.57,-10.83,11.86
2024/01/01 16:11:58.96,68.96,-5.24,-10.96,11.28
2024/01/01 16:11:58.97,68.97,-4.93,-11.53,10.97
2024/01/01 16:11:58.98,68.98,-4.76,-12.45,11.02
2024/01/01 16:11:58.99,68.99,-4.69,-13.35,11.21
2024/01/01 16:11:59.00,69.00,-4.54,-13.96,11.32
2024/01/01 16:11:59.01,69.01,-4.27,-13.87,11.41
2024/01/01 16:11:59.02,69.02,-3.96,-12.86,11.52
2024/01/01 16:11:59.03,69.03,-3.74,-11.29,11.54
2024/01/01 16:11:59.04,69.04,-3.59,-9.78,11.35
2024/01/01 16:11:59.05,69.05,-3.57,-8.76,11.03
2024/01/01 16:11:59.06,69.06,-3.83,-8.15,10.77
2024/01/01 16:11:59.07,69.07,-4.52,-7.64,10.85
2024/01/01 16:11:59.08,69.08,-5.66,-6.94,11.42
2024/01/01 16:11:59.09,69.09,-7.15,-5.99,12.31
2024/01/01 16:11:59.10,69.10,-8.59,-4.93,13.19
2024/01/01 16:11:59.11,69.11,-9.49,-3.97,13.94
2024/01/01 16:11:59.12,69.12,-9.60,-3.18,14.66
2024/01/01 16:11:59.13,69.13,-9.13,-2.55,15.50
2024/01/01 16:11:59.14,69.14,-8.44,-2.08,16.36
2024/01/01 16:11:59.15,69.15,-7.90,-1.79,17.09
2024/01/01 16:11:59.16,69.16,-7.62,-1.79,17.58
2024/01/01 16:11:59.17,69.17,-7.45,-2.26,17.79
2024/01/01 16:11:59.18,69.18,-7.15,-3.21,17.75
2024/01/01 16:11:59.19,69.19,-6.59,-4.29,17.49
2024/01/01 16:11:59.20,69.20,-5.80,-5.03,16.98
2024/01/01 16:11:59.21,69.21,-4.95,-5.20,16.19
2024/01/01 16:11:59.22,69.22,-4.11,-4.92,15.24
2024/01/01 16:11:59.23,69.23,-3.35,-4.62,14.28
2024/01/01 16:11:59.24,69.24,-2.86,-4.54,13.43
2024/01/01 16:11:59.25,69.25,-2.91,-4.67,12.81
2024/01/01 16:11:59.26,69.26,-3.57,-4.91,12.42
2024/01/01 16:11:59.27,69.27,-4.73,-5.09,12.17
2024/01/01 16:11:59.28,69.28,-6.22,-4.98,11.93
2024/01/01 16:11:59.29,69.29,-7.82,-4.53,11.54
2024/01/01 16:11:59.30,69.30,-9.38,-3.85,11.07
2024/01/01 16:11:59.31,69.31,-10.83,-3.14,10.83
2024/01/01 16:11:59.32,69.32,-12.04,-2.56,11.11
2024/01/01 16:11:59.33,69.33,-12.92,-2.07,11.85
2024/01/01 16:11:59.34,69.34,-13.34,-1.59,12.81
2024/01/01 16:11:59.35,69.35,-13.18,-1.27,13.85
2024/01/01 16:11:59.36,69.36,-12.59,-1.39,14.95
2024/01/01 16:11:59.37,69.37,-11.87,-1.97,15.87
2024/01/01 16:11:59.38,69.38,-11.30,-2.91,16.31
2024/01/01 16:11:59.39,69.39,-11.00,-4.12,16.32
2024/01/01 16:11:59.40,69.40,-10.97,-5.55,16.22
2024/01/01 16:11:59.41,69.41,-11.13,-7.17,16.12
2024/01/01 16:11:59.42,69.42,-11.37,-9.03,15.96
2024/01/01 16:11:59.43,69.43,-11.58,-11.08,15.81
2024/01/01 16:11:59.44,69.44,-11.69,-13.01,15.89
2024/01/01 16:11:59.45,69.45,-11.64,-14.45,16.16
2024/01/01 16:11:59.46,69.46,-11.45,-15.20,16.29
2024/01/01 16:11:59.47,69.47,-11.16,-15.21,16.10
2024/01/01 16:11:59.48,69.48,-10.81,-14.64,15.79
2024/01/01 16:11:59.49,69.49,-10.55,-13.81,15.62
2024/01/01 16:11:59.50,69.50,-10.42,-13.05,15.60
2024/01/01 16:11:59.51,69.51,-10.42,-12.60,15.61
2024/01/01 16:11:59.52,69.52,-10.50,-12.52,15.62
2024/01/01 16:11:59.53,69.53,-10.56,-12.67,15.72
2024/01/01 16:11:59.54,69.54,-10.44,-12.83,15.90
2024/01/01 16:11:59.55,69.55,-10.09,-12.84,15.96
2024/01/01 16:11:59.56,69.56,-9.48,-12.56,15.76
2024/01/01 16:11:59.57,69.57,-8.68,-12.02,15.38
2024/01/01 16:11:59.58,69.58,-7.88,-11.37,15.03
2024/01/01 16:11:59.59,69.59,-7.31,-10.81,14.89
2024/01/01 16:11:59.60,69.60,-7.10,-10.44,14.82
2024/01/01 16:11:59.61,69.61,-7.24,-10.10,14.59
2024/01/01 16:11:59.62,69.62,-7.59,-9.62,14.05
2024/01/01 16:11:59.63,69.63,-8.00,-9.01,13.27
2024/01/01 16:11:59.64,69.64,-8.39,-8.42,12.44
2024/01/01 16:11:59.65,69.65,-8.80,-8.19,11.83
2024/01/01 16:11:59.66,69.66,-9.21,-8.54,11.61
2024/01/01 16:11:59.67,69.67,-9.47,-9.23,11.82
2024/01/01 16:11:59.68,69.68,-9.36,-9.74,12.43
2024/01/01 16:11:59.69,69.69,-8.75,-9.77,13.32
2024/01/01 16:11:59.70,69.70,-7.73,-9.29,14.23
2024/01/01 16:11:59.71,69.71,-6.58,-8.59,14.91
2024/01/01 16:11:59.72,69.72,-5.56,-7.94,15.35
2024/01/01 16:11:59.73,69.73,-4.88,-7.37,15.65
2024/01/01 16:11:59.74,69.74,-4.62,-6.81,15.93
2024/01/01 16:11:59.75,69.75,-4.73,-6.34,16.24
2024/01/01 16:11:59.76,69.76,-5.08,-6.13,16.56
2024/01/01 16:11:59.77,69.77,-5.62,-6.22,16.80
2024/01/01 16:11:59.78,69.78,-6.27,-6.49,16.98
2024/01/01 16:11:59.79,69.79,-6.93,-6.78,17.15
2024/01/01 16:11:59.80,69.80,-7.58,-6.82,17.31
2024/01/01 16:11:59.81,69.81,-8.19,-6.42,17.36
2024/01/01 16:11:59.82,69.82,-8.60,-5.56,17.34
2024/01/01 16:11:59.83,69.83,-8.66,-4.33,17.35
2024/01/01 16:11:59.84,69.84,-8.35,-2.92,17.35
2024/01/01 16:11:59.85,69.85,-7.83,-1.58,17.26
2024/01/01 16:11:59.86,69.86,-7.36,-0.55,17.08
2024/01/01 16:11:59.87,69.87,-7.12,0.01,16.89
2024/01/01 16:11:59.88,69.88,-7.11,0.07,16.75
2024/01/01 16:11:59.89,69.89,-7.13,-0.35,16.64
2024/01/01 16:11:59.90,69.90,-6.95,-1.11,16.48
2024/01/01 16:11:59.91,69.91,-6.54,-1.97,16.16
2024/01/01 16:11:59.92,69.92,-6.03,-2.73,15.63
2024/01/01 16:11:59.93,69.93,-5.60,-3.24,15.07
2024/01/01 16:11:59.94,69.94,-5.47,-3.49,14.69
2024/01/01 16:11:59.95,69.95,-5.71,-3.53,14.54
2024/01/01 16:11:59.96,69.96,-6.23,-3.46,14.51
2024/01/01 16:11:59.97,69.97,-6.85,-3.40,14.50
2024/01/01 16:11:59.98,69.98,-7.36,-3.38,14.44
2024/01/01 16:11:59.99,69.99,-7.58,-3.44,14.25
2024/01/01 16:12:00.00,70.00,-7.44,-3.62,13.98
2024/01/01 16:12:00.01,70.01,-7.04,-4.04,13.74
2024/01/01 16:12:00.02,70.02,-6.61,-4.77,13.69
2024/01/01 16:12:00.03,70.03,-6.39,-5.84,13.90
2024/01/01 16:12:00.04,70.04,-6.57,-7.19,14.30
2024/01/01 16:12:00.05,70.05,-7.22,-8.56,14.68
2024/01/01 16:12:00.06,70.06,-8.22,-9.56,14.84
2024/01/01 16:12:00.07,70.07,-9.30,-9.74,14.77
2024/01/01 16:12:00.08,70.08,-10.24,-9.02,14.60
2024/01/01 16:12:00.09,70.09,-10.97,-7.74,14.43
2024/01/01 16:12:00.10,70.10,-11.54,-6.49,14.34
2024/01/01 16:12:00.11,70.11,-12.03,-5.73,14.43
2024/01/01 16:12:00.12,70.12,-12.44,-5.56,14.76
2024/01/01 16:12:00.13,70.13,-12.70,-5.78,15.24
2024/01/01 16:12:00.14,70.14,-12.77,-6.13,15.71
2024/01/01 16:12:00.15,70.15,-12.59,-6.44,16.01
2024/01/01 16:12:00.16,70.16,-12.19,-6.77,15.97
2024/01/01 16:12:00.17,70.17,-11.59,-7.29,15.66
2024/01/01 16:12:00.18,70.18,-10.81,-8.11,15.43
2024/01/01 16:12:00.19,70.19,-9.99,-9.11,15.48
2024/01/01 16:12:00.20,70.20,-9.35,-9.93,15.69
2024/01/01 16:12:00.21,70.21,-8.97,-10.29,15.85
2024/01/01 16:12:00.22,70.22,-8.87,-10.29,15.82
2024/01/01 16:12:00.23,70.23,-8.97,-10.19,15.61
2024/01/01 16:12:00.24,70.24,-9.12,-10.24,15.39
2024/01/01 16:12:00.25,70.25,-9.26,-10.54,15.39
2024/01/01 16:12:00.26,70.26,-9.43,-11.06,15.54
2024/01/01 16:12:00.27,70.27,-9.50,-11.85,15.50
2024/01/01 16:12:00.28,70.28,-9.31,-12.96,15.13
2024/01/01 16:12:00.29,70.29,-8.85,-14.27,14.69
2024/01/01 16:12:00.30,70.30,-8.22,-15.44,14.38
2024/01/01 16:12:00.31,70.31,-7.60,-16.20,14.11
2024/01/01 16:12:00.32,70.32,-7.19,-16.38,13.77
2024/01/01 16:12:00.33,70.33,-7.01,-15.90,13.42
2024/01/01 16:12:00.34,70.34,-7.00,-14.74,13.04
2024/01/01 16:12:00.35,70.35,-7.08,-13.09,12.51
2024/01/01 16:12:00.36,70.36,-7.12,-11.34,12.03
2024/01/01 16:12:00.37,70.37,-6.91,-9.96,11.93
2024/01/01 16:12:00.38,70.38,-6.40,-9.20,12.25
2024/01/01 16:12:00.39,70.39,-5.77,-9.11,12.68
2024/01/01 16:12:00.40,70.40,-5.25,-9.52,13.05
2024/01/01 16:12:00.41,70.41,-4.99,-9.93,13.41
2024/01/01 16:12:00.42,70.42,-5.15,-9.88,13.70
2024/01/01 16:12:00.43,70.43,-5.73,-9.38,13.66
2024/01/01 16:12:00.44,70.44,-6.56,-8.68,13.30
2024/01/01 16:12:00.45,70.45,-7.43,-7.83,12.99
2024/01/01 16:12:00.46,70.46,-8.14,-6.72,12.96
2024/01/01 16:12:00.47,70.47,-8.52,-5.41,13.12
2024/01/01 16:12:00.48,70.48,-8.51,-4.08,13.38
2024/01/01 16:12:00.49,70.49,-8.19,-2.84,13.74
2024/01/01 16:12:00.50,70.50,-7.81,-1.73,14.10
2024/01/01 16:12:00.51,70.51,-7.58,-0.89,14.36
2024/01/01 16:12:00.52,70.52,-7.54,-0.48,14.60
2024/01/01 16:12:00.53,70.53,-7.66,-0.54,14.93
2024/01/01 16:12:00.54,70.54,-7.97,-0.99,15.30
2024/01/01 16:12:00.55,70.55,-8.52,-1.86,15.65
2024/01/01 16:12:00.56,70.56,-9.31,-3.21,15.95
2024/01/01 16:12:00.57,70.57,-10.14,-4.81,16.10
2024/01/01 16:12:00.58,70.58,-10.74,-6.13,16.00
2024/01/01 16:12:00.59,70.59,-10.89,-6.65,15.77
2024/01/01 16:12:00.60,70.60,-10.62,-6.10,15.50
2024/01/01 16:12:00.61,70.61,-10.23,-4.51,15.16
2024/01/01 16:12:00.62,70.62,-9.99,-2.42,14.76
2024/01/01 16:12:00.63,70.63,-9.85,-0.63,14.49
2024/01/01 16:12:00.64,70.64,-9.70,0.39,14.41
2024/01/01 16:12:00.65,70.65,-9.52,0.67,14.31
2024/01/01 16:12:00.66,70.66,-9.36,0.37,13.95
2024/01/01 16:12:00.67,70.67,-9.22,-0.49,13.36
2024/01/01 16:12:00.68,70.68,-9.07,-1.86,12.77
2024/01/01 16:12:00.69,70.69,-8.95,-3.60,12.35
2024/01/01 16:12:00.70,70.70,-9.00,-5.44,12.20
2024/01/01 16:12:00.71,70.71,-9.31,-7.01,12.37
2024/01/01 16:12:00.72,70.72,-9.74,-7.98,12.87
2024/01/01 16:12:00.73,70.73,-10.06,-8.35,13.58
2024/01/01 16:12:00.74,70.74,-10.14,-8.29,14.18
2024/01/01 16:12:00.75,70.75,-9.97,-7.86,14.40
2024/01/01 16:12:00.76,70.76,-9.67,-7.15,14.38
2024/01/01 16:12:00.77,70.77,-9.34,-6.41,14.44
2024/01/01 16:12:00.78,70.78,-8.96,-6.07,14.67
2024/01/01 16:12:00.79,70.79,-8.40,-6.57,14.98
2024/01/01 16:12:00.80,70.80,-7.62,-8.01,15.31
2024/01/01 16:12:00.81,70.81,-6.79,-10.08,15.75
2024/01/01 16:12:00.82,70.82,-6.08,-12.23,16.37
2024/01/01 16:12:00.83,70.83,-5.56,-13.90,16.98
2024/01/01 16:12:00.84,70.84,-5.24,-14.68,17.29
2024/01/01 16:12:00.85,70.85,-5.03,-14.48,17.17
2024/01/01 16:12:00.86,70.86,-4.73,-13.64,16.87
2024/01/01 16:12:00.87,70.87,-4.31,-12.78,16.70
2024/01/01 16:12:00.88,70.88,-3.85,-12.42,16.77
2024/01/01 16:12:00.89,70.89,-3.45,-12.88,17.07
2024/01/01 16:12:00.90,70.90,-3.12,-14.08,17.51
2024/01/01 16:12:00.91,70.91,-2.89,-15.63,17.91
2024/01/01 16:12:00.92,70.92,-2.59,-17.09,17.98
2024/01/01 16:12:00.93,70.93,-2.02,-18.18,17.63
2024/01/01 16:12:00.94,70.94,-1.24,-18.73,16.96
2024/01/01 16:12:00.95,70.95,-0.47,-18.67,16.19
2024/01/01 16:12:00.96,70.96,0.07,-18.13,15.51
2024/01/01 16:12:00.97,70.97,0.22,-17.25,15.00
2024/01/01 16:12:00.98,70.98,-0.01,-16.00,14.71
2024/01/01 16:12:00.99,70.99,-0.45,-14.36,14.65
2024/01/01 16:12:01.00,71.00,-1.01,-12.40,14.73
2024/01/01 16:12:01.01,71.01,-1.69,-10.36,14.76
2024/01/01 16:12:01.02,71.02,-2.50,-8.63,14.60
2024/01/01 16:12:01.03,71.03,-3.55,-7.39,14.28
2024/01/01 16:12:01.04,71.04,-4.83,-6.41,13.93
2024/01/01 16:12:01.05,71.05,-6.15,-5.52,13.60
2024/01/01 16:12:01.06,71.06,-7.27,-4.75,13.35
2024/01/01 16:12:01.07,71.07,-8.03,-4.10,13.22
2024/01/01 16:12:01.08,71.08,-8.48,-3.42,13.15
2024/01/01 16:12:01.09,71.09,-8.73,-2.49,13.08
2024/01/01 16:12:01.10,71.10,-8.94,-1.27,13.13
2024/01/01 16:12:01.11,71.11,-9.17,0.03,13.45
2024/01/01 16:12:01.12,71.12,-9.31,1.10,13.97
2024/01/01 16:12:01.13,71.13,-9.30,1.76,14.53
2024/01/01 16:12:01.14,71.14,-9.22,2.05,15.02
2024/01/01 16:12:01.15,71.15,-9.29,2.08,15.35
2024/01/01 16:12:01.16,71.16,-9.63,1.78,15.40
2024/01/01 16:12:01.17,71.17,-10.20,0.89,15.17
2024/01/01 16:12:01.18,71.18,-10.85,-0.73,14.91
2024/01/01 16:12:01.19,71.19,-11.53,-2.87,14.84
2024/01/01 16:12:01.20,71.20,-12.27,-4.94,14.96
2024/01/01 16:12:01.21,71.21,-13.03,-6.37,15.12
2024/01/01 16:12:01.22,71.22,-13.68,-6.88,15.11
2024/01/01 16:12:01.23,71.23,-14.11,-6.56,14.79
2024/01/01 16:12:01.24,71.24,-14.31,-5.83,14.17
2024/01/01 16:12:01.25,71.25,-14.38,-5.14,13.38
2024/01/01 16:12:01.26,71.26,-14.46,-4.59,12.59
2024/01/01 16:12:01.27,71.27,-14.63,-4.13,11.98
2024/01/01 16:12:01.28,71.28,-14.85,-3.72,11.66
2024/01/01 16:12:01.29,71.29,-15.01,-3.50,11.54
2024/01/01 16:12:01.30,71.30,-14.97,-3.62,11.50
2024/01/01 16:12:01.31,71.31,-14.80,-4.20,11.55
2024/01/01 16:12:01.32,71.32,-14.69,-5.18,11.92
2024/01/01 16:12:01.33,71.33,-14.80,-6.21,12.73
2024/01/01 16:12:01.34,71.34,-15.16,-6.94,13.70
2024/01/01 16:12:01.35,71.35,-15.68,-7.23,14.45
2024/01/01 16:12:01.36,71.36,-16.08,-7.22,14.97
2024/01/01 16:12:01.37,71.37,-16.05,-7.23,15.52
2024/01/01 16:12:01.38,71.38,-15.45,-7.42,16.21
2024/01/01 16:12:01.39,71.39,-14.39,-7.83,16.88
2024/01/01 16:12:01.40,71.40,-13.11,-8.55,17.41
2024/01/01 16:12:01.41,71.41,-11.79,-9.56,17.80
2024/01/01 16:12:01.42,71.42,-10.53,-10.77,18.03
2024/01/01 16:12:01.43,71.43,-9.28,-12.11,18.09
2024/01/01 16:12:01.44,71.44,-7.99,-13.34,18.10
2024/01/01 16:12:01.45,71.45,-6.72,-14.04,18.11
2024/01/01 16:12:01.46,71.46,-5.60,-14.01,18.08
2024/01/01 16:12:01.47,71.47,-4.66,-13.37,17.91
2024/01/01 16:12:01.48,71.48,-3.88,-12.37,17.61
2024/01/01 16:12:01.49,71.49,-3.29,-11.14,17.24
2024/01/01 16:12:01.50,71.50,-2.92,-9.87,16.79
2024/01/01 16:12:01.51,71.51,-2.69,-8.80,16.26
2024/01/01 16:12:01.52,71.52,-2.50,-8.24,15.76
2024/01/01 16:12:01.53,71.53,-2.21,-8.42,15.48
2024/01/01 16:12:01.54,71.54,-1.84,-9.17,15.39
2024/01/01 16:12:01.55,71.55,-1.52,-9.91,15.34
2024/01/01 16:12:01.56,71.56,-1.39,-10.05,15.18
2024/01/01 16:12:01.57,71.57,-1.55,-9.30,14.81
2024/01/01 16:12:01.58,71.58,-1.99,-7.84,14.25
2024/01/01 16:12:01.59,71.59,-2.53,-6.22,13.70
2024/01/01 16:12:01.60,71.60,-3.06,-4.94,13.45
2024/01/01 16:12:01.61,71.61,-3.46,-4.13,13.64
2024/01/01 16:12:01.62,71.62,-3.58,-3.72,14.08
2024/01/01 16:12:01.63,71.63,-3.36,-3.61,14.41
2024/01/01 16:12:01.64,71.64,-2.87,-3.74,14.58
2024/01/01 16:12:01.65,71.65,-2.30,-4.02,14.75
2024/01/01 16:12:01.66,71.66,-1.96,-4.25,14.97
2024/01/01 16:12:01.67,71.67,-2.03,-4.29,15.20
2024/01/01 16:12:01.68,71.68,-2.37,-4.07,15.42
2024/01/01 16:12:01.69,71.69,-2.74,-3.68,15.61
2024/01/01 16:12:01.70,71.70,-3.04,-3.32,15.74
2024/01/01 16:12:01.71,71.71,-3.24,-3.27,15.77
2024/01/01 16:12:01.72,71.72,-3.30,-3.58,15.76
2024/01/01 16:12:01.73,71.73,-3.28,-4.01,15.82
2024/01/01 16:12:01.74,71.74,-3.34,-4.28,15.94
2024/01/01 16:12:01.75,71.75,-3.64,-4.27,15.93
2024/01/01 16:12:01.76,71.76,-4.27,-4.19,15.68
2024/01/01 16:12:01.77,71.77,-5.32,-4.48,15.22
2024/01/01 16:12:01.78,71.78,-6.73,-5.32,14.71
2024/01/01 16:12:01.79,71.79,-8.24,-6.51,14.27
2024/01/01 16:12:01.80,71.80,-9.50,-7.83,13.95
2024/01/01 16:12:01.81,71.81,-10.36,-9.09,13.83
2024/01/01 16:12:01.82,71.82,-10.88,-10.08,13.94
2024/01/01 16:12:01.83,71.83,-11.31,-10.59,14.21
2024/01/01 16:12:01.84,71.84,-11.82,-10.55,14.49
2024/01/01 16:12:01.85,71.85,-12.48,-9.95,14.75
2024/01/01 16:12:01.86,71.86,-13.11,-8.84,14.96
2024/01/01 16:12:01.87,71.87,-13.52,-7.42,15.07
2024/01/01 16:12:01.88,71.88,-13.66,-6.05,15.09
2024/01/01 16:12:01.89,71.89,-13.59,-5.12,15.24
2024/01/01 16:12:01.90,71.90,-13.47,-4.80,15.68
2024/01/01 16:12:01.91,71.91,-13.47,-5.04,16.32
2024/01/01 16:12:01.92,71.92,-13.66,-5.68,16.87
2024/01/01 16:12:01.93,71.93,-13.89,-6.57,17.23
2024/01/01 16:12:01.94,71.94,-14.08,-7.51,17.45
2024/01/01 16:12:01.95,71.95,-14.23,-8.22,17.64
2024/01/01 16:12:01.96,71.96,-14.37,-8.58,17.77
2024/01/01 16:12:01.97,71.97,-14.49,-8.65,17.79
2024/01/01 16:12:01.98,71.98,-14.44,-8.60,17.71
2024/01/01 16:12:01.99,71.99,-14.16,-8.70,17.56
2024/01/01 16:12:02.00,72.00,-13.66,-9.03,17.45
2024/01/01 16:12:02.01,72.01,-12.99,-9.52,17.42
2024/01/01 16:12:02.02,72.02,-12.34,-10.07,17.39
2024/01/01 16:12:02.03,72.03,-11.90,-10.48,17.17
2024/01/01 16:12:02.04,72.04,-11.76,-10.62,16.72
2024/01/01 16:12:02.05,72.05,-11.90,-10.44,16.12
2024/01/01 16:12:02.06,72.06,-12.22,-9.94,15.47
2024/01/01 16:12:02.07,72.07,-12.60,-9.12,14.84
2024/01/01 16:12:02.08,72.08,-12.88,-7.99,14.38
2024/01/01 16:12:02.09,72.09,-12.93,-6.61,14.20
2024/01/01 16:12:02.10,72.10,-12.74,-5.12,14.36
2024/01/01 16:12:02.11,72.11,-12.35,-3.72,14.69
2024/01/01 16:12:02.12,72.12,-11.76,-2.61,15.02
2024/01/01 16:12:02.13,72.13,-10.98,-1.92,15.27
2024/01/01 16:12:02.14,72.14,-10.04,-1.63,15.43
2024/01/01 16:12:02.15,72.15,-9.00,-1.58,15.56
2024/01/01 16:12:02.16,72.16,-7.86,-1.65,15.66
2024/01/01 16:12:02.17,72.17,-6.64,-1.74,15.66
2024/01/01 16:12:02.18,72.18,-5.52,-1.94,15.51
2024/01/01 16:12:02.19,72.19,-4.67,-2.44,15.31
2024/01/01 16:12:02.20,72.20,-4.16,-3.29,15.08
2024/01/01 16:12:02.21,72.21,-4.02,-4.25,14.69
2024/01/01 16:12:02.22,72.22,-4.20,-4.96,14.12
2024/01/01 16:12:02.23,72.23,-4.59,-5.23,13.62
2024/01/01 16:12:02.24,72.24,-5.07,-5.13,13.44
2024/01/01 16:12:02.25,72.25,-5.63,-4.99,13.46
2024/01/01 16:12:02.26,72.26,-6.24,-5.13,13.48
2024/01/01 16:12:02.27,72.27,-6.81,-5.50,13.48
2024/01/01 16:12:02.28,72.28,-7.22,-5.69,13.58
2024/01/01 16:12:02.29,72.29,-7.40,-5.45,13.83
2024/01/01 16:12:02.30,72.30,-7.34,-4.95,14.14
2024/01/01 16:12:02.31,72.31,-7.08,-4.56,14.44
2024/01/01 16:12:02.32,72.32,-6.68,-4.57,14.75
2024/01/01 16:12:02.33,72.33,-6.30,-4.98,15.12
2024/01/01 16:12:02.34,72.34,-6.01,-5.54,15.61
2024/01/01 16:12:02.35,72.35,-5.82,-6.01,16.17
2024/01/01 16:12:02.36,72.36,-5.71,-6.32,16.61
2024/01/01 16:12:02.37,72.37,-5.57,-6.49,16.76
2024/01/01 16:12:02.38,72.38,-5.27,-6.58,16.67
2024/01/01 16:12:02.39,72.39,-4.70,-6.60,16.47
2024/01/01 16:12:02.40,72.40,-3.85,-6.62,16.23
2024/01/01 16:12:02.41,72.41,-2.84,-6.81,15.90
2024/01/01 16:12:02.42,72.42,-1.85,-7.27,15.48
2024/01/01 16:12:02.43,72.43,-1.09,-7.93,14.97
2024/01/01 16:12:02.44,72.44,-0.69,-8.67,14.37
2024/01/01 16:12:02.45,72.45,-0.66,-9.43,13.77
2024/01/01 16:12:02.46,72.46,-1.07,-10.04,13.29
2024/01/01 16:12:02.47,72.47,-1.93,-10.35,13.05
2024/01/01 16:12:02.48,72.48,-3.20,-10.41,12.91
2024/01/01 16:12:02.49,72.49,-4.69,-10.36,12.72
2024/01/01 16:12:02.50,72.50,-6.13,-10.34,12.50
2024/01/01 16:12:02.51,72.51,-7.29,-10.38,12.38
2024/01/01 16:12:02.52,72.52,-8.21,-10.45,12.39
2024/01/01 16:12:02.53,72.53,-8.97,-10.49,12.54
2024/01/01 16:12:02.54,72.54,-9.57,-10.47,12.86
2024/01/01 16:12:02.55,72.55,-9.96,-10.22,13.39
2024/01/01 16:12:02.56,72.56,-10.13,-9.69,14.12
2024/01/01 16:12:02.57,72.57,-10.15,-9.18,14.91
2024/01/01 16:12:02.58,72.58,-10.24,-9.05,15.57
2024/01/01 16:12:02.59,72.59,-10.62,-9.25,15.96
2024/01/01 16:12:02.60,72.60,-11.30,-9.52,16.06
2024/01/01 16:12:02.61,72.61,-12.15,-9.66,15.96
2024/01/01 16:12:02.62,72.62,-13.01,-9.67,15.82
2024/01/01 16:12:02.63,72.63,-13.75,-9.73,15.61
2024/01/01 16:12:02.64,72.64,-14.37,-10.03,15.27
2024/01/01 16:12:02.65,72.65,-14.96,-10.52,14.84
2024/01/01 16:12:02.66,72.66,-15.62,-10.87,14.44
2024/01/01 16:12:02.67,72.67,-16.28,-10.81,14.09
2024/01/01 16:12:02.68,72.68,-16.70,-10.44,13.77
2024/01/01 16:12:02.69,72.69,-16.59,-10.12,13.59
2024/01/01 16:12:02.70,72.70,-15.85,-10.11,13.62
2024/01/01 16:12:02.71,72.71,-14.70,-10.39,13.75
2024/01/01 16:12:02.72,72.72,-13.40,-10.83,13.83
2024/01/01 16:12:02.73,72.73,-12.15,-11.23,13.86
2024/01/01 16:12:02.74,72.74,-11.11,-11.28,13.85
2024/01/01 16:12:02.75,72.75,-10.40,-10.74,13.73
2024/01/01 16:12:02.76,72.76,-10.00,-9.57,13.51
2024/01/01 16:12:02.77,72.77,-9.75,-7.99,13.34
2024/01/01 16:12:02.78,72.78,-9.48,-6.41,13.38
2024/01/01 16:12:02.79,72.79,-9.09,-5.30,13.67
2024/01/01 16:12:02.80,72.80,-8.66,-4.87,14.23
2024/01/01 16:12:02.81,72.81,-8.35,-5.06,15.09
2024/01/01 16:12:02.82,72.82,-8.30,-5.46,16.12
2024/01/01 16:12:02.83,72.83,-8.57,-5.65,16.93
2024/01/01 16:12:02.84,72.84,-9.05,-5.46,17.26
2024/01/01 16:12:02.85,72.85,-9.55,-5.02,17.16
2024/01/01 16:12:02.86,72.86,-9.90,-4.52,16.88
2024/01/01 16:12:02.87,72.87,-9.89,-4.30,16.64
2024/01/01 16:12:02.88,72.88,-9.32,-4.65,16.48
2024/01/01 16:12:02.89,72.89,-8.14,-5.45,16.39
2024/01/01 16:12:02.90,72.90,-6.36,-6.29,16.41
2024/01/01 16:12:02.91,72.91,-4.16,-6.89,16.53
2024/01/01 16:12:02.92,72.92,-1.96,-7.11,16.57
2024/01/01 16:12:02.93,72.93,-0.05,-6.83,16.35
2024/01/01 16:12:02.94,72.94,1.45,-6.19,15.82
2024/01/01 16:12:02.95,72.95,2.37,-5.44,15.07
2024/01/01 16:12:02.96,72.96,2.66,-4.78,14.20
2024/01/01 16:12:02.97,72.97,2.53,-4.41,13.32
2024/01/01 16:12:02.98,72.98,2.19,-4.43,12.73
2024/01/01 16:12:02.99,72.99,1.78,-4.79,12.67
2024/01/01 16:12:03.00,73.00,1.45,-5.38,13.01
2024/01/01 16:12:03.01,73.01,1.27,-6.12,13.34
2024/01/01 16:12:03.02,73.02,1.11,-6.89,13.48
2024/01/01 16:12:03.03,73.03,0.86,-7.48,13.53
2024/01/01 16:12:03.04,73.04,0.48,-7.67,13.63
2024/01/01 16:12:03.05,73.05,0.04,-7.43,13.73
2024/01/01 16:12:03.06,73.06,-0.35,-6.93,13.68
2024/01/01 16:12:03.07,73.07,-0.60,-6.36,13.44
2024/01/01 16:12:03.08,73.08,-0.79,-5.91,13.18
2024/01/01 16:12:03.09,73.09,-1.05,-5.72,13.12
2024/01/01 16:12:03.10,73.10,-1.49,-5.81,13.32
2024/01/01 16:12:03.11,73.11,-2.05,-6.13,13.76
2024/01/01 16:12:03.12,73.12,-2.54,-6.62,14.34
2024/01/01 16:12:03.13,73.13,-2.94,-7.17,14.82
2024/01/01 16:12:03.14,73.14,-3.32,-7.69,14.98
2024/01/01 16:12:03.15,73.15,-3.71,-8.11,14.94
2024/01/01 16:12:03.16,73.16,-4.19,-8.31,14.99
2024/01/01 16:12:03.17,73.17,-4.80,-8.12,15.22
2024/01/01 16:12:03.18,73.18,-5.52,-7.73,15.49
2024/01/01 16:12:03.19,73.19,-6.33,-7.63,15.71
2024/01/01 16:12:03.20,73.20,-7.09,-8.12,15.90
2024/01/01 16:12:03.21,73.21,-7.65,-9.05,16.09
2024/01/01 16:12:03.22,73.22,-7.99,-9.87,16.12
2024/01/01 16:12:03.23,73.23,-8.13,-10.17,15.85
2024/01/01 16:12:03.24,73.24,-8.09,-10.04,15.31
2024/01/01 16:12:03.25,73.25,-8.04,-9.85,14.69
2024/01/01 16:12:03.26,73.26,-8.24,-9.82,14.26
2024/01/01 16:12:03.27,73.27,-8.90,-9.93,14.20
2024/01/01 16:12:03.28,73.28,-10.08,-9.92,14.43
2024/01/01 16:12:03.29,73.29,-11.71,-9.53,14.76
2024/01/01 16:12:03.30,73.30,-13.51,-8.81,15.01
2024/01/01 16:12:03.31,73.31,-15.16,-7.97,15.12
2024/01/01 16:12:03.32,73.32,-16.43,-7.17,15.16
2024/01/01 16:12:03.33,73.33,-17.36,-6.67,15.15
2024/01/01 16:12:03.34,73.34,-18.11,-6.70,15.21
2024/01/01 16:12:03.35,73.35,-18.83,-7.23,15.47
2024/01/01 16:12:03.36,73.36,-19.61,-8.01,15.93
2024/01/01 16:12:03.37,73.37,-20.45,-8.67,16.35
2024/01/01 16:12:03.38,73.38,-21.25,-8.97,16.49
2024/01/01 16:12:03.39,73.39,-21.73,-8.76,16.37
2024/01/01 16:12:03.40,73.40,-21.64,-8.14,16.14
2024/01/01 16:12:03.41,73.41,-20.94,-7.38,15.81
2024/01/01 16:12:03.42,73.42,-19.79,-6.71,15.41
2024/01/01 16:12:03.43,73.43,-18.52,-6.22,15.13
2024/01/01 16:12:03.44,73.44,-17.47,-5.92,15.05
2024/01/01 16:12:03.45,73.45,-16.86,-5.75,15.06
2024/01/01 16:12:03.46,73.46,-16.67,-5.77,14.95
2024/01/01 16:12:03.47,73.47,-16.84,-5.90,14.71
2024/01/01 16:12:03.48,73.48,-17.24,-5.90,14.45
2024/01/01 16:12:03.49,73.49,-17.55,-5.79,14.23
2024/01/01 16:12:03.50,73.50,-17.35,-5.82,14.06
2024/01/01 16:12:03.51,73.51,-16.47,-6.10,14.07
2024/01/01 16:12:03.52,73.52,-15.03,-6.53,14.44
2024/01/01 16:12:03.53,73.53,-13.34,-6.92,15.16
2024/01/01 16:12:03.54,73.54,-11.69,-7.11,15.97
2024/01/01 16:12:03.55,73.55,-10.26,-7.02,16.58
2024/01/01 16:12:03.56,73.56,-9.03,-6.71,16.88
2024/01/01 16:12:03.57,73.57,-7.87,-6.30,16.82
2024/01/01 16:12:03.58,73.58,-6.77,-5.96,16.46
2024/01/01 16:12:03.59,73.59,-5.78,-5.75,15.98
2024/01/01 16:12:03.60,73.60,-4.95,-5.63,15.65
2024/01/01 16:12:03.61,73.61,-4.25,-5.53,15.54
2024/01/01 16:12:03.62,73.62,-3.67,-5.37,15.51
2024/01/01 16:12:03.63,73.63,-3.13,-5.16,15.39
2024/01/01 16:12:03.64,73.64,-2.64,-4.87,15.21
2024/01/01 16:12:03.65,73.65,-2.16,-4.53,15.07
2024/01/01 16:12:03.66,73.66,-1.62,-4.17,14.94
2024/01/01 16:12:03.67,73.67,-0.95,-3.90,14.75
2024/01/01 16:12:03.68,73.68,-0.19,-3.87,14.53
2024/01/01 16:12:03.69,73.69,0.63,-4.19,14.38
2024/01/01 16:12:03.70,73.70,1.38,-4.84,14.31
2024/01/01 16:12:03.71,73.71,1.96,-5.67,14.23
2024/01/01 16:12:03.72,73.72,2.29,-6.51,14.10
2024/01/01 16:12:03.73,73.73,2.44,-7.10,14.04
2024/01/01 16:12:03.74,73.74,2.50,-7.22,14.17
2024/01/01 16:12:03.75,73.75,2.54,-6.88,14.41
2024/01/01 16:12:03.76,73.76,2.57,-6.34,14.54
2024/01/01 16:12:03.77,73.77,2.56,-5.87,14.38
2024/01/01 16:12:03.78,73.78,2.42,-5.51,14.05
2024/01/01 16:12:03.79,73.79,2.01,-5.16,13.73
2024/01/01 16:12:03.80,73.80,1.24,-4.76,13.55
2024/01/01 16:12:03.81,73.81,0.13,-4.41,13.41
2024/01/01 16:12:03.82,73.82,-1.18,-4.27,13.21
2024/01/01 16:12:03.83,73.83,-2.51,-4.32,13.00
2024/01/01 16:12:03.84,73.84,-3.70,-4.37,12.85
2024/01/01 16:12:03.85,73.85,-4.68,-4.38,12.80
2024/01/01 16:12:03.86,73.86,-5.44,-4.36,12.92
2024/01/01 16:12:03.87,73.87,-6.10,-4.28,13.16
2024/01/01 16:12:03.88,73.88,-6.82,-4.11,13.48
2024/01/01 16:12:03.89,73.89,-7.63,-3.98,13.86
2024/01/01 16:12:03.90,73.90,-8.44,-4.09,14.31
2024/01/01 16:12:03.91,73.91,-9.17,-4.45,14.82
2024/01/01 16:12:03.92,73.92,-9.84,-4.97,15.32
2024/01/01 16:12:03.93,73.93,-10.41,-5.58,15.76
2024/01/01 16:12:03.94,73.94,-10.90,-6.19,16.08
2024/01/01 16:12:03.95,73.95,-11.33,-6.71,16.23
2024/01/01 16:12:03.96,73.96,-11.71,-7.10,16.20
2024/01/01 16:12:03.97,73.97,-12.05,-7.31,16.07
2024/01/01 16:12:03.98,73.98,-12.42,-7.40,15.94
2024/01/01 16:12:03.99,73.99,-12.79,-7.49,15.79
2024/01/01 16:12:04.00,74.00,-13.11,-7.53,15.57
2024/01/01 16:12:04.01,74.01,-13.31,-7.30,15.30
2024/01/01 16:12:04.02,74.02,-13.42,-6.70,14.97
2024/01/01 16:12:04.03,74.03,-13.56,-6.01,14.56
2024/01/01 16:12:04.04,74.04,-13.81,-5.66,14.16
2024/01/01 16:12:04.05,74.05,-14.13,-5.95,13.86
2024/01/01 16:12:04.06,74.06,-14.38,-6.77,13.61
2024/01/01 16:12:04.07,74.07,-14.56,-7.67,13.34
2024/01/01 16:12:04.08,74.08,-14.76,-8.28,13.16
2024/01/01 16:12:04.09,74.09,-15.08,-8.46,13.30
2024/01/01 16:12:04.10,74.10,-15.55,-8.28,13.77
2024/01/01 16:12:04.11,74.11,-16.08,-7.89,14.31
2024/01/01 16:12:04.12,74.12,-16.46,-7.49,14.73
2024/01/01 16:12:04.13,74.13,-16.50,-7.18,15.10
2024/01/01 16:12:04.14,74.14,-16.14,-6.94,15.48
2024/01/01 16:12:04.15,74.15,-15.47,-6.82,15.79
2024/01/01 16:12:04.16,74.16,-14.67,-7.00,16.00
2024/01/01 16:12:04.17,74.17,-13.92,-7.50,16.17
2024/01/01 16:12:04.18,74.18,-13.31,-8.21,16.33
2024/01/01 16:12:04.19,74.19,-12.81,-9.03,16.39
2024/01/01 16:12:04.20,74.20,-12.33,-9.88,16.31
2024/01/01 16:12:04.21,74.21,-11.80,-10.60,16.20
2024/01/01 16:12:04.22,74.22,-11.32,-11.01,16.11
2024/01/01 16:12:04.23,74.23,-11.05,-11.01,16.01
2024/01/01 16:12:04.24,74.24,-11.02,-10.73,15.87
2024/01/01 16:12:04.25,74.25,-11.03,-10.33,15.74
2024/01/01 16:12:04.26,74.26,-10.85,-9.83,15.69
2024/01/01 16:12:04.27,74.27,-10.29,-9.26,15.66
2024/01/01 16:12:04.28,74.28,-9.22,-8.72,15.58
2024/01/01 16:12:04.29,74.29,-7.69,-8.31,15.47
2024/01/01 16:12:04.30,74.30,-5.93,-8.16,15.42
2024/01/01 16:12:04.31,74.31,-4.23,-8.35,15.52
2024/01/01 16:12:04.32,74.32,-2.89,-8.83,15.77
2024/01/01 16:12:04.33,74.33,-2.07,-9.38,16.04
2024/01/01 16:12:04.34,74.34,-1.83,-9.77,16.12
2024/01/01 16:12:04.35,74.35,-1.93,-9.81,15.92
2024/01/01 16:12:04.36,74.36,-2.05,-9.50,15.50
2024/01/01 16:12:04.37,74.37,-1.94,-8.98,15.04
2024/01/01 16:12:04.38,74.38,-1.52,-8.39,14.74
2024/01/01 16:12:04.39,74.39,-0.87,-7.88,14.72
2024/01/01 16:12:04.40,74.40,-0.10,-7.51,14.98
2024/01/01 16:12:04.41,74.41,0.57,-7.27,15.32
2024/01/01 16:12:04.42,74.42,1.00,-7.18,15.55
2024/01/01 16:12:04.43,74.43,1.15,-7.22,15.55
2024/01/01 16:12:04.44,74.44,1.08,-7.39,15.30
2024/01/01 16:12:04.45,74.45,0.87,-7.62,14.86
2024/01/01 16:12:04.46,74.46,0.61,-7.79,14.38
2024/01/01 16:12:04.47,74.47,0.34,-7.77,14.02
2024/01/01 16:12:04.48,74.48,-0.03,-7.37,13.91
2024/01/01 16:12:04.49,74.49,-0.50,-6.52,14.03
2024/01/01 16:12:04.50,74.50,-1.05,-5.40,14.19
2024/01/01 16:12:04.51,74.51,-1.65,-4.38,14.35
2024/01/01 16:12:04.52,74.52,-2.22,-3.83,14.60
2024/01/01 16:12:04.53,74.53,-2.74,-3.94,15.00
2024/01/01 16:12:04.54,74.54,-3.30,-4.64,15.45
2024/01/01 16:12:04.55,74.55,-4.00,-5.74,15.79
2024/01/01 16:12:04.56,74.56,-4.81,-6.98,15.98
2024/01/01 16:12:04.57,74.57,-5.66,-8.07,16.01
2024/01/01 16:12:04.58,74.58,-6.48,-8.82,15.88
2024/01/01 16:12:04.59,74.59,-7.21,-9.15,15.60
2024/01/01 16:12:04.60,74.60,-7.89,-9.09,15.26
2024/01/01 16:12:04.61,74.61,-8.48,-8.83,14.95
2024/01/01 16:12:04.62,74.62,-8.90,-8.59,14.64
2024/01/01 16:12:04.63,74.63,-9.20,-8.44,14.26
2024/01/01 16:12:04.64,74.64,-9.48,-8.25,13.86
2024/01/01 16:12:04.65,74.65,-9.82,-7.96,13.62
2024/01/01 16:12:04.66,74.66,-10.27,-7.66,13.62
2024/01/01 16:12:04.67,74.67,-10.79,-7.43,13.72
2024/01/01 16:12:04.68,74.68,-11.32,-7.40,13.72
2024/01/01 16:12:04.69,74.69,-11.87,-7.67,13.58
2024/01/01 16:12:04.70,74.70,-12.45,-8.17,13.44
2024/01/01 16:12:04.71,74.71,-12.97,-8.72,13.39
2024/01/01 16:12:04.72,74.72,-13.38,-9.06,13.39
2024/01/01 16:12:04.73,74.73,-13.70,-9.06,13.45
2024/01/01 16:12:04.74,74.74,-13.98,-8.79,13.66
2024/01/01 16:12:04.75,74.75,-14.23,-8.51,14.14
2024/01/01 16:12:04.76,74.76,-14.44,-8.51,14.86
2024/01/01 16:12:04.77,74.77,-14.52,-8.81,15.57
2024/01/01 16:12:04.78,74.78,-14.41,-9.28,16.09
2024/01/01 16:12:04.79,74.79,-14.06,-9.84,16.34
2024/01/01 16:12:04.80,74.80,-13.55,-10.49,16.36
2024/01/01 16:12:04.81,74.81,-13.02,-11.20,16.23
2024/01/01 16:12:04.82,74.82,-12.63,-11.84,16.12
2024/01/01 16:12:04.83,74.83,-12.46,-12.21,16.21
2024/01/01 16:12:04.84,74.84,-12.44,-12.08,16.46
2024/01/01 16:12:04.85,74.85,-12.39,-11.40,16.68
2024/01/01 16:12:04.86,74.86,-12.14,-10.38,16.74
2024/01/01 16:12:04.87,74.87,-11.58,-9.31,16.73
2024/01/01 16:12:04.88,74.88,-10.75,-8.30,16.73
2024/01/01 16:12:04.89,74.89,-9.76,-7.37,16.62
2024/01/01 16:12:04.90,74.90,-8.68,-6.66,16.25
2024/01/01 16:12:04.91,74.91,-7.55,-6.28,15.65
2024/01/01 16:12:04.92,74.92,-6.40,-6.28,15.00
2024/01/01 16:12:04.93,74.93,-5.30,-6.62,14.42
2024/01/01 16:12:04.94,74.94,-4.37,-7.29,13.97
2024/01/01 16:12:04.95,74.95,-3.67,-8.18,13.61
2024/01/01 16:12:04.96,74.96,-3.27,-9.01,13.21
2024/01/01 16:12:04.97,74.97,-3.17,-9.53,12.73
2024/01/01 16:12:04.98,74.98,-3.27,-9.68,12.33
2024/01/01 16:12:04.99,74.99,-3.44,-9.46,12.14
2024/01/01 16:12:05.00,75.00,-3.61,-8.79,12.09
2024/01/01 16:12:05.01,75.01,-3.73,-7.78,12.05
2024/01/01 16:12:05.02,75.02,-3.78,-6.75,12.03
2024/01/01 16:12:05.03,75.03,-3.75,-5.90,12.08
2024/01/01 16:12:05.04,75.04,-3.74,-5.38,12.22
2024/01/01 16:12:05.05,75.05,-3.80,-5.39,12.42
2024/01/01 16:12:05.06,75.06,-3.96,-5.93,12.63
2024/01/01 16:12:05.07,75.07,-4.21,-6.70,12.82
2024/01/01 16:12:05.08,75.08,-4.55,-7.33,13.02
2024/01/01 16:12:05.09,75.09,-4.90,-7.55,13.35
2024/01/01 16:12:05.10,75.10,-5.19,-7.33,13.81
2024/01/01 16:12:05.11,75.11,-5.32,-6.91,14.33
2024/01/01 16:12:05.12,75.12,-5.26,-6.58,14.81
2024/01/01 16:12:05.13,75.13,-5.02,-6.47,15.18
2024/01/01 16:12:05.14,75.14,-4.65,-6.47,15.37
2024/01/01 16:12:05.15,75.15,-4.33,-6.41,15.39
2024/01/01 16:12:05.16,75.16,-4.28,-6.22,15.31
2024/01/01 16:12:05.17,75.17,-4.56,-6.05,15.18
2024/01/01 16:12:05.18,75.18,-4.97,-6.11,15.10
2024/01/01 16:12:05.19,75.19,-5.30,-6.49,15.08
2024/01/01 16:12:05.20,75.20,-5.50,-7.14,15.04
2024/01/01 16:12:05.21,75.21,-5.56,-7.89,15.01
2024/01/01 16:12:05.22,75.22,-5.51,-8.48,15.04
2024/01/01 16:12:05.23,75.23,-5.45,-8.71,15.11
2024/01/01 16:12:05.24,75.24,-5.46,-8.54,15.12
2024/01/01 16:12:05.25,75.25,-5.59,-8.08,15.08
2024/01/01 16:12:05.26,75.26,-5.88,-7.42,15.10
2024/01/01 16:12:05.27,75.27,-6.36,-6.64,15.21
2024/01/01 16:12:05.28,75.28,-6.95,-5.91,15.35
2024/01/01 16:12:05.29,75.29,-7.52,-5.39,15.45
2024/01/01 16:12:05.30,75.30,-7.96,-5.14,15.47
2024/01/01 16:12:05.31,75.31,-8.33,-5.10,15.35
2024/01/01 16:12:05.32,75.32,-8.71,-5.15,15.15
2024/01/01 16:12:05.33,75.33,-9.21,-5.21,15.03
2024/01/01 16:12:05.34,75.34,-9.81,-5.32,15.20
2024/01/01 16:12:05.35,75.35,-10.37,-5.55,15.70
2024/01/01 16:12:05.36,75.36,-10.79,-5.79,16.35
2024/01/01 16:12:05.37,75.37,-10.94,-5.88,16.90
2024/01/01 16:12:05.38,75.38,-10.78,-5.67,17.17
2024/01/01 16:12:05.39,75.39,-10.40,-5.20,17.13
2024/01/01 16:12:05.40,75.40,-9.97,-4.72,16.80
2024/01/01 16:12:05.41,75.41,-9.66,-4.63,16.27
2024/01/01 16:12:05.42,75.42,-9.57,-5.15,15.65
2024/01/01 16:12:05.43,75.43,-9.69,-6.11,15.01
2024/01/01 16:12:05.44,75.44,-9.86,-7.14,14.35
2024/01/01 16:12:05.45,75.45,-9.91,-7.89,13.70
2024/01/01 16:12:05.46,75.46,-9.77,-8.26,13.10
2024/01/01 16:12:05.47,75.47,-9.46,-8.31,12.64
2024/01/01 16:12:05.48,75.48,-9.15,-8.21,12.41
2024/01/01 16:12:05.49,75.49,-8.97,-8.04,12.46
2024/01/01 16:12:05.50,75.50,-8.99,-7.83,12.76
2024/01/01 16:12:05.51,75.51,-9.16,-7.61,13.17
2024/01/01 16:12:05.52,75.52,-9.34,-7.56,13.53
2024/01/01 16:12:05.53,75.53,-9.38,-7.86,13.70
2024/01/01 16:12:05.54,75.54,-9.27,-8.57,13.68
2024/01/01 16:12:05.55,75.55,-9.06,-9.57,13.69
2024/01/01 16:12:05.56,75.56,-8.77,-10.70,13.91
2024/01/01 16:12:05.57,75.57,-8.49,-11.81,14.32
2024/01/01 16:12:05.58,75.58,-8.23,-12.73,14.74
2024/01/01 16:12:05.59,75.59,-7.93,-13.41,15.05
2024/01/01 16:12:05.60,75.60,-7.51,-13.76,15.29
2024/01/01 16:12:05.61,75.61,-6.98,-13.68,15.51
2024/01/01 16:12:05.62,75.62,-6.39,-13.19,15.67
2024/01/01 16:12:05.63,75.63,-5.80,-12.47,15.72
2024/01/01 16:12:05.64,75.64,-5.22,-11.75,15.72
2024/01/01 16:12:05.65,75.65,-4.70,-11.21,15.78
2024/01/01 16:12:05.66,75.66,-4.39,-10.82,15.96
2024/01/01 16:12:05.67,75.67,-4.43,-10.54,16.14
2024/01/01 16:12:05.68,75.68,-4.80,-10.25,16.18
2024/01/01 16:12:05.69,75.69,-5.32,-9.75,16.05
2024/01/01 16:12:05.70,75.70,-5.83,-9.00,15.86
2024/01/01 16:12:05.71,75.71,-6.21,-8.16,15.68
2024/01/01 16:12:05.72,75.72,-6.45,-7.50,15.63
2024/01/01 16:12:05.73,75.73,-6.62,-7.11,15.73
2024/01/01 16:12:05.74,75.74,-6.80,-6.80,15.92
2024/01/01 16:12:05.75,75.75,-6.97,-6.29,16.13
2024/01/01 16:12:05.76,75.76,-7.07,-5.47,16.42
2024/01/01 16:12:05.77,75.77,-7.12,-4.38,16.85
2024/01/01 16:12:05.78,75.78,-7.17,-3.15,17.34
2024/01/01 16:12:05.79,75.79,-7.21,-2.06,17.70
2024/01/01 16:12:05.80,75.80,-7.23,-1.28,17.86
2024/01/01 16:12:05.81,75.81,-7.24,-0.77,17.87
2024/01/01 16:12:05.82,75.82,-7.29,-0.39,17.70
2024/01/01 16:12:05.83,75.83,-7.48,-0.02,17.35
2024/01/01 16:12:05.84,75.84,-7.85,0.39,16.88
2024/01/01 16:12:05.85,75.85,-8.42,0.78,16.19
2024/01/01 16:12:05.86,75.86,-9.07,1.05,15.19
2024/01/01 16:12:05.87,75.87,-9.69,1.05,14.04
2024/01/01 16:12:05.88,75.88,-10.16,0.71,13.08
2024/01/01 16:12:05.89,75.89,-10.50,0.20,12.45
2024/01/01 16:12:05.90,75.90,-10.68,-0.39,12.02
2024/01/01 16:12:05.91,75.91,-10.65,-1.10,11.63
2024/01/01 16:12:05.92,75.92,-10.40,-1.88,11.26
2024/01/01 16:12:05.93,75.93,-10.03,-2.60,10.99
2024/01/01 16:12:05.94,75.94,-9.71,-3.22,10.80
2024/01/01 16:12:05.95,75.95,-9.55,-3.78,10.78
2024/01/01 16:12:05.96,75.96,-9.53,-4.26,11.06
2024/01/01 16:12:05.97,75.97,-9.54,-4.67,11.58
2024/01/01 16:12:05.98,75.98,-9.48,-5.10,12.10
2024/01/01 16:12:05.99,75.99,-9.35,-5.67,12.53
2024/01/01 16:12:06.00,76.00,-9.24,-6.34,12.94
2024/01/01 16:12:06.01,76.01,-9.30,-6.95,13.40
2024/01/01 16:12:06.02,76.02,-9.56,-7.41,13.82
2024/01/01 16:12:06.03,76.03,-10.01,-7.72,14.18
2024/01/01 16:12:06.04,76.04,-10.53,-7.97,14.52
2024/01/01 16:12:06.05,76.05,-10.94,-8.40,14.88
2024/01/01 16:12:06.06,76.06,-11.15,-9.31,15.27
2024/01/01 16:12:06.07,76.07,-11.15,-10.82,15.73
2024/01/01 16:12:06.08,76.08,-11.00,-12.63,16.27
2024/01/01 16:12:06.09,76.09,-10.81,-14.32,16.76
2024/01/01 16:12:06.10,76.10,-10.56,-15.60,17.05
2024/01/01 16:12:06.11,76.11,-10.00,-16.39,17.09
2024/01/01 16:12:06.12,76.12,-8.96,-16.76,16.95
2024/01/01 16:12:06.13,76.13,-7.51,-16.75,16.71
2024/01/01 16:12:06.14,76.14,-5.87,-16.45,16.46
2024/01/01 16:12:06.15,76.15,-4.30,-15.97,16.29
2024/01/01 16:12:06.16,76.16,-3.05,-15.44,16.17
2024/01/01 16:12:06.17,76.17,-2.26,-14.94,15.91
2024/01/01 16:12:06.18,76.18,-1.90,-14.51,15.47
2024/01/01 16:12:06.19,76.19,-1.87,-14.09,15.02
2024/01/01 16:12:06.20,76.20,-2.07,-13.58,14.76
2024/01/01 16:12:06.21,76.21,-2.37,-12.90,14.61
2024/01/01 16:12:06.22,76.22,-2.59,-12.14,14.38
2024/01/01 16:12:06.23,76.23,-2.67,-11.36,14.11
2024/01/01 16:12:06.24,76.24,-2.61,-10.59,13.93
2024/01/01 16:12:06.25,76.25,-2.53,-9.82,13.82
2024/01/01 16:12:06.26,76.26,-2.53,-9.05,13.73
2024/01/01 16:12:06.27,76.27,-2.62,-8.26,13.71
2024/01/01 16:12:06.28,76.28,-2.82,-7.42,13.84
2024/01/01 16:12:06.29,76.29,-3.16,-6.50,14.04
2024/01/01 16:12:06.30,76.30,-3.63,-5.54,14.27
2024/01/01 16:12:06.31,76.31,-4.11,-4.55,14.55
2024/01/01 16:12:06.32,76.32,-4.50,-3.38,14.90
2024/01/01 16:12:06.33,76.33,-4.77,-1.97,15.21
2024/01/01 16:12:06.34,76.34,-5.00,-0.47,15.36
2024/01/01 16:12:06.35,76.35,-5.34,0.85,15.34
2024/01/01 16:12:06.36,76.36,-5.91,1.71,15.18
2024/01/01 16:12:06.37,76.37,-6.70,1.93,14.96
2024/01/01 16:12:06.38,76.38,-7.63,1.55,14.81
2024/01/01 16:12:06.39,76.39,-8.60,0.90,14.81
2024/01/01 16:12:06.40,76.40,-9.50,0.34,14.90
2024/01/01 16:12:06.41,76.41,-10.23,0.11,14.84
2024/01/01 16:12:06.42,76.42,-10.65,0.24,14.45
2024/01/01 16:12:06.43,76.43,-10.70,0.55,13.86
2024/01/01 16:12:06.44,76.44,-10.52,0.67,13.30
2024/01/01 16:12:06.45,76.45,-10.33,0.22,12.89
2024/01/01 16:12:06.46,76.46,-10.21,-0.92,12.73
2024/01/01 16:12:06.47,76.47,-10.16,-2.52,12.87
2024/01/01 16:12:06.48,76.48,-10.11,-4.05,13.28
2024/01/01 16:12:06.49,76.49,-10.00,-5.13,13.74
2024/01/01 16:12:06.50,76.50,-9.79,-5.66,14.05
2024/01/01 16:12:06.51,76.51,-9.49,-5.80,14.22
2024/01/01 16:12:06.52,76.52,-9.09,-5.81,14.39
2024/01/01 16:12:06.53,76.53,-8.68,-5.88,14.52
2024/01/01 16:12:06.54,76.54,-8.45,-6.16,14.51
2024/01/01 16:12:06.55,76.55,-8.51,-6.73,14.44
2024/01/01 16:12:06.56,76.56,-8.89,-7.57,14.44
2024/01/01 16:12:06.57,76.57,-9.54,-8.51,14.52
2024/01/01 16:12:06.58,76.58,-10.27,-9.43,14.52
2024/01/01 16:12:06.59,76.59,-10.87,-10.42,14.42
2024/01/01 16:12:06.60,76.60,-11.20,-11.54,14.35
2024/01/01 16:12:06.61,76.61,-11.22,-12.78,14.42
2024/01/01 16:12:06.62,76.62,-10.94,-14.07,14.54
2024/01/01 16:12:06.63,76.63,-10.39,-15.17,14.63
2024/01/01 16:12:06.64,76.64,-9.60,-15.82,14.71
2024/01/01 16:12:06.65,76.65,-8.68,-15.99,14.83
2024/01/01 16:12:06.66,76.66,-7.79,-15.85,14.99
2024/01/01 16:12:06.67,76.67,-7.06,-15.64,15.19
2024/01/01 16:12:06.68,76.68,-6.52,-15.51,15.47
2024/01/01 16:12:06.69,76.69,-6.15,-15.37,15.79
2024/01/01 16:12:06.70,76.70,-5.87,-15.07,16.07
2024/01/01 16:12:06.71,76.71,-5.69,-14.63,16.24
2024/01/01 16:12:06.72,76.72,-5.68,-14.16,16.35
2024/01/01 16:12:06.73,76.73,-5.93,-13.63,16.39
2024/01/01 16:12:06.74,76.74,-6.36,-12.96,16.35
2024/01/01 16:12:06.75,76.75,-6.79,-12.22,16.23
2024/01/01 16:12:06.76,76.76,-7.06,-11.54,16.14
2024/01/01 16:12:06.77,76.77,-7.07,-10.97,16.13
2024/01/01 16:12:06.78,76.78,-6.89,-10.46,16.23
2024/01/01 16:12:06.79,76.79,-6.67,-9.79,16.37
2024/01/01 16:12:06.80,76.80,-6.50,-8.82,16.47
2024/01/01 16:12:06.81,76.81,-6.46,-7.61,16.46
2024/01/01 16:12:06.82,76.82,-6.62,-6.28,16.26
2024/01/01 16:12:06.83,76.83,-6.98,-4.98,15.88
2024/01/01 16:12:06.84,76.84,-7.47,-3.87,15.47
2024/01/01 16:12:06.85,76.85,-8.02,-3.04,15.22
2024/01/01 16:12:06.86,76.86,-8.53,-2.53,15.11
2024/01/01 16:12:06.87,76.87,-9.00,-2.33,15.02
2024/01/01 16:12:06.88,76.88,-9.46,-2.36,14.90
2024/01/01 16:12:06.89,76.89,-9.96,-2.48,14.88
2024/01/01 16:12:06.90,76.90,-10.56,-2.54,15.00
2024/01/01 16:12:06.91,76.91,-11.24,-2.44,15.09
2024/01/01 16:12:06.92,76.92,-11.94,-2.19,14.99
2024/01/01 16:12:06.93,76.93,-12.52,-1.95,14.70
2024/01/01 16:12:06.94,76.94,-12.85,-1.91,14.43
2024/01/01 16:12:06.95,76.95,-12.88,-2.21,14.39
2024/01/01 16:12:06.96,76.96,-12.68,-2.78,14.55
2024/01/01 16:12:06.97,76.97,-12.39,-3.35,14.77
2024/01/01 16:12:06.98,76.98,-12.12,-3.73,14.92
2024/01/01 16:12:06.99,76.99,-11.91,-3.89,14.93
2024/01/01 16:12:07.00,77.00,-11.76,-3.92,14.71
2024/01/01 16:12:07.01,77.01,-11.60,-3.92,14.28
2024/01/01 16:12:07.02,77.02,-11.39,-3.98,13.83
2024/01/01 16:12:07.03,77.03,-11.08,-4.08,13.50
2024/01/01 16:12:07.04,77.04,-10.70,-4.19,13.23
2024/01/01 16:12:07.05,77.05,-10.35,-4.35,12.94
2024/01/01 16:12:07.06,77.06,-10.15,-4.63,12.71
2024/01/01 16:12:07.07,77.07,-10.10,-5.02,12.72
2024/01/01 16:12:07.08,77.08,-10.17,-5.40,12.90
2024/01/01 16:12:07.09,77.09,-10.26,-5.58,13.08
2024/01/01 16:12:07.10,77.10,-10.24,-5.44,13.15
2024/01/01 16:12:07.11,77.11,-10.04,-5.05,13.14
2024/01/01 16:12:07.12,77.12,-9.71,-4.60,13.11
2024/01/01 16:12:07.13,77.13,-9.36,-4.37,13.10
2024/01/01 16:12:07.14,77.14,-9.04,-4.51,13.19
2024/01/01 16:12:07.15,77.15,-8.79,-4.95,13.52
2024/01/01 16:12:07.16,77.16,-8.57,-5.56,14.02
2024/01/01 16:12:07.17,77.17,-8.31,-6.33,14.54
2024/01/01 16:12:07.18,77.18,-7.91,-7.33,14.99
2024/01/01 16:12:07.19,77.19,-7.34,-8.48,15.34
2024/01/01 16:12:07.20,77.20,-6.64,-9.50,15.59
2024/01/01 16:12:07.21,77.21,-5.97,-10.08,15.70
2024/01/01 16:12:07.22,77.22,-5.50,-10.07,15.64
2024/01/01 16:12:07.23,77.23,-5.32,-9.49,15.38
2024/01/01 16:12:07.24,77.24,-5.32,-8.61,14.98
2024/01/01 16:12:07.25,77.25,-5.33,-7.80,14.53
2024/01/01 16:12:07.26,77.26,-5.16,-7.37,14.17
2024/01/01 16:12:07.27,77.27,-4.70,-7.44,13.96
2024/01/01 16:12:07.28,77.28,-3.99,-7.98,13.86
2024/01/01 16:12:07.29,77.29,-3.20,-8.74,13.83
2024/01/01 16:12:07.30,77.30,-2.49,-9.33,13.84
2024/01/01 16:12:07.31,77.31,-2.01,-9.53,13.79
2024/01/01 16:12:07.32,77.32,-1.77,-9.44,13.57
2024/01/01 16:12:07.33,77.33,-1.70,-9.31,13.27
2024/01/01 16:12:07.34,77.34,-1.72,-9.24,13.08
2024/01/01 16:12:07.35,77.35,-1.83,-9.15,13.06
2024/01/01 16:12:07.36,77.36,-2.02,-8.97,13.13
2024/01/01 16:12:07.37,77.37,-2.27,-8.73,13.22
2024/01/01 16:12:07.38,77.38,-2.59,-8.50,13.29
2024/01/01 16:12:07.39,77.39,-3.03,-8.30,13.30
2024/01/01 16:12:07.40,77.40,-3.66,-8.08,13.27
2024/01/01 16:12:07.41,77.41,-4.48,-7.69,13.27
2024/01/01 16:12:07.42,77.42,-5.44,-7.13,13.36
2024/01/01 16:12:07.43,77.43,-6.51,-6.53,13.52
2024/01/01 16:12:07.44,77.44,-7.66,-6.03,13.72
2024/01/01 16:12:07.45,77.45,-8.88,-5.65,14.02
2024/01/01 16:12:07.46,77.46,-10.03,-5.38,14.50
2024/01/01 16:12:07.47,77.47,-10.90,-5.25,15.13
2024/01/01 16:12:07.48,77.48,-11.40,-5.27,15.78
2024/01/01 16:12:07.49,77.49,-11.57,-5.41,16.34
2024/01/01 16:12:07.50,77.50,-11.60,-5.60,16.78
2024/01/01 16:12:07.51,77.51,-11.64,-5.72,17.06
2024/01/01 16:12:07.52,77.52,-11.68,-5.78,17.03
2024/01/01 16:12:07.53,77.53,-11.54,-5.87,16.68
2024/01/01 16:12:07.54,77.54,-11.13,-6.10,16.18
2024/01/01 16:12:07.55,77.55,-10.55,-6.47,15.73
2024/01/01 16:12:07.56,77.56,-10.01,-7.09,15.39
2024/01/01 16:12:07.57,77.57,-9.70,-8.03,15.19
2024/01/01 16:12:07.58,77.58,-9.70,-9.19,15.15
2024/01/01 16:12:07.59,77.59,-10.01,-10.26,15.22
2024/01/01 16:12:07.60,77.60,-10.51,-10.88,15.20
2024/01/01 16:12:07.61,77.61,-11.04,-10.85,14.95
2024/01/01 16:12:07.62,77.62,-11.43,-10.21,14.56
2024/01/01 16:12:07.63,77.63,-11.66,-9.27,14.20
2024/01/01 16:12:07.64,77.64,-11.83,-8.34,13.97
2024/01/01 16:12:07.65,77.65,-12.03,-7.66,13.94
2024/01/01 16:12:07.66,77.66,-12.28,-7.34,14.16
2024/01/01 16:12:07.67,77.67,-12.52,-7.29,14.49
2024/01/01 16:12:07.68,77.68,-12.60,-7.42,14.63
2024/01/01 16:12:07.69,77.69,-12.42,-7.73,14.49
2024/01/01 16:12:07.70,77.70,-11.93,-8.18,14.25
2024/01/01 16:12:07.71,77.71,-11.19,-8.66,14.13
2024/01/01 16:12:07.72,77.72,-10.31,-8.99,14.11
2024/01/01 16:12:07.73,77.73,-9.54,-8.95,14.06
2024/01/01 16:12:07.74,77.74,-8.99,-8.44,14.04
2024/01/01 16:12:07.75,77.75,-8.68,-7.56,14.13
2024/01/01 16:12:07.76,77.76,-8.60,-6.65,14.30
2024/01/01 16:12:07.77,77.77,-8.64,-6.08,14.46
2024/01/01 16:12:07.78,77.78,-8.64,-6.07,14.58
2024/01/01 16:12:07.79,77.79,-8.45,-6.50,14.72
2024/01/01 16:12:07.80,77.80,-8.01,-7.07,14.85
2024/01/01 16:12:07.81,77.81,-7.42,-7.60,14.85
2024/01/01 16:12:07.82,77.82,-6.79,-7.90,14.64
2024/01/01 16:12:07.83,77.83,-6.18,-7.99,14.32
2024/01/01 16:12:07.84,77.84,-5.64,-7.94,13.98
2024/01/01 16:12:07.85,77.85,-5.22,-7.81,13.69
2024/01/01 16:12:07.86,77.86,-4.89,-7.65,13.52
2024/01/01 16:12:07.87,77.87,-4.61,-7.48,13.55
2024/01/01 16:12:07.88,77.88,-4.41,-7.32,13.77
2024/01/01 16:12:07.89,77.89,-4.26,-7.22,14.07
2024/01/01 16:12:07.90,77.90,-4.13,-7.19,14.26
2024/01/01 16:12:07.91,77.91,-4.01,-7.19,14.20
2024/01/01 16:12:07.92,77.92,-3.94,-7.13,13.90
2024/01/01 16:12:07.93,77.93,-4.01,-6.90,13.55
2024/01/01 16:12:07.94,77.94,-4.27,-6.52,13.36
2024/01/01 16:12:07.95,77.95,-4.67,-6.01,13.37
2024/01/01 16:12:07.96,77.96,-5.19,-5.41,13.50
2024/01/01 16:12:07.97,77.97,-5.81,-4.67,13.64
2024/01/01 16:12:07.98,77.98,-6.45,-3.70,13.76
2024/01/01 16:12:07.99,77.99,-6.98,-2.64,13.89
2024/01/01 16:12:08.00,78.00,-7.32,-1.79,14.06
2024/01/01 16:12:08.01,78.01,-7.45,-1.33,14.25
2024/01/01 16:12:08.02,78.02,-7.32,-1.32,14.44
2024/01/01 16:12:08.03,78.03,-6.89,-1.74,14.63
2024/01/01 16:12:08.04,78.04,-6.17,-2.53,14.84
2024/01/01 16:12:08.05,78.05,-5.30,-3.49,15.03
2024/01/01 16:12:08.06,78.06,-4.56,-4.42,15.24
2024/01/01 16:12:08.07,78.07,-4.16,-5.12,15.50
2024/01/01 16:12:08.08,78.08,-4.11,-5.61,15.81
2024/01/01 16:12:08.09,78.09,-4.29,-6.07,16.09
2024/01/01 16:12:08.10,78.10,-4.50,-6.69,16.33
2024/01/01 16:12:08.11,78.11,-4.68,-7.49,16.53
2024/01/01 16:12:08.12,78.12,-4.93,-8.40,16.61
2024/01/01 16:12:08.13,78.13,-5.40,-9.35,16.55
2024/01/01 16:12:08.14,78.14,-6.10,-10.31,16.34
2024/01/01 16:12:08.15,78.15,-6.92,-11.15,15.97
2024/01/01 16:12:08.16,78.16,-7.68,-11.73,15.43
2024/01/01 16:12:08.17,78.17,-8.23,-12.05,14.90
2024/01/01 16:12:08.18,78.18,-8.57,-12.09,14.51
2024/01/01 16:12:08.19,78.19,-8.83,-11.88,14.27
2024/01/01 16:12:08.20,78.20,-9.09,-11.52,14.10
2024/01/01 16:12:08.21,78.21,-9.39,-11.05,13.98
2024/01/01 16:12:08.22,78.22,-9.71,-10.47,13.81
2024/01/01 16:12:08.23,78.23,-10.03,-9.86,13.50
2024/01/01 16:12:08.24,78.24,-10.30,-9.30,13.07
2024/01/01 16:12:08.25,78.25,-10.52,-8.88,12.73
2024/01/01 16:12:08.26,78.26,-10.74,-8.62,12.67
2024/01/01 16:12:08.27,78.27,-11.00,-8.50,12.84
2024/01/01 16:12:08.28,78.28,-11.39,-8.42,13.12
2024/01/01 16:12:08.29,78.29,-11.91,-8.29,13.38
2024/01/01 16:12:08.30,78.30,-12.52,-8.05,13.57
2024/01/01 16:12:08.31,78.31,-13.14,-7.66,13.68
2024/01/01 16:12:08.32,78.32,-13.61,-7.18,13.72
2024/01/01 16:12:08.33,78.33,-13.70,-6.73,13.73
2024/01/01 16:12:08.34,78.34,-13.34,-6.47,13.79
2024/01/01 16:12:08.35,78.35,-12.64,-6.50,13.89
2024/01/01 16:12:08.36,78.36,-11.89,-6.85,13.99
2024/01/01 16:12:08.37,78.37,-11.33,-7.38,14.13
2024/01/01 16:12:08.38,78.38,-11.09,-7.93,14.30
2024/01/01 16:12:08.39,78.39,-11.09,-8.35,14.42
2024/01/01 16:12:08.40,78.40,-11.10,-8.59,14.41
2024/01/01 16:12:08.41,78.41,-10.87,-8.70,14.29
2024/01/01 16:12:08.42,78.42,-10.29,-8.68,14.10
2024/01/01 16:12:08.43,78.43,-9.46,-8.49,13.88
2024/01/01 16:12:08.44,78.44,-8.62,-8.15,13.66
2024/01/01 16:12:08.45,78.45,-8.02,-7.72,13.53
2024/01/01 16:12:08.46,78.46,-7.89,-7.23,13.56
2024/01/01 16:12:08.47,78.47,-8.27,-6.71,13.65
2024/01/01 16:12:08.48,78.48,-8.95,-6.14,13.67
2024/01/01 16:12:08.49,78.49,-9.68,-5.56,13.56
2024/01/01 16:12:08.50,78.50,-10.25,-5.10,13.37
2024/01/01 16:12:08.51,78.51,-10.52,-4.94,13.19
2024/01/01 16:12:08.52,78.52,-10.57,-5.16,13.11
2024/01/01 16:12:08.53,78.53,-10.53,-5.65,13.17
2024/01/01 16:12:08.54,78.54,-10.46,-6.22,13.33
2024/01/01 16:12:08.55,78.55,-10.32,-6.62,13.53
2024/01/01 16:12:08.56,78.56,-9.99,-6.68,13.72
2024/01/01 16:12:08.57,78.57,-9.41,-6.36,13.94
2024/01/01 16:12:08.58,78.58,-8.74,-5.74,14.18
2024/01/01 16:12:08.59,78.59,-8.09,-4.97,14.39
2024/01/01 16:12:08.60,78.60,-7.48,-4.30,14.53
2024/01/01 16:12:08.61,78.61,-6.86,-3.86,14.59
2024/01/01 16:12:08.62,78.62,-6.21,-3.80,14.62
2024/01/01 16:12:08.63,78.63,-5.52,-4.29,14.60
2024/01/01 16:12:08.64,78.64,-4.84,-5.47,14.54
2024/01/01 16:12:08.65,78.65,-4.27,-7.23,14.45
2024/01/01 16:12:08.66,78.66,-3.88,-9.22,14.35
2024/01/01 16:12:08.67,78.67,-3.72,-10.95,14.26
2024/01/01 16:12:08.68,78.68,-3.75,-12.10,14.17
2024/01/01 16:12:08.69,78.69,-3.91,-12.64,14.02
2024/01/01 16:12:08.70,78.70,-4.14,-12.82,13.76
2024/01/01 16:12:08.71,78.71,-4.37,-12.87,13.57
2024/01/01 16:12:08.72,78.72,-4.53,-12.85,13.70
2024/01/01 16:12:08.73,78.73,-4.61,-12.57,14.15
2024/01/01 16:12:08.74,78.74,-4.64,-11.94,14.62
2024/01/01 16:12:08.75,78.75,-4.63,-11.14,14.86
2024/01/01 16:12:08.76,78.76,-4.54,-10.43,14.87
2024/01/01 16:12:08.77,78.77,-4.38,-9.93,14.78
2024/01/01 16:12:08.78,78.78,-4.27,-9.61,14.68
2024/01/01 16:12:08.79,78.79,-4.31,-9.29,14.54
2024/01/01 16:12:08.80,78.80,-4.56,-8.77,14.32
2024/01/01 16:12:08.81,78.81,-4.97,-8.02,13.98
2024/01/01 16:12:08.82,78.82,-5.48,-7.24,13.62
2024/01/01 16:12:08.83,78.83,-6.05,-6.64,13.42
2024/01/01 16:12:08.84,78.84,-6.67,-6.30,13.47
2024/01/01 16:12:08.85,78.85,-7.31,-6.12,13.65
2024/01/01 16:12:08.86,78.86,-7.91,-5.96,13.85
2024/01/01 16:12:08.87,78.87,-8.30,-5.79,14.09
2024/01/01 16:12:08.88,78.88,-8.41,-5.63,14.34
2024/01/01 16:12:08.89,78.89,-8.31,-5.45,14.52
2024/01/01 16:12:08.90,78.90,-8.09,-5.35,14.56
2024/01/01 16:12:08.91,78.91,-7.75,-5.47,14.56
2024/01/01 16:12:08.92,78.92,-7.31,-5.88,14.58
2024/01/01 16:12:08.93,78.93,-6.83,-6.43,14.61
2024/01/01 16:12:08.94,78.94,-6.46,-6.86,14.59
2024/01/01 16:12:08.95,78.95,-6.35,-6.92,14.49
2024/01/01 16:12:08.96,78.96,-6.55,-6.54,14.27
2024/01/01 16:12:08.97,78.97,-6.98,-5.91,13.86
2024/01/01 16:12:08.98,78.98,-7.49,-5.39,13.30
2024/01/01 16:12:08.99,78.99,-8.08,-5.22,12.76
2024/01/01 16:12:09.00,79.00,-8.80,-5.40,12.39
2024/01/01 16:12:09.01,79.01,-9.73,-5.85,12.21
2024/01/01 16:12:09.02,79.02,-10.84,-6.41,12.12
2024/01/01 16:12:09.03,79.03,-11.99,-6.94,12.05
2024/01/01 16:12:09.04,79.04,-13.03,-7.31,12.07
2024/01/01 16:12:09.05,79.05,-13.90,-7.44,12.24
2024/01/01 16:12:09.06,79.06,-14.64,-7.25,12.60
2024/01/01 16:12:09.07,79.07,-15.26,-6.71,13.14
2024/01/01 16:12:09.08,79.08,-15.69,-5.85,13.79
2024/01/01 16:12:09.09,79.09,-15.93,-4.78,14.40
2024/01/01 16:12:09.10,79.10,-16.01,-3.78,14.87
2024/01/01 16:12:09.11,79.11,-15.95,-3.13,15.24
2024/01/01 16:12:09.12,79.12,-15.86,-2.84,15.61
2024/01/01 16:12:09.13,79.13,-15.77,-2.79,15.95
2024/01/01 16:12:09.14,79.14,-15.61,-2.93,16.13
2024/01/01 16:12:09.15,79.15,-15.33,-3.34,16.15
2024/01/01 16:12:09.16,79.16,-14.87,-4.14,16.15
2024/01/01 16:12:09.17,79.17,-14.19,-5.34,16.21
2024/01/01 16:12:09.18,79.18,-13.33,-6.76,16.34
2024/01/01 16:12:09.19,79.19,-12.34,-8.08,16.53
2024/01/01 16:12:09.20,79.20,-11.31,-8.95,16.76
2024/01/01 16:12:09.21,79.21,-10.36,-9.18,16.95
2024/01/01 16:12:09.22,79.22,-9.46,-8.94,17.02
2024/01/01 16:12:09.23,79.23,-8.56,-8.54,17.02
2024/01/01 16:12:09.24,79.24,-7.64,-8.23,17.00
2024/01/01 16:12:09.25,79.25,-6.75,-8.18,16.97
2024/01/01 16:12:09.26,79.26,-5.97,-8.45,16.86
2024/01/01 16:12:09.27,79.27,-5.34,-8.99,16.69
2024/01/01 16:12:09.28,79.28,-4.83,-9.66,16.52
2024/01/01 16:12:09.29,79.29,-4.43,-10.36,16.32
2024/01/01 16:12:09.30,79.30,-4.18,-10.98,16.04
2024/01/01 16:12:09.31,79.31,-4.07,-11.39,15.65
2024/01/01 16:12:09.32,79.32,-4.03,-11.48,15.21
2024/01/01 16:12:09.33,79.33,-4.04,-11.20,14.83
2024/01/01 16:12:09.34,79.34,-4.09,-10.67,14.56
2024/01/01 16:12:09.35,79.35,-4.23,-10.10,14.39
2024/01/01 16:12:09.36,79.36,-4.52,-9.67,14.33
2024/01/01 16:12:09.37,79.37,-4.94,-9.44,14.41
2024/01/01 16:12:09.38,79.38,-5.40,-9.36,14.58
2024/01/01 16:12:09.39,79.39,-5.77,-9.35,14.77
2024/01/01 16:12:09.40,79.40,-5.96,-9.34,14.98
2024/01/01 16:12:09.41,79.41,-5.95,-9.31,15.27
2024/01/01 16:12:09.42,79.42,-5.80,-9.22,15.58
2024/01/01 16:12:09.43,79.43,-5.57,-9.05,15.82
2024/01/01 16:12:09.44,79.44,-5.36,-8.73,15.93
2024/01/01 16:12:09.45,79.45,-5.29,-8.14,15.95
2024/01/01 16:12:09.46,79.46,-5.38,-7.17,15.87
2024/01/01 16:12:09.47,79.47,-5.56,-5.95,15.68
2024/01/01 16:12:09.48,79.48,-5.76,-4.82,15.34
2024/01/01 16:12:09.49,79.49,-5.91,-4.12,14.90
2024/01/01 16:12:09.50,79.50,-5.93,-4.07,14.50
2024/01/01 16:12:09.51,79.51,-5.84,-4.69,14.25
2024/01/01 16:12:09.52,79.52,-5.72,-5.74,14.12
2024/01/01 16:12:09.53,79.53,-5.69,-6.80,14.02
2024/01/01 16:12:09.54,79.54,-5.82,-7.56,13.89
2024/01/01 16:12:09.55,79.55,-6.14,-7.85,13.72
2024/01/01 16:12:09.56,79.56,-6.57,-7.71,13.45
2024/01/01 16:12:09.57,79.57,-7.01,-7.23,13.07
2024/01/01 16:12:09.58,79.58,-7.45,-6.51,12.72
2024/01/01 16:12:09.59,79.59,-7.93,-5.57,12.56
2024/01/01 16:12:09.60,79.60,-8.49,-4.46,12.60
2024/01/01 16:12:09.61,79.61,-9.10,-3.32,12.71
2024/01/01 16:12:09.62,79.62,-9.65,-2.28,12.79
2024/01/01 16:12:09.63,79.63,-10.01,-1.40,12.85
2024/01/01 16:12:09.64,79.64,-10.10,-0.75,12.90
2024/01/01 16:12:09.65,79.65,-10.01,-0.31,12.93
2024/01/01 16:12:09.66,79.66,-9.84,-0.02,12.94
2024/01/01 16:12:09.67,79.67,-9.74,0.20,12.98
2024/01/01 16:12:09.68,79.68,-9.84,0.38,13.10
2024/01/01 16:12:09.69,79.69,-10.21,0.52,13.32
2024/01/01 16:12:09.70,79.70,-10.71,0.55,13.64
2024/01/01 16:12:09.71,79.71,-11.16,0.42,14.05
2024/01/01 16:12:09.72,79.72,-11.40,0.13,14.47
2024/01/01 16:12:09.73,79.73,-11.35,-0.28,14.83
2024/01/01 16:12:09.74,79.74,-11.10,-0.85,15.11
2024/01/01 16:12:09.75,79.75,-10.83,-1.56,15.35
2024/01/01 16:12:09.76,79.76,-10.65,-2.35,15.53
2024/01/01 16:12:09.77,79.77,-10.59,-3.19,15.63
2024/01/01 16:12:09.78,79.78,-10.64,-4.13,15.67
2024/01/01 16:12:09.79,79.79,-10.66,-5.14,15.72
2024/01/01 16:12:09.80,79.80,-10.56,-6.18,15.74
2024/01/01 16:12:09.81,79.81,-10.37,-7.12,15.68
2024/01/01 16:12:09.82,79.82,-10.14,-7.86,15.55
2024/01/01 16:12:09.83,79.83,-9.97,-8.38,15.41
2024/01/01 16:12:09.84,79.84,-9.96,-8.72,15.22
2024/01/01 16:12:09.85,79.85,-10.11,-9.02,14.93
2024/01/01 16:12:09.86,79.86,-10.34,-9.38,14.64
2024/01/01 16:12:09.87,79.87,-10.54,-9.80,14.51
2024/01/01 16:12:09.88,79.88,-10.65,-10.29,14.59
2024/01/01 16:12:09.89,79.89,-10.55,-10.90,14.73
2024/01/01 16:12:09.90,79.90,-10.22,-11.67,14.82
2024/01/01 16:12:09.91,79.91,-9.77,-12.47,14.85
2024/01/01 16:12:09.92,79.92,-9.31,-13.15,14.87
2024/01/01 16:12:09.93,79.93,-8.89,-13.65,14.86
2024/01/01 16:12:09.94,79.94,-8.56,-13.96,14.82
2024/01/01 16:12:09.95,79.95,-8.35,-14.13,14.83
2024/01/01 16:12:09.96,79.96,-8.26,-14.18,14.96
2024/01/01 16:12:09.97,79.97,-8.22,-14.10,15.18
2024/01/01 16:12:09.98,79.98,-8.14,-13.94,15.35
2024/01/01 16:12:09.99,79.99,-7.92,-13.82,15.33
2024/01/01 16:12:10.00,80.00,-7.58,-13.79,15.15
2024/01/01 16:12:10.01,80.01,-7.22,-13.82,14.88
2024/01/01 16:12:10.02,80.02,-7.01,-13.97,14.63
2024/01/01 16:12:10.03,80.03,-7.01,-14.30,14.50
2024/01/01 16:12:10.04,80.04,-7.11,-14.81,14.54
2024/01/01 16:12:10.05,80.05,-7.14,-15.37,14.70
2024/01/01 16:12:10.06,80.06,-7.04,-15.82,14.85
2024/01/01 16:12:10.07,80.07,-6.80,-16.03,14.97
2024/01/01 16:12:10.08,80.08,-6.48,-15.99,15.03
2024/01/01 16:12:10.09,80.09,-6.18,-15.76,15.02
2024/01/01 16:12:10.10,80.10,-5.89,-15.36,14.94
2024/01/01 16:12:10.11,80.11,-5.64,-14.75,14.80
2024/01/01 16:12:10.12,80.12,-5.48,-13.90,14.59
2024/01/01 16:12:10.13,80.13,-5.43,-12.92,14.28
2024/01/01 16:12:10.14,80.14,-5.42,-11.97,13.91
2024/01/01 16:12:10.15,80.15,-5.39,-11.11,13.58
2024/01/01 16:12:10.16,80.16,-5.34,-10.28,13.28
2024/01/01 16:12:10.17,80.17,-5.37,-9.33,12.98
2024/01/01 16:12:10.18,80.18,-5.55,-8.22,12.76
2024/01/01 16:12:10.19,80.19,-5.90,-7.06,12.75
2024/01/01 16:12:10.20,80.20,-6.42,-6.01,12.93
2024/01/01 16:12:10.21,80.21,-7.00,-5.26,13.19
2024/01/01 16:12:10.22,80.22,-7.49,-4.88,13.48
2024/01/01 16:12:10.23,80.23,-7.81,-4.69,13.87
2024/01/01 16:12:10.24,80.24,-8.00,-4.45,14.33
2024/01/01 16:12:10.25,80.25,-8.13,-4.08,14.75
2024/01/01 16:12:10.26,80.26,-8.21,-3.63,15.07
2024/01/01 16:12:10.27,80.27,-8.23,-3.20,15.28
2024/01/01 16:12:10.28,80.28,-8.19,-2.91,15.36
2024/01/01 16:12:10.29,80.29,-8.11,-2.82,15.38
2024/01/01 16:12:10.30,80.30,-8.09,-2.94,15.46
2024/01/01 16:12:10.31,80.31,-8.25,-3.21,15.71
2024/01/01 16:12:10.32,80.32,-8.59,-3.45,16.13
2024/01/01 16:12:10.33,80.33,-8.97,-3.59,16.56
2024/01/01 16:12:10.34,80.34,-9.19,-3.64,16.81
2024/01/01 16:12:10.35,80.35,-9.20,-3.68,16.78
2024/01/01 16:12:10.36,80.36,-9.02,-3.88,16.61
2024/01/01 16:12:10.37,80.37,-8.84,-4.37,16.44
2024/01/01 16:12:10.38,80.38,-8.84,-5.03,16.39
2024/01/01 16:12:10.39,80.39,-9.05,-5.61,16.41
2024/01/01 16:12:10.40,80.40,-9.32,-5.89,16.42
2024/01/01 16:12:10.41,80.41,-9.44,-5.82,16.24
2024/01/01 16:12:10.42,80.42,-9.26,-5.61,15.79
2024/01/01 16:12:10.43,80.43,-8.75,-5.46,15.13
2024/01/01 16:12:10.44,80.44,-8.07,-5.40,14.44
2024/01/01 16:12:10.45,80.45,-7.44,-5.34,13.87
2024/01/01 16:12:10.46,80.46,-6.98,-5.24,13.47
2024/01/01 16:12:10.47,80.47,-6.78,-5.14,13.23
2024/01/01 16:12:10.48,80.48,-6.76,-5.13,13.09
2024/01/01 16:12:10.49,80.49,-6.78,-5.27,12.97
2024/01/01 16:12:10.50,80.50,-6.75,-5.52,12.81
2024/01/01 16:12:10.51,80.51,-6.65,-5.67,12.63
2024/01/01 16:12:10.52,80.52,-6.52,-5.64,12.53
2024/01/01 16:12:10.53,80.53,-6.45,-5.44,12.51
2024/01/01 16:12:10.54,80.54,-6.54,-5.16,12.60
2024/01/01 16:12:10.55,80.55,-6.73,-4.94,12.86
2024/01/01 16:12:10.56,80.56,-6.88,-4.90,13.35
2024/01/01 16:12:10.57,80.57,-6.93,-5.07,13.93
2024/01/01 16:12:10.58,80.58,-6.94,-5.40,14.39
2024/01/01 16:12:10.59,80.59,-7.02,-5.85,14.69
2024/01/01 16:12:10.60,80.60,-7.26,-6.34,14.90
2024/01/01 16:12:10.61,80.61,-7.64,-6.80,15.06
2024/01/01 16:12:10.62,80.62,-8.06,-7.28,15.11
2024/01/01 16:12:10.63,80.63,-8.47,-7.85,15.08
2024/01/01 16:12:10.64,80.64,-8.91,-8.42,15.07
2024/01/01 16:12:10.65,80.65,-9.38,-8.92,15.08
2024/01/01 16:12:10.66,80.66,-9.86,-9.36,15.10
2024/01/01 16:12:10.67,80.67,-10.29,-9.69,15.15
2024/01/01 16:12:10.68,80.68,-10.52,-9.91,15.20
2024/01/01 16:12:10.69,80.69,-10.46,-10.11,15.15
2024/01/01 16:12:10.70,80.70,-10.23,-10.34,14.96
2024/01/01 16:12:10.71,80.71,-10.00,-10.50,14.71
2024/01/01 16:12:10.72,80.72,-9.90,-10.36,14.49
2024/01/01 16:12:10.73,80.73,-10.04,-9.78,14.29
2024/01/01 16:12:10.74,80.74,-10.30,-8.88,14.06
2024/01/01 16:12:10.75,80.75,-10.41,-7.85,13.77
2024/01/01 16:12:10.76,80.76,-10.20,-6.86,13.51
2024/01/01 16:12:10.77,80.77,-9.73,-6.04,13.39
2024/01/01 16:12:10.78,80.78,-9.17,-5.43,13.47
2024/01/01 16:12:10.79,80.79,-8.77,-5.01,13.69
2024/01/01 16:12:10.80,80.80,-8.72,-4.83,13.92
2024/01/01 16:12:10.81,80.81,-9.08,-4.86,14.09
2024/01/01 16:12:10.82,80.82,-9.73,-5.03,14.22
2024/01/01 16:12:10.83,80.83,-10.55,-5.22,14.40
2024/01/01 16:12:10.84,80.84,-11.40,-5.34,14.73
2024/01/01 16:12:10.85,80.85,-12.10,-5.42,15.22
2024/01/01 16:12:10.86,80.86,-12.50,-5.51,15.77
2024/01/01 16:12:10.87,80.87,-12.52,-5.66,16.28
2024/01/01 16:12:10.88,80.88,-12.13,-5.94,16.75
2024/01/01 16:12:10.89,80.89,-11.40,-6.40,17.16
2024/01/01 16:12:10.90,80.90,-10.42,-7.01,17.49
2024/01/01 16:12:10.91,80.91,-9.25,-7.73,17.70
2024/01/01 16:12:10.92,80.92,-8.00,-8.45,17.76
2024/01/01 16:12:10.93,80.93,-6.81,-8.99,17.64
2024/01/01 16:12:10.94,80.94,-5.80,-9.26,17.33
2024/01/01 16:12:10.95,80.95,-5.02,-9.29,16.85
2024/01/01 16:12:10.96,80.96,-4.52,-9.22,16.28
2024/01/01 16:12:10.97,80.97,-4.25,-9.23,15.70
2024/01/01 16:12:10.98,80.98,-4.18,-9.39,15.12
2024/01/01 16:12:10.99,80.99,-4.25,-9.57,14.57
2024/01/01 16:12:11.00,81.00,-4.36,-9.55,14.10
2024/01/01 16:12:11.01,81.01,-4.43,-9.11,13.75
2024/01/01 16:12:11.02,81.02,-4.52,-8.18,13.49
2024/01/01 16:12:11.03,81.03,-4.68,-6.95,13.29
2024/01/01 16:12:11.04,81.04,-4.99,-5.75,13.14
2024/01/01 16:12:11.05,81.05,-5.48,-4.84,13.03
2024/01/01 16:12:11.06,81.06,-5.98,-4.38,13.02
2024/01/01 16:12:11.07,81.07,-6.34,-4.38,13.15
2024/01/01 16:12:11.08,81.08,-6.49,-4.68,13.39
2024/01/01 16:12:11.09,81.09,-6.48,-5.11,13.69
2024/01/01 16:12:11.10,81.10,-6.40,-5.46,13.98
2024/01/01 16:12:11.11,81.11,-6.37,-5.69,14.23
2024/01/01 16:12:11.12,81.12,-6.42,-5.83,14.47
2024/01/01 16:12:11.13,81.13,-6.53,-5.99,14.73
2024/01/01 16:12:11.14,81.14,-6.73,-6.34,14.91
2024/01/01 16:12:11.15,81.15,-7.07,-7.02,14.95
2024/01/01 16:12:11.16,81.16,-7.53,-7.96,14.94
2024/01/01 16:12:11.17,81.17,-8.07,-8.96,15.01
2024/01/01 16:12:11.18,81.18,-8.59,-9.77,15.11
2024/01/01 16:12:11.19,81.19,-8.94,-10.28,15.08
2024/01/01 16:12:11.20,81.20,-9.02,-10.56,14.84
2024/01/01 16:12:11.21,81.21,-8.86,-10.71,14.56
2024/01/01 16:12:11.22,81.22,-8.53,-10.76,14.40
2024/01/01 16:12:11.23,81.23,-8.13,-10.67,14.32
2024/01/01 16:12:11.24,81.24,-7.77,-10.41,14.27
2024/01/01 16:12:11.25,81.25,-7.51,-10.01,14.26
2024/01/01 16:12:11.26,81.26,-7.35,-9.64,14.29
2024/01/01 16:12:11.27,81.27,-7.31,-9.42,14.30
2024/01/01 16:12:11.28,81.28,-7.40,-9.34,14.21
2024/01/01 16:12:11.29,81.29,-7.63,-9.29,14.01
2024/01/01 16:12:11.30,81.30,-7.99,-9.15,13.82
2024/01/01 16:12:11.31,81.31,-8.49,-8.86,13.74
2024/01/01 16:12:11.32,81.32,-9.12,-8.44,13.81
2024/01/01 16:12:11.33,81.33,-9.79,-7.94,14.03
2024/01/01 16:12:11.34,81.34,-10.41,-7.37,14.40
2024/01/01 16:12:11.35,81.35,-10.90,-6.70,14.84
2024/01/01 16:12:11.36,81.36,-11.25,-5.96,15.28
2024/01/01 16:12:11.37,81.37,-11.45,-5.27,15.74
2024/01/01 16:12:11.38,81.38,-11.53,-4.76,16.25
2024/01/01 16:12:11.39,81.39,-11.49,-4.47,16.77
2024/01/01 16:12:11.40,81.40,-11.30,-4.41,17.23
2024/01/01 16:12:11.41,81.41,-10.99,-4.52,17.61
2024/01/01 16:12:11.42,81.42,-10.62,-4.70,17.97
2024/01/01 16:12:11.43,81.43,-10.32,-4.91,18.30
2024/01/01 16:12:11.44,81.44,-10.19,-5.15,18.55
2024/01/01 16:12:11.45,81.45,-10.20,-5.38,18.73
2024/01/01 16:12:11.46,81.46,-10.22,-5.54,18.83
2024/01/01 16:12:11.47,81.47,-10.18,-5.59,18.86
2024/01/01 16:12:11.48,81.48,-10.07,-5.60,18.78
2024/01/01 16:12:11.49,81.49,-9.89,-5.75,18.59
2024/01/01 16:12:11.50,81.50,-9.69,-6.19,18.32
2024/01/01 16:12:11.51,81.51,-9.53,-6.88,18.00
2024/01/01 16:12:11.52,81.52,-9.44,-7.63,17.65
2024/01/01 16:12:11.53,81.53,-9.43,-8.16,17.22
2024/01/01 16:12:11.54,81.54,-9.53,-8.31,16.68
2024/01/01 16:12:11.55,81.55,-9.67,-8.11,15.98
2024/01/01 16:12:11.56,81.56,-9.73,-7.83,15.18
2024/01/01 16:12:11.57,81.57,-9.66,-7.64,14.42
2024/01/01 16:12:11.58,81.58,-9.50,-7.50,13.83
2024/01/01 16:12:11.59,81.59,-9.37,-7.25,13.45
2024/01/01 16:12:11.60,81.60,-9.36,-6.75,13.21
2024/01/01 16:12:11.61,81.61,-9.49,-6.01,13.03
2024/01/01 16:12:11.62,81.62,-9.72,-5.18,12.88
2024/01/01 16:12:11.63,81.63,-10.00,-4.41,12.78
2024/01/01 16:12:11.64,81.64,-10.26,-3.80,12.71
2024/01/01 16:12:11.65,81.65,-10.44,-3.45,12.73
2024/01/01 16:12:11.66,81.66,-10.55,-3.35,12.84
2024/01/01 16:12:11.67,81.67,-10.62,-3.45,13.05
2024/01/01 16:12:11.68,81.68,-10.56,-3.70,13.35
2024/01/01 16:12:11.69,81.69,-10.25,-4.06,13.77
2024/01/01 16:12:11.70,81.70,-9.67,-4.47,14.26
2024/01/01 16:12:11.71,81.71,-8.90,-4.89,14.66
2024/01/01 16:12:11.72,81.72,-8.09,-5.33,14.93
2024/01/01 16:12:11.73,81.73,-7.39,-5.80,15.15
2024/01/01 16:12:11.74,81.74,-6.86,-6.29,15.32
2024/01/01 16:12:11.75,81.75,-6.49,-6.80,15.38
2024/01/01 16:12:11.76,81.76,-6.20,-7.35,15.31
2024/01/01 16:12:11.77,81.77,-5.97,-7.93,15.19
2024/01/01 16:12:11.78,81.78,-5.80,-8.53,15.15
2024/01/01 16:12:11.79,81.79,-5.69,-9.13,15.25
2024/01/01 16:12:11.80,81.80,-5.57,-9.67,15.44
2024/01/01 16:12:11.81,81.81,-5.35,-10.12,15.65
2024/01/01 16:12:11.82,81.82,-5.01,-10.39,15.83
2024/01/01 16:12:11.83,81.83,-4.68,-10.39,15.88
2024/01/01 16:12:11.84,81.84,-4.49,-10.07,15.74
2024/01/01 16:12:11.85,81.85,-4.50,-9.49,15.45
2024/01/01 16:12:11.86,81.86,-4.69,-8.71,15.16
2024/01/01 16:12:11.87,81.87,-5.01,-7.83,14.93
2024/01/01 16:12:11.88,81.88,-5.29,-7.02,14.73
2024/01/01 16:12:11.89,81.89,-5.35,-6.47,14.58
2024/01/01 16:12:11.90,81.90,-5.20,-6.22,14.56
2024/01/01 16:12:11.91,81.91,-4.99,-6.16,14.69
2024/01/01 16:12:11.92,81.92,-4.92,-6.24,14.89
2024/01/01 16:12:11.93,81.93,-5.09,-6.41,15.09
2024/01/01 16:12:11.94,81.94,-5.55,-6.59,15.16
2024/01/01 16:12:11.95,81.95,-6.21,-6.71,15.07
2024/01/01 16:12:11.96,81.96,-6.91,-6.76,14.87
2024/01/01 16:12:11.97,81.97,-7.50,-6.83,14.68
2024/01/01 16:12:11.98,81.98,-7.91,-7.05,14.64
2024/01/01 16:12:11.99,81.99,-8.16,-7.47,14.80
2024/01/01 16:12:12.00,82.00,-8.27,-7.96,15.06
2024/01/01 16:12:12.01,82.01,-8.22,-8.34,15.28
2024/01/01 16:12:12.02,82.02,-8.00,-8.54,15.38
2024/01/01 16:12:12.03,82.03,-7.68,-8.61,15.39
2024/01/01 16:12:12.04,82.04,-7.29,-8.62,15.34
2024/01/01 16:12:12.05,82.05,-6.95,-8.61,15.27
2024/01/01 16:12:12.06,82.06,-6.75,-8.59,15.23
2024/01/01 16:12:12.07,82.07,-6.76,-8.49,15.21
2024/01/01 16:12:12.08,82.08,-6.99,-8.24,15.17
2024/01/01 16:12:12.09,82.09,-7.38,-7.84,15.03
2024/01/01 16:12:12.10,82.10,-7.90,-7.32,14.77
2024/01/01 16:12:12.11,82.11,-8.44,-6.81,14.45
2024/01/01 16:12:12.12,82.12,-8.84,-6.47,14.20
2024/01/01 16:12:12.13,82.13,-9.00,-6.36,14.05
2024/01/01 16:12:12.14,82.14,-8.89,-6.38,14.02
2024/01/01 16:12:12.15,82.15,-8.55,-6.44,14.05
2024/01/01 16:12:12.16,82.16,-8.13,-6.45,14.11
2024/01/01 16:12:12.17,82.17,-7.80,-6.35,14.08
2024/01/01 16:12:12.18,82.18,-7.66,-6.16,13.87
2024/01/01 16:12:12.19,82.19,-7.75,-5.97,13.53
2024/01/01 16:12:12.20,82.20,-8.06,-5.82,13.24
2024/01/01 16:12:12.21,82.21,-8.49,-5.78,13.08
2024/01/01 16:12:12.22,82.22,-8.88,-5.90,13.03
2024/01/01 16:12:12.23,82.23,-9.10,-6.16,13.06
2024/01/01 16:12:12.24,82.24,-9.10,-6.49,13.20
2024/01/01 16:12:12.25,82.25,-8.95,-6.78,13.39
2024/01/01 16:12:12.26,82.26,-8.77,-7.00,13.51
2024/01/01 16:12:12.27,82.27,-8.64,-7.19,13.49
2024/01/01 16:12:12.28,82.28,-8.61,-7.43,13.42
2024/01/01 16:12:12.29,82.29,-8.64,-7.74,13.40
2024/01/01 16:12:12.30,82.30,-8.61,-8.12,13.49
2024/01/01 16:12:12.31,82.31,-8.42,-8.54,13.65
2024/01/01 16:12:12.32,82.32,-8.06,-8.85,13.81
2024/01/01 16:12:12.33,82.33,-7.61,-8.92,13.95
2024/01/01 16:12:12.34,82.34,-7.21,-8.74,14.08
2024/01/01 16:12:12.35,82.35,-6.97,-8.45,14.20
2024/01/01 16:12:12.36,82.36,-6.95,-8.19,14.26
2024/01/01 16:12:12.37,82.37,-7.12,-8.05,14.26
2024/01/01 16:12:12.38,82.38,-7.39,-8.04,14.23
2024/01/01 16:12:12.39,82.39,-7.68,-8.09,14.27
2024/01/01 16:12:12.40,82.40,-7.96,-8.12,14.43
2024/01/01 16:12:12.41,82.41,-8.22,-8.04,14.68
2024/01/01 16:12:12.42,82.42,-8.39,-7.83,14.90
2024/01/01 16:12:12.43,82.43,-8.42,-7.51,15.01
2024/01/01 16:12:12.44,82.44,-8.28,-7.18,15.06
2024/01/01 16:12:12.45,82.45,-7.99,-6.95,15.10
2024/01/01 16:12:12.46,82.46,-7.65,-6.81,15.20
2024/01/01 16:12:12.47,82.47,-7.44,-6.75,15.33
2024/01/01 16:12:12.48,82.48,-7.45,-6.80,15.49
2024/01/01 16:12:12.49,82.49,-7.65,-6.95,15.67
2024/01/01 16:12:12.50,82.50,-7.88,-7.16,15.83
2024/01/01 16:12:12.51,82.51,-7.99,-7.32,15.94
2024/01/01 16:12:12.52,82.52,-7.95,-7.39,16.02
2024/01/01 16:12:12.53,82.53,-7.85,-7.39,16.11
2024/01/01 16:12:12.54,82.54,-7.82,-7.42,16.22
2024/01/01 16:12:12.55,82.55,-7.89,-7.53,16.31
2024/01/01 16:12:12.56,82.56,-8.07,-7.67,16.32
2024/01/01 16:12:12.57,82.57,-8.28,-7.68,16.29
2024/01/01 16:12:12.58,82.58,-8.45,-7.56,16.27
2024/01/01 16:12:12.59,82.59,-8.49,-7.46,16.21
2024/01/01 16:12:12.60,82.60,-8.38,-7.47,16.00
2024/01/01 16:12:12.61,82.61,-8.17,-7.57,15.60
2024/01/01 16:12:12.62,82.62,-7.89,-7.72,15.20
2024/01/01 16:12:12.63,82.63,-7.59,-7.91,14.96
2024/01/01 16:12:12.64,82.64,-7.33,-8.12,14.87
2024/01/01 16:12:12.65,82.65,-7.06,-8.34,14.80
2024/01/01 16:12:12.66,82.66,-6.77,-8.47,14.73
2024/01/01 16:12:12.67,82.67,-6.56,-8.39,14.69
2024/01/01 16:12:12.68,82.68,-6.49,-8.04,14.66
2024/01/01 16:12:12.69,82.69,-6.64,-7.45,14.57
2024/01/01 16:12:12.70,82.70,-7.05,-6.76,14.45
2024/01/01 16:12:12.71,82.71,-7.62,-6.15,14.40
2024/01/01 16:12:12.72,82.72,-8.24,-5.77,14.50
2024/01/01 16:12:12.73,82.73,-8.82,-5.70,14.72
2024/01/01 16:12:12.74,82.74,-9.24,-5.90,15.00
2024/01/01 16:12:12.75,82.75,-9.48,-6.20,15.26
2024/01/01 16:12:12.76,82.76,-9.63,-6.40,15.40
2024/01/01 16:12:12.77,82.77,-9.84,-6.38,15.40
2024/01/01 16:12:12.78,82.78,-10.11,-6.21,15.41
2024/01/01 16:12:12.79,82.79,-10.42,-5.97,15.55
2024/01/01 16:12:12.80,82.80,-10.74,-5.75,15.75
2024/01/01 16:12:12.81,82.81,-10.94,-5.68,15.83
2024/01/01 16:12:12.82,82.82,-10.93,-5.87,15.77
2024/01/01 16:12:12.83,82.83,-10.68,-6.28,15.67
2024/01/01 16:12:12.84,82.84,-10.30,-6.73,15.61
2024/01/01 16:12:12.85,82.85,-9.92,-7.05,15.60
2024/01/01 16:12:12.86,82.86,-9.65,-7.12,15.61
2024/01/01 16:12:12.87,82.87,-9.53,-6.96,15.58
2024/01/01 16:12:12.88,82.88,-9.53,-6.69,15.45
2024/01/01 16:12:12.89,82.89,-9.61,-6.45,15.26
2024/01/01 16:12:12.90,82.90,-9.74,-6.29,15.03
2024/01/01 16:12:12.91,82.91,-9.82,-6.17,14.78
2024/01/01 16:12:12.92,82.92,-9.83,-5.95,14.48
2024/01/01 16:12:12.93,82.93,-9.74,-5.61,14.15
2024/01/01 16:12:12.94,82.94,-9.47,-5.24,13.85
2024/01/01 16:12:12.95,82.95,-9.04,-5.02,13.67
2024/01/01 16:12:12.96,82.96,-8.57,-5.03,13.66
2024/01/01 16:12:12.97,82.97,-8.10,-5.24,13.82
2024/01/01 16:12:12.98,82.98,-7.71,-5.46,14.05
2024/01/01 16:12:12.99,82.99,-7.45,-5.51,14.22
2024/01/01 16:12:13.00,83.00,-7.35,-5.30,14.28
2024/01/01 16:12:13.01,83.01,-7.36,-4.94,14.23
2024/01/01 16:12:13.02,83.02,-7.42,-4.64,14.14
2024/01/01 16:12:13.03,83.03,-7.52,-4.56,14.06
2024/01/01 16:12:13.04,83.04,-7.62,-4.72,14.10
2024/01/01 16:12:13.05,83.05,-7.70,-5.04,14.26
2024/01/01 16:12:13.06,83.06,-7.74,-5.46,14.45
2024/01/01 16:12:13.07,83.07,-7.72,-6.03,14.63
2024/01/01 16:12:13.08,83.08,-7.60,-6.76,14.83
2024/01/01 16:12:13.09,83.09,-7.38,-7.54,15.00
2024/01/01 16:12:13.10,83.10,-7.10,-8.25,15.09
2024/01/01 16:12:13.11,83.11,-6.86,-8.88,15.07
2024/01/01 16:12:13.12,83.12,-6.75,-9.46,14.99
2024/01/01 16:12:13.13,83.13,-6.79,-10.00,14.85
2024/01/01 16:12:13.14,83.14,-6.92,-10.39,14.66
2024/01/01 16:12:13.15,83.15,-7.06,-10.52,14.47
2024/01/01 16:12:13.16,83.16,-7.11,-10.32,14.36
2024/01/01 16:12:13.17,83.17,-6.96,-9.85,14.33
2024/01/01 16:12:13.18,83.18,-6.57,-9.32,14.36
2024/01/01 16:12:13.19,83.19,-6.01,-8.96,14.45
2024/01/01 16:12:13.20,83.20,-5.39,-8.89,14.63
2024/01/01 16:12:13.21,83.21,-4.85,-9.08,14.88
2024/01/01 16:12:13.22,83.22,-4.54,-9.41,15.10
2024/01/01 16:12:13.23,83.23,-4.58,-9.75,15.23
2024/01/01 16:12:13.24,83.24,-4.94,-10.00,15.23
2024/01/01 16:12:13.25,83.25,-5.55,-10.18,15.15
2024/01/01 16:12:13.26,83.26,-6.29,-10.38,15.06
2024/01/01 16:12:13.27,83.27,-7.08,-10.64,15.05
2024/01/01 16:12:13.28,83.28,-7.92,-10.89,15.16
2024/01/01 16:12:13.29,83.29,-8.77,-11.04,15.39
2024/01/01 16:12:13.30,83.30,-9.60,-11.03,15.65
2024/01/01 16:12:13.31,83.31,-10.36,-10.85,15.87
2024/01/01 16:12:13.32,83.32,-11.04,-10.52,15.99
2024/01/01 16:12:13.33,83.33,-11.58,-10.08,16.06
2024/01/01 16:12:13.34,83.34,-11.94,-9.62,16.18
2024/01/01 16:12:13.35,83.35,-12.11,-9.20,16.36
2024/01/01 16:12:13.36,83.36,-12.04,-8.91,16.50
2024/01/01 16:12:13.37,83.37,-11.74,-8.78,16.58
2024/01/01 16:12:13.38,83.38,-11.29,-8.64,16.59
2024/01/01 16:12:13.39,83.39,-10.81,-8.30,16.54
2024/01/01 16:12:13.40,83.40,-10.41,-7.68,16.45
2024/01/01 16:12:13.41,83.41,-10.16,-6.92,16.39
2024/01/01 16:12:13.42,83.42,-10.06,-6.27,16.37
2024/01/01 16:12:13.43,83.43,-10.06,-5.94,16.34
2024/01/01 16:12:13.44,83.44,-10.06,-5.97,16.27
2024/01/01 16:12:13.45,83.45,-10.03,-6.19,16.18
2024/01/01 16:12:13.46,83.46,-9.99,-6.33,16.04
2024/01/01 16:12:13.47,83.47,-10.03,-6.27,15.86
2024/01/01 16:12:13.48,83.48,-10.14,-6.05,15.65
2024/01/01 16:12:13.49,83.49,-10.26,-5.77,15.51
2024/01/01 16:12:13.50,83.50,-10.34,-5.48,15.45
2024/01/01 16:12:13.51,83.51,-10.40,-5.14,15.41
2024/01/01 16:12:13.52,83.52,-10.45,-4.72,15.26
2024/01/01 16:12:13.53,83.53,-10.51,-4.28,15.03
2024/01/01 16:12:13.54,83.54,-10.62,-3.93,14.74
2024/01/01 16:12:13.55,83.55,-10.81,-3.72,14.44
2024/01/01 16:12:13.56,83.56,-11.07,-3.71,14.23
2024/01/01 16:12:13.57,83.57,-11.38,-3.91,14.20
2024/01/01 16:12:13.58,83.58,-11.72,-4.27,14.32
2024/01/01 16:12:13.59,83.59,-12.04,-4.75,14.38
2024/01/01 16:12:13.60,83.60,-12.25,-5.27,14.31
2024/01/01 16:12:13.61,83.61,-12.28,-5.68,14.17
2024/01/01 16:12:13.62,83.62,-12.14,-5.81,14.08
2024/01/01 16:12:13.63,83.63,-11.91,-5.66,14.09
2024/01/01 16:12:13.64,83.64,-11.60,-5.37,14.17
2024/01/01 16:12:13.65,83.65,-11.15,-5.10,14.29
2024/01/01 16:12:13.66,83.66,-10.53,-4.92,14.38
2024/01/01 16:12:13.67,83.67,-9.72,-4.81,14.39
2024/01/01 16:12:13.68,83.68,-8.74,-4.79,14.32
2024/01/01 16:12:13.69,83.69,-7.66,-4.90,14.22
2024/01/01 16:12:13.70,83.70,-6.61,-5.23,14.08
2024/01/01 16:12:13.71,83.71,-5.72,-5.80,13.84
2024/01/01 16:12:13.72,83.72,-5.07,-6.42,13.51
2024/01/01 16:12:13.73,83.73,-4.64,-6.84,13.18
2024/01/01 16:12:13.74,83.74,-4.39,-7.00,12.93
2024/01/01 16:12:13.75,83.75,-4.27,-6.94,12.79
2024/01/01 16:12:13.76,83.76,-4.20,-6.80,12.75
2024/01/01 16:12:13.77,83.77,-4.12,-6.73,12.84
2024/01/01 16:12:13.78,83.78,-3.98,-6.77,13.13
2024/01/01 16:12:13.79,83.79,-3.71,-6.89,13.52
2024/01/01 16:12:13.80,83.80,-3.33,-7.02,13.88
2024/01/01 16:12:13.81,83.81,-2.90,-7.10,14.13
2024/01/01 16:12:13.82,83.82,-2.55,-7.09,14.27
2024/01/01 16:12:13.83,83.83,-2.33,-7.01,14.37
2024/01/01 16:12:13.84,83.84,-2.24,-6.92,14.45
2024/01/01 16:12:13.85,83.85,-2.21,-6.90,14.53
2024/01/01 16:12:13.86,83.86,-2.21,-6.98,14.58
2024/01/01 16:12:13.87,83.87,-2.24,-7.16,14.58
2024/01/01 16:12:13.88,83.88,-2.29,-7.42,14.56
2024/01/01 16:12:13.89,83.89,-2.42,-7.73,14.52
2024/01/01 16:12:13.90,83.90,-2.65,-8.07,14.46
2024/01/01 16:12:13.91,83.91,-3.00,-8.45,14.36
2024/01/01 16:12:13.92,83.92,-3.50,-8.81,14.25
2024/01/01 16:12:13.93,83.93,-4.08,-9.13,14.17
2024/01/01 16:12:13.94,83.94,-4.63,-9.35,14.12
2024/01/01 16:12:13.95,83.95,-5.11,-9.47,14.07
2024/01/01 16:12:13.96,83.96,-5.52,-9.52,14.06
2024/01/01 16:12:13.97,83.97,-5.93,-9.52,14.19
2024/01/01 16:12:13.98,83.98,-6.43,-9.47,14.48
2024/01/01 16:12:13.99,83.99,-7.13,-9.31,14.84
2024/01/01 16:12:14.00,84.00,-7.99,-8.93,15.13
2024/01/01 16:12:14.01,84.01,-8.96,-8.25,15.31
2024/01/01 16:12:14.02,84.02,-9.97,-7.31,15.38
2024/01/01 16:12:14.03,84.03,-10.94,-6.35,15.38
2024/01/01 16:12:14.04,84.04,-11.80,-5.66,15.41
2024/01/01 16:12:14.05,84.05,-12.55,-5.41,15.55
2024/01/01 16:12:14.06,84.06,-13.24,-5.61,15.84
2024/01/01 16:12:14.07,84.07,-13.87,-6.11,16.22
2024/01/01 16:12:14.08,84.08,-14.39,-6.69,16.64
2024/01/01 16:12:14.09,84.09,-14.75,-7.14,16.99
2024/01/01 16:12:14.10,84.10,-14.92,-7.33,17.22
2024/01/01 16:12:14.11,84.11,-14.91,-7.28,17.25
2024/01/01 16:12:14.12,84.12,-14.79,-7.14,17.11
2024/01/01 16:12:14.13,84.13,-14.67,-7.02,16.91
2024/01/01 16:12:14.14,84.14,-14.65,-6.95,16.75
2024/01/01 16:12:14.15,84.15,-14.76,-6.97,16.64
2024/01/01 16:12:14.16,84.16,-14.90,-7.09,16.54
2024/01/01 16:12:14.17,84.17,-14.94,-7.29,16.41
2024/01/01 16:12:14.18,84.18,-14.75,-7.52,16.23
2024/01/01 16:12:14.19,84.19,-14.27,-7.72,16.03
2024/01/01 16:12:14.20,84.20,-13.56,-7.86,15.87
2024/01/01 16:12:14.21,84.21,-12.74,-7.92,15.78
2024/01/01 16:12:14.22,84.22,-11.95,-7.78,15.76
2024/01/01 16:12:14.23,84.23,-11.27,-7.45,15.73
2024/01/01 16:12:14.24,84.24,-10.70,-6.95,15.62
2024/01/01 16:12:14.25,84.25,-10.19,-6.41,15.41
2024/01/01 16:12:14.26,84.26,-9.66,-5.96,15.12
2024/01/01 16:12:14.27,84.27,-9.11,-5.65,14.83
2024/01/01 16:12:14.28,84.28,-8.59,-5.47,14.57
2024/01/01 16:12:14.29,84.29,-8.12,-5.37,14.42
2024/01/01 16:12:14.30,84.30,-7.67,-5.36,14.39
2024/01/01 16:12:14.31,84.31,-7.20,-5.44,14.48
2024/01/01 16:12:14.32,84.32,-6.62,-5.55,14.56
2024/01/01 16:12:14.33,84.33,-5.89,-5.60,14.56
2024/01/01 16:12:14.34,84.34,-5.05,-5.46,14.49
2024/01/01 16:12:14.35,84.35,-4.21,-5.04,14.39
2024/01/01 16:12:14.36,84.36,-3.51,-4.41,14.28
2024/01/01 16:12:14.37,84.37,-3.06,-3.74,14.15
2024/01/01 16:12:14.38,84.38,-2.87,-3.21,14.04
2024/01/01 16:12:14.39,84.39,-2.94,-2.93,13.94
2024/01/01 16:12:14.40,84.40,-3.16,-2.94,13.87
2024/01/01 16:12:14.41,84.41,-3.41,-3.21,13.81
2024/01/01 16:12:14.42,84.42,-3.60,-3.72,13.70
2024/01/01 16:12:14.43,84.43,-3.67,-4.37,13.54
2024/01/01 16:12:14.44,84.44,-3.53,-5.07,13.42
2024/01/01 16:12:14.45,84.45,-3.18,-5.70,13.43
2024/01/01 16:12:14.46,84.46,-2.72,-6.11,13.55
2024/01/01 16:12:14.47,84.47,-2.22,-6.21,13.74
2024/01/01 16:12:14.48,84.48,-1.82,-6.02,13.96
2024/01/01 16:12:14.49,84.49,-1.60,-5.64,14.19
2024/01/01 16:12:14.50,84.50,-1.57,-5.24,14.37
2024/01/01 16:12:14.51,84.51,-1.70,-5.06,14.40
2024/01/01 16:12:14.52,84.52,-2.02,-5.20,14.28
2024/01/01 16:12:14.53,84.53,-2.48,-5.61,14.19
2024/01/01 16:12:14.54,84.54,-3.06,-6.12,14.26
2024/01/01 16:12:14.55,84.55,-3.75,-6.60,14.50
2024/01/01 16:12:14.56,84.56,-4.46,-7.05,14.87
2024/01/01 16:12:14.57,84.57,-5.00,-7.57,15.29
2024/01/01 16:12:14.58,84.58,-5.28,-8.18,15.72
2024/01/01 16:12:14.59,84.59,-5.31,-8.73,16.10
2024/01/01 16:12:14.60,84.60,-5.20,-9.08,16.42
2024/01/01 16:12:14.61,84.61,-5.17,-9.13,16.67
2024/01/01 16:12:14.62,84.62,-5.43,-8.90,16.87
2024/01/01 16:12:14.63,84.63,-6.05,-8.53,17.00
2024/01/01 16:12:14.64,84.64,-6.92,-8.18,17.03
2024/01/01 16:12:14.65,84.65,-7.86,-8.00,16.94
2024/01/01 16:12:14.66,84.66,-8.73,-8.10,16.78
2024/01/01 16:12:14.67,84.67,-9.41,-8.47,16.65
2024/01/01 16:12:14.68,84.68,-9.91,-8.97,16.56
2024/01/01 16:12:14.69,84.69,-10.25,-9.40,16.46
2024/01/01 16:12:14.70,84.70,-10.48,-9.69,16.31
2024/01/01 16:12:14.71,84.71,-10.63,-9.79,16.17
2024/01/01 16:12:14.72,84.72,-10.72,-9.70,16.09
2024/01/01 16:12:14.73,84.73,-10.78,-9.46,16.02
2024/01/01 16:12:14.74,84.74,-10.79,-9.11,15.89
2024/01/01 16:12:14.75,84.75,-10.73,-8.75,15.71
2024/01/01 16:12:14.76,84.76,-10.61,-8.45,15.54
2024/01/01 16:12:14.77,84.77,-10.47,-8.29,15.46
2024/01/01 16:12:14.78,84.78,-10.37,-8.33,15.50
2024/01/01 16:12:14.79,84.79,-10.41,-8.55,15.61
2024/01/01 16:12:14.80,84.80,-10.59,-8.80,15.75
2024/01/01 16:12:14.81,84.81,-10.90,-8.91,15.86
2024/01/01 16:12:14.82,84.82,-11.28,-8.77,15.91
2024/01/01 16:12:14.83,84.83,-11.66,-8.44,15.84
2024/01/01 16:12:14.84,84.84,-11.97,-8.01,15.66
2024/01/01 16:12:14.85,84.85,-12.17,-7.51,15.43
2024/01/01 16:12:14.86,84.86,-12.30,-6.93,15.22
2024/01/01 16:12:14.87,84.87,-12.41,-6.34,15.08
2024/01/01 16:12:14.88,84.88,-12.59,-5.88,15.03
2024/01/01 16:12:14.89,84.89,-12.84,-5.72,15.03
2024/01/01 16:12:14.90,84.90,-13.09,-5.90,15.03
2024/01/01 16:12:14.91,84.91,-13.24,-6.37,15.00
2024/01/01 16:12:14.92,84.92,-13.29,-6.92,14.94
2024/01/01 16:12:14.93,84.93,-13.27,-7.36,14.85
2024/01/01 16:12:14.94,84.94,-13.16,-7.54,14.74
2024/01/01 16:12:14.95,84.95,-12.96,-7.38,14.62
2024/01/01 16:12:14.96,84.96,-12.65,-6.89,14.54
2024/01/01 16:12:14.97,84.97,-12.14,-6.17,14.46
2024/01/01 16:12:14.98,84.98,-11.42,-5.35,14.34
2024/01/01 16:12:14.99,84.99,-10.64,-4.58,14.20
2024/01/01 16:12:15.00,85.00,-9.93,-3.95,14.13
2024/01/01 16:12:15.01,85.01,-9.34,-3.52,14.20
2024/01/01 16:12:15.02,85.02,-8.84,-3.28,14.31
2024/01/01 16:12:15.03,85.03,-8.37,-3.27,14.38
2024/01/01 16:12:15.04,85.04,-7.87,-3.49,14.39
2024/01/01 16:12:15.05,85.05,-7.38,-3.83,14.31
2024/01/01 16:12:15.06,85.06,-6.95,-4.20,14.12
2024/01/01 16:12:15.07,85.07,-6.60,-4.56,13.82
2024/01/01 16:12:15.08,85.08,-6.34,-4.86,13.50
2024/01/01 16:12:15.09,85.09,-6.13,-4.98,13.26
2024/01/01 16:12:15.10,85.10,-5.92,-4.95,13.11
2024/01/01 16:12:15.11,85.11,-5.66,-4.93,13.05
2024/01/01 16:12:15.12,85.12,-5.32,-5.08,13.11
2024/01/01 16:12:15.13,85.13,-4.89,-5.42,13.28
2024/01/01 16:12:15.14,85.14,-4.44,-5.88,13.46
2024/01/01 16:12:15.15,85.15,-4.07,-6.30,13.56
2024/01/01 16:12:15.16,85.16,-3.87,-6.55,13.56
2024/01/01 16:12:15.17,85.17,-3.88,-6.63,13.50
2024/01/01 16:12:15.18,85.18,-4.11,-6.60,13.41
2024/01/01 16:12:15.19,85.19,-4.54,-6.53,13.31
2024/01/01 16:12:15.20,85.20,-5.05,-6.47,13.22
2024/01/01 16:12:15.21,85.21,-5.57,-6.41,13.21
2024/01/01 16:12:15.22,85.22,-6.08,-6.26,13.31
2024/01/01 16:12:15.23,85.23,-6.54,-6.01,13.51
2024/01/01 16:12:15.24,85.24,-6.93,-5.76,13.77
2024/01/01 16:12:15.25,85.25,-7.20,-5.68,14.03
2024/01/01 16:12:15.26,85.26,-7.32,-5.85,14.26
2024/01/01 16:12:15.27,85.27,-7.24,-6.27,14.50
2024/01/01 16:12:15.28,85.28,-7.07,-6.82,14.79
2024/01/01 16:12:15.29,85.29,-6.97,-7.30,15.14
2024/01/01 16:12:15.30,85.30,-6.97,-7.59,15.50
2024/01/01 16:12:15.31,85.31,-7.05,-7.69,15.76
2024/01/01 16:12:15.32,85.32,-7.15,-7.68,15.89
2024/01/01 16:12:15.33,85.33,-7.27,-7.71,15.91
2024/01/01 16:12:15.34,85.34,-7.43,-7.88,15.94
2024/01/01 16:12:15.35,85.35,-7.71,-8.14,16.01
2024/01/01 16:12:15.36,85.36,-8.05,-8.42,16.07
2024/01/01 16:12:15.37,85.37,-8.30,-8.70,16.09
2024/01/01 16:12:15.38,85.38,-8.38,-9.02,16.10
2024/01/01 16:12:15.39,85.39,-8.27,-9.43,16.12
2024/01/01 16:12:15.40,85.40,-8.07,-9.92,16.06
2024/01/01 16:12:15.41,85.41,-7.93,-10.44,15.89
2024/01/01 16:12:15.42,85.42,-7.91,-10.98,15.68
2024/01/01 16:12:15.43,85.43,-8.00,-11.53,15.55
2024/01/01 16:12:15.44,85.44,-8.21,-11.99,15.51
2024/01/01 16:12:15.45,85.45,-8.48,-12.26,15.47
2024/01/01 16:12:15.46,85.46,-8.70,-12.25,15.34
2024/01/01 16:12:15.47,85.47,-8.72,-11.93,15.15
2024/01/01 16:12:15.48,85.48,-8.53,-11.33,14.95
2024/01/01 16:12:15.49,85.49,-8.25,-10.60,14.74
2024/01/01 16:12:15.50,85.50,-8.04,-9.92,14.50
2024/01/01 16:12:15.51,85.51,-7.97,-9.40,14.24
2024/01/01 16:12:15.52,85.52,-7.98,-9.10,13.94
2024/01/01 16:12:15.53,85.53,-7.93,-9.04,13.62
2024/01/01 16:12:15.54,85.54,-7.77,-9.11,13.28
2024/01/01 16:12:15.55,85.55,-7.55,-9.16,12.96
2024/01/01 16:12:15.56,85.56,-7.35,-9.07,12.76
2024/01/01 16:12:15.57,85.57,-7.26,-8.77,12.66
2024/01/01 16:12:15.58,85.58,-7.30,-8.27,12.60
2024/01/01 16:12:15.59,85.59,-7.46,-7.70,12.62
2024/01/01 16:12:15.60,85.60,-7.66,-7.21,12.80
2024/01/01 16:12:15.61,85.61,-7.89,-6.92,13.13
2024/01/01 16:12:15.62,85.62,-8.12,-6.79,13.52
2024/01/01 16:12:15.63,85.63,-8.30,-6.69,13.95
2024/01/01 16:12:15.64,85.64,-8.40,-6.41,14.44
2024/01/01 16:12:15.65,85.65,-8.41,-5.84,14.89
2024/01/01 16:12:15.66,85.66,-8.29,-5.07,15.19
2024/01/01 16:12:15.67,85.67,-8.04,-4.33,15.26
2024/01/01 16:12:15.68,85.68,-7.67,-3.81,15.19
2024/01/01 16:12:15.69,85.69,-7.25,-3.62,15.03
2024/01/01 16:12:15.70,85.70,-6.91,-3.77,14.85
2024/01/01 16:12:15.71,85.71,-6.78,-4.23,14.75
2024/01/01 16:12:15.72,85.72,-6.89,-4.83,14.74
2024/01/01 16:12:15.73,85.73,-7.11,-5.40,14.71
2024/01/01 16:12:15.74,85.74,-7.28,-5.85,14.54
2024/01/01 16:12:15.75,85.75,-7.34,-6.12,14.21
2024/01/01 16:12:15.76,85.76,-7.32,-6.14,13.78
2024/01/01 16:12:15.77,85.77,-7.31,-5.89,13.34
2024/01/01 16:12:15.78,85.78,-7.36,-5.48,12.96
2024/01/01 16:12:15.79,85.79,-7.45,-5.05,12.67
2024/01/01 16:12:15.80,85.80,-7.55,-4.69,12.49
2024/01/01 16:12:15.81,85.81,-7.65,-4.39,12.43
2024/01/01 16:12:15.82,85.82,-7.74,-4.12,12.52
2024/01/01 16:12:15.83,85.83,-7.82,-3.85,12.69
2024/01/01 16:12:15.84,85.84,-7.86,-3.60,12.89
2024/01/01 16:12:15.85,85.85,-7.82,-3.38,13.10
2024/01/01 16:12:15.86,85.86,-7.72,-3.20,13.30
2024/01/01 16:12:15.87,85.87,-7.56,-3.07,13.48
2024/01/01 16:12:15.88,85.88,-7.42,-3.01,13.60
2024/01/01 16:12:15.89,85.89,-7.37,-3.07,13.71
2024/01/01 16:12:15.90,85.90,-7.44,-3.21,13.86
2024/01/01 16:12:15.91,85.91,-7.56,-3.43,14.05
2024/01/01 16:12:15.92,85.92,-7.69,-3.74,14.25
2024/01/01 16:12:15.93,85.93,-7.82,-4.19,14.48
2024/01/01 16:12:15.94,85.94,-7.87,-4.83,14.68
2024/01/01 16:12:15.95,85.95,-7.80,-5.58,14.82
2024/01/01 16:12:15.96,85.96,-7.61,-6.32,14.87
2024/01/01 16:12:15.97,85.97,-7.32,-6.88,14.83
2024/01/01 16:12:15.98,85.98,-6.94,-7.19,14.71
2024/01/01 16:12:15.99,85.99,-6.53,-7.30,14.55
2024/01/01 16:12:16.00,86.00,-6.20,-7.36,14.38
2024/01/01 16:12:16.01,86.01,-5.96,-7.52,14.21
2024/01/01 16:12:16.02,86.02,-5.82,-7.82,14.04
2024/01/01 16:12:16.03,86.03,-5.75,-8.23,13.89
2024/01/01 16:12:16.04,86.04,-5.73,-8.66,13.73
2024/01/01 16:12:16.05,86.05,-5.75,-9.06,13.52
2024/01/01 16:12:16.06,86.06,-5.81,-9.41,13.27
2024/01/01 16:12:16.07,86.07,-5.94,-9.73,13.06
2024/01/01 16:12:16.08,86.08,-6.17,-10.00,12.94
2024/01/01 16:12:16.09,86.09,-6.54,-10.27,12.93
2024/01/01 16:12:16.10,86.10,-7.02,-10.62,13.06
2024/01/01 16:12:16.11,86.11,-7.50,-11.01,13.34
2024/01/01 16:12:16.12,86.12,-7.85,-11.36,13.69
2024/01/01 16:12:16.13,86.13,-8.02,-11.63,14.03
2024/01/01 16:12:16.14,86.14,-8.02,-11.79,14.32
2024/01/01 16:12:16.15,86.15,-7.91,-11.80,14.60
2024/01/01 16:12:16.16,86.16,-7.81,-11.64,14.86
2024/01/01 16:12:16.17,86.17,-7.79,-11.32,15.03
2024/01/01 16:12:16.18,86.18,-7.84,-10.93,15.04
2024/01/01 16:12:16.19,86.19,-7.90,-10.61,14.88
2024/01/01 16:12:16.20,86.20,-7.97,-10.41,14.62
2024/01/01 16:12:16.21,86.21,-8.13,-10.34,14.33
2024/01/01 16:12:16.22,86.22,-8.46,-10.36,14.11
2024/01/01 16:12:16.23,86.23,-8.99,-10.45,14.02
2024/01/01 16:12:16.24,86.24,-9.64,-10.61,14.03
2024/01/01 16:12:16.25,86.25,-10.24,-10.83,14.11
2024/01/01 16:12:16.26,86.26,-10.63,-11.08,14.32
2024/01/01 16:12:16.27,86.27,-10.80,-11.24,14.68
2024/01/01 16:12:16.28,86.28,-10.84,-11.20,15.11
2024/01/01 16:12:16.29,86.29,-10.80,-10.91,15.48
2024/01/01 16:12:16.30,86.30,-10.70,-10.44,15.73
2024/01/01 16:12:16.31,86.31,-10.57,-9.91,15.85
2024/01/01 16:12:16.32,86.32,-10.51,-9.39,15.87
2024/01/01 16:12:16.33,86.33,-10.64,-8.95,15.78
2024/01/01 16:12:16.34,86.34,-11.01,-8.63,15.61
2024/01/01 16:12:16.35,86.35,-11.55,-8.40,15.48
2024/01/01 16:12:16.36,86.36,-12.11,-8.19,15.41
2024/01/01 16:12:16.37,86.37,-12.54,-7.88,15.34
2024/01/01 16:12:16.38,86.38,-12.74,-7.44,15.21
2024/01/01 16:12:16.39,86.39,-12.74,-6.95,15.04
2024/01/01 16:12:16.40,86.40,-12.64,-6.52,14.89
2024/01/01 16:12:16.41,86.41,-12.53,-6.23,14.84
2024/01/01 16:12:16.42,86.42,-12.44,-6.07,14.90
2024/01/01 16:12:16.43,86.43,-12.34,-5.90,15.03
2024/01/01 16:12:16.44,86.44,-12.14,-5.63,15.15
2024/01/01 16:12:16.45,86.45,-11.76,-5.24,15.18
2024/01/01 16:12:16.46,86.46,-11.19,-4.81,15.11
2024/01/01 16:12:16.47,86.47,-10.50,-4.41,15.03
2024/01/01 16:12:16.48,86.48,-9.85,-4.09,15.01
2024/01/01 16:12:16.49,86.49,-9.34,-3.82,15.06
2024/01/01 16:12:16.50,86.50,-8.97,-3.57,15.12
2024/01/01 16:12:16.51,86.51,-8.61,-3.34,15.17
2024/01/01 16:12:16.52,86.52,-8.15,-3.17,15.22
2024/01/01 16:12:16.53,86.53,-7.57,-3.15,15.30
2024/01/01 16:12:16.54,86.54,-6.92,-3.36,15.36
2024/01/01 16:12:16.55,86.55,-6.32,-3.80,15.36
2024/01/01 16:12:16.56,86.56,-5.86,-4.42,15.33
2024/01/01 16:12:16.57,86.57,-5.53,-5.11,15.29
2024/01/01 16:12:16.58,86.58,-5.28,-5.78,15.25
2024/01/01 16:12:16.59,86.59,-5.05,-6.41,15.19
2024/01/01 16:12:16.60,86.60,-4.79,-7.00,15.12
2024/01/01 16:12:16.61,86.61,-4.45,-7.49,15.04
2024/01/01 16:12:16.62,86.62,-4.00,-7.71,14.94
2024/01/01 16:12:16.63,86.63,-3.49,-7.58,14.81
2024/01/01 16:12:16.64,86.64,-2.98,-7.15,14.66
2024/01/01 16:12:16.65,86.65,-2.55,-6.62,14.55
2024/01/01 16:12:16.66,86.66,-2.25,-6.28,14.49
2024/01/01 16:12:16.67,86.67,-2.15,-6.30,14.45
2024/01/01 16:12:16.68,86.68,-2.28,-6.61,14.34
2024/01/01 16:12:16.69,86.69,-2.57,-7.04,14.10
2024/01/01 16:12:16.70,86.70,-2.90,-7.46,13.80
2024/01/01 16:12:16.71,86.71,-3.21,-7.81,13.53
2024/01/01 16:12:16.72,86.72,-3.49,-8.08,13.40
2024/01/01 16:12:16.73,86.73,-3.75,-8.25,13.35
2024/01/01 16:12:16.74,86.74,-4.03,-8.32,13.33
2024/01/01 16:12:16.75,86.75,-4.31,-8.28,13.31
2024/01/01 16:12:16.76,86.76,-4.56,-8.18,13.30
2024/01/01 16:12:16.77,86.77,-4.80,-8.09,13.29
2024/01/01 16:12:16.78,86.78,-5.02,-8.10,13.25
2024/01/01 16:12:16.79,86.79,-5.25,-8.20,13.19
2024/01/01 16:12:16.80,86.80,-5.49,-8.27,13.16
2024/01/01 16:12:16.81,86.81,-5.78,-8.24,13.18
2024/01/01 16:12:16.82,86.82,-6.11,-8.15,13.19
2024/01/01 16:12:16.83,86.83,-6.51,-8.13,13.19
2024/01/01 16:12:16.84,86.84,-6.99,-8.19,13.22
2024/01/01 16:12:16.85,86.85,-7.52,-8.29,13.35
2024/01/01 16:12:16.86,86.86,-8.09,-8.32,13.61
2024/01/01 16:12:16.87,86.87,-8.68,-8.22,13.91
2024/01/01 16:12:16.88,86.88,-9.26,-8.04,14.21
2024/01/01 16:12:16.89,86.89,-9.80,-7.83,14.52
2024/01/01 16:12:16.90,86.90,-10.30,-7.68,14.88
2024/01/01 16:12:16.91,86.91,-10.76,-7.65,15.22
2024/01/01 16:12:16.92,86.92,-11.23,-7.74,15.47
2024/01/01 16:12:16.93,86.93,-11.69,-7.90,15.66
2024/01/01 16:12:16.94,86.94,-12.12,-8.02,15.90
2024/01/01 16:12:16.95,86.95,-12.45,-8.00,16.19
2024/01/01 16:12:16.96,86.96,-12.59,-7.85,16.50
2024/01/01 16:12:16.97,86.97,-12.50,-7.70,16.80
2024/01/01 16:12:16.98,86.98,-12.19,-7.65,17.12
2024/01/01 16:12:16.99,86.99,-11.69,-7.76,17.40
2024/01/01 16:12:17.00,87.00,-11.08,-8.02,17.55
2024/01/01 16:12:17.01,87.01,-10.46,-8.31,17.56
2024/01/01 16:12:17.02,87.02,-10.00,-8.53,17.41
2024/01/01 16:12:17.03,87.03,-9.79,-8.67,17.09
2024/01/01 16:12:17.04,87.04,-9.92,-8.77,16.63
2024/01/01 16:12:17.05,87.05,-10.39,-8.88,16.16
2024/01/01 16:12:17.06,87.06,-11.10,-8.96,15.76
2024/01/01 16:12:17.07,87.07,-11.87,-8.96,15.45
2024/01/01 16:12:17.08,87.08,-12.48,-8.90,15.25
2024/01/01 16:12:17.09,87.09,-12.73,-8.81,15.21
2024/01/01 16:12:17.10,87.10,-12.53,-8.74,15.34
2024/01/01 16:12:17.11,87.11,-11.97,-8.68,15.54
2024/01/01 16:12:17.12,87.12,-11.22,-8.62,15.72
2024/01/01 16:12:17.13,87.13,-10.42,-8.52,15.86
2024/01/01 16:12:17.14,87.14,-9.68,-8.37,16.04
2024/01/01 16:12:17.15,87.15,-9.07,-8.13,16.22
2024/01/01 16:12:17.16,87.16,-8.64,-7.77,16.26
2024/01/01 16:12:17.17,87.17,-8.37,-7.36,16.02
2024/01/01 16:12:17.18,87.18,-8.20,-7.00,15.55
2024/01/01 16:12:17.19,87.19,-8.11,-6.75,15.04
2024/01/01 16:12:17.20,87.20,-8.06,-6.62,14.64
2024/01/01 16:12:17.21,87.21,-8.00,-6.61,14.41
2024/01/01 16:12:17.22,87.22,-7.85,-6.70,14.34
2024/01/01 16:12:17.23,87.23,-7.56,-6.81,14.38
2024/01/01 16:12:17.24,87.24,-7.12,-6.90,14.39
2024/01/01 16:12:17.25,87.25,-6.61,-6.92,14.30
2024/01/01 16:12:17.26,87.26,-6.13,-6.83,14.14
2024/01/01 16:12:17.27,87.27,-5.75,-6.62,13.96
2024/01/01 16:12:17.28,87.28,-5.46,-6.33,13.83
2024/01/01 16:12:17.29,87.29,-5.20,-6.06,13.77
2024/01/01 16:12:17.30,87.30,-4.92,-5.88,13.78
2024/01/01 16:12:17.31,87.31,-4.58,-5.76,13.78
2024/01/01 16:12:17.32,87.32,-4.20,-5.65,13.71
2024/01/01 16:12:17.33,87.33,-3.80,-5.53,13.62
2024/01/01 16:12:17.34,87.34,-3.43,-5.40,13.52
2024/01/01 16:12:17.35,87.35,-3.15,-5.31,13.42
2024/01/01 16:12:17.36,87.36,-3.04,-5.32,13.33
2024/01/01 16:12:17.37,87.37,-3.16,-5.48,13.31
2024/01/01 16:12:17.38,87.38,-3.49,-5.81,13.37
2024/01/01 16:12:17.39,87.39,-3.94,-6.32,13.51
2024/01/01 16:12:17.40,87.40,-4.36,-6.92,13.68
2024/01/01 16:12:17.41,87.41,-4.67,-7.52,13.84
2024/01/01 16:12:17.42,87.42,-4.84,-8.02,13.96
2024/01/01 16:12:17.43,87.43,-4.96,-8.41,14.06
2024/01/01 16:12:17.44,87.44,-5.09,-8.67,14.18
2024/01/01 16:12:17.45,87.45,-5.27,-8.77,14.32
2024/01/01 16:12:17.46,87.46,-5.45,-8.69,14.46
2024/01/01 16:12:17.47,87.47,-5.63,-8.46,14.59
2024/01/01 16:12:17.48,87.48,-5.75,-8.21,14.77
2024/01/01 16:12:17.49,87.49,-5.84,-8.10,14.99
2024/01/01 16:12:17.50,87.50,-5.95,-8.24,15.24
2024/01/01 16:12:17.51,87.51,-6.12,-8.63,15.47
2024/01/01 16:12:17.52,87.52,-6.41,-9.11,15.66
2024/01/01 16:12:17.53,87.53,-6.83,-9.48,15.80
2024/01/01 16:12:17.54,87.54,-7.38,-9.64,15.90
2024/01/01 16:12:17.55,87.55,-8.01,-9.65,15.95
2024/01/01 16:12:17.56,87.56,-8.67,-9.60,15.99
2024/01/01 16:12:17.57,87.57,-9.30,-9.51,16.09
2024/01/01 16:12:17.58,87.58,-9.89,-9.39,16.22
2024/01/01 16:12:17.59,87.59,-10.41,-9.28,16.34
2024/01/01 16:12:17.60,87.60,-10.83,-9.24,16.44
2024/01/01 16:12:17.61,87.61,-11.15,-9.33,16.46
2024/01/01 16:12:17.62,87.62,-11.37,-9.55,16.36
2024/01/01 16:12:17.63,87.63,-11.48,-9.84,16.19
2024/01/01 16:12:17.64,87.64,-11.41,-10.10,16.04
2024/01/01 16:12:17.65,87.65,-11.19,-10.29,15.93
2024/01/01 16:12:17.66,87.66,-10.87,-10.45,15.81
2024/01/01 16:12:17.67,87.67,-10.58,-10.60,15.63
2024/01/01 16:12:17.68,87.68,-10.42,-10.67,15.44
2024/01/01 16:12:17.69,87.69,-10.43,-10.51,15.29
2024/01/01 16:12:17.70,87.70,-10.59,-10.10,15.13
2024/01/01 16:12:17.71,87.71,-10.77,-9.53,14.94
2024/01/01 16:12:17.72,87.72,-10.82,-9.01,14.77
2024/01/01 16:12:17.73,87.73,-10.64,-8.72,14.67
2024/01/01 16:12:17.74,87.74,-10.26,-8.70,14.67
2024/01/01 16:12:17.75,87.75,-9.77,-8.87,14.70
2024/01/01 16:12:17.76,87.76,-9.27,-9.05,14.70
2024/01/01 16:12:17.77,87.77,-8.82,-9.07,14.72
2024/01/01 16:12:17.78,87.78,-8.42,-8.91,14.75
2024/01/01 16:12:17.79,87.79,-8.06,-8.65,14.78
2024/01/01 16:12:17.80,87.80,-7.70,-8.46,14.83
2024/01/01 16:12:17.81,87.81,-7.37,-8.40,14.96
2024/01/01 16:12:17.82,87.82,-7.12,-8.42,15.24
2024/01/01 16:12:17.83,87.83,-6.96,-8.42,15.51
2024/01/01 16:12:17.84,87.84,-6.90,-8.34,15.63
2024/01/01 16:12:17.85,87.85,-6.90,-8.17,15.60
2024/01/01 16:12:17.86,87.86,-6.92,-7.89,15.48
2024/01/01 16:12:17.87,87.87,-6.98,-7.55,15.26
2024/01/01 16:12:17.88,87.88,-7.05,-7.23,14.98
2024/01/01 16:12:17.89,87.89,-7.10,-6.95,14.71
2024/01/01 16:12:17.90,87.90,-7.13,-6.67,14.52
2024/01/01 16:12:17.91,87.91,-7.09,-6.30,14.42
2024/01/01 16:12:17.92,87.92,-6.96,-5.80,14.41
2024/01/01 16:12:17.93,87.93,-6.78,-5.16,14.41
2024/01/01 16:12:17.94,87.94,-6.65,-4.34,14.40
2024/01/01 16:12:17.95,87.95,-6.65,-3.37,14.34
2024/01/01 16:12:17.96,87.96,-6.84,-2.29,14.20
2024/01/01 16:12:17.97,87.97,-7.18,-1.29,14.00
2024/01/01 16:12:17.98,87.98,-7.54,-0.63,13.77
2024/01/01 16:12:17.99,87.99,-7.84,-0.44,13.59
2024/01/01 16:12:18.00,88.00,-8.00,-0.62,13.49
2024/01/01 16:12:18.01,88.01,-8.03,-0.99,13.47
2024/01/01 16:12:18.02,88.02,-7.98,-1.41,13.47
2024/01/01 16:12:18.03,88.03,-7.88,-1.82,13.50
2024/01/01 16:12:18.04,88.04,-7.75,-2.24,13.58
2024/01/01 16:12:18.05,88.05,-7.64,-2.64,13.69
2024/01/01 16:12:18.06,88.06,-7.62,-2.99,13.76
2024/01/01 16:12:18.07,88.07,-7.71,-3.28,13.79
2024/01/01 16:12:18.08,88.08,-7.88,-3.52,13.84
2024/01/01 16:12:18.09,88.09,-8.09,-3.71,13.97
2024/01/01 16:12:18.10,88.10,-8.29,-3.88,14.17
2024/01/01 16:12:18.11,88.11,-8.47,-4.07,14.38
2024/01/01 16:12:18.12,88.12,-8.63,-4.25,14.50
2024/01/01 16:12:18.13,88.13,-8.76,-4.44,14.52
2024/01/01 16:12:18.14,88.14,-8.86,-4.74,14.48
2024/01/01 16:12:18.15,88.15,-8.94,-5.24,14.45
2024/01/01 16:12:18.16,88.16,-9.01,-5.93,14.48
2024/01/01 16:12:18.17,88.17,-9.09,-6.72,14.53
2024/01/01 16:12:18.18,88.18,-9.13,-7.48,14.55
2024/01/01 16:12:18.19,88.19,-9.10,-8.13,14.53
2024/01/01 16:12:18.20,88.20,-9.01,-8.66,14.46
2024/01/01 16:12:18.21,88.21,-8.97,-9.15,14.36
2024/01/01 16:12:18.22,88.22,-9.01,-9.67,14.33
2024/01/01 16:12:18.23,88.23,-9.11,-10.24,14.41
2024/01/01 16:12:18.24,88.24,-9.19,-10.81,14.56
2024/01/01 16:12:18.25,88.25,-9.17,-11.28,14.65
2024/01/01 16:12:18.26,88.26,-8.98,-11.60,14.62
2024/01/01 16:12:18.27,88.27,-8.62,-11.76,14.51
2024/01/01 16:12:18.28,88.28,-8.12,-11.81,14.44
2024/01/01 16:12:18.29,88.29,-7.58,-11.81,14.50
2024/01/01 16:12:18.30,88.30,-7.13,-11.81,14.68
2024/01/01 16:12:18.31,88.31,-6.87,-11.79,14.90
2024/01/01 16:12:18.32,88.32,-6.88,-11.76,15.08
2024/01/01 16:12:18.33,88.33,-7.13,-11.76,15.19
2024/01/01 16:12:18.34,88.34,-7.46,-11.78,15.20
2024/01/01 16:12:18.35,88.35,-7.69,-11.83,15.15
2024/01/01 16:12:18.36,88.36,-7.70,-11.88,15.09
2024/01/01 16:12:18.37,88.37,-7.53,-11.92,15.07
2024/01/01 16:12:18.38,88.38,-7.24,-11.94,15.20
2024/01/01 16:12:18.39,88.39,-6.92,-11.89,15.51
2024/01/01 16:12:18.40,88.40,-6.67,-11.67,15.92
2024/01/01 16:12:18.41,88.41,-6.55,-11.23,16.29
2024/01/01 16:12:18.42,88.42,-6.50,-10.62,16.57
2024/01/01 16:12:18.43,88.43,-6.51,-9.96,16.77
2024/01/01 16:12:18.44,88.44,-6.57,-9.36,16.84
2024/01/01 16:12:18.45,88.45,-6.71,-8.93,16.75
2024/01/01 16:12:18.46,88.46,-6.94,-8.73,16.61
2024/01/01 16:12:18.47,88.47,-7.32,-8.68,16.52
2024/01/01 16:12:18.48,88.48,-7.81,-8.70,16.53
2024/01/01 16:12:18.49,88.49,-8.33,-8.72,16.59
2024/01/01 16:12:18.50,88.50,-8.75,-8.63,16.62
2024/01/01 16:12:18.51,88.51,-9.00,-8.29,16.58
2024/01/01 16:12:18.52,88.52,-9.00,-7.70,16.44
2024/01/01 16:12:18.53,88.53,-8.77,-6.94,16.19
2024/01/01 16:12:18.54,88.54,-8.33,-6.14,15.89
2024/01/01 16:12:18.55,88.55,-7.77,-5.39,15.63
2024/01/01 16:12:18.56,88.56,-7.23,-4.73,15.45
2024/01/01 16:12:18.57,88.57,-6.84,-4.16,15.29
2024/01/01 16:12:18.58,88.58,-6.69,-3.67,15.14
2024/01/01 16:12:18.59,88.59,-6.76,-3.20,15.03
2024/01/01 16:12:18.60,88.60,-6.98,-2.65,14.91
2024/01/01 16:12:18.61,88.61,-7.31,-2.04,14.67
2024/01/01 16:12:18.62,88.62,-7.66,-1.50,14.31
2024/01/01 16:12:18.63,88.63,-7.98,-1.16,13.94
2024/01/01 16:12:18.64,88.64,-8.29,-1.07,13.67
2024/01/01 16:12:18.65,88.65,-8.60,-1.15,13.52
2024/01/01 16:12:18.66,88.66,-8.90,-1.31,13.43
2024/01/01 16:12:18.67,88.67,-9.16,-1.48,13.33
2024/01/01 16:12:18.68,88.68,-9.35,-1.68,13.14
2024/01/01 16:12:18.69,88.69,-9.42,-1.94,12.85
2024/01/01 16:12:18.70,88.70,-9.40,-2.21,12.50
2024/01/01 16:12:18.71,88.71,-9.38,-2.47,12.18
2024/01/01 16:12:18.72,88.72,-9.39,-2.78,11.96
2024/01/01 16:12:18.73,88.73,-9.48,-3.14,11.85
2024/01/01 16:12:18.74,88.74,-9.61,-3.51,11.82
2024/01/01 16:12:18.75,88.75,-9.76,-3.87,11.81
2024/01/01 16:12:18.76,88.76,-9.93,-4.20,11.85
2024/01/01 16:12:18.77,88.77,-10.12,-4.50,11.94
2024/01/01 16:12:18.78,88.78,-10.34,-4.83,12.12
2024/01/01 16:12:18.79,88.79,-10.59,-5.18,12.37
2024/01/01 16:12:18.80,88.80,-10.83,-5.54,12.70
2024/01/01 16:12:18.81,88.81,-10.99,-5.80,13.05
2024/01/01 16:12:18.82,88.82,-11.04,-5.88,13.34
2024/01/01 16:12:18.83,88.83,-10.99,-5.83,13.53
2024/01/01 16:12:18.84,88.84,-10.80,-5.76,13.62
2024/01/01 16:12:18.85,88.85,-10.48,-5.80,13.66
2024/01/01 16:12:18.86,88.86,-10.03,-6.10,13.71
2024/01/01 16:12:18.87,88.87,-9.52,-6.68,13.81
2024/01/01 16:12:18.88,88.88,-9.02,-7.53,14.01
2024/01/01 16:12:18.89,88.89,-8.61,-8.54,14.27
2024/01/01 16:12:18.90,88.90,-8.28,-9.61,14.57
2024/01/01 16:12:18.91,88.91,-7.99,-10.58,14.84
2024/01/01 16:12:18.92,88.92,-7.69,-11.31,15.10
2024/01/01 16:12:18.93,88.93,-7.35,-11.72,15.32
2024/01/01 16:12:18.94,88.94,-6.97,-11.88,15.48
2024/01/01 16:12:18.95,88.95,-6.52,-11.89,15.58
2024/01/01 16:12:18.96,88.96,-6.01,-11.86,15.69
2024/01/01 16:12:18.97,88.97,-5.47,-11.82,15.84
2024/01/01 16:12:18.98,88.98,-4.95,-11.76,15.99
2024/01/01 16:12:18.99,88.99,-4.49,-11.68,16.10
2024/01/01 16:12:19.00,89.00,-4.13,-11.58,16.19
2024/01/01 16:12:19.01,89.01,-3.87,-11.49,16.26
2024/01/01 16:12:19.02,89.02,-3.78,-11.42,16.29
2024/01/01 16:12:19.03,89.03,-3.84,-11.39,16.29
2024/01/01 16:12:19.04,89.04,-4.06,-11.36,16.31
2024/01/01 16:12:19.05,89.05,-4.38,-11.33,16.38
2024/01/01 16:12:19.06,89.06,-4.76,-11.30,16.51
2024/01/01 16:12:19.07,89.07,-5.15,-11.27,16.69
2024/01/01 16:12:19.08,89.08,-5.49,-11.26,16.95
2024/01/01 16:12:19.09,89.09,-5.74,-11.27,17.24
2024/01/01 16:12:19.10,89.10,-5.87,-11.29,17.49
2024/01/01 16:12:19.11,89.11,-5.85,-11.34,17.61
2024/01/01 16:12:19.12,89.12,-5.72,-11.38,17.60
2024/01/01 16:12:19.13,89.13,-5.56,-11.36,17.44
2024/01/01 16:12:19.14,89.14,-5.43,-11.25,17.18
2024/01/01 16:12:19.15,89.15,-5.44,-11.03,16.86
2024/01/01 16:12:19.16,89.16,-5.59,-10.68,16.56
2024/01/01 16:12:19.17,89.17,-5.90,-10.16,16.34
2024/01/01 16:12:19.18,89.18,-6.32,-9.46,16.17
2024/01/01 16:12:19.19,89.19,-6.82,-8.64,15.99
2024/01/01 16:12:19.20,89.20,-7.36,-7.76,15.80
2024/01/01 16:12:19.21,89.21,-7.93,-6.92,15.64
2024/01/01 16:12:19.22,89.22,-8.48,-6.16,15.56
2024/01/01 16:12:19.23,89.23,-8.94,-5.46,15.54
2024/01/01 16:12:19.24,89.24,-9.23,-4.75,15.54
2024/01/01 16:12:19.25,89.25,-9.30,-3.98,15.52
2024/01/01 16:12:19.26,89.26,-9.20,-3.20,15.47
2024/01/01 16:12:19.27,89.27,-8.97,-2.55,15.40
2024/01/01 16:12:19.28,89.28,-8.71,-2.16,15.33
2024/01/01 16:12:19.29,89.29,-8.56,-2.02,15.30
2024/01/01 16:12:19.30,89.30,-8.53,-2.07,15.30
2024/01/01 16:12:19.31,89.31,-8.63,-2.19,15.29
2024/01/01 16:12:19.32,89.32,-8.83,-2.28,15.20
2024/01/01 16:12:19.33,89.33,-9.08,-2.31,15.04
2024/01/01 16:12:19.34,89.34,-9.34,-2.33,14.84
2024/01/01 16:12:19.35,89.35,-9.57,-2.42,14.63
2024/01/01 16:12:19.36,89.36,-9.75,-2.65,14.46
2024/01/01 16:12:19.37,89.37,-9.88,-3.05,14.32
2024/01/01 16:12:19.38,89.38,-9.98,-3.56,14.20
2024/01/01 16:12:19.39,89.39,-10.08,-4.16,14.05
2024/01/01 16:12:19.40,89.40,-10.14,-4.82,13.84
2024/01/01 16:12:19.41,89.41,-10.11,-5.46,13.57
2024/01/01 16:12:19.42,89.42,-9.93,-5.95,13.25
2024/01/01 16:12:19.43,89.43,-9.65,-6.20,12.84
2024/01/01 16:12:19.44,89.44,-9.34,-6.21,12.31
2024/01/01 16:12:19.45,89.45,-9.04,-6.08,11.69
2024/01/01 16:12:19.46,89.46,-8.78,-5.96,11.08
2024/01/01 16:12:19.47,89.47,-8.61,-5.94,10.54
2024/01/01 16:12:19.48,89.48,-8.50,-6.09,10.15
2024/01/01 16:12:19.49,89.49,-8.43,-6.39,9.94
2024/01/01 16:12:19.50,89.50,-8.40,-6.83,9.88
2024/01/01 16:12:19.51,89.51,-8.41,-7.39,9.99
2024/01/01 16:12:19.52,89.52,-8.47,-8.04,10.25
2024/01/01 16:12:19.53,89.53,-8.61,-8.74,10.61
2024/01/01 16:12:19.54,89.54,-8.83,-9.39,11.02
2024/01/01 16:12:19.55,89.55,-9.04,-9.90,11.44
2024/01/01 16:12:19.56,89.56,-9.16,-10.21,11.88
2024/01/01 16:12:19.57,89.57,-9.12,-10.38,12.38
2024/01/01 16:12:19.58,89.58,-8.93,-10.52,12.91
2024/01/01 16:12:19.59,89.59,-8.62,-10.78,13.49
2024/01/01 16:12:19.60,89.60,-8.24,-11.20,14.15
2024/01/01 16:12:19.61,89.61,-7.88,-11.69,14.87
2024/01/01 16:12:19.62,89.62,-7.60,-12.06,15.51
2024/01/01 16:12:19.63,89.63,-7.46,-12.25,15.99
2024/01/01 16:12:19.64,89.64,-7.43,-12.26,16.38
2024/01/01 16:12:19.65,89.65,-7.48,-12.20,16.76
2024/01/01 16:12:19.66,89.66,-7.56,-12.14,17.13
2024/01/01 16:12:19.67,89.67,-7.60,-12.14,17.48
2024/01/01 16:12:19.68,89.68,-7.58,-12.08,17.83
2024/01/01 16:12:19.69,89.69,-7.49,-11.82,18.18
2024/01/01 16:12:19.70,89.70,-7.33,-11.30,18.47
2024/01/01 16:12:19.71,89.71,-7.10,-10.67,18.63
2024/01/01 16:12:19.72,89.72,-6.82,-10.10,18.66
2024/01/01 16:12:19.73,89.73,-6.54,-9.72,18.68
2024/01/01 16:12:19.74,89.74,-6.30,-9.57,18.72
2024/01/01 16:12:19.75,89.75,-6.13,-9.60,18.68
2024/01/01 16:12:19.76,89.76,-6.01,-9.75,18.55
2024/01/01 16:12:19.77,89.77,-5.95,-9.97,18.34
2024/01/01 16:12:19.78,89.78,-5.97,-10.14,18.07
2024/01/01 16:12:19.79,89.79,-6.07,-10.19,17.76
2024/01/01 16:12:19.80,89.80,-6.20,-10.11,17.38
2024/01/01 16:12:19.81,89.81,-6.39,-9.92,16.90
2024/01/01 16:12:19.82,89.82,-6.61,-9.62,16.33
2024/01/01 16:12:19.83,89.83,-6.86,-9.20,15.72
2024/01/01 16:12:19.84,89.84,-7.15,-8.64,15.19
2024/01/01 16:12:19.85,89.85,-7.44,-7.95,14.81
2024/01/01 16:12:19.86,89.86,-7.63,-7.21,14.55
2024/01/01 16:12:19.87,89.87,-7.68,-6.57,14.38
2024/01/01 16:12:19.88,89.88,-7.63,-6.04,14.30
2024/01/01 16:12:19.89,89.89,-7.56,-5.60,14.31
2024/01/01 16:12:19.90,89.90,-7.52,-5.16,14.30
2024/01/01 16:12:19.91,89.91,-7.54,-4.69,14.18
2024/01/01 16:12:19.92,89.92,-7.58,-4.25,13.95
2024/01/01 16:12:19.93,89.93,-7.65,-3.95,13.72
2024/01/01 16:12:19.94,89.94,-7.83,-3.90,13.53
2024/01/01 16:12:19.95,89.95,-8.14,-4.18,13.38
2024/01/01 16:12:19.96,89.96,-8.57,-4.76,13.21
2024/01/01 16:12:19.97,89.97,-9.05,-5.42,12.98
2024/01/01 16:12:19.98,89.98,-9.48,-5.97,12.69
2024/01/01 16:12:19.99,89.99,-9.80,-6.23,12.36
2024/01/01 16:12:20.00,90.00,-9.98,-6.08,12.04
2024/01/01 16:12:20.01,90.01,-10.00,-5.54,11.79
2024/01/01 16:12:20.02,90.02,-9.89,-4.78,11.65
2024/01/01 16:12:20.03,90.03,-9.73,-4.01,11.59
2024/01/01 16:12:20.04,90.04,-9.64,-3.39,11.55
2024/01/01 16:12:20.05,90.05,-9.68,-2.92,11.53
2024/01/01 16:12:20.06,90.06,-9.86,-2.55,11.55
2024/01/01 16:12:20.07,90.07,-10.12,-2.21,11.66
2024/01/01 16:12:20.08,90.08,-10.39,-1.95,11.81
2024/01/01 16:12:20.09,90.09,-10.59,-1.85,12.00
2024/01/01 16:12:20.10,90.10,-10.67,-1.96,12.25
2024/01/01 16:12:20.11,90.11,-10.63,-2.27,12.61
2024/01/01 16:12:20.12,90.12,-10.47,-2.68,13.02
2024/01/01 16:12:20.13,90.13,-10.25,-3.13,13.39
2024/01/01 16:12:20.14,90.14,-9.98,-3.61,13.64
2024/01/01 16:12:20.15,90.15,-9.69,-4.17,13.78
2024/01/01 16:12:20.16,90.16,-9.36,-4.85,13.90
2024/01/01 16:12:20.17,90.17,-9.01,-5.65,14.06
2024/01/01 16:12:20.18,90.18,-8.61,-6.47,14.24
2024/01/01 16:12:20.19,90.19,-8.18,-7.23,14.41
2024/01/01 16:12:20.20,90.20,-7.83,-7.85,14.55
2024/01/01 16:12:20.21,90.21,-7.65,-8.29,14.66
2024/01/01 16:12:20.22,90.22,-7.73,-8.53,14.74
2024/01/01 16:12:20.23,90.23,-8.09,-8.62,14.78
2024/01/01 16:12:20.24,90.24,-8.68,-8.63,14.76
2024/01/01 16:12:20.25,90.25,-9.41,-8.65,14.73
2024/01/01 16:12:20.26,90.26,-10.11,-8.70,14.82
2024/01/01 16:12:20.27,90.27,-10.64,-8.76,15.07
2024/01/01 16:12:20.28,90.28,-10.92,-8.76,15.41
2024/01/01 16:12:20.29,90.29,-10.93,-8.66,15.74
2024/01/01 16:12:20.30,90.30,-10.71,-8.50,16.02
2024/01/01 16:12:20.31,90.31,-10.36,-8.33,16.25
2024/01/01 16:12:20.32,90.32,-9.94,-8.19,16.40
2024/01/01 16:12:20.33,90.33,-9.51,-8.18,16.46
2024/01/01 16:12:20.34,90.34,-9.16,-8.34,16.46
2024/01/01 16:12:20.35,90.35,-8.92,-8.71,16.47
2024/01/01 16:12:20.36,90.36,-8.76,-9.26,16.49
2024/01/01 16:12:20.37,90.37,-8.66,-9.89,16.51
2024/01/01 16:12:20.38,90.38,-8.58,-10.40,16.49
2024/01/01 16:12:20.39,90.39,-8.46,-10.60,16.41
2024/01/01 16:12:20.40,90.40,-8.27,-10.45,16.24
2024/01/01 16:12:20.41,90.41,-7.98,-10.10,15.95
2024/01/01 16:12:20.42,90.42,-7.60,-9.75,15.57
2024/01/01 16:12:20.43,90.43,-7.18,-9.56,15.23
2024/01/01 16:12:20.44,90.44,-6.82,-9.53,15.04
2024/01/01 16:12:20.45,90.45,-6.63,-9.61,15.02
2024/01/01 16:12:20.46,90.46,-6.62,-9.73,15.10
2024/01/01 16:12:20.47,90.47,-6.74,-9.80,15.17
2024/01/01 16:12:20.48,90.48,-6.84,-9.70,15.21
2024/01/01 16:12:20.49,90.49,-6.77,-9.43,15.26
2024/01/01 16:12:20.50,90.50,-6.47,-9.02,15.36
2024/01/01 16:12:20.51,90.51,-5.99,-8.51,15.50
2024/01/01 16:12:20.52,90.52,-5.38,-7.97,15.67
2024/01/01 16:12:20.53,90.53,-4.75,-7.48,15.89
2024/01/01 16:12:20.54,90.54,-4.23,-7.12,16.15
2024/01/01 16:12:20.55,90.55,-3.97,-6.96,16.43
2024/01/01 16:12:20.56,90.56,-4.03,-7.01,16.66
2024/01/01 16:12:20.57,90.57,-4.44,-7.22,16.80
2024/01/01 16:12:20.58,90.58,-5.12,-7.49,16.79
2024/01/01 16:12:20.59,90.59,-5.85,-7.76,16.68
2024/01/01 16:12:20.60,90.60,-6.42,-7.97,16.53
2024/01/01 16:12:20.61,90.61,-6.74,-8.07,16.39
2024/01/01 16:12:20.62,90.62,-6.81,-8.01,16.26
2024/01/01 16:12:20.63,90.63,-6.69,-7.78,16.17
2024/01/01 16:12:20.64,90.64,-6.53,-7.36,16.14
2024/01/01 16:12:20.65,90.65,-6.39,-6.83,16.12
2024/01/01 16:12:20.66,90.66,-6.30,-6.34,16.04
2024/01/01 16:12:20.67,90.67,-6.23,-5.96,15.92
2024/01/01 16:12:20.68,90.68,-6.16,-5.78,15.77
2024/01/01 16:12:20.69,90.69,-6.09,-5.83,15.62
2024/01/01 16:12:20.70,90.70,-6.02,-6.04,15.46
2024/01/01 16:12:20.71,90.71,-5.96,-6.23,15.30
2024/01/01 16:12:20.72,90.72,-5.88,-6.31,15.11
2024/01/01 16:12:20.73,90.73,-5.76,-6.24,14.85
2024/01/01 16:12:20.74,90.74,-5.56,-6.13,14.54
2024/01/01 16:12:20.75,90.75,-5.26,-6.06,14.23
2024/01/01 16:12:20.76,90.76,-4.91,-6.04,14.03
2024/01/01 16:12:20.77,90.77,-4.66,-6.04,13.97
2024/01/01 16:12:20.78,90.78,-4.60,-6.02,13.97
2024/01/01 16:12:20.79,90.79,-4.77,-5.97,13.93
2024/01/01 16:12:20.80,90.80,-5.14,-5.83,13.78
2024/01/01 16:12:20.81,90.81,-5.65,-5.64,13.50
2024/01/01 16:12:20.82,90.82,-6.22,-5.46,13.20
2024/01/01 16:12:20.83,90.83,-6.79,-5.35,12.98
2024/01/01 16:12:20.84,90.84,-7.36,-5.38,12.85
2024/01/01 16:12:20.85,90.85,-7.93,-5.63,12.88
2024/01/01 16:12:20.86,90.86,-8.49,-6.08,13.10
2024/01/01 16:12:20.87,90.87,-9.02,-6.57,13.51
2024/01/01 16:12:20.88,90.88,-9.44,-6.93,14.03
2024/01/01 16:12:20.89,90.89,-9.71,-7.01,14.57
2024/01/01 16:12:20.90,90.90,-9.87,-6.74,15.04
2024/01/01 16:12:20.91,90.91,-9.98,-6.18,15.37
2024/01/01 16:12:20.92,90.92,-10.11,-5.58,15.56
2024/01/01 16:12:20.93,90.93,-10.31,-5.18,15.69
2024/01/01 16:12:20.94,90.94,-10.58,-5.12,15.82
2024/01/01 16:12:20.95,90.95,-10.89,-5.41,15.93
2024/01/01 16:12:20.96,90.96,-11.28,-5.97,16.03
2024/01/01 16:12:20.97,90.97,-11.72,-6.63,16.12
2024/01/01 16:12:20.98,90.98,-12.17,-7.26,16.14
2024/01/01 16:12:20.99,90.99,-12.58,-7.78,16.00
2024/01/01 16:12:21.00,91.00,-12.89,-8.16,15.69
2024/01/01 16:12:21.01,91.01,-13.03,-8.38,15.33
2024/01/01 16:12:21.02,91.02,-12.97,-8.49,15.05
2024/01/01 16:12:21.03,91.03,-12.74,-8.57,14.87
2024/01/01 16:12:21.04,91.04,-12.39,-8.66,14.75
2024/01/01 16:12:21.05,91.05,-12.02,-8.74,14.62
2024/01/01 16:12:21.06,91.06,-11.70,-8.78,14.49
2024/01/01 16:12:21.07,91.07,-11.53,-8.78,14.33
2024/01/01 16:12:21.08,91.08,-11.50,-8.80,14.13
2024/01/01 16:12:21.09,91.09,-11.54,-8.95,13.93
2024/01/01 16:12:21.10,91.10,-11.58,-9.23,13.80
2024/01/01 16:12:21.11,91.11,-11.57,-9.54,13.81
2024/01/01 16:12:21.12,91.12,-11.44,-9.67,13.94
2024/01/01 16:12:21.13,91.13,-11.23,-9.45,14.13
2024/01/01 16:12:21.14,91.14,-10.98,-8.89,14.30
2024/01/01 16:12:21.15,91.15,-10.65,-8.24,14.45
2024/01/01 16:12:21.16,91.16,-10.19,-7.79,14.61
2024/01/01 16:12:21.17,91.17,-9.61,-7.76,14.79
2024/01/01 16:12:21.18,91.18,-8.90,-8.19,14.98
2024/01/01 16:12:21.19,91.19,-8.08,-8.95,15.15
2024/01/01 16:12:21.20,91.20,-7.22,-9.84,15.28
2024/01/01 16:12:21.21,91.21,-6.36,-10.60,15.33
2024/01/01 16:12:21.22,91.22,-5.52,-11.05,15.28
2024/01/01 16:12:21.23,91.23,-4.72,-11.11,15.14
2024/01/01 16:12:21.24,91.24,-3.95,-10.86,14.95
2024/01/01 16:12:21.25,91.25,-3.22,-10.46,14.77
2024/01/01 16:12:21.26,91.26,-2.57,-10.04,14.69
2024/01/01 16:12:21.27,91.27,-2.04,-9.68,14.74
2024/01/01 16:12:21.28,91.28,-1.65,-9.38,14.85
2024/01/01 16:12:21.29,91.29,-1.35,-9.11,14.95
2024/01/01 16:12:21.30,91.30,-1.08,-8.83,15.00
2024/01/01 16:12:21.31,91.31,-0.83,-8.47,14.97
2024/01/01 16:12:21.32,91.32,-0.59,-8.00,14.88
2024/01/01 16:12:21.33,91.33,-0.41,-7.43,14.76
2024/01/01 16:12:21.34,91.34,-0.33,-6.80,14.68
2024/01/01 16:12:21.35,91.35,-0.37,-6.18,14.66
2024/01/01 16:12:21.36,91.36,-0.52,-5.63,14.69
2024/01/01 16:12:21.37,91.37,-0.74,-5.25,14.78
2024/01/01 16:12:21.38,91.38,-0.98,-5.09,14.91
2024/01/01 16:12:21.39,91.39,-1.20,-5.13,15.00
2024/01/01 16:12:21.40,91.40,-1.39,-5.33,14.95
2024/01/01 16:12:21.41,91.41,-1.58,-5.61,14.75
2024/01/01 16:12:21.42,91.42,-1.81,-5.88,14.47
2024/01/01 16:12:21.43,91.43,-2.13,-6.06,14.20
2024/01/01 16:12:21.44,91.44,-2.58,-6.10,14.00
2024/01/01 16:12:21.45,91.45,-3.18,-6.01,13.88
2024/01/01 16:12:21.46,91.46,-3.86,-5.82,13.83
2024/01/01 16:12:21.47,91.47,-4.57,-5.63,13.88
2024/01/01 16:12:21.48,91.48,-5.27,-5.46,13.98
2024/01/01 16:12:21.49,91.49,-6.01,-5.23,14.09
2024/01/01 16:12:21.50,91.50,-6.86,-4.91,14.19
2024/01/01 16:12:21.51,91.51,-7.85,-4.52,14.27
2024/01/01 16:12:21.52,91.52,-8.97,-4.07,14.32
2024/01/01 16:12:21.53,91.53,-10.11,-3.61,14.31
2024/01/01 16:12:21.54,91.54,-11.18,-3.18,14.27
2024/01/01 16:12:21.55,91.55,-12.11,-2.89,14.24
2024/01/01 16:12:21.56,91.56,-12.84,-2.82,14.27
2024/01/01 16:12:21.57,91.57,-13.37,-3.00,14.35
2024/01/01 16:12:21.58,91.58,-13.74,-3.34,14.44
2024/01/01 16:12:21.59,91.59,-14.03,-3.68,14.51
2024/01/01 16:12:21.60,91.60,-14.32,-3.91,14.55
2024/01/01 16:12:21.61,91.61,-14.68,-4.01,14.61
2024/01/01 16:12:21.62,91.62,-15.09,-3.99,14.64
2024/01/01 16:12:21.63,91.63,-15.56,-3.91,14.63
2024/01/01 16:12:21.64,91.64,-16.04,-3.85,14.59
2024/01/01 16:12:21.65,91.65,-16.47,-3.90,14.56
2024/01/01 16:12:21.66,91.66,-16.77,-4.09,14.56
2024/01/01 16:12:21.67,91.67,-16.87,-4.44,14.58
2024/01/01 16:12:21.68,91.68,-16.75,-4.90,14.66
2024/01/01 16:12:21.69,91.69,-16.42,-5.42,14.83
2024/01/01 16:12:21.70,91.70,-15.94,-5.93,15.07
2024/01/01 16:12:21.71,91.71,-15.36,-6.40,15.27
2024/01/01 16:12:21.72,91.72,-14.71,-6.85,15.35
2024/01/01 16:12:21.73,91.73,-14.00,-7.30,15.30
2024/01/01 16:12:21.74,91.74,-13.22,-7.75,15.17
2024/01/01 16:12:21.75,91.75,-12.41,-8.21,14.99
2024/01/01 16:12:21.76,91.76,-11.61,-8.68,14.77
2024/01/01 16:12:21.77,91.77,-10.86,-9.17,14.54
2024/01/01 16:12:21.78,91.78,-10.19,-9.68,14.31
2024/01/01 16:12:21.79,91.79,-9.60,-10.13,14.13
2024/01/01 16:12:21.80,91.80,-9.06,-10.45,14.01
2024/01/01 16:12:21.81,91.81,-8.56,-10.54,13.95
2024/01/01 16:12:21.82,91.82,-8.08,-10.43,13.88
2024/01/01 16:12:21.83,91.83,-7.63,-10.26,13.76
2024/01/01 16:12:21.84,91.84,-7.23,-10.17,13.57
2024/01/01 16:12:21.85,91.85,-6.89,-10.19,13.37
2024/01/01 16:12:21.86,91.86,-6.65,-10.19,13.27
2024/01/01 16:12:21.87,91.87,-6.46,-10.00,13.33
2024/01/01 16:12:21.88,91.88,-6.24,-9.52,13.53
2024/01/01 16:12:21.89,91.89,-5.92,-8.84,13.86
2024/01/01 16:12:21.90,91.90,-5.45,-8.21,14.27
2024/01/01 16:12:21.91,91.91,-4.86,-7.83,14.72
2024/01/01 16:12:21.92,91.92,-4.23,-7.79,15.20
2024/01/01 16:12:21.93,91.93,-3.65,-7.97,15.70
2024/01/01 16:12:21.94,91.94,-3.17,-8.20,16.24
2024/01/01 16:12:21.95,91.95,-2.80,-8.36,16.74
2024/01/01 16:12:21.96,91.96,-2.53,-8.41,17.06
2024/01/01 16:12:21.97,91.97,-2.38,-8.39,17.17
2024/01/01 16:12:21.98,91.98,-2.33,-8.36,17.14
2024/01/01 16:12:21.99,91.99,-2.39,-8.32,17.07
2024/01/01 16:12:22.00,92.00,-2.55,-8.18,17.01
2024/01/01 16:12:22.01,92.01,-2.76,-7.84,16.92
2024/01/01 16:12:22.02,92.02,-2.98,-7.28,16.77
2024/01/01 16:12:22.03,92.03,-3.15,-6.55,16.57
2024/01/01 16:12:22.04,92.04,-3.22,-5.87,16.31
2024/01/01 16:12:22.05,92.05,-3.18,-5.45,16.01
2024/01/01 16:12:22.06,92.06,-3.10,-5.38,15.72
2024/01/01 16:12:22.07,92.07,-3.07,-5.58,15.50
2024/01/01 16:12:22.08,92.08,-3.12,-5.84,15.34
2024/01/01 16:12:22.09,92.09,-3.26,-5.97,15.19
2024/01/01 16:12:22.10,92.10,-3.50,-5.94,15.01
2024/01/01 16:12:22.11,92.11,-3.82,-5.84,14.76
2024/01/01 16:12:22.12,92.12,-4.25,-5.77,14.48
2024/01/01 16:12:22.13,92.13,-4.82,-5.74,14.18
2024/01/01 16:12:22.14,92.14,-5.49,-5.70,13.90
2024/01/01 16:12:22.15,92.15,-6.15,-5.65,13.67
2024/01/01 16:12:22.16,92.16,-6.75,-5.68,13.50
2024/01/01 16:12:22.17,92.17,-7.27,-5.82,13.37
2024/01/01 16:12:22.18,92.18,-7.73,-6.07,13.30
2024/01/01 16:12:22.19,92.19,-8.18,-6.37,13.32
2024/01/01 16:12:22.20,92.20,-8.66,-6.62,13.38
2024/01/01 16:12:22.21,92.21,-9.14,-6.82,13.39
2024/01/01 16:12:22.22,92.22,-9.59,-7.04,13.32
2024/01/01 16:12:22.23,92.23,-9.96,-7.37,13.23
2024/01/01 16:12:22.24,92.24,-10.28,-7.78,13.17
2024/01/01 16:12:22.25,92.25,-10.60,-8.22,13.13
2024/01/01 16:12:22.26,92.26,-10.99,-8.63,13.15
2024/01/01 16:12:22.27,92.27,-11.41,-8.96,13.28
2024/01/01 16:12:22.28,92.28,-11.78,-9.21,13.51
2024/01/01 16:12:22.29,92.29,-12.03,-9.42,13.79
2024/01/01 16:12:22.30,92.30,-12.11,-9.64,14.08
2024/01/01 16:12:22.31,92.31,-12.01,-9.83,14.41
2024/01/01 16:12:22.32,92.32,-11.77,-9.97,14.77
2024/01/01 16:12:22.33,92.33,-11.52,-10.04,15.13
2024/01/01 16:12:22.34,92.34,-11.36,-10.05,15.40
2024/01/01 16:12:22.35,92.35,-11.41,-9.95,15.54
2024/01/01 16:12:22.36,92.36,-11.71,-9.68,15.55
2024/01/01 16:12:22.37,92.37,-12.14,-9.28,15.44
2024/01/01 16:12:22.38,92.38,-12.52,-8.86,15.28
2024/01/01 16:12:22.39,92.39,-12.70,-8.59,15.12
2024/01/01 16:12:22.40,92.40,-12.63,-8.55,15.03
2024/01/01 16:12:22.41,92.41,-12.36,-8.68,15.03
2024/01/01 16:12:22.42,92.42,-12.00,-8.83,15.09
2024/01/01 16:12:22.43,92.43,-11.61,-8.83,15.15
2024/01/01 16:12:22.44,92.44,-11.23,-8.57,15.20
2024/01/01 16:12:22.45,92.45,-10.86,-8.19,15.15
2024/01/01 16:12:22.46,92.46,-10.44,-7.87,14.99
2024/01/01 16:12:22.47,92.47,-9.99,-7.74,14.73
2024/01/01 16:12:22.48,92.48,-9.58,-7.75,14.44
2024/01/01 16:12:22.49,92.49,-9.33,-7.81,14.16
2024/01/01 16:12:22.50,92.50,-9.32,-7.75,13.93
2024/01/01 16:12:22.51,92.51,-9.55,-7.50,13.75
2024/01/01 16:12:22.52,92.52,-9.92,-7.04,13.61
2024/01/01 16:12:22.53,92.53,-10.31,-6.44,13.46
2024/01/01 16:12:22.54,92.54,-10.58,-5.75,13.29
2024/01/01 16:12:22.55,92.55,-10.68,-5.01,13.11
2024/01/01 16:12:22.56,92.56,-10.60,-4.32,12.97
2024/01/01 16:12:22.57,92.57,-10.41,-3.75,12.89
2024/01/01 16:12:22.58,92.58,-10.20,-3.39,12.92
2024/01/01 16:12:22.59,92.59,-10.05,-3.23,13.04
2024/01/01 16:12:22.60,92.60,-9.99,-3.25,13.21
2024/01/01 16:12:22.61,92.61,-9.99,-3.36,13.37
2024/01/01 16:12:22.62,92.62,-10.00,-3.46,13.49
2024/01/01 16:12:22.63,92.63,-9.97,-3.43,13.59
2024/01/01 16:12:22.64,92.64,-9.91,-3.18,13.68
2024/01/01 16:12:22.65,92.65,-9.77,-2.77,13.74
2024/01/01 16:12:22.66,92.66,-9.47,-2.34,13.78
2024/01/01 16:12:22.67,92.67,-9.00,-2.11,13.81
2024/01/01 16:12:22.68,92.68,-8.46,-2.20,13.87
2024/01/01 16:12:22.69,92.69,-7.91,-2.62,13.96
2024/01/01 16:12:22.70,92.70,-7.48,-3.18,14.12
2024/01/01 16:12:22.71,92.71,-7.27,-3.71,14.29
2024/01/01 16:12:22.72,92.72,-7.25,-4.11,14.43
2024/01/01 16:12:22.73,92.73,-7.38,-4.41,14.53
2024/01/01 16:12:22.74,92.74,-7.56,-4.67,14.63
2024/01/01 16:12:22.75,92.75,-7.73,-4.99,14.78
2024/01/01 16:12:22.76,92.76,-7.85,-5.41,14.99
2024/01/01 16:12:22.77,92.77,-7.93,-5.94,15.24
2024/01/01 16:12:22.78,92.78,-7.96,-6.50,15.50
2024/01/01 16:12:22.79,92.79,-7.93,-7.02,15.71
2024/01/01 16:12:22.80,92.80,-7.83,-7.48,15.86
2024/01/01 16:12:22.81,92.81,-7.65,-7.82,15.96
2024/01/01 16:12:22.82,92.82,-7.41,-7.91,16.00
2024/01/01 16:12:22.83,92.83,-7.15,-7.75,15.98
2024/01/01 16:12:22.84,92.84,-6.93,-7.41,15.93
2024/01/01 16:12:22.85,92.85,-6.75,-7.04,15.84
2024/01/01 16:12:22.86,92.86,-6.61,-6.71,15.74
2024/01/01 16:12:22.87,92.87,-6.52,-6.48,15.65
2024/01/01 16:12:22.88,92.88,-6.50,-6.39,15.59
2024/01/01 16:12:22.89,92.89,-6.52,-6.50,15.55
2024/01/01 16:12:22.90,92.90,-6.53,-6.81,15.49
2024/01/01 16:12:22.91,92.91,-6.49,-7.22,15.39
2024/01/01 16:12:22.92,92.92,-6.32,-7.62,15.26
2024/01/01 16:12:22.93,92.93,-6.01,-7.93,15.15
2024/01/01 16:12:22.94,92.94,-5.64,-8.14,15.05
2024/01/01 16:12:22.95,92.95,-5.24,-8.31,14.97
2024/01/01 16:12:22.96,92.96,-4.85,-8.46,14.89
2024/01/01 16:12:22.97,92.97,-4.49,-8.58,14.85
2024/01/01 16:12:22.98,92.98,-4.23,-8.63,14.80
2024/01/01 16:12:22.99,92.99,-4.13,-8.64,14.71
2024/01/01 16:12:23.00,93.00,-4.18,-8.68,14.59
2024/01/01 16:12:23.01,93.01,-4.33,-8.74,14.47
2024/01/01 16:12:23.02,93.02,-4.52,-8.78,14.35
2024/01/01 16:12:23.03,93.03,-4.70,-8.72,14.21
2024/01/01 16:12:23.04,93.04,-4.82,-8.53,14.09
2024/01/01 16:12:23.05,93.05,-4.91,-8.26,14.06
2024/01/01 16:12:23.06,93.06,-5.04,-8.02,14.15
2024/01/01 16:12:23.07,93.07,-5.28,-7.82,14.28
2024/01/01 16:12:23.08,93.08,-5.66,-7.61,14.42
2024/01/01 16:12:23.09,93.09,-6.16,-7.36,14.59
2024/01/01 16:12:23.10,93.10,-6.72,-7.06,14.81
2024/01/01 16:12:23.11,93.11,-7.28,-6.78,15.04
2024/01/01 16:12:23.12,93.12,-7.79,-6.61,15.29
2024/01/01 16:12:23.13,93.13,-8.29,-6.56,15.60
2024/01/01 16:12:23.14,93.14,-8.80,-6.56,15.91
2024/01/01 16:12:23.15,93.15,-9.25,-6.59,16.15
2024/01/01 16:12:23.16,93.16,-9.61,-6.58,16.27
2024/01/01 16:12:23.17,93.17,-9.81,-6.48,16.28
2024/01/01 16:12:23.18,93.18,-9.81,-6.31,16.24
2024/01/01 16:12:23.19,93.19,-9.67,-6.13,16.27
2024/01/01 16:12:23.20,93.20,-9.49,-6.00,16.39
2024/01/01 16:12:23.21,93.21,-9.38,-5.93,16.51
2024/01/01 16:12:23.22,93.22,-9.38,-5.94,16.50
2024/01/01 16:12:23.23,93.23,-9.52,-6.01,16.32
2024/01/01 16:12:23.24,93.24,-9.78,-6.14,16.01
2024/01/01 16:12:23.25,93.25,-10.14,-6.32,15.69
2024/01/01 16:12:23.26,93.26,-10.57,-6.64,15.45
2024/01/01 16:12:23.27,93.27,-11.01,-7.13,15.35
2024/01/01 16:12:23.28,93.28,-11.43,-7.72,15.38
2024/01/01 16:12:23.29,93.29,-11.81,-8.28,15.47
2024/01/01 16:12:23.30,93.30,-12.13,-8.70,15.53
2024/01/01 16:12:23.31,93.31,-12.35,-8.87,15.51
2024/01/01 16:12:23.32,93.32,-12.46,-8.78,15.39
2024/01/01 16:12:23.33,93.33,-12.46,-8.53,15.20
2024/01/01 16:12:23.34,93.34,-12.39,-8.24,15.04
2024/01/01 16:12:23.35,93.35,-12.30,-8.05,14.96
2024/01/01 16:12:23.36,93.36,-12.23,-7.99,14.92
2024/01/01 16:12:23.37,93.37,-12.18,-8.07,14.89
2024/01/01 16:12:23.38,93.38,-12.16,-8.23,14.82
2024/01/01 16:12:23.39,93.39,-12.16,-8.45,14.75
2024/01/01 16:12:23.40,93.40,-12.19,-8.73,14.67
2024/01/01 16:12:23.41,93.41,-12.31,-9.07,14.62
2024/01/01 16:12:23.42,93.42,-12.48,-9.41,14.62
2024/01/01 16:12:23.43,93.43,-12.58,-9.70,14.72
2024/01/01 16:12:23.44,93.44,-12.52,-9.85,14.93
2024/01/01 16:12:23.45,93.45,-12.24,-9.87,15.20
2024/01/01 16:12:23.46,93.46,-11.74,-9.73,15.45
2024/01/01 16:12:23.47,93.47,-11.10,-9.45,15.64
2024/01/01 16:12:23.48,93.48,-10.42,-9.10,15.75
2024/01/01 16:12:23.49,93.49,-9.70,-8.73,15.77
2024/01/01 16:12:23.50,93.50,-8.95,-8.40,15.69
2024/01/01 16:12:23.51,93.51,-8.19,-8.16,15.51
2024/01/01 16:12:23.52,93.52,-7.41,-8.07,15.27
2024/01/01 16:12:23.53,93.53,-6.62,-8.13,15.02
2024/01/01 16:12:23.54,93.54,-5.86,-8.25,14.82
2024/01/01 16:12:23.55,93.55,-5.17,-8.28,14.61
2024/01/01 16:12:23.56,93.56,-4.53,-8.16,14.33
2024/01/01 16:12:23.57,93.57,-3.99,-7.93,14.00
2024/01/01 16:12:23.58,93.58,-3.57,-7.69,13.72
2024/01/01 16:12:23.59,93.59,-3.29,-7.48,13.52
2024/01/01 16:12:23.60,93.60,-3.17,-7.32,13.40
2024/01/01 16:12:23.61,93.61,-3.17,-7.25,13.33
2024/01/01 16:12:23.62,93.62,-3.28,-7.20,13.31
2024/01/01 16:12:23.63,93.63,-3.46,-7.10,13.31
2024/01/01 16:12:23.64,93.64,-3.67,-6.96,13.29
2024/01/01 16:12:23.65,93.65,-3.84,-6.78,13.26
2024/01/01 16:12:23.66,93.66,-3.93,-6.56,13.29
2024/01/01 16:12:23.67,93.67,-3.95,-6.31,13.42
2024/01/01 16:12:23.68,93.68,-3.92,-6.04,13.63
2024/01/01 16:12:23.69,93.69,-3.88,-5.73,13.87
2024/01/01 16:12:23.70,93.70,-3.88,-5.36,14.10
2024/01/01 16:12:23.71,93.71,-3.94,-4.94,14.24
2024/01/01 16:12:23.72,93.72,-4.07,-4.54,14.28
2024/01/01 16:12:23.73,93.73,-4.25,-4.22,14.29
2024/01/01 16:12:23.74,93.74,-4.50,-4.06,14.32
2024/01/01 16:12:23.75,93.75,-4.85,-4.11,14.39
2024/01/01 16:12:23.76,93.76,-5.34,-4.37,14.50
2024/01/01 16:12:23.77,93.77,-5.98,-4.77,14.64
2024/01/01 16:12:23.78,93.78,-6.69,-5.23,14.77
2024/01/01 16:12:23.79,93.79,-7.41,-5.63,14.87
2024/01/01 16:12:23.80,93.80,-8.10,-5.84,14.93
2024/01/01 16:12:23.81,93.81,-8.69,-5.78,15.00
2024/01/01 16:12:23.82,93.82,-9.15,-5.52,15.10
2024/01/01 16:12:23.83,93.83,-9.44,-5.18,15.21
2024/01/01 16:12:23.84,93.84,-9.48,-4.90,15.24
2024/01/01 16:12:23.85,93.85,-9.26,-4.77,15.21
2024/01/01 16:12:23.86,93.86,-8.88,-4.76,15.18
2024/01/01 16:12:23.87,93.87,-8.55,-4.81,15.20
2024/01/01 16:12:23.88,93.88,-8.37,-4.85,15.24
2024/01/01 16:12:23.89,93.89,-8.39,-4.85,15.22
2024/01/01 16:12:23.90,93.90,-8.63,-4.80,15.09
2024/01/01 16:12:23.91,93.91,-9.02,-4.77,14.91
2024/01/01 16:12:23.92,93.92,-9.52,-4.80,14.73
2024/01/01 16:12:23.93,93.93,-10.11,-4.89,14.57
2024/01/01 16:12:23.94,93.94,-10.78,-5.01,14.47
2024/01/01 16:12:23.95,93.95,-11.47,-5.14,14.47
2024/01/01 16:12:23.96,93.96,-12.11,-5.25,14.56
2024/01/01 16:12:23.97,93.97,-12.64,-5.36,14.71
2024/01/01 16:12:23.98,93.98,-13.04,-5.54,14.90
2024/01/01 16:12:23.99,93.99,-13.29,-5.79,15.13
2024/01/01 16:12:24.00,94.00,-13.38,-6.13,15.36
2024/01/01 16:12:24.01,94.01,-13.36,-6.55,15.47
2024/01/01 16:12:24.02,94.02,-13.22,-7.01,15.40
2024/01/01 16:12:24.03,94.03,-12.97,-7.50,15.25
2024/01/01 16:12:24.04,94.04,-12.66,-7.99,15.11
2024/01/01 16:12:24.05,94.05,-12.33,-8.51,15.04
2024/01/01 16:12:24.06,94.06,-11.95,-9.00,15.00
2024/01/01 16:12:24.07,94.07,-11.50,-9.39,14.93
2024/01/01 16:12:24.08,94.08,-10.95,-9.58,14.80
2024/01/01 16:12:24.09,94.09,-10.32,-9.60,14.65
2024/01/01 16:12:24.10,94.10,-9.66,-9.59,14.50
2024/01/01 16:12:24.11,94.11,-9.04,-9.69,14.35
2024/01/01 16:12:24.12,94.12,-8.55,-9.95,14.24
2024/01/01 16:12:24.13,94.13,-8.22,-10.34,14.20
2024/01/01 16:12:24.14,94.14,-8.00,-10.80,14.23
2024/01/01 16:12:24.15,94.15,-7.78,-11.27,14.30
2024/01/01 16:12:24.16,94.16,-7.45,-11.68,14.35
2024/01/01 16:12:24.17,94.17,-6.98,-12.01,14.37
2024/01/01 16:12:24.18,94.18,-6.38,-12.21,14.38
2024/01/01 16:12:24.19,94.19,-5.69,-12.30,14.41
2024/01/01 16:12:24.20,94.20,-5.04,-12.30,14.47
2024/01/01 16:12:24.21,94.21,-4.53,-12.24,14.56
2024/01/01 16:12:24.22,94.22,-4.21,-12.10,14.69
2024/01/01 16:12:24.23,94.23,-4.04,-11.87,14.88
2024/01/01 16:12:24.24,94.24,-3.92,-11.61,15.09
2024/01/01 16:12:24.25,94.25,-3.78,-11.39,15.31
2024/01/01 16:12:24.26,94.26,-3.57,-11.26,15.51
2024/01/01 16:12:24.27,94.27,-3.36,-11.19,15.67
2024/01/01 16:12:24.28,94.28,-3.21,-11.11,15.79
2024/01/01 16:12:24.29,94.29,-3.18,-11.02,15.89
2024/01/01 16:12:24.30,94.30,-3.27,-10.86,15.97
2024/01/01 16:12:24.31,94.31,-3.42,-10.61,16.03
2024/01/01 16:12:24.32,94.32,-3.54,-10.23,16.09
2024/01/01 16:12:24.33,94.33,-3.59,-9.65,16.19
2024/01/01 16:12:24.34,94.34,-3.54,-8.83,16.29
2024/01/01 16:12:24.35,94.35,-3.43,-7.79,16.38
2024/01/01 16:12:24.36,94.36,-3.32,-6.58,16.44
2024/01/01 16:12:24.37,94.37,-3.26,-5.31,16.45
2024/01/01 16:12:24.38,94.38,-3.33,-4.08,16.32
2024/01/01 16:12:24.39,94.39,-3.55,-3.02,16.02
2024/01/01 16:12:24.40,94.40,-3.92,-2.21,15.64
2024/01/01 16:12:24.41,94.41,-4.40,-1.68,15.29
2024/01/01 16:12:24.42,94.42,-4.98,-1.43,15.07
2024/01/01 16:12:24.43,94.43,-5.63,-1.45,14.98
2024/01/01 16:12:24.44,94.44,-6.35,-1.61,14.98
2024/01/01 16:12:24.45,94.45,-7.13,-1.76,14.99
2024/01/01 16:12:24.46,94.46,-7.95,-1.76,14.97
2024/01/01 16:12:24.47,94.47,-8.75,-1.62,14.91
2024/01/01 16:12:24.48,94.48,-9.50,-1.42,14.81
2024/01/01 16:12:24.49,94.49,-10.15,-1.24,14.68
2024/01/01 16:12:24.50,94.50,-10.68,-1.11,14.54
2024/01/01 16:12:24.51,94.51,-11.12,-1.03,14.41
2024/01/01 16:12:24.52,94.52,-11.48,-0.96,14.27
2024/01/01 16:12:24.53,94.53,-11.82,-0.97,14.13
2024/01/01 16:12:24.54,94.54,-12.26,-1.12,14.00
2024/01/01 16:12:24.55,94.55,-12.85,-1.45,13.87
2024/01/01 16:12:24.56,94.56,-13.54,-1.97,13.76
2024/01/01 16:12:24.57,94.57,-14.23,-2.59,13.66
2024/01/01 16:12:24.58,94.58,-14.81,-3.12,13.57
2024/01/01 16:12:24.59,94.59,-15.19,-3.46,13.45
2024/01/01 16:12:24.60,94.60,-15.38,-3.65,13.30
2024/01/01 16:12:24.61,94.61,-15.42,-3.81,13.20
2024/01/01 16:12:24.62,94.62,-15.37,-4.05,13.18
2024/01/01 16:12:24.63,94.63,-15.25,-4.42,13.21
2024/01/01 16:12:24.64,94.64,-15.08,-4.93,13.23
2024/01/01 16:12:24.65,94.65,-14.84,-5.56,13.24
2024/01/01 16:12:24.66,94.66,-14.51,-6.28,13.25
2024/01/01 16:12:24.67,94.67,-14.09,-7.09,13.24
2024/01/01 16:12:24.68,94.68,-13.56,-8.01,13.23
2024/01/01 16:12:24.69,94.69,-12.99,-8.97,13.23
2024/01/01 16:12:24.70,94.70,-12.47,-9.85,13.24
2024/01/01 16:12:24.71,94.71,-12.06,-10.54,13.25
2024/01/01 16:12:24.72,94.72,-11.80,-11.00,13.29
2024/01/01 16:12:24.73,94.73,-11.66,-11.25,13.39
2024/01/01 16:12:24.74,94.74,-11.55,-11.38,13.54
2024/01/01 16:12:24.75,94.75,-11.38,-11.48,13.74
2024/01/01 16:12:24.76,94.76,-11.11,-11.64,14.00
2024/01/01 16:12:24.77,94.77,-10.72,-11.87,14.33
2024/01/01 16:12:24.78,94.78,-10.25,-12.18,14.68
2024/01/01 16:12:24.79,94.79,-9.72,-12.55,15.02
2024/01/01 16:12:24.80,94.80,-9.16,-12.91,15.32
2024/01/01 16:12:24.81,94.81,-8.54,-13.20,15.60
2024/01/01 16:12:24.82,94.82,-7.90,-13.42,15.89
2024/01/01 16:12:24.83,94.83,-7.26,-13.53,16.17
2024/01/01 16:12:24.84,94.84,-6.64,-13.50,16.44
2024/01/01 16:12:24.85,94.85,-6.09,-13.32,16.68
2024/01/01 16:12:24.86,94.86,-5.63,-12.98,16.90
2024/01/01 16:12:24.87,94.87,-5.24,-12.49,17.07
2024/01/01 16:12:24.88,94.88,-4.89,-11.89,17.11
2024/01/01 16:12:24.89,94.89,-4.59,-11.24,17.04
2024/01/01 16:12:24.90,94.90,-4.32,-10.64,16.91
2024/01/01 16:12:24.91,94.91,-4.10,-10.19,16.75
2024/01/01 16:12:24.92,94.92,-3.94,-9.94,16.56
2024/01/01 16:12:24.93,94.93,-3.86,-9.81,16.35
2024/01/01 16:12:24.94,94.94,-3.87,-9.65,16.11
2024/01/01 16:12:24.95,94.95,-3.96,-9.30,15.89
2024/01/01 16:12:24.96,94.96,-4.04,-8.72,15.69
2024/01/01 16:12:24.97,94.97,-4.07,-7.94,15.51
2024/01/01 16:12:24.98,94.98,-4.09,-7.04,15.35
2024/01/01 16:12:24.99,94.99,-4.14,-6.15,15.26
2024/01/01 16:12:25.00,95.00,-4.27,-5.36,15.22
2024/01/01 16:12:25.01,95.01,-4.50,-4.74,15.19
2024/01/01 16:12:25.02,95.02,-4.80,-4.36,15.15
2024/01/01 16:12:25.03,95.03,-5.15,-4.20,15.11
2024/01/01 16:12:25.04,95.04,-5.53,-4.17,15.09
2024/01/01 16:12:25.05,95.05,-5.94,-4.20,15.00
2024/01/01 16:12:25.06,95.06,-6.32,-4.24,14.79
2024/01/01 16:12:25.07,95.07,-6.66,-4.31,14.50
2024/01/01 16:12:25.08,95.08,-6.92,-4.37,14.22
2024/01/01 16:12:25.09,95.09,-7.10,-4.42,13.99
2024/01/01 16:12:25.10,95.10,-7.25,-4.43,13.82
2024/01/01 16:12:25.11,95.11,-7.44,-4.40,13.70
2024/01/01 16:12:25.12,95.12,-7.70,-4.36,13.61
2024/01/01 16:12:25.13,95.13,-8.06,-4.30,13.52
2024/01/01 16:12:25.14,95.14,-8.50,-4.25,13.41
2024/01/01 16:12:25.15,95.15,-8.98,-4.18,13.28
2024/01/01 16:12:25.16,95.16,-9.44,-4.06,13.15
2024/01/01 16:12:25.17,95.17,-9.82,-3.94,13.04
2024/01/01 16:12:25.18,95.18,-10.06,-3.91,13.00
2024/01/01 16:12:25.19,95.19,-10.15,-4.04,13.02
2024/01/01 16:12:25.20,95.20,-10.08,-4.27,13.11
2024/01/01 16:12:25.21,95.21,-9.90,-4.53,13.27
2024/01/01 16:12:25.22,95.22,-9.67,-4.74,13.48
2024/01/01 16:12:25.23,95.23,-9.44,-4.90,13.66
2024/01/01 16:12:25.24,95.24,-9.27,-5.00,13.78
2024/01/01 16:12:25.25,95.25,-9.21,-5.03,13.87
2024/01/01 16:12:25.26,95.26,-9.26,-4.99,14.00
2024/01/01 16:12:25.27,95.27,-9.39,-4.94,14.19
2024/01/01 16:12:25.28,95.28,-9.58,-4.99,14.37
2024/01/01 16:12:25.29,95.29,-9.80,-5.24,14.52
2024/01/01 16:12:25.30,95.30,-10.00,-5.72,14.68
2024/01/01 16:12:25.31,95.31,-10.15,-6.31,14.85
2024/01/01 16:12:25.32,95.32,-10.28,-6.88,14.99
2024/01/01 16:12:25.33,95.33,-10.34,-7.35,15.11
2024/01/01 16:12:25.34,95.34,-10.32,-7.69,15.22
2024/01/01 16:12:25.35,95.35,-10.24,-7.88,15.35
2024/01/01 16:12:25.36,95.36,-10.11,-7.93,15.52
2024/01/01 16:12:25.37,95.37,-9.90,-7.86,15.65
2024/01/01 16:12:25.38,95.38,-9.62,-7.71,15.67
2024/01/01 16:12:25.39,95.39,-9.26,-7.55,15.61
2024/01/01 16:12:25.40,95.40,-8.82,-7.47,15.55
2024/01/01 16:12:25.41,95.41,-8.36,-7.52,15.50
2024/01/01 16:12:25.42,95.42,-7.91,-7.74,15.47
2024/01/01 16:12:25.43,95.43,-7.50,-8.12,15.46
2024/01/01 16:12:25.44,95.44,-7.17,-8.56,15.45
2024/01/01 16:12:25.45,95.45,-6.92,-8.96,15.41
2024/01/01 16:12:25.46,95.46,-6.71,-9.23,15.32
2024/01/01 16:12:25.47,95.47,-6.52,-9.32,15.18
2024/01/01 16:12:25.48,95.48,-6.33,-9.23,15.01
2024/01/01 16:12:25.49,95.49,-6.13,-8.95,14.87
2024/01/01 16:12:25.50,95.50,-5.93,-8.54,14.82
2024/01/01 16:12:25.51,95.51,-5.79,-8.08,14.85
2024/01/01 16:12:25.52,95.52,-5.68,-7.69,14.91
2024/01/01 16:12:25.53,95.53,-5.62,-7.46,14.95
2024/01/01 16:12:25.54,95.54,-5.63,-7.38,14.94
2024/01/01 16:12:25.55,95.55,-5.75,-7.38,14.86
2024/01/01 16:12:25.56,95.56,-5.98,-7.36,14.71
2024/01/01 16:12:25.57,95.57,-6.31,-7.26,14.56
2024/01/01 16:12:25.58,95.58,-6.68,-7.08,14.48
2024/01/01 16:12:25.59,95.59,-7.05,-6.94,14.56
2024/01/01 16:12:25.60,95.60,-7.35,-6.95,14.79
2024/01/01 16:12:25.61,95.61,-7.55,-7.15,15.12
2024/01/01 16:12:25.62,95.62,-7.68,-7.50,15.44
2024/01/01 16:12:25.63,95.63,-7.75,-7.87,15.69
2024/01/01 16:12:25.64,95.64,-7.80,-8.13,15.87
2024/01/01 16:12:25.65,95.65,-7.86,-8.17,15.99
2024/01/01 16:12:25.66,95.66,-7.89,-8.03,16.00
2024/01/01 16:12:25.67,95.67,-7.82,-7.83,15.89
2024/01/01 16:12:25.68,95.68,-7.62,-7.72,15.71
2024/01/01 16:12:25.69,95.69,-7.36,-7.81,15.52
2024/01/01 16:12:25.70,95.70,-7.15,-8.07,15.32
2024/01/01 16:12:25.71,95.71,-7.07,-8.37,15.08
2024/01/01 16:12:25.72,95.72,-7.12,-8.57,14.81
2024/01/01 16:12:25.73,95.73,-7.21,-8.64,14.53
2024/01/01 16:12:25.74,95.74,-7.26,-8.64,14.24
2024/01/01 16:12:25.75,95.75,-7.27,-8.60,13.94
2024/01/01 16:12:25.76,95.76,-7.27,-8.57,13.67
2024/01/01 16:12:25.77,95.77,-7.33,-8.53,13.47
2024/01/01 16:12:25.78,95.78,-7.46,-8.42,13.37
2024/01/01 16:12:25.79,95.79,-7.62,-8.23,13.34
2024/01/01 16:12:25.80,95.80,-7.78,-8.02,13.36
2024/01/01 16:12:25.81,95.81,-7.88,-7.89,13.43
2024/01/01 16:12:25.82,95.82,-7.91,-7.91,13.56
2024/01/01 16:12:25.83,95.83,-7.87,-8.02,13.71
2024/01/01 16:12:25.84,95.84,-7.81,-8.10,13.85
2024/01/01 16:12:25.85,95.85,-7.76,-8.05,13.98
2024/01/01 16:12:25.86,95.86,-7.75,-7.86,14.10
2024/01/01 16:12:25.87,95.87,-7.76,-7.54,14.21
2024/01/01 16:12:25.88,95.88,-7.75,-7.22,14.30
2024/01/01 16:12:25.89,95.89,-7.68,-6.94,14.40
2024/01/01 16:12:25.90,95.90,-7.61,-6.72,14.52
2024/01/01 16:12:25.91,95.91,-7.63,-6.54,14.65
2024/01/01 16:12:25.92,95.92,-7.83,-6.34,14.75
2024/01/01 16:12:25.93,95.93,-8.18,-6.08,14.77
2024/01/01 16:12:25.94,95.94,-8.62,-5.75,14.72
2024/01/01 16:12:25.95,95.95,-9.07,-5.39,14.64
2024/01/01 16:12:25.96,95.96,-9.46,-5.04,14.59
2024/01/01 16:12:25.97,95.97,-9.78,-4.78,14.59
2024/01/01 16:12:25.98,95.98,-10.02,-4.64,14.62
2024/01/01 16:12:25.99,95.99,-10.22,-4.59,14.64
2024/01/01 16:12:26.00,96.00,-10.37,-4.56,14.65
2024/01/01 16:12:26.01,96.01,-10.44,-4.43,14.64
2024/01/01 16:12:26.02,96.02,-10.37,-4.18,14.64
2024/01/01 16:12:26.03,96.03,-10.17,-3.85,14.63
2024/01/01 16:12:26.04,96.04,-9.85,-3.53,14.61
2024/01/01 16:12:26.05,96.05,-9.48,-3.32,14.56
2024/01/01 16:12:26.06,96.06,-9.18,-3.27,14.44
2024/01/01 16:12:26.07,96.07,-9.03,-3.41,14.28
2024/01/01 16:12:26.08,96.08,-9.04,-3.72,14.10
2024/01/01 16:12:26.09,96.09,-9.14,-4.16,13.94
2024/01/01 16:12:26.10,96.10,-9.24,-4.65,13.82
2024/01/01 16:12:26.11,96.11,-9.29,-5.11,13.73
2024/01/01 16:12:26.12,96.12,-9.30,-5.45,13.65
2024/01/01 16:12:26.13,96.13,-9.29,-5.59,13.58
2024/01/01 16:12:26.14,96.14,-9.31,-5.55,13.48
2024/01/01 16:12:26.15,96.15,-9.35,-5.47,13.33
2024/01/01 16:12:26.16,96.16,-9.36,-5.49,13.15
2024/01/01 16:12:26.17,96.17,-9.36,-5.73,13.02
2024/01/01 16:12:26.18,96.18,-9.37,-6.17,13.00
2024/01/01 16:12:26.19,96.19,-9.40,-6.73,13.07
2024/01/01 16:12:26.20,96.20,-9.44,-7.31,13.21
2024/01/01 16:12:26.21,96.21,-9.42,-7.89,13.42
2024/01/01 16:12:26.22,96.22,-9.28,-8.45,13.63
2024/01/01 16:12:26.23,96.23,-9.00,-8.98,13.85
2024/01/01 16:12:26.24,96.24,-8.62,-9.45,14.06
2024/01/01 16:12:26.25,96.25,-8.20,-9.86,14.26
2024/01/01 16:12:26.26,96.26,-7.79,-10.21,14.45
2024/01/01 16:12:26.27,96.27,-7.42,-10.56,14.64
2024/01/01 16:12:26.28,96.28,-7.12,-10.95,14.81
2024/01/01 16:12:26.29,96.29,-6.89,-11.34,14.95
2024/01/01 16:12:26.30,96.30,-6.69,-11.68,15.09
2024/01/01 16:12:26.31,96.31,-6.48,-11.96,15.19
2024/01/01 16:12:26.32,96.32,-6.22,-12.12,15.21
2024/01/01 16:12:26.33,96.33,-5.93,-12.17,15.14
2024/01/01 16:12:26.34,96.34,-5.65,-12.10,15.00
2024/01/01 16:12:26.35,96.35,-5.45,-11.91,14.86
2024/01/01 16:12:26.36,96.36,-5.30,-11.62,14.79
2024/01/01 16:12:26.37,96.37,-5.20,-11.33,14.81
2024/01/01 16:12:26.38,96.38,-5.12,-11.10,14.89
2024/01/01 16:12:26.39,96.39,-5.03,-10.98,14.97
2024/01/01 16:12:26.40,96.40,-4.97,-10.94,15.00
2024/01/01 16:12:26.41,96.41,-4.96,-10.92,14.95
2024/01/01 16:12:26.42,96.42,-5.02,-10.86,14.85
2024/01/01 16:12:26.43,96.43,-5.18,-10.73,14.73
2024/01/01 16:12:26.44,96.44,-5.43,-10.54,14.64
2024/01/01 16:12:26.45,96.45,-5.75,-10.31,14.58
2024/01/01 16:12:26.46,96.46,-6.08,-10.08,14.53
2024/01/01 16:12:26.47,96.47,-6.36,-9.90,14.48
2024/01/01 16:12:26.48,96.48,-6.62,-9.70,14.41
2024/01/01 16:12:26.49,96.49,-6.91,-9.42,14.31
2024/01/01 16:12:26.50,96.50,-7.25,-9.01,14.16
2024/01/01 16:12:26.51,96.51,-7.66,-8.45,14.00
2024/01/01 16:12:26.52,96.52,-8.08,-7.78,13.87
2024/01/01 16:12:26.53,96.53,-8.43,-7.08,13.76
2024/01/01 16:12:26.54,96.54,-8.69,-6.39,13.65
2024/01/01 16:12:26.55,96.55,-8.86,-5.73,13.54
2024/01/01 16:12:26.56,96.56,-9.00,-5.11,13.47
2024/01/01 16:12:26.57,96.57,-9.17,-4.52,13.44
2024/01/01 16:12:26.58,96.58,-9.33,-3.99,13.45
2024/01/01 16:12:26.59,96.59,-9.47,-3.61,13.52
2024/01/01 16:12:26.60,96.60,-9.52,-3.44,13.63
2024/01/01 16:12:26.61,96.61,-9.44,-3.44,13.77
2024/01/01 16:12:26.62,96.62,-9.22,-3.53,13.88
2024/01/01 16:12:26.63,96.63,-8.91,-3.59,14.05
2024/01/01 16:12:26.64,96.64,-8.59,-3.52,14.30
2024/01/01 16:12:26.65,96.65,-8.34,-3.32,14.53
2024/01/01 16:12:26.66,96.66,-8.20,-3.08,14.64
2024/01/01 16:12:26.67,96.67,-8.17,-2.89,14.63
2024/01/01 16:12:26.68,96.68,-8.21,-2.75,14.57
2024/01/01 16:12:26.69,96.69,-8.32,-2.64,14.47
2024/01/01 16:12:26.70,96.70,-8.47,-2.56,14.32
2024/01/01 16:12:26.71,96.71,-8.61,-2.56,14.16
2024/01/01 16:12:26.72,96.72,-8.70,-2.65,14.09
2024/01/01 16:12:26.73,96.73,-8.73,-2.84,14.14
2024/01/01 16:12:26.74,96.74,-8.74,-3.08,14.27
2024/01/01 16:12:26.75,96.75,-8.79,-3.35,14.44
2024/01/01 16:12:26.76,96.76,-8.91,-3.60,14.62
2024/01/01 16:12:26.77,96.77,-9.11,-3.77,14.81
2024/01/01 16:12:26.78,96.78,-9.35,-3.84,15.02
2024/01/01 16:12:26.79,96.79,-9.54,-3.82,15.25
2024/01/01 16:12:26.80,96.80,-9.58,-3.83,15.47
2024/01/01 16:12:26.81,96.81,-9.39,-3.97,15.71
2024/01/01 16:12:26.82,96.82,-8.97,-4.31,15.94
2024/01/01 16:12:26.83,96.83,-8.38,-4.84,16.13
2024/01/01 16:12:26.84,96.84,-7.73,-5.47,16.24
2024/01/01 16:12:26.85,96.85,-7.11,-6.09,16.28
2024/01/01 16:12:26.86,96.86,-6.61,-6.64,16.22
2024/01/01 16:12:26.87,96.87,-6.22,-7.06,16.04
2024/01/01 16:12:26.88,96.88,-5.91,-7.41,15.76
2024/01/01 16:12:26.89,96.89,-5.64,-7.75,15.45
2024/01/01 16:12:26.90,96.90,-5.35,-8.14,15.14
2024/01/01 16:12:26.91,96.91,-5.06,-8.64,14.86
2024/01/01 16:12:26.92,96.92,-4.76,-9.27,14.59
2024/01/01 16:12:26.93,96.93,-4.47,-10.05,14.33
2024/01/01 16:12:26.94,96.94,-4.24,-10.90,14.12
2024/01/01 16:12:26.95,96.95,-4.10,-11.72,13.97
2024/01/01 16:12:26.96,96.96,-4.08,-12.37,13.88
2024/01/01 16:12:26.97,96.97,-4.16,-12.79,13.85
2024/01/01 16:12:26.98,96.98,-4.26,-12.98,13.88
2024/01/01 16:12:26.99,96.99,-4.36,-12.98,13.97
2024/01/01 16:12:27.00,97.00,-4.43,-12.89,14.08
2024/01/01 16:12:27.01,97.01,-4.47,-12.78,14.22
2024/01/01 16:12:27.02,97.02,-4.52,-12.71,14.39
2024/01/01 16:12:27.03,97.03,-4.66,-12.62,14.56
2024/01/01 16:12:27.04,97.04,-4.95,-12.50,14.70
2024/01/01 16:12:27.05,97.05,-5.36,-12.38,14.80
2024/01/01 16:12:27.06,97.06,-5.89,-12.24,14.84
2024/01/01 16:12:27.07,97.07,-6.47,-12.07,14.86
2024/01/01 16:12:27.08,97.08,-7.04,-11.88,14.87
2024/01/01 16:12:27.09,97.09,-7.58,-11.66,14.92
2024/01/01 16:12:27.10,97.10,-8.06,-11.44,15.00
2024/01/01 16:12:27.11,97.11,-8.46,-11.24,15.07
2024/01/01 16:12:27.12,97.12,-8.76,-10.99,15.12
2024/01/01 16:12:27.13,97.13,-9.02,-10.61,15.15
2024/01/01 16:12:27.14,97.14,-9.24,-10.07,15.11
2024/01/01 16:12:27.15,97.15,-9.41,-9.43,14.97
2024/01/01 16:12:27.16,97.16,-9.55,-8.80,14.80
2024/01/01 16:12:27.17,97.17,-9.63,-8.28,14.67
2024/01/01 16:12:27.18,97.18,-9.67,-7.91,14.61
2024/01/01 16:12:27.19,97.19,-9.71,-7.68,14.58
2024/01/01 16:12:27.20,97.20,-9.76,-7.53,14.58
2024/01/01 16:12:27.21,97.21,-9.84,-7.42,14.59
2024/01/01 16:12:27.22,97.22,-9.99,-7.28,14.59
2024/01/01 16:12:27.23,97.23,-10.23,-7.11,14.55
2024/01/01 16:12:27.24,97.24,-10.57,-6.89,14.51
2024/01/01 16:12:27.25,97.25,-10.97,-6.63,14.48
2024/01/01 16:12:27.26,97.26,-11.40,-6.38,14.46
2024/01/01 16:12:27.27,97.27,-11.79,-6.21,14.44
2024/01/01 16:12:27.28,97.28,-12.11,-6.13,14.44
2024/01/01 16:12:27.29,97.29,-12.34,-6.06,14.45
2024/01/01 16:12:27.30,97.30,-12.48,-5.99,14.44
2024/01/01 16:12:27.31,97.31,-12.53,-5.92,14.35
2024/01/01 16:12:27.32,97.32,-12.46,-5.86,14.21
2024/01/01 16:12:27.33,97.33,-12.28,-5.84,14.06
2024/01/01 16:12:27.34,97.34,-12.02,-5.87,13.99
2024/01/01 16:12:27.35,97.35,-11.72,-5.94,14.04
2024/01/01 16:12:27.36,97.36,-11.43,-6.06,14.18
2024/01/01 16:12:27.37,97.37,-11.20,-6.18,14.36
2024/01/01 16:12:27.38,97.38,-11.06,-6.27,14.54
2024/01/01 16:12:27.39,97.39,-10.96,-6.31,14.66
2024/01/01 16:12:27.40,97.40,-10.84,-6.33,14.74
2024/01/01 16:12:27.41,97.41,-10.62,-6.37,14.83
2024/01/01 16:12:27.42,97.42,-10.29,-6.44,14.96
2024/01/01 16:12:27.43,97.43,-9.83,-6.57,15.11
2024/01/01 16:12:27.44,97.44,-9.27,-6.76,15.30
2024/01/01 16:12:27.45,97.45,-8.72,-6.99,15.50
2024/01/01 16:12:27.46,97.46,-8.19,-7.19,15.62
2024/01/01 16:12:27.47,97.47,-7.68,-7.28,15.59
2024/01/01 16:12:27.48,97.48,-7.25,-7.21,15.40
2024/01/01 16:12:27.49,97.49,-6.91,-7.00,15.14
2024/01/01 16:12:27.50,97.50,-6.67,-6.75,14.87
2024/01/01 16:12:27.51,97.51,-6.54,-6.61,14.64
2024/01/01 16:12:27.52,97.52,-6.54,-6.62,14.47
2024/01/01 16:12:27.53,97.53,-6.62,-6.71,14.34
2024/01/01 16:12:27.54,97.54,-6.72,-6.75,14.23
2024/01/01 16:12:27.55,97.55,-6.78,-6.68,14.10
2024/01/01 16:12:27.56,97.56,-6.80,-6.52,13.97
2024/01/01 16:12:27.57,97.57,-6.75,-6.34,13.90
2024/01/01 16:12:27.58,97.58,-6.66,-6.18,13.90
2024/01/01 16:12:27.59,97.59,-6.60,-6.03,13.93
2024/01/01 16:12:27.60,97.60,-6.54,-5.90,13.95
2024/01/01 16:12:27.61,97.61,-6.47,-5.79,13.99
2024/01/01 16:12:27.62,97.62,-6.38,-5.73,14.06
2024/01/01 16:12:27.63,97.63,-6.26,-5.73,14.12
2024/01/01 16:12:27.64,97.64,-6.08,-5.80,14.16
2024/01/01 16:12:27.65,97.65,-5.86,-5.92,14.18
2024/01/01 16:12:27.66,97.66,-5.58,-6.11,14.22
2024/01/01 16:12:27.67,97.67,-5.27,-6.34,14.24
2024/01/01 16:12:27.68,97.68,-4.95,-6.57,14.22
2024/01/01 16:12:27.69,97.69,-4.62,-6.74,14.17
2024/01/01 16:12:27.70,97.70,-4.27,-6.84,14.11
2024/01/01 16:12:27.71,97.71,-3.93,-6.92,14.03
2024/01/01 16:12:27.72,97.72,-3.67,-7.02,13.94
2024/01/01 16:12:27.73,97.73,-3.59,-7.16,13.93
2024/01/01 16:12:27.74,97.74,-3.75,-7.29,14.00
2024/01/01 16:12:27.75,97.75,-4.13,-7.38,14.13
2024/01/01 16:12:27.76,97.76,-4.64,-7.41,14.24
2024/01/01 16:12:27.77,97.77,-5.17,-7.45,14.33
2024/01/01 16:12:27.78,97.78,-5.64,-7.53,14.41
2024/01/01 16:12:27.79,97.79,-6.00,-7.70,14.49
2024/01/01 16:12:27.80,97.80,-6.27,-7.93,14.60
2024/01/01 16:12:27.81,97.81,-6.48,-8.20,14.76
2024/01/01 16:12:27.82,97.82,-6.68,-8.41,14.96
2024/01/01 16:12:27.83,97.83,-6.93,-8.49,15.17
2024/01/01 16:12:27.84,97.84,-7.23,-8.38,15.34
2024/01/01 16:12:27.85,97.85,-7.57,-8.10,15.45
2024/01/01 16:12:27.86,97.86,-7.89,-7.72,15.52
2024/01/01 16:12:27.87,97.87,-8.18,-7.37,15.54
2024/01/01 16:12:27.88,97.88,-8.44,-7.20,15.53
2024/01/01 16:12:27.89,97.89,-8.67,-7.28,15.52
2024/01/01 16:12:27.90,97.90,-8.91,-7.54,15.53
2024/01/01 16:12:27.91,97.91,-9.20,-7.87,15.53
2024/01/01 16:12:27.92,97.92,-9.53,-8.14,15.48
2024/01/01 16:12:27.93,97.93,-9.85,-8.28,15.39
2024/01/01 16:12:27.94,97.94,-10.13,-8.30,15.31
2024/01/01 16:12:27.95,97.95,-10.29,-8.29,15.28
2024/01/01 16:12:27.96,97.96,-10.35,-8.28,15.28
2024/01/01 16:12:27.97,97.97,-10.32,-8.29,15.30
2024/01/01 16:12:27.98,97.98,-10.23,-8.28,15.33
2024/01/01 16:12:27.99,97.99,-10.15,-8.21,15.34
2024/01/01 16:12:28.00,98.00,-10.13,-8.08,15.26
2024/01/01 16:12:28.01,98.01,-10.20,-7.95,15.10
2024/01/01 16:12:28.02,98.02,-10.37,-7.87,14.89
2024/01/01 16:12:28.03,98.03,-10.64,-7.82,14.70
2024/01/01 16:12:28.04,98.04,-10.97,-7.85,14.55
2024/01/01 16:12:28.05,98.05,-11.32,-8.00,14.44
2024/01/01 16:12:28.06,98.06,-11.66,-8.26,14.41
2024/01/01 16:12:28.07,98.07,-11.99,-8.55,14.46
2024/01/01 16:12:28.08,98.08,-12.31,-8.82,14.50
2024/01/01 16:12:28.09,98.09,-12.57,-8.99,14.52
2024/01/01 16:12:28.10,98.10,-12.70,-9.03,14.59
2024/01/01 16:12:28.11,98.11,-12.68,-8.98,14.70
2024/01/01 16:12:28.12,98.12,-12.52,-8.88,14.83
2024/01/01 16:12:28.13,98.13,-12.26,-8.78,14.93
2024/01/01 16:12:28.14,98.14,-11.94,-8.67,15.04
2024/01/01 16:12:28.15,98.15,-11.57,-8.55,15.16
2024/01/01 16:12:28.16,98.16,-11.20,-8.41,15.27
2024/01/01 16:12:28.17,98.17,-10.84,-8.30,15.34
2024/01/01 16:12:28.18,98.18,-10.51,-8.21,15.38
2024/01/01 16:12:28.19,98.19,-10.22,-8.09,15.40
2024/01/01 16:12:28.20,98.20,-9.93,-7.92,15.37
2024/01/01 16:12:28.21,98.21,-9.61,-7.69,15.27
2024/01/01 16:12:28.22,98.22,-9.24,-7.42,15.15
2024/01/01 16:12:28.23,98.23,-8.87,-7.15,15.03
2024/01/01 16:12:28.24,98.24,-8.54,-6.92,14.97
2024/01/01 16:12:28.25,98.25,-8.29,-6.77,14.98
2024/01/01 16:12:28.26,98.26,-8.15,-6.65,15.03
2024/01/01 16:12:28.27,98.27,-8.07,-6.52,15.08
2024/01/01 16:12:28.28,98.28,-8.00,-6.34,15.14
2024/01/01 16:12:28.29,98.29,-7.88,-6.13,15.22
2024/01/01 16:12:28.30,98.30,-7.70,-5.89,15.30
2024/01/01 16:12:28.31,98.31,-7.48,-5.67,15.34
2024/01/01 16:12:28.32,98.32,-7.23,-5.49,15.36
2024/01/01 16:12:28.33,98.33,-7.01,-5.34,15.43
2024/01/01 16:12:28.34,98.34,-6.89,-5.20,15.54
2024/01/01 16:12:28.35,98.35,-6.89,-5.07,15.66
2024/01/01 16:12:28.36,98.36,-6.96,-4.96,15.75
2024/01/01 16:12:28.37,98.37,-7.01,-4.89,15.83
2024/01/01 16:12:28.38,98.38,-6.95,-4.92,15.89
2024/01/01 16:12:28.39,98.39,-6.77,-5.12,15.92
2024/01/01 16:12:28.40,98.40,-6.48,-5.56,15.90
2024/01/01 16:12:28.41,98.41,-6.16,-6.22,15.84
2024/01/01 16:12:28.42,98.42,-5.91,-6.97,15.78
2024/01/01 16:12:28.43,98.43,-5.79,-7.65,15.68
2024/01/01 16:12:28.44,98.44,-5.87,-8.12,15.48
2024/01/01 16:12:28.45,98.45,-6.08,-8.34,15.21
2024/01/01 16:12:28.46,98.46,-6.34,-8.33,14.93
2024/01/01 16:12:28.47,98.47,-6.57,-8.19,14.68
2024/01/01 16:12:28.48,98.48,-6.71,-8.08,14.52
2024/01/01 16:12:28.49,98.49,-6.74,-8.08,14.46
2024/01/01 16:12:28.50,98.50,-6.69,-8.19,14.47
2024/01/01 16:12:28.51,98.51,-6.60,-8.31,14.50
2024/01/01 16:12:28.52,98.52,-6.54,-8.34,14.51
2024/01/01 16:12:28.53,98.53,-6.59,-8.15,14.43
2024/01/01 16:12:28.54,98.54,-6.77,-7.72,14.24
2024/01/01 16:12:28.55,98.55,-7.05,-7.14,13.99
2024/01/01 16:12:28.56,98.56,-7.38,-6.58,13.76
2024/01/01 16:12:28.57,98.57,-7.65,-6.23,13.60
2024/01/01 16:12:28.58,98.58,-7.83,-6.21,13.52
2024/01/01 16:12:28.59,98.59,-7.96,-6.56,13.53
2024/01/01 16:12:28.60,98.60,-8.03,-7.17,13.66
2024/01/01 16:12:28.61,98.61,-8.10,-7.89,13.89
2024/01/01 16:12:28.62,98.62,-8.18,-8.59,14.15
2024/01/01 16:12:28.63,98.63,-8.21,-9.18,14.32
2024/01/01 16:12:28.64,98.64,-8.19,-9.58,14.39
2024/01/01 16:12:28.65,98.65,-8.07,-9.77,14.39
2024/01/01 16:12:28.66,98.66,-7.89,-9.72,14.40
2024/01/01 16:12:28.67,98.67,-7.68,-9.46,14.41
2024/01/01 16:12:28.68,98.68,-7.50,-9.11,14.42
2024/01/01 16:12:28.69,98.69,-7.36,-8.76,14.43
2024/01/01 16:12:28.70,98.70,-7.32,-8.49,14.40
2024/01/01 16:12:28.71,98.71,-7.38,-8.30,14.35
2024/01/01 16:12:28.72,98.72,-7.51,-8.21,14.28
2024/01/01 16:12:28.73,98.73,-7.70,-8.19,14.21
2024/01/01 16:12:28.74,98.74,-7.88,-8.16,14.15
2024/01/01 16:12:28.75,98.75,-8.05,-8.07,14.10
2024/01/01 16:12:28.76,98.76,-8.24,-7.89,14.09
2024/01/01 16:12:28.77,98.77,-8.48,-7.60,14.17
2024/01/01 16:12:28.78,98.78,-8.77,-7.23,14.34
2024/01/01 16:12:28.79,98.79,-9.09,-6.85,14.57
2024/01/01 16:12:28.80,98.80,-9.37,-6.49,14.86
2024/01/01 16:12:28.81,98.81,-9.55,-6.15,15.16
2024/01/01 16:12:28.82,98.82,-9.59,-5.75,15.43
2024/01/01 16:12:28.83,98.83,-9.49,-5.27,15.65
2024/01/01 16:12:28.84,98.84,-9.32,-4.73,15.82
2024/01/01 16:12:28.85,98.85,-9.09,-4.19,16.00
2024/01/01 16:12:28.86,98.86,-8.87,-3.76,16.17
2024/01/01 16:12:28.87,98.87,-8.72,-3.54,16.31
2024/01/01 16:12:28.88,98.88,-8.64,-3.56,16.42
2024/01/01 16:12:28.89,98.89,-8.64,-3.78,16.50
2024/01/01 16:12:28.90,98.90,-8.68,-4.13,16.51
2024/01/01 16:12:28.91,98.91,-8.69,-4.54,16.43
2024/01/01 16:12:28.92,98.92,-8.64,-4.97,16.31
2024/01/01 16:12:28.93,98.93,-8.53,-5.42,16.20
2024/01/01 16:12:28.94,98.94,-8.38,-5.92,16.18
2024/01/01 16:12:28.95,98.95,-8.22,-6.50,16.23
2024/01/01 16:12:28.96,98.96,-8.10,-7.15,16.31
2024/01/01 16:12:28.97,98.97,-8.03,-7.76,16.34
2024/01/01 16:12:28.98,98.98,-8.04,-8.21,16.29
2024/01/01 16:12:28.99,98.99,-8.10,-8.40,16.16
2024/01/01 16:12:29.00,99.00,-8.20,-8.34,15.99
2024/01/01 16:12:29.01,99.01,-8.28,-8.11,15.80
2024/01/01 16:12:29.02,99.02,-8.33,-7.82,15.63
2024/01/01 16:12:29.03,99.03,-8.31,-7.55,15.49
2024/01/01 16:12:29.04,99.04,-8.26,-7.31,15.40
2024/01/01 16:12:29.05,99.05,-8.25,-7.12,15.32
2024/01/01 16:12:29.06,99.06,-8.30,-7.00,15.21
2024/01/01 16:12:29.07,99.07,-8.45,-7.01,15.02
2024/01/01 16:12:29.08,99.08,-8.64,-7.15,14.79
2024/01/01 16:12:29.09,99.09,-8.78,-7.41,14.60
2024/01/01 16:12:29.10,99.10,-8.83,-7.78,14.49
2024/01/01 16:12:29.11,99.11,-8.74,-8.17,14.44
2024/01/01 16:12:29.12,99.12,-8.54,-8.53,14.40
2024/01/01 16:12:29.13,99.13,-8.27,-8.84,14.36
2024/01/01 16:12:29.14,99.14,-7.96,-9.11,14.33
2024/01/01 16:12:29.15,99.15,-7.65,-9.38,14.31
2024/01/01 16:12:29.16,99.16,-7.34,-9.62,14.27
2024/01/01 16:12:29.17,99.17,-7.03,-9.79,14.25
2024/01/01 16:12:29.18,99.18,-6.72,-9.82,14.27
2024/01/01 16:12:29.19,99.19,-6.42,-9.75,14.33
2024/01/01 16:12:29.20,99.20,-6.14,-9.68,14.43
2024/01/01 16:12:29.21,99.21,-5.93,-9.67,14.53
2024/01/01 16:12:29.22,99.22,-5.85,-9.72,14.60
2024/01/01 16:12:29.23,99.23,-5.94,-9.80,14.61
2024/01/01 16:12:29.24,99.24,-6.18,-9.84,14.56
2024/01/01 16:12:29.25,99.25,-6.52,-9.80,14.49
2024/01/01 16:12:29.26,99.26,-6.87,-9.65,14.46
2024/01/01 16:12:29.27,99.27,-7.18,-9.40,14.50
2024/01/01 16:12:29.28,99.28,-7.43,-9.07,14.61
2024/01/01 16:12:29.29,99.29,-7.61,-8.68,14.76
2024/01/01 16:12:29.30,99.30,-7.72,-8.23,14.89
2024/01/01 16:12:29.31,99.31,-7.74,-7.70,14.99
2024/01/01 16:12:29.32,99.32,-7.68,-7.12,15.06
2024/01/01 16:12:29.33,99.33,-7.60,-6.54,15.12
2024/01/01 16:12:29.34,99.34,-7.57,-6.04,15.21
2024/01/01 16:12:29.35,99.35,-7.62,-5.63,15.32
2024/01/01 16:12:29.36,99.36,-7.76,-5.29,15.44
2024/01/01 16:12:29.37,99.37,-7.95,-4.97,15.52
2024/01/01 16:12:29.38,99.38,-8.08,-4.63,15.57
2024/01/01 16:12:29.39,99.39,-8.09,-4.28,15.55
2024/01/01 16:12:29.40,99.40,-7.94,-3.96,15.49
2024/01/01 16:12:29.41,99.41,-7.71,-3.77,15.41
2024/01/01 16:12:29.42,99.42,-7.47,-3.77,15.30
2024/01/01 16:12:29.43,99.43,-7.32,-3.98,15.21
2024/01/01 16:12:29.44,99.44,-7.32,-4.34,15.15
2024/01/01 16:12:29.45,99.45,-7.45,-4.77,15.13
2024/01/01 16:12:29.46,99.46,-7.64,-5.19,15.11
2024/01/01 16:12:29.47,99.47,-7.85,-5.57,15.08
2024/01/01 16:12:29.48,99.48,-8.00,-5.92,15.05
2024/01/01 16:12:29.49,99.49,-8.07,-6.24,15.04
2024/01/01 16:12:29.50,99.50,-8.06,-6.51,15.06
2024/01/01 16:12:29.51,99.51,-8.01,-6.66,15.14
2024/01/01 16:12:29.52,99.52,-7.99,-6.68,15.27
2024/01/01 16:12:29.53,99.53,-8.04,-6.57,15.38
2024/01/01 16:12:29.54,99.54,-8.15,-6.38,15.40
2024/01/01 16:12:29.55,99.55,-8.28,-6.21,15.31
2024/01/01 16:12:29.56,99.56,-8.38,-6.09,15.16
2024/01/01 16:12:29.57,99.57,-8.46,-6.08,15.02
2024/01/01 16:12:29.58,99.58,-8.59,-6.21,14.87
2024/01/01 16:12:29.59,99.59,-8.81,-6.48,14.76
2024/01/01 16:12:29.60,99.60,-9.15,-6.80,14.70
2024/01/01 16:12:29.61,99.61,-9.55,-7.06,14.69
2024/01/01 16:12:29.62,99.62,-9.94,-7.23,14.68
2024/01/01 16:12:29.63,99.63,-10.25,-7.35,14.66
2024/01/01 16:12:29.64,99.64,-10.40,-7.50,14.62
2024/01/01 16:12:29.65,99.65,-10.34,-7.71,14.60
2024/01/01 16:12:29.66,99.66,-10.08,-7.95,14.61
2024/01/01 16:12:29.67,99.67,-9.66,-8.18,14.62
2024/01/01 16:12:29.68,99.68,-9.15,-8.41,14.61
2024/01/01 16:12:29.69,99.69,-8.63,-8.63,14.56
2024/01/01 16:12:29.70,99.70,-8.20,-8.86,14.42
2024/01/01 16:12:29.71,99.71,-7.83,-9.06,14.21
2024/01/01 16:12:29.72,99.72,-7.50,-9.19,13.99
2024/01/01 16:12:29.73,99.73,-7.19,-9.22,13.82
2024/01/01 16:12:29.74,99.74,-6.87,-9.20,13.72
2024/01/01 16:12:29.75,99.75,-6.51,-9.23,13.70
2024/01/01 16:12:29.76,99.76,-6.14,-9.40,13.72
2024/01/01 16:12:29.77,99.77,-5.82,-9.73,13.82
2024/01/01 16:12:29.78,99.78,-5.60,-10.17,13.99
2024/01/01 16:12:29.79,99.79,-5.55,-10.59,14.17
2024/01/01 16:12:29.80,99.80,-5.63,-10.80,14.31
2024/01/01 16:12:29.81,99.81,-5.75,-10.73,14.39
2024/01/01 16:12:29.82,99.82,-5.78,-10.41,14.43
2024/01/01 16:12:29.83,99.83,-5.67,-9.93,14.46
2024/01/01 16:12:29.84,99.84,-5.44,-9.46,14.51
2024/01/01 16:12:29.85,99.85,-5.17,-9.06,14.61
2024/01/01 16:12:29.86,99.86,-5.03,-8.67,14.73
2024/01/01 16:12:29.87,99.87,-5.07,-8.19,14.87
2024/01/01 16:12:29.88,99.88,-5.27,-7.54,14.97
2024/01/01 16:12:29.89,99.89,-5.57,-6.77,15.02
2024/01/01 16:12:29.90,99.90,-5.87,-6.00,15.01
2024/01/01 16:12:29.91,99.91,-6.09,-5.38,15.02
2024/01/01 16:12:29.92,99.92,-6.28,-5.02,15.08
2024/01/01 16:12:29.93,99.93,-6.47,-4.93,15.24
2024/01/01 16:12:29.94,99.94,-6.67,-5.06,15.47
2024/01/01 16:12:29.95,99.95,-6.87,-5.28,15.71
2024/01/01 16:12:29.96,99.96,-7.03,-5.47,15.89
2024/01/01 16:12:29.97,99.97,-7.20,-5.56,15.98
2024/01/01 16:12:29.98,99.98,-7.40,-5.51,15.99
2024/01/01 16:12:29.99,99.99,-7.65,-5.29,15.89
2024/01/01 16:12:30.00,100.00,-7.92,-5.00,15.72
2024/01/01 16:12:30.01,100.01,-8.14,-4.81,15.49
2024/01/01 16:12:30.02,100.02,-8.27,-4.84,15.25
2024/01/01 16:12:30.03,100.03,-8.32,-5.10,15.01
2024/01/01 16:12:30.04,100.04,-8.37,-5.52,14.77
2024/01/01 16:12:30.05,100.05,-8.46,-5.92,14.58
2024/01/01 16:12:30.06,100.06,-8.66,-6.19,14.40
2024/01/01 16:12:30.07,100.07,-8.94,-6.27,14.21
2024/01/01 16:12:30.08,100.08,-9.27,-6.22,14.00
2024/01/01 16:12:30.09,100.09,-9.61,-6.10,13.84
2024/01/01 16:12:30.10,100.10,-9.90,-5.97,13.74
2024/01/01 16:12:30.11,100.11,-10.13,-5.88,13.66
2024/01/01 16:12:30.12,100.12,-10.35,-5.86,13.59
2024/01/01 16:12:30.13,100.13,-10.58,-5.93,13.60
2024/01/01 16:12:30.14,100.14,-10.82,-6.09,13.72
2024/01/01 16:12:30.15,100.15,-11.08,-6.33,13.92
2024/01/01 16:12:30.16,100.16,-11.32,-6.61,14.18
2024/01/01 16:12:30.17,100.17,-11.48,-6.90,14.46
2024/01/01 16:12:30.18,100.18,-11.58,-7.15,14.72
2024/01/01 16:12:30.19,100.19,-11.62,-7.38,14.96
2024/01/01 16:12:30.20,100.20,-11.60,-7.57,15.23
2024/01/01 16:12:30.21,100.21,-11.52,-7.72,15.48
2024/01/01 16:12:30.22,100.22,-11.36,-7.83,15.67
2024/01/01 16:12:30.23,100.23,-11.09,-8.00,15.76
2024/01/01 16:12:30.24,100.24,-10.74,-8.30,15.77
2024/01/01 16:12:30.25,100.25,-10.33,-8.74,15.77
2024/01/01 16:12:30.26,100.26,-9.91,-9.25,15.78
2024/01/01 16:12:30.27,100.27,-9.51,-9.70,15.80
2024/01/01 16:12:30.28,100.28,-9.17,-9.94,15.83
2024/01/01 16:12:30.29,100.29,-8.86,-9.95,15.86
2024/01/01 16:12:30.30,100.30,-8.55,-9.77,15.84
2024/01/01 16:12:30.31,100.31,-8.24,-9.52,15.76
2024/01/01 16:12:30.32,100.32,-7.92,-9.35,15.63
2024/01/01 16:12:30.33,100.33,-7.59,-9.29,15.52
2024/01/01 16:12:30.34,100.34,-7.28,-9.31,15.44
2024/01/01 16:12:30.35,100.35,-6.99,-9.37,15.37
2024/01/01 16:12:30.36,100.36,-6.69,-9.46,15.30
2024/01/01 16:12:30.37,100.37,-6.37,-9.56,15.23
2024/01/01 16:12:30.38,100.38,-6.02,-9.60,15.13
2024/01/01 16:12:30.39,100.39,-5.70,-9.53,14.96
2024/01/01 16:12:30.40,100.40,-5.42,-9.30,14.72
2024/01/01 16:12:30.41,100.41,-5.25,-8.92,14.47
2024/01/01 16:12:30.42,100.42,-5.23,-8.49,14.21
2024/01/01 16:12:30.43,100.43,-5.37,-8.10,13.96
2024/01/01 16:12:30.44,100.44,-5.66,-7.79,13.79
2024/01/01 16:12:30.45,100.45,-6.05,-7.50,13.79
2024/01/01 16:12:30.46,100.46,-6.45,-7.18,13.91
2024/01/01 16:12:30.47,100.47,-6.76,-6.84,14.04
2024/01/01 16:12:30.48,100.48,-6.94,-6.50,14.15
2024/01/01 16:12:30.49,100.49,-6.98,-6.20,14.26
2024/01/01 16:12:30.50,100.50,-6.94,-5.94,14.37
2024/01/01 16:12:30.51,100.51,-6.87,-5.77,14.45
2024/01/01 16:12:30.52,100.52,-6.80,-5.70,14.49
2024/01/01 16:12:30.53,100.53,-6.68,-5.72,14.53
2024/01/01 16:12:30.54,100.54,-6.47,-5.79,14.58
2024/01/01 16:12:30.55,100.55,-6.21,-5.84,14.60
2024/01/01 16:12:30.56,100.56,-5.90,-5.81,14.59
2024/01/01 16:12:30.57,100.57,-5.59,-5.69,14.56
2024/01/01 16:12:30.58,100.58,-5.31,-5.47,14.56
2024/01/01 16:12:30.59,100.59,-5.13,-5.21,14.61
2024/01/01 16:12:30.60,100.60,-5.11,-4.97,14.68
2024/01/01 16:12:30.61,100.61,-5.26,-4.82,14.77
2024/01/01 16:12:30.62,100.62,-5.55,-4.84,14.89
2024/01/01 16:12:30.63,100.63,-5.88,-5.03,15.01
2024/01/01 16:12:30.64,100.64,-6.14,-5.36,15.12
2024/01/01 16:12:30.65,100.65,-6.25,-5.76,15.23
2024/01/01 16:12:30.66,100.66,-6.22,-6.13,15.34
2024/01/01 16:12:30.67,100.67,-6.09,-6.37,15.42
2024/01/01 16:12:30.68,100.68,-5.94,-6.42,15.45
2024/01/01 16:12:30.69,100.69,-5.88,-6.28,15.46
2024/01/01 16:12:30.70,100.70,-5.96,-5.96,15.48
2024/01/01 16:12:30.71,100.71,-6.15,-5.58,15.51
2024/01/01 16:12:30.72,100.72,-6.35,-5.30,15.54
2024/01/01 16:12:30.73,100.73,-6.45,-5.18,15.54
2024/01/01 16:12:30.74,100.74,-6.41,-5.23,15.47
2024/01/01 16:12:30.75,100.75,-6.29,-5.35,15.37
2024/01/01 16:12:30.76,100.76,-6.19,-5.49,15.28
2024/01/01 16:12:30.77,100.77,-6.23,-5.63,15.24
2024/01/01 16:12:30.78,100.78,-6.45,-5.76,15.23
2024/01/01 16:12:30.79,100.79,-6.81,-5.88,15.24
2024/01/01 16:12:30.80,100.80,-7.21,-5.92,15.24
2024/01/01 16:12:30.81,100.81,-7.56,-5.82,15.20
2024/01/01 16:12:30.82,100.82,-7.80,-5.65,15.08
2024/01/01 16:12:30.83,100.83,-7.91,-5.56,14.91
2024/01/01 16:12:30.84,100.84,-7.92,-5.64,14.79
2024/01/01 16:12:30.85,100.85,-7.94,-5.89,14.72
2024/01/01 16:12:30.86,100.86,-8.04,-6.22,14.67
2024/01/01 16:12:30.87,100.87,-8.22,-6.58,14.63
2024/01/01 16:12:30.88,100.88,-8.44,-6.93,14.62
2024/01/01 16:12:30.89,100.89,-8.66,-7.24,14.60
2024/01/01 16:12:30.90,100.90,-8.87,-7.54,14.56
2024/01/01 16:12:30.91,100.91,-9.12,-7.85,14.52
2024/01/01 16:12:30.92,100.92,-9.44,-8.15,14.56
2024/01/01 16:12:30.93,100.93,-9.81,-8.42,14.71
2024/01/01 16:12:30.94,100.94,-10.21,-8.66,14.94
2024/01/01 16:12:30.95,100.95,-10.57,-8.86,15.19
2024/01/01 16:12:30.96,100.96,-10.83,-9.00,15.41
2024/01/01 16:12:30.97,100.97,-10.91,-9.05,15.58
2024/01/01 16:12:30.98,100.98,-10.81,-9.00,15.66
2024/01/01 16:12:30.99,100.99,-10.51,-8.87,15.66
2024/01/01 16:12:31.00,101.00,-10.12,-8.69,15.60
2024/01/01 16:12:31.01,101.01,-9.74,-8.52,15.54
2024/01/01 16:12:31.02,101.02,-9.49,-8.43,15.51
2024/01/01 16:12:31.03,101.03,-9.41,-8.44,15.50
2024/01/01 16:12:31.04,101.04,-9.49,-8.51,15.49
2024/01/01 16:12:31.05,101.05,-9.63,-8.56,15.46
2024/01/01 16:12:31.06,101.06,-9.72,-8.53,15.39
2024/01/01 16:12:31.07,101.07,-9.67,-8.40,15.30
2024/01/01 16:12:31.08,101.08,-9.48,-8.19,15.24
2024/01/01 16:12:31.09,101.09,-9.19,-7.95,15.22
2024/01/01 16:12:31.10,101.10,-8.89,-7.69,15.23
2024/01/01 16:12:31.11,101.11,-8.69,-7.37,15.26
2024/01/01 16:12:31.12,101.12,-8.62,-7.01,15.34
2024/01/01 16:12:31.13,101.13,-8.67,-6.64,15.41
2024/01/01 16:12:31.14,101.14,-8.73,-6.31,15.44
2024/01/01 16:12:31.15,101.15,-8.72,-6.07,15.41
2024/01/01 16:12:31.16,101.16,-8.67,-5.92,15.33
2024/01/01 16:12:31.17,101.17,-8.59,-5.80,15.20
2024/01/01 16:12:31.18,101.18,-8.52,-5.68,15.04
2024/01/01 16:12:31.19,101.19,-8.52,-5.56,14.92
2024/01/01 16:12:31.20,101.20,-8.58,-5.40,14.85
2024/01/01 16:12:31.21,101.21,-8.64,-5.17,14.79
2024/01/01 16:12:31.22,101.22,-8.64,-4.90,14.71
2024/01/01 16:12:31.23,101.23,-8.56,-4.64,14.58
2024/01/01 16:12:31.24,101.24,-8.38,-4.44,14.41
2024/01/01 16:12:31.25,101.25,-8.13,-4.35,14.23
2024/01/01 16:12:31.26,101.26,-7.89,-4.39,14.08
2024/01/01 16:12:31.27,101.27,-7.71,-4.51,13.94
2024/01/01 16:12:31.28,101.28,-7.61,-4.62,13.78
2024/01/01 16:12:31.29,101.29,-7.61,-4.67,13.60
2024/01/01 16:12:31.30,101.30,-7.68,-4.70,13.47
2024/01/01 16:12:31.31,101.31,-7.78,-4.74,13.42
2024/01/01 16:12:31.32,101.32,-7.88,-4.84,13.44
2024/01/01 16:12:31.33,101.33,-7.94,-4.97,13.54
2024/01/01 16:12:31.34,101.34,-7.95,-5.09,13.70
2024/01/01 16:12:31.35,101.35,-7.89,-5.15,13.92
2024/01/01 16:12:31.36,101.36,-7.82,-5.21,14.14
2024/01/01 16:12:31.37,101.37,-7.78,-5.36,14.36
2024/01/01 16:12:31.38,101.38,-7.78,-5.62,14.55
2024/01/01 16:12:31.39,101.39,-7.79,-5.98,14.72
2024/01/01 16:12:31.40,101.40,-7.82,-6.44,14.86
2024/01/01 16:12:31.41,101.41,-7.85,-6.95,14.98
2024/01/01 16:12:31.42,101.42,-7.87,-7.53,15.11
2024/01/01 16:12:31.43,101.43,-7.90,-8.16,15.26
2024/01/01 16:12:31.44,101.44,-7.98,-8.78,15.40
2024/01/01 16:12:31.45,101.45,-8.06,-9.33,15.46
2024/01/01 16:12:31.46,101.46,-8.09,-9.77,15.46
2024/01/01 16:12:31.47,101.47,-8.10,-10.05,15.44
2024/01/01 16:12:31.48,101.48,-8.08,-10.15,15.41
2024/01/01 16:12:31.49,101.49,-8.03,-10.14,15.37
2024/01/01 16:12:31.50,101.50,-7.94,-10.12,15.29
2024/01/01 16:12:31.51,101.51,-7.81,-10.17,15.23
2024/01/01 16:12:31.52,101.52,-7.65,-10.30,15.16
2024/01/01 16:12:31.53,101.53,-7.51,-10.48,15.08
2024/01/01 16:12:31.54,101.54,-7.43,-10.68,15.00
2024/01/01 16:12:31.55,101.55,-7.40,-10.81,14.88
2024/01/01 16:12:31.56,101.56,-7.38,-10.80,14.71
2024/01/01 16:12:31.57,101.57,-7.35,-10.64,14.49
2024/01/01 16:12:31.58,101.58,-7.28,-10.38,14.27
2024/01/01 16:12:31.59,101.59,-7.21,-10.12,14.09
2024/01/01 16:12:31.60,101.60,-7.18,-9.89,14.00
2024/01/01 16:12:31.61,101.61,-7.23,-9.69,14.01
2024/01/01 16:12:31.62,101.62,-7.36,-9.48,14.11
2024/01/01 16:12:31.63,101.63,-7.58,-9.26,14.24
2024/01/01 16:12:31.64,101.64,-7.87,-9.14,14.33
2024/01/01 16:12:31.65,101.65,-8.20,-9.15,14.41
2024/01/01 16:12:31.66,101.66,-8.57,-9.26,14.50
2024/01/01 16:12:31.67,101.67,-9.00,-9.35,14.61
2024/01/01 16:12:31.68,101.68,-9.44,-9.31,14.71
2024/01/01 16:12:31.69,101.69,-9.89,-9.11,14.81
2024/01/01 16:12:31.70,101.70,-10.29,-8.80,14.92
2024/01/01 16:12:31.71,101.71,-10.60,-8.49,15.03
2024/01/01 16:12:31.72,101.72,-10.84,-8.22,15.16
2024/01/01 16:12:31.73,101.73,-10.99,-8.00,15.29
2024/01/01 16:12:31.74,101.74,-11.04,-7.77,15.37
2024/01/01 16:12:31.75,101.75,-11.03,-7.49,15.35
2024/01/01 16:12:31.76,101.76,-10.99,-7.20,15.24
2024/01/01 16:12:31.77,101.77,-10.92,-6.97,15.10
2024/01/01 16:12:31.78,101.78,-10.82,-6.86,14.94
2024/01/01 16:12:31.79,101.79,-10.71,-6.85,14.81
2024/01/01 16:12:31.80,101.80,-10.61,-6.84,14.69
2024/01/01 16:12:31.81,101.81,-10.51,-6.72,14.56
2024/01/01 16:12:31.82,101.82,-10.44,-6.42,14.37
2024/01/01 16:12:31.83,101.83,-10.36,-5.98,14.16
2024/01/01 16:12:31.84,101.84,-10.24,-5.51,13.98
2024/01/01 16:12:31.85,101.85,-10.03,-5.09,13.87
2024/01/01 16:12:31.86,101.86,-9.76,-4.78,13.87
2024/01/01 16:12:31.87,101.87,-9.44,-4.55,13.98
2024/01/01 16:12:31.88,101.88,-9.11,-4.36,14.14
2024/01/01 16:12:31.89,101.89,-8.83,-4.16,14.26
2024/01/01 16:12:31.90,101.90,-8.61,-3.98,14.29
2024/01/01 16:12:31.91,101.91,-8.42,-3.85,14.23
2024/01/01 16:12:31.92,101.92,-8.28,-3.81,14.16
2024/01/01 16:12:31.93,101.93,-8.17,-3.83,14.16
2024/01/01 16:12:31.94,101.94,-8.10,-3.88,14.25
2024/01/01 16:12:31.95,101.95,-8.04,-3.94,14.42
2024/01/01 16:12:31.96,101.96,-7.95,-4.03,14.66
2024/01/01 16:12:31.97,101.97,-7.80,-4.18,14.92
2024/01/01 16:12:31.98,101.98,-7.57,-4.40,15.17
2024/01/01 16:12:31.99,101.99,-7.27,-4.71,15.41
2024/01/01 16:12:32.00,102.00,-6.92,-5.07,15.60
2024/01/01 16:12:32.01,102.01,-6.58,-5.46,15.75
2024/01/01 16:12:32.02,102.02,-6.33,-5.85,15.85
2024/01/01 16:12:32.03,102.03,-6.20,-6.19,15.93
2024/01/01 16:12:32.04,102.04,-6.21,-6.43,15.96
2024/01/01 16:12:32.05,102.05,-6.32,-6.58,15.95
2024/01/01 16:12:32.06,102.06,-6.43,-6.69,15.89
2024/01/01 16:12:32.07,102.07,-6.50,-6.80,15.75
2024/01/01 16:12:32.08,102.08,-6.50,-6.90,15.58
2024/01/01 16:12:32.09,102.09,-6.43,-6.97,15.43
2024/01/01 16:12:32.10,102.10,-6.33,-7.00,15.33
2024/01/01 16:12:32.11,102.11,-6.20,-7.00,15.27
2024/01/01 16:12:32.12,102.12,-6.04,-7.03,15.22
2024/01/01 16:12:32.13,102.13,-5.88,-7.05,15.13
2024/01/01 16:12:32.14,102.14,-5.73,-7.04,15.02
2024/01/01 16:12:32.15,102.15,-5.64,-7.00,14.89
2024/01/01 16:12:32.16,102.16,-5.64,-6.98,14.76
2024/01/01 16:12:32.17,102.17,-5.72,-7.02,14.65
2024/01/01 16:12:32.18,102.18,-5.88,-7.14,14.58
2024/01/01 16:12:32.19,102.19,-6.10,-7.33,14.56
2024/01/01 16:12:32.20,102.20,-6.37,-7.54,14.60
2024/01/01 16:12:32.21,102.21,-6.65,-7.75,14.65
2024/01/01 16:12:32.22,102.22,-6.88,-7.93,14.68
2024/01/01 16:12:32.23,102.23,-7.05,-8.08,14.69
2024/01/01 16:12:32.24,102.24,-7.18,-8.17,14.65
2024/01/01 16:12:32.25,102.25,-7.25,-8.19,14.59
2024/01/01 16:12:32.26,102.26,-7.29,-8.19,14.51
2024/01/01 16:12:32.27,102.27,-7.32,-8.23,14.44
2024/01/01 16:12:32.28,102.28,-7.36,-8.37,14.41
2024/01/01 16:12:32.29,102.29,-7.45,-8.62,14.46
2024/01/01 16:12:32.30,102.30,-7.62,-8.93,14.54
2024/01/01 16:12:32.31,102.31,-7.86,-9.24,14.61
2024/01/01 16:12:32.32,102.32,-8.14,-9.51,14.66
2024/01/01 16:12:32.33,102.33,-8.43,-9.70,14.70
2024/01/01 16:12:32.34,102.34,-8.71,-9.83,14.75
2024/01/01 16:12:32.35,102.35,-8.93,-9.92,14.77
2024/01/01 16:12:32.36,102.36,-9.06,-9.98,14.77
2024/01/01 16:12:32.37,102.37,-9.06,-9.98,14.76
2024/01/01 16:12:32.38,102.38,-8.97,-9.84,14.70
2024/01/01 16:12:32.39,102.39,-8.84,-9.55,14.61
2024/01/01 16:12:32.40,102.40,-8.71,-9.10,14.52
2024/01/01 16:12:32.41,102.41,-8.60,-8.53,14.43
2024/01/01 16:12:32.42,102.42,-8.52,-7.93,14.33
2024/01/01 16:12:32.43,102.43,-8.45,-7.39,14.21
2024/01/01 16:12:32.44,102.44,-8.40,-6.94,14.13
2024/01/01 16:12:32.45,102.45,-8.39,-6.61,14.13
2024/01/01 16:12:32.46,102.46,-8.41,-6.38,14.22
2024/01/01 16:12:32.47,102.47,-8.40,-6.24,14.32
2024/01/01 16:12:32.48,102.48,-8.31,-6.17,14.42
2024/01/01 16:12:32.49,102.49,-8.11,-6.14,14.51
2024/01/01 16:12:32.50,102.50,-7.86,-6.10,14.63
2024/01/01 16:12:32.51,102.51,-7.62,-6.01,14.78
2024/01/01 16:12:32.52,102.52,-7.41,-5.85,14.96
2024/01/01 16:12:32.53,102.53,-7.23,-5.61,15.12
2024/01/01 16:12:32.54,102.54,-7.10,-5.30,15.19
2024/01/01 16:12:32.55,102.55,-7.00,-4.94,15.21
2024/01/01 16:12:32.56,102.56,-6.91,-4.60,15.20
2024/01/01 16:12:32.57,102.57,-6.86,-4.34,15.20
2024/01/01 16:12:32.58,102.58,-6.85,-4.27,15.20
2024/01/01 16:12:32.59,102.59,-6.83,-4.47,15.23
2024/01/01 16:12:32.60,102.60,-6.78,-4.89,15.28
2024/01/01 16:12:32.61,102.61,-6.72,-5.44,15.33
2024/01/01 16:12:32.62,102.62,-6.65,-5.99,15.34
2024/01/01 16:12:32.63,102.63,-6.58,-6.45,15.29
2024/01/01 16:12:32.64,102.64,-6.53,-6.73,15.20
2024/01/01 16:12:32.65,102.65,-6.52,-6.85,15.06
2024/01/01 16:12:32.66,102.66,-6.56,-6.80,14.92
2024/01/01 16:12:32.67,102.67,-6.65,-6.64,14.80
2024/01/01 16:12:32.68,102.68,-6.74,-6.43,14.68
2024/01/01 16:12:32.69,102.69,-6.80,-6.32,14.54
2024/01/01 16:12:32.70,102.70,-6.81,-6.37,14.38
2024/01/01 16:12:32.71,102.71,-6.77,-6.59,14.23
2024/01/01 16:12:32.72,102.72,-6.75,-6.89,14.09
2024/01/01 16:12:32.73,102.73,-6.78,-7.19,13.96
2024/01/01 16:12:32.74,102.74,-6.87,-7.46,13.83
2024/01/01 16:12:32.75,102.75,-6.98,-7.67,13.73
2024/01/01 16:12:32.76,102.76,-7.05,-7.83,13.68
2024/01/01 16:12:32.77,102.77,-7.08,-7.93,13.66
2024/01/01 16:12:32.78,102.78,-7.06,-7.96,13.66
2024/01/01 16:12:32.79,102.79,-7.03,-7.89,13.67
2024/01/01 16:12:32.80,102.80,-6.98,-7.78,13.70
2024/01/01 16:12:32.81,102.81,-6.90,-7.69,13.75
2024/01/01 16:12:32.82,102.82,-6.78,-7.63,13.80
2024/01/01 16:12:32.83,102.83,-6.64,-7.61,13.88
2024/01/01 16:12:32.84,102.84,-6.52,-7.64,13.99
2024/01/01 16:12:32.85,102.85,-6.48,-7.68,14.10
2024/01/01 16:12:32.86,102.86,-6.53,-7.73,14.18
2024/01/01 16:12:32.87,102.87,-6.64,-7.75,14.21
2024/01/01 16:12:32.88,102.88,-6.80,-7.76,14.24
2024/01/01 16:12:32.89,102.89,-6.99,-7.77,14.28
2024/01/01 16:12:32.90,102.90,-7.20,-7.78,14.33
2024/01/01 16:12:32.91,102.91,-7.41,-7.77,14.38
2024/01/01 16:12:32.92,102.92,-7.60,-7.69,14.39
2024/01/01 16:12:32.93,102.93,-7.76,-7.51,14.33
2024/01/01 16:12:32.94,102.94,-7.89,-7.24,14.20
2024/01/01 16:12:32.95,102.95,-8.03,-6.93,14.10
2024/01/01 16:12:32.96,102.96,-8.17,-6.67,14.05
2024/01/01 16:12:32.97,102.97,-8.34,-6.52,14.04
2024/01/01 16:12:32.98,102.98,-8.56,-6.47,14.06
2024/01/01 16:12:32.99,102.99,-8.77,-6.48,14.11
2024/01/01 16:12:33.00,103.00,-8.95,-6.52,14.19
2024/01/01 16:12:33.01,103.01,-9.05,-6.58,14.25
2024/01/01 16:12:33.02,103.02,-9.04,-6.65,14.27
2024/01/01 16:12:33.03,103.03,-8.97,-6.75,14.25
2024/01/01 16:12:33.04,103.04,-8.91,-6.84,14.21
2024/01/01 16:12:33.05,103.05,-8.93,-6.90,14.15
2024/01/01 16:12:33.06,103.06,-9.05,-6.93,14.10
2024/01/01 16:12:33.07,103.07,-9.27,-6.89,14.06
2024/01/01 16:12:33.08,103.08,-9.54,-6.74,14.00
2024/01/01 16:12:33.09,103.09,-9.81,-6.50,13.88
2024/01/01 16:12:33.10,103.10,-9.99,-6.24,13.75
2024/01/01 16:12:33.11,103.11,-10.06,-6.02,13.66
2024/01/01 16:12:33.12,103.12,-10.00,-5.93,13.64
2024/01/01 16:12:33.13,103.13,-9.85,-5.98,13.67
2024/01/01 16:12:33.14,103.14,-9.72,-6.12,13.74
2024/01/01 16:12:33.15,103.15,-9.65,-6.23,13.83
2024/01/01 16:12:33.16,103.16,-9.65,-6.27,13.94
2024/01/01 16:12:33.17,103.17,-9.69,-6.28,14.08
2024/01/01 16:12:33.18,103.18,-9.75,-6.32,14.26
2024/01/01 16:12:33.19,103.19,-9.79,-6.46,14.43
2024/01/01 16:12:33.20,103.20,-9.82,-6.67,14.56
2024/01/01 16:12:33.21,103.21,-9.89,-6.87,14.67
2024/01/01 16:12:33.22,103.22,-9.99,-6.97,14.78
2024/01/01 16:12:33.23,103.23,-10.16,-6.95,14.87
2024/01/01 16:12:33.24,103.24,-10.39,-6.91,14.93
2024/01/01 16:12:33.25,103.25,-10.62,-6.98,14.94
2024/01/01 16:12:33.26,103.26,-10.76,-7.22,14.92
2024/01/01 16:12:33.27,103.27,-10.79,-7.58,14.94
2024/01/01 16:12:33.28,103.28,-10.72,-7.92,14.99
2024/01/01 16:12:33.29,103.29,-10.57,-8.13,15.07
2024/01/01 16:12:33.30,103.30,-10.37,-8.16,15.18
2024/01/01 16:12:33.31,103.31,-10.12,-8.03,15.26
2024/01/01 16:12:33.32,103.32,-9.81,-7.86,15.25
2024/01/01 16:12:33.33,103.33,-9.42,-7.80,15.13
2024/01/01 16:12:33.34,103.34,-8.97,-7.90,14.94
2024/01/01 16:12:33.35,103.35,-8.49,-8.13,14.76
2024/01/01 16:12:33.36,103.36,-7.99,-8.42,14.59
2024/01/01 16:12:33.37,103.37,-7.51,-8.70,14.47
2024/01/01 16:12:33.38,103.38,-7.06,-8.93,14.38
2024/01/01 16:12:33.39,103.39,-6.65,-9.12,14.26
2024/01/01 16:12:33.40,103.40,-6.30,-9.24,14.10
2024/01/01 16:12:33.41,103.41,-6.05,-9.28,13.95
2024/01/01 16:12:33.42,103.42,-5.89,-9.17,13.83
2024/01/01 16:12:33.43,103.43,-5.82,-8.86,13.76
2024/01/01 16:12:33.44,103.44,-5.82,-8.39,13.74
2024/01/01 16:12:33.45,103.45,-5.86,-7.90,13.76
2024/01/01 16:12:33.46,103.46,-5.89,-7.54,13.84
2024/01/01 16:12:33.47,103.47,-5.92,-7.44,13.97
2024/01/01 16:12:33.48,103.48,-5.97,-7.56,14.08
2024/01/01 16:12:33.49,103.49,-6.07,-7.76,14.17
2024/01/01 16:12:33.50,103.50,-6.17,-7.90,14.21
2024/01/01 16:12:33.51,103.51,-6.22,-7.89,14.23
2024/01/01 16:12:33.52,103.52,-6.17,-7.73,14.23
2024/01/01 16:12:33.53,103.53,-6.01,-7.52,14.22
2024/01/01 16:12:33.54,103.54,-5.80,-7.28,14.27
2024/01/01 16:12:33.55,103.55,-5.63,-7.03,14.40
2024/01/01 16:12:33.56,103.56,-5.54,-6.76,14.56
2024/01/01 16:12:33.57,103.57,-5.49,-6.50,14.68
2024/01/01 16:12:33.58,103.58,-5.46,-6.28,14.72
2024/01/01 16:12:33.59,103.59,-5.41,-6.10,14.70
2024/01/01 16:12:33.60,103.60,-5.37,-5.96,14.66
2024/01/01 16:12:33.61,103.61,-5.36,-5.82,14.62
2024/01/01 16:12:33.62,103.62,-5.40,-5.67,14.58
2024/01/01 16:12:33.63,103.63,-5.49,-5.53,14.50
2024/01/01 16:12:33.64,103.64,-5.63,-5.44,14.36
2024/01/01 16:12:33.65,103.65,-5.82,-5.41,14.17
2024/01/01 16:12:33.66,103.66,-6.03,-5.44,13.98
2024/01/01 16:12:33.67,103.67,-6.28,-5.49,13.81
2024/01/01 16:12:33.68,103.68,-6.57,-5.53,13.67
2024/01/01 16:12:33.69,103.69,-6.91,-5.51,13.55
2024/01/01 16:12:33.70,103.70,-7.25,-5.44,13.44
2024/01/01 16:12:33.71,103.71,-7.55,-5.33,13.39
2024/01/01 16:12:33.72,103.72,-7.77,-5.23,13.42
2024/01/01 16:12:33.73,103.73,-7.88,-5.15,13.51
2024/01/01 16:12:33.74,103.74,-7.92,-5.11,13.63
2024/01/01 16:12:33.75,103.75,-7.96,-5.14,13.73
2024/01/01 16:12:33.76,103.76,-8.09,-5.24,13.83
2024/01/01 16:12:33.77,103.77,-8.35,-5.40,13.96
2024/01/01 16:12:33.78,103.78,-8.75,-5.57,14.16
2024/01/01 16:12:33.79,103.79,-9.25,-5.74,14.38
2024/01/01 16:12:33.80,103.80,-9.75,-5.91,14.59
2024/01/01 16:12:33.81,103.81,-10.16,-6.12,14.79
2024/01/01 16:12:33.82,103.82,-10.43,-6.37,15.00
2024/01/01 16:12:33.83,103.83,-10.56,-6.66,15.24
2024/01/01 16:12:33.84,103.84,-10.61,-7.00,15.46
2024/01/01 16:12:33.85,103.85,-10.59,-7.39,15.65
2024/01/01 16:12:33.86,103.86,-10.52,-7.82,15.81
2024/01/01 16:12:33.87,103.87,-10.38,-8.30,15.93
2024/01/01 16:12:33.88,103.88,-10.18,-8.83,15.98
2024/01/01 16:12:33.89,103.89,-9.96,-9.40,15.96
2024/01/01 16:12:33.90,103.90,-9.75,-9.97,15.90
2024/01/01 16:12:33.91,103.91,-9.60,-10.44,15.82
2024/01/01 16:12:33.92,103.92,-9.56,-10.76,15.72
2024/01/01 16:12:33.93,103.93,-9.62,-10.91,15.60
2024/01/01 16:12:33.94,103.94,-9.75,-10.90,15.46
2024/01/01 16:12:33.95,103.95,-9.89,-10.79,15.33
2024/01/01 16:12:33.96,103.96,-9.98,-10.66,15.21
2024/01/01 16:12:33.97,103.97,-9.98,-10.56,15.09
2024/01/01 16:12:33.98,103.98,-9.88,-10.50,15.01
2024/01/01 16:12:33.99,103.99,-9.72,-10.45,14.94
2024/01/01 16:12:34.00,104.00,-9.55,-10.40,14.90
2024/01/01 16:12:34.01,104.01,-9.38,-10.32,14.87
2024/01/01 16:12:34.02,104.02,-9.26,-10.24,14.82
2024/01/01 16:12:34.03,104.03,-9.18,-10.13,14.68
2024/01/01 16:12:34.04,104.04,-9.16,-9.97,14.51
2024/01/01 16:12:34.05,104.05,-9.19,-9.78,14.36
2024/01/01 16:12:34.06,104.06,-9.23,-9.58,14.28
2024/01/01 16:12:34.07,104.07,-9.24,-9.38,14.26
2024/01/01 16:12:34.08,104.08,-9.17,-9.22,14.25
2024/01/01 16:12:34.09,104.09,-8.99,-9.11,14.25
2024/01/01 16:12:34.10,104.10,-8.73,-9.06,14.24
2024/01/01 16:12:34.11,104.11,-8.44,-9.05,14.25
2024/01/01 16:12:34.12,104.12,-8.19,-9.01,14.29
2024/01/01 16:12:34.13,104.13,-8.03,-8.83,14.35
2024/01/01 16:12:34.14,104.14,-7.96,-8.49,14.43
2024/01/01 16:12:34.15,104.15,-7.94,-8.04,14.52
2024/01/01 16:12:34.16,104.16,-7.91,-7.53,14.58
2024/01/01 16:12:34.17,104.17,-7.83,-7.04,14.60
2024/01/01 16:12:34.18,104.18,-7.69,-6.62,14.64
2024/01/01 16:12:34.19,104.19,-7.54,-6.26,14.73
2024/01/01 16:12:34.20,104.20,-7.43,-5.96,14.83
2024/01/01 16:12:34.21,104.21,-7.38,-5.72,14.89
2024/01/01 16:12:34.22,104.22,-7.39,-5.48,14.89
2024/01/01 16:12:34.23,104.23,-7.42,-5.23,14.85
2024/01/01 16:12:34.24,104.24,-7.44,-4.97,14.80
2024/01/01 16:12:34.25,104.25,-7.44,-4.74,14.76
2024/01/01 16:12:34.26,104.26,-7.43,-4.57,14.71
2024/01/01 16:12:34.27,104.27,-7.42,-4.47,14.66
2024/01/01 16:12:34.28,104.28,-7.45,-4.42,14.62
2024/01/01 16:12:34.29,104.29,-7.47,-4.40,14.57
2024/01/01 16:12:34.30,104.30,-7.47,-4.40,14.50
2024/01/01 16:12:34.31,104.31,-7.40,-4.40,14.42
2024/01/01 16:12:34.32,104.32,-7.25,-4.36,14.33
2024/01/01 16:12:34.33,104.33,-7.04,-4.30,14.23
2024/01/01 16:12:34.34,104.34,-6.81,-4.24,14.15
2024/01/01 16:12:34.35,104.35,-6.62,-4.21,14.08
2024/01/01 16:12:34.36,104.36,-6.52,-4.21,13.99
2024/01/01 16:12:34.37,104.37,-6.51,-4.24,13.88
2024/01/01 16:12:34.38,104.38,-6.53,-4.25,13.80
2024/01/01 16:12:34.39,104.39,-6.53,-4.20,13.74
2024/01/01 16:12:34.40,104.40,-6.49,-4.07,13.72
2024/01/01 16:12:34.41,104.41,-6.40,-3.94,13.74
2024/01/01 16:12:34.42,104.42,-6.31,-3.89,13.80
2024/01/01 16:12:34.43,104.43,-6.26,-3.96,13.88
2024/01/01 16:12:34.44,104.44,-6.30,-4.16,14.00
2024/01/01 16:12:34.45,104.45,-6.44,-4.45,14.12
2024/01/01 16:12:34.46,104.46,-6.70,-4.76,14.18
2024/01/01 16:12:34.47,104.47,-7.03,-5.05,14.20
2024/01/01 16:12:34.48,104.48,-7.40,-5.31,14.21
2024/01/01 16:12:34.49,104.49,-7.75,-5.57,14.24
2024/01/01 16:12:34.50,104.50,-8.04,-5.88,14.30
2024/01/01 16:12:34.51,104.51,-8.27,-6.27,14.37
2024/01/01 16:12:34.52,104.52,-8.43,-6.72,14.46
2024/01/01 16:12:34.53,104.53,-8.51,-7.16,14.59
2024/01/01 16:12:34.54,104.54,-8.56,-7.54,14.74
2024/01/01 16:12:34.55,104.55,-8.62,-7.85,14.89
2024/01/01 16:12:34.56,104.56,-8.73,-8.08,15.01
2024/01/01 16:12:34.57,104.57,-8.86,-8.26,15.10
2024/01/01 16:12:34.58,104.58,-9.00,-8.38,15.14
2024/01/01 16:12:34.59,104.59,-9.11,-8.46,15.09
2024/01/01 16:12:34.60,104.60,-9.17,-8.53,14.98
2024/01/01 16:12:34.61,104.61,-9.22,-8.59,14.84
2024/01/01 16:12:34.62,104.62,-9.30,-8.67,14.67
2024/01/01 16:12:34.63,104.63,-9.44,-8.77,14.50
2024/01/01 16:12:34.64,104.64,-9.63,-8.87,14.34
2024/01/01 16:12:34.65,104.65,-9.82,-8.95,14.24
2024/01/01 16:12:34.66,104.66,-9.98,-8.99,14.21
2024/01/01 16:12:34.67,104.67,-10.11,-9.04,14.21
2024/01/01 16:12:34.68,104.68,-10.22,-9.12,14.26
2024/01/01 16:12:34.69,104.69,-10.31,-9.25,14.33
2024/01/01 16:12:34.70,104.70,-10.41,-9.41,14.44
2024/01/01 16:12:34.71,104.71,-10.54,-9.56,14.58
2024/01/01 16:12:34.72,104.72,-10.67,-9.68,14.74
2024/01/01 16:12:34.73,104.73,-10.77,-9.76,14.91
2024/01/01 16:12:34.74,104.74,-10.76,-9.82,15.09
2024/01/01 16:12:34.75,104.75,-10.63,-9.85,15.23
2024/01/01 16:12:34.76,104.76,-10.37,-9.81,15.33
2024/01/01 16:12:34.77,104.77,-10.03,-9.72,15.44
2024/01/01 16:12:34.78,104.78,-9.67,-9.65,15.58
2024/01/01 16:12:34.79,104.79,-9.37,-9.61,15.75
2024/01/01 16:12:34.80,104.80,-9.12,-9.61,15.88
2024/01/01 16:12:34.81,104.81,-8.93,-9.64,15.95
2024/01/01 16:12:34.82,104.82,-8.75,-9.66,15.95
2024/01/01 16:12:34.83,104.83,-8.57,-9.61,15.86
2024/01/01 16:12:34.84,104.84,-8.40,-9.44,15.71
2024/01/01 16:12:34.85,104.85,-8.28,-9.11,15.53
2024/01/01 16:12:34.86,104.86,-8.22,-8.65,15.38
2024/01/01 16:12:34.87,104.87,-8.18,-8.14,15.26
2024/01/01 16:12:34.88,104.88,-8.14,-7.66,15.14
2024/01/01 16:12:34.89,104.89,-8.06,-7.27,15.06
2024/01/01 16:12:34.90,104.90,-7.92,-6.93,15.05
2024/01/01 16:12:34.91,104.91,-7.76,-6.62,15.08
2024/01/01 16:12:34.92,104.92,-7.61,-6.29,15.05
2024/01/01 16:12:34.93,104.93,-7.44,-5.96,14.93
2024/01/01 16:12:34.94,104.94,-7.28,-5.62,14.76
2024/01/01 16:12:34.95,104.95,-7.14,-5.34,14.62
2024/01/01 16:12:34.96,104.96,-7.05,-5.15,14.51
2024/01/01 16:12:34.97,104.97,-7.01,-5.03,14.43
2024/01/01 16:12:34.98,104.98,-7.04,-4.93,14.39
2024/01/01 16:12:34.99,104.99,-7.10,-4.77,14.39
2024/01/01 16:12:35.00,105.00,-7.14,-4.53,14.44
2024/01/01 16:12:35.01,105.01,-7.10,-4.23,14.49
2024/01/01 16:12:35.02,105.02,-6.98,-3.96,14.56
2024/01/01 16:12:35.03,105.03,-6.79,-3.81,14.63
2024/01/01 16:12:35.04,105.04,-6.59,-3.80,14.72
2024/01/01 16:12:35.05,105.05,-6.42,-3.94,14.79
2024/01/01 16:12:35.06,105.06,-6.34,-4.15,14.81
2024/01/01 16:12:35.07,105.07,-6.37,-4.40,14.80
2024/01/01 16:12:35.08,105.08,-6.48,-4.70,14.77
2024/01/01 16:12:35.09,105.09,-6.67,-5.10,14.74
2024/01/01 16:12:35.10,105.10,-6.90,-5.56,14.71
2024/01/01 16:12:35.11,105.11,-7.15,-6.03,14.68
2024/01/01 16:12:35.12,105.12,-7.39,-6.45,14.64
2024/01/01 16:12:35.13,105.13,-7.58,-6.80,14.57
2024/01/01 16:12:35.14,105.14,-7.72,-7.10,14.47
2024/01/01 16:12:35.15,105.15,-7.81,-7.35,14.35
2024/01/01 16:12:35.16,105.16,-7.90,-7.58,14.24
2024/01/01 16:12:35.17,105.17,-8.00,-7.78,14.16
2024/01/01 16:12:35.18,105.18,-8.11,-7.90,14.13
2024/01/01 16:12:35.19,105.19,-8.24,-7.95,14.14
2024/01/01 16:12:35.20,105.20,-8.35,-7.90,14.17
2024/01/01 16:12:35.21,105.21,-8.44,-7.82,14.24
2024/01/01 16:12:35.22,105.22,-8.49,-7.74,14.35
2024/01/01 16:12:35.23,105.23,-8.49,-7.71,14.48
2024/01/01 16:12:35.24,105.24,-8.48,-7.75,14.62
2024/01/01 16:12:35.25,105.25,-8.47,-7.84,14.76
2024/01/01 16:12:35.26,105.26,-8.48,-7.97,14.92
2024/01/01 16:12:35.27,105.27,-8.49,-8.15,15.10
2024/01/01 16:12:35.28,105.28,-8.51,-8.41,15.28
2024/01/01 16:12:35.29,105.29,-8.53,-8.74,15.45
2024/01/01 16:12:35.30,105.30,-8.53,-9.13,15.61
2024/01/01 16:12:35.31,105.31,-8.51,-9.54,15.76
2024/01/01 16:12:35.32,105.32,-8.49,-9.96,15.88
2024/01/01 16:12:35.33,105.33,-8.46,-10.35,15.96
2024/01/01 16:12:35.34,105.34,-8.40,-10.68,16.01
2024/01/01 16:12:35.35,105.35,-8.29,-10.86,16.06
2024/01/01 16:12:35.36,105.36,-8.14,-10.85,16.08
2024/01/01 16:12:35.37,105.37,-7.97,-10.65,16.07
2024/01/01 16:12:35.38,105.38,-7.82,-10.31,16.01
2024/01/01 16:12:35.39,105.39,-7.74,-9.87,15.93
2024/01/01 16:12:35.40,105.40,-7.71,-9.41,15.82
2024/01/01 16:12:35.41,105.41,-7.72,-9.01,15.66
2024/01/01 16:12:35.42,105.42,-7.77,-8.71,15.46
2024/01/01 16:12:35.43,105.43,-7.87,-8.54,15.26
2024/01/01 16:12:35.44,105.44,-8.00,-8.48,15.13
2024/01/01 16:12:35.45,105.45,-8.20,-8.46,15.08
2024/01/01 16:12:35.46,105.46,-8.44,-8.43,15.07
2024/01/01 16:12:35.47,105.47,-8.71,-8.36,15.06
2024/01/01 16:12:35.48,105.48,-8.99,-8.23,15.06
2024/01/01 16:12:35.49,105.49,-9.24,-8.04,15.08
2024/01/01 16:12:35.50,105.50,-9.38,-7.79,15.12
2024/01/01 16:12:35.51,105.51,-9.44,-7.50,15.16
2024/01/01 16:12:35.52,105.52,-9.42,-7.23,15.19
2024/01/01 16:12:35.53,105.53,-9.35,-7.05,15.21
2024/01/01 16:12:35.54,105.54,-9.26,-7.03,15.23
2024/01/01 16:12:35.55,105.55,-9.18,-7.18,15.23
2024/01/01 16:12:35.56,105.56,-9.09,-7.45,15.16
2024/01/01 16:12:35.57,105.57,-8.99,-7.74,15.01
2024/01/01 16:12:35.58,105.58,-8.89,-7.95,14.77
2024/01/01 16:12:35.59,105.59,-8.80,-8.06,14.49
2024/01/01 16:12:35.60,105.60,-8.74,-8.10,14.24
2024/01/01 16:12:35.61,105.61,-8.73,-8.10,14.05
2024/01/01 16:12:35.62,105.62,-8.76,-8.10,13.95
2024/01/01 16:12:35.63,105.63,-8.79,-8.03,13.93
2024/01/01 16:12:35.64,105.64,-8.79,-7.85,13.93
2024/01/01 16:12:35.65,105.65,-8.75,-7.57,13.94
2024/01/01 16:12:35.66,105.66,-8.67,-7.23,13.94
2024/01/01 16:12:35.67,105.67,-8.54,-6.94,13.97
2024/01/01 16:12:35.68,105.68,-8.39,-6.72,14.04
2024/01/01 16:12:35.69,105.69,-8.22,-6.52,14.14
2024/01/01 16:12:35.70,105.70,-8.07,-6.29,14.28
2024/01/01 16:12:35.71,105.71,-7.95,-6.03,14.46
2024/01/01 16:12:35.72,105.72,-7.91,-5.80,14.63
2024/01/01 16:12:35.73,105.73,-7.97,-5.65,14.75
2024/01/01 16:12:35.74,105.74,-8.12,-5.61,14.85
2024/01/01 16:12:35.75,105.75,-8.33,-5.63,14.96
2024/01/01 16:12:35.76,105.76,-8.53,-5.61,15.11
2024/01/01 16:12:35.77,105.77,-8.64,-5.52,15.28
2024/01/01 16:12:35.78,105.78,-8.66,-5.40,15.48
2024/01/01 16:12:35.79,105.79,-8.55,-5.33,15.68
2024/01/01 16:12:35.80,105.80,-8.34,-5.36,15.81
2024/01/01 16:12:35.81,105.81,-8.09,-5.47,15.87
2024/01/01 16:12:35.82,105.82,-7.86,-5.64,15.88
2024/01/01 16:12:35.83,105.83,-7.66,-5.85,15.89
2024/01/01 16:12:35.84,105.84,-7.49,-6.10,15.86
2024/01/01 16:12:35.85,105.85,-7.34,-6.36,15.77
2024/01/01 16:12:35.86,105.86,-7.17,-6.62,15.62
2024/01/01 16:12:35.87,105.87,-6.98,-6.80,15.44
2024/01/01 16:12:35.88,105.88,-6.78,-6.89,15.29
2024/01/01 16:12:35.89,105.89,-6.59,-6.89,15.17
2024/01/01 16:12:35.90,105.90,-6.42,-6.83,15.06
2024/01/01 16:12:35.91,105.91,-6.27,-6.79,14.96
2024/01/01 16:12:35.92,105.92,-6.13,-6.81,14.87
2024/01/01 16:12:35.93,105.93,-6.02,-6.93,14.76
2024/01/01 16:12:35.94,105.94,-5.97,-7.13,14.65
2024/01/01 16:12:35.95,105.95,-5.97,-7.39,14.55
2024/01/01 16:12:35.96,105.96,-6.01,-7.66,14.45
2024/01/01 16:12:35.97,105.97,-6.12,-7.86,14.33
2024/01/01 16:12:35.98,105.98,-6.25,-7.96,14.20
2024/01/01 16:12:35.99,105.99,-6.39,-7.98,14.10
2024/01/01 16:12:36.00,106.00,-6.54,-7.93,14.07
2024/01/01 16:12:36.01,106.01,-6.65,-7.85,14.11
2024/01/01 16:12:36.02,106.02,-6.70,-7.77,14.20
2024/01/01 16:12:36.03,106.03,-6.70,-7.67,14.32
2024/01/01 16:12:36.04,106.04,-6.69,-7.56,14.45
2024/01/01 16:12:36.05,106.05,-6.67,-7.51,14.59
2024/01/01 16:12:36.06,106.06,-6.68,-7.55,14.70
2024/01/01 16:12:36.07,106.07,-6.76,-7.66,14.78
2024/01/01 16:12:36.08,106.08,-6.90,-7.81,14.83
2024/01/01 16:12:36.09,106.09,-7.08,-7.97,14.81
2024/01/01 16:12:36.10,106.10,-7.31,-8.07,14.74
2024/01/01 16:12:36.11,106.11,-7.57,-8.10,14.65
2024/01/01 16:12:36.12,106.12,-7.86,-8.09,14.58
2024/01/01 16:12:36.13,106.13,-8.13,-8.03,14.57
2024/01/01 16:12:36.14,106.14,-8.33,-7.92,14.59
2024/01/01 16:12:36.15,106.15,-8.46,-7.79,14.61
2024/01/01 16:12:36.16,106.16,-8.53,-7.64,14.60
2024/01/01 16:12:36.17,106.17,-8.53,-7.51,14.57
2024/01/01 16:12:36.18,106.18,-8.51,-7.41,14.53
2024/01/01 16:12:36.19,106.19,-8.45,-7.38,14.50
2024/01/01 16:12:36.20,106.20,-8.37,-7.42,14.50
2024/01/01 16:12:36.21,106.21,-8.28,-7.46,14.50
2024/01/01 16:12:36.22,106.22,-8.19,-7.44,14.50
2024/01/01 16:12:36.23,106.23,-8.09,-7.34,14.49
2024/01/01 16:12:36.24,106.24,-8.02,-7.19,14.46
2024/01/01 16:12:36.25,106.25,-8.00,-7.00,14.42
2024/01/01 16:12:36.26,106.26,-7.98,-6.81,14.42
2024/01/01 16:12:36.27,106.27,-7.97,-6.65,14.48
2024/01/01 16:12:36.28,106.28,-7.95,-6.55,14.57
2024/01/01 16:12:36.29,106.29,-7.91,-6.53,14.64
2024/01/01 16:12:36.30,106.30,-7.89,-6.58,14.71
2024/01/01 16:12:36.31,106.31,-7.89,-6.67,14.80
2024/01/01 16:12:36.32,106.32,-7.95,-6.80,14.90
2024/01/01 16:12:36.33,106.33,-8.06,-6.98,15.00
2024/01/01 16:12:36.34,106.34,-8.23,-7.19,15.09
2024/01/01 16:12:36.35,106.35,-8.45,-7.38,15.15
2024/01/01 16:12:36.36,106.36,-8.68,-7.49,15.19
2024/01/01 16:12:36.37,106.37,-8.94,-7.55,15.23
2024/01/01 16:12:36.38,106.38,-9.17,-7.60,15.29
2024/01/01 16:12:36.39,106.39,-9.34,-7.67,15.41
2024/01/01 16:12:36.40,106.40,-9.41,-7.74,15.57
2024/01/01 16:12:36.41,106.41,-9.40,-7.79,15.72
2024/01/01 16:12:36.42,106.42,-9.31,-7.81,15.82
2024/01/01 16:12:36.43,106.43,-9.20,-7.81,15.87
2024/01/01 16:12:36.44,106.44,-9.11,-7.80,15.89
2024/01/01 16:12:36.45,106.45,-9.09,-7.82,15.88
2024/01/01 16:12:36.46,106.46,-9.15,-7.85,15.87
2024/01/01 16:12:36.47,106.47,-9.29,-7.89,15.84
2024/01/01 16:12:36.48,106.48,-9.49,-7.89,15.78
2024/01/01 16:12:36.49,106.49,-9.72,-7.87,15.67
2024/01/01 16:12:36.50,106.50,-9.92,-7.84,15.56
2024/01/01 16:12:36.51,106.51,-10.09,-7.82,15.46
2024/01/01 16:12:36.52,106.52,-10.19,-7.85,15.34
2024/01/01 16:12:36.53,106.53,-10.23,-7.94,15.20
2024/01/01 16:12:36.54,106.54,-10.19,-8.09,15.08
2024/01/01 16:12:36.55,106.55,-10.12,-8.29,14.99
2024/01/01 16:12:36.56,106.56,-10.07,-8.52,14.90
2024/01/01 16:12:36.57,106.57,-10.06,-8.78,14.78
2024/01/01 16:12:36.58,106.58,-10.09,-9.03,14.64
2024/01/01 16:12:36.59,106.59,-10.14,-9.20,14.51
2024/01/01 16:12:36.60,106.60,-10.19,-9.24,14.41
2024/01/01 16:12:36.61,106.61,-10.21,-9.16,14.37
2024/01/01 16:12:36.62,106.62,-10.19,-9.00,14.38
2024/01/01 16:12:36.63,106.63,-10.11,-8.84,14.42
2024/01/01 16:12:36.64,106.64,-9.94,-8.72,14.49
2024/01/01 16:12:36.65,106.65,-9.70,-8.64,14.57
2024/01/01 16:12:36.66,106.66,-9.41,-8.53,14.64
2024/01/01 16:12:36.67,106.67,-9.10,-8.39,14.72
2024/01/01 16:12:36.68,106.68,-8.80,-8.25,14.81
2024/01/01 16:12:36.69,106.69,-8.52,-8.16,14.91
2024/01/01 16:12:36.70,106.70,-8.23,-8.18,15.02
2024/01/01 16:12:36.71,106.71,-7.91,-8.27,15.16
2024/01/01 16:12:36.72,106.72,-7.57,-8.32,15.33
2024/01/01 16:12:36.73,106.73,-7.26,-8.28,15.51
2024/01/01 16:12:36.74,106.74,-6.99,-8.16,15.62
2024/01/01 16:12:36.75,106.75,-6.77,-8.01,15.65
2024/01/01 16:12:36.76,106.76,-6.59,-7.87,15.63
2024/01/01 16:12:36.77,106.77,-6.43,-7.77,15.64
2024/01/01 16:12:36.78,106.78,-6.29,-7.70,15.71
2024/01/01 16:12:36.79,106.79,-6.20,-7.65,15.82
2024/01/01 16:12:36.80,106.80,-6.18,-7.59,15.88
2024/01/01 16:12:36.81,106.81,-6.21,-7.47,15.92
2024/01/01 16:12:36.82,106.82,-6.25,-7.27,15.94
2024/01/01 16:12:36.83,106.83,-6.28,-7.02,15.93
2024/01/01 16:12:36.84,106.84,-6.28,-6.78,15.87
2024/01/01 16:12:36.85,106.85,-6.28,-6.56,15.74
2024/01/01 16:12:36.86,106.86,-6.32,-6.35,15.55
2024/01/01 16:12:36.87,106.87,-6.41,-6.12,15.34
2024/01/01 16:12:36.88,106.88,-6.55,-5.88,15.16
2024/01/01 16:12:36.89,106.89,-6.72,-5.65,15.03
2024/01/01 16:12:36.90,106.90,-6.89,-5.44,14.92
2024/01/01 16:12:36.91,106.91,-7.03,-5.27,14.83
2024/01/01 16:12:36.92,106.92,-7.13,-5.12,14.75
2024/01/01 16:12:36.93,106.93,-7.21,-4.93,14.66
2024/01/01 16:12:36.94,106.94,-7.28,-4.71,14.54
2024/01/01 16:12:36.95,106.95,-7.33,-4.50,14.42
2024/01/01 16:12:36.96,106.96,-7.39,-4.31,14.33
2024/01/01 16:12:36.97,106.97,-7.48,-4.13,14.29
2024/01/01 16:12:36.98,106.98,-7.62,-3.94,14.28
2024/01/01 16:12:36.99,106.99,-7.81,-3.75,14.28
2024/01/01 16:12:37.00,107.00,-8.04,-3.58,14.29
2024/01/01 16:12:37.01,107.01,-8.30,-3.53,14.30
2024/01/01 16:12:37.02,107.02,-8.57,-3.64,14.32
2024/01/01 16:12:37.03,107.03,-8.84,-3.87,14.34
2024/01/01 16:12:37.04,107.04,-9.12,-4.14,14.37
2024/01/01 16:12:37.05,107.05,-9.40,-4.42,14.39
2024/01/01 16:12:37.06,107.06,-9.71,-4.71,14.41
2024/01/01 16:12:37.07,107.07,-10.03,-5.00,14.46
2024/01/01 16:12:37.08,107.08,-10.35,-5.30,14.55
2024/01/01 16:12:37.09,107.09,-10.63,-5.58,14.65
2024/01/01 16:12:37.10,107.10,-10.85,-5.80,14.78
2024/01/01 16:12:37.11,107.11,-10.98,-5.97,14.91
2024/01/01 16:12:37.12,107.12,-11.01,-6.11,15.05
2024/01/01 16:12:37.13,107.13,-10.95,-6.23,15.16
2024/01/01 16:12:37.14,107.14,-10.82,-6.36,15.27
2024/01/01 16:12:37.15,107.15,-10.64,-6.52,15.39
2024/01/01 16:12:37.16,107.16,-10.41,-6.73,15.49
2024/01/01 16:12:37.17,107.17,-10.17,-6.97,15.51
2024/01/01 16:12:37.18,107.18,-9.96,-7.23,15.48
2024/01/01 16:12:37.19,107.19,-9.81,-7.49,15.43
2024/01/01 16:12:37.20,107.20,-9.74,-7.72,15.35
2024/01/01 16:12:37.21,107.21,-9.70,-7.97,15.22
2024/01/01 16:12:37.22,107.22,-9.62,-8.32,15.08
2024/01/01 16:12:37.23,107.23,-9.43,-8.74,15.01
2024/01/01 16:12:37.24,107.24,-9.12,-9.21,14.99
2024/01/01 16:12:37.25,107.25,-8.74,-9.65,15.02
2024/01/01 16:12:37.26,107.26,-8.32,-10.03,15.08
2024/01/01 16:12:37.27,107.27,-7.91,-10.29,15.13
2024/01/01 16:12:37.28,107.28,-7.53,-10.39,15.14
2024/01/01 16:12:37.29,107.29,-7.21,-10.35,15.11
2024/01/01 16:12:37.30,107.30,-6.96,-10.25,15.08
2024/01/01 16:12:37.31,107.31,-6.76,-10.15,15.05
2024/01/01 16:12:37.32,107.32,-6.64,-10.03,15.02
2024/01/01 16:12:37.33,107.33,-6.58,-9.92,15.00
2024/01/01 16:12:37.34,107.34,-6.61,-9.80,14.97
2024/01/01 16:12:37.35,107.35,-6.68,-9.64,14.96
2024/01/01 16:12:37.36,107.36,-6.78,-9.46,14.96
2024/01/01 16:12:37.37,107.37,-6.88,-9.30,15.01
2024/01/01 16:12:37.38,107.38,-6.97,-9.15,15.12
2024/01/01 16:12:37.39,107.39,-7.05,-8.96,15.25
2024/01/01 16:12:37.40,107.40,-7.08,-8.76,15.37
2024/01/01 16:12:37.41,107.41,-7.05,-8.55,15.46
2024/01/01 16:12:37.42,107.42,-6.93,-8.35,15.54
2024/01/01 16:12:37.43,107.43,-6.75,-8.18,15.61
2024/01/01 16:12:37.44,107.44,-6.56,-8.05,15.70
2024/01/01 16:12:37.45,107.45,-6.41,-7.91,15.77
2024/01/01 16:12:37.46,107.46,-6.33,-7.70,15.82
2024/01/01 16:12:37.47,107.47,-6.34,-7.41,15.83
2024/01/01 16:12:37.48,107.48,-6.44,-7.06,15.80
2024/01/01 16:12:37.49,107.49,-6.61,-6.68,15.78
2024/01/01 16:12:37.50,107.50,-6.83,-6.27,15.76
2024/01/01 16:12:37.51,107.51,-7.11,-5.88,15.73
2024/01/01 16:12:37.52,107.52,-7.43,-5.55,15.66
2024/01/01 16:12:37.53,107.53,-7.78,-5.30,15.55
2024/01/01 16:12:37.54,107.54,-8.16,-5.13,15.45
2024/01/01 16:12:37.55,107.55,-8.56,-5.05,15.36
2024/01/01 16:12:37.56,107.56,-8.89,-5.07,15.28
2024/01/01 16:12:37.57,107.57,-9.13,-5.19,15.20
2024/01/01 16:12:37.58,107.58,-9.24,-5.39,15.12
2024/01/01 16:12:37.59,107.59,-9.24,-5.62,15.09
2024/01/01 16:12:37.60,107.60,-9.14,-5.83,15.14
2024/01/01 16:12:37.61,107.61,-9.01,-5.99,15.24
2024/01/01 16:12:37.62,107.62,-8.88,-6.11,15.31
2024/01/01 16:12:37.63,107.63,-8.81,-6.16,15.28
2024/01/01 16:12:37.64,107.64,-8.82,-6.13,15.18
2024/01/01 16:12:37.65,107.65,-8.92,-6.03,15.03
2024/01/01 16:12:37.66,107.66,-9.08,-5.91,14.86
2024/01/01 16:12:37.67,107.67,-9.25,-5.83,14.70
2024/01/01 16:12:37.68,107.68,-9.40,-5.80,14.55
2024/01/01 16:12:37.69,107.69,-9.49,-5.87,14.44
2024/01/01 16:12:37.70,107.70,-9.53,-6.03,14.34
2024/01/01 16:12:37.71,107.71,-9.51,-6.27,14.28
2024/01/01 16:12:37.72,107.72,-9.43,-6.52,14.25
2024/01/01 16:12:37.73,107.73,-9.32,-6.73,14.23
2024/01/01 16:12:37.74,107.74,-9.23,-6.86,14.21
2024/01/01 16:12:37.75,107.75,-9.16,-6.95,14.17
2024/01/01 16:12:37.76,107.76,-9.13,-7.01,14.12
2024/01/01 16:12:37.77,107.77,-9.11,-7.07,14.10
2024/01/01 16:12:37.78,107.78,-9.06,-7.15,14.12
2024/01/01 16:12:37.79,107.79,-8.97,-7.26,14.19
2024/01/01 16:12:37.80,107.80,-8.85,-7.43,14.29
2024/01/01 16:12:37.81,107.81,-8.70,-7.63,14.41
2024/01/01 16:12:37.82,107.82,-8.52,-7.84,14.54
2024/01/01 16:12:37.83,107.83,-8.34,-8.01,14.66
2024/01/01 16:12:37.84,107.84,-8.19,-8.12,14.77
2024/01/01 16:12:37.85,107.85,-8.06,-8.16,14.85
2024/01/01 16:12:37.86,107.86,-7.96,-8.16,14.86
2024/01/01 16:12:37.87,107.87,-7.90,-8.13,14.81
2024/01/01 16:12:37.88,107.88,-7.84,-8.11,14.70
2024/01/01 16:12:37.89,107.89,-7.74,-8.14,14.55
2024/01/01 16:12:37.90,107.90,-7.58,-8.21,14.39
2024/01/01 16:12:37.91,107.91,-7.39,-8.30,14.25
2024/01/01 16:12:37.92,107.92,-7.18,-8.41,14.13
2024/01/01 16:12:37.93,107.93,-6.99,-8.52,14.01
2024/01/01 16:12:37.94,107.94,-6.81,-8.62,13.91
2024/01/01 16:12:37.95,107.95,-6.67,-8.72,13.81
2024/01/01 16:12:37.96,107.96,-6.57,-8.80,13.76
2024/01/01 16:12:37.97,107.97,-6.52,-8.80,13.75
2024/01/01 16:12:37.98,107.98,-6.50,-8.70,13.77
2024/01/01 16:12:37.99,107.99,-6.48,-8.54,13.80
2024/01/01 16:12:38.00,108.00,-6.45,-8.34,13.86
2024/01/01 16:12:38.01,108.01,-6.42,-8.10,13.94
2024/01/01 16:12:38.02,108.02,-6.44,-7.84,14.02
2024/01/01 16:12:38.03,108.03,-6.53,-7.56,14.10
2024/01/01 16:12:38.04,108.04,-6.66,-7.28,14.19
2024/01/01 16:12:38.05,108.05,-6.80,-6.98,14.27
2024/01/01 16:12:38.06,108.06,-6.95,-6.69,14.35
2024/01/01 16:12:38.07,108.07,-7.09,-6.40,14.47
2024/01/01 16:12:38.08,108.08,-7.24,-6.16,14.61
2024/01/01 16:12:38.09,108.09,-7.36,-5.98,14.76
2024/01/01 16:12:38.10,108.10,-7.45,-5.84,14.89
2024/01/01 16:12:38.11,108.11,-7.50,-5.74,15.02
2024/01/01 16:12:38.12,108.12,-7.54,-5.67,15.15
2024/01/01 16:12:38.13,108.13,-7.59,-5.60,15.26
2024/01/01 16:12:38.14,108.14,-7.65,-5.53,15.35
2024/01/01 16:12:38.15,108.15,-7.73,-5.47,15.39
2024/01/01 16:12:38.16,108.16,-7.81,-5.42,15.39
2024/01/01 16:12:38.17,108.17,-7.89,-5.38,15.37
2024/01/01 16:12:38.18,108.18,-8.00,-5.35,15.38
2024/01/01 16:12:38.19,108.19,-8.12,-5.32,15.38
2024/01/01 16:12:38.20,108.20,-8.26,-5.27,15.37
2024/01/01 16:12:38.21,108.21,-8.41,-5.20,15.32
2024/01/01 16:12:38.22,108.22,-8.56,-5.14,15.22
2024/01/01 16:12:38.23,108.23,-8.69,-5.12,15.09
2024/01/01 16:12:38.24,108.24,-8.82,-5.17,14.98
2024/01/01 16:12:38.25,108.25,-8.99,-5.32,14.90
2024/01/01 16:12:38.26,108.26,-9.18,-5.55,14.84
2024/01/01 16:12:38.27,108.27,-9.39,-5.80,14.77
2024/01/01 16:12:38.28,108.28,-9.57,-6.01,14.71
2024/01/01 16:12:38.29,108.29,-9.66,-6.16,14.65
2024/01/01 16:12:38.30,108.30,-9.62,-6.22,14.58
2024/01/01 16:12:38.31,108.31,-9.44,-6.22,14.51
2024/01/01 16:12:38.32,108.32,-9.18,-6.18,14.40
2024/01/01 16:12:38.33,108.33,-8.89,-6.14,14.26
2024/01/01 16:12:38.34,108.34,-8.63,-6.15,14.11
2024/01/01 16:12:38.35,108.35,-8.47,-6.23,13.95
2024/01/01 16:12:38.36,108.36,-8.40,-6.40,13.82
2024/01/01 16:12:38.37,108.37,-8.41,-6.66,13.73
2024/01/01 16:12:38.38,108.38,-8.45,-6.95,13.69
2024/01/01 16:12:38.39,108.39,-8.48,-7.23,13.69
2024/01/01 16:12:38.40,108.40,-8.45,-7.46,13.74
2024/01/01 16:12:38.41,108.41,-8.37,-7.65,13.83
2024/01/01 16:12:38.42,108.42,-8.22,-7.81,13.97
2024/01/01 16:12:38.43,108.43,-8.06,-7.92,14.13
2024/01/01 16:12:38.44,108.44,-7.94,-7.96,14.28
2024/01/01 16:12:38.45,108.45,-7.88,-7.90,14.42
2024/01/01 16:12:38.46,108.46,-7.85,-7.77,14.55
2024/01/01 16:12:38.47,108.47,-7.83,-7.59,14.67
2024/01/01 16:12:38.48,108.48,-7.80,-7.43,14.76
2024/01/01 16:12:38.49,108.49,-7.78,-7.31,14.82
2024/01/01 16:12:38.50,108.50,-7.80,-7.21,14.85
2024/01/01 16:12:38.51,108.51,-7.83,-7.07,14.85
2024/01/01 16:12:38.52,108.52,-7.89,-6.89,14.84
2024/01/01 16:12:38.53,108.53,-8.00,-6.69,14.82
2024/01/01 16:12:38.54,108.54,-8.12,-6.50,14.80
2024/01/01 16:12:38.55,108.55,-8.26,-6.35,14.80
2024/01/01 16:12:38.56,108.56,-8.42,-6.25,14.87
2024/01/01 16:12:38.57,108.57,-8.59,-6.17,14.97
2024/01/01 16:12:38.58,108.58,-8.74,-6.08,15.10
2024/01/01 16:12:38.59,108.59,-8.88,-5.98,15.21
2024/01/01 16:12:38.60,108.60,-8.99,-5.87,15.30
2024/01/01 16:12:38.61,108.61,-9.03,-5.77,15.33
2024/01/01 16:12:38.62,108.62,-8.97,-5.72,15.29
2024/01/01 16:12:38.63,108.63,-8.84,-5.71,15.20
2024/01/01 16:12:38.64,108.64,-8.67,-5.75,15.08
2024/01/01 16:12:38.65,108.65,-8.50,-5.81,14.93
2024/01/01 16:12:38.66,108.66,-8.37,-5.88,14.77
2024/01/01 16:12:38.67,108.67,-8.29,-5.94,14.62
2024/01/01 16:12:38.68,108.68,-8.24,-5.95,14.50
2024/01/01 16:12:38.69,108.69,-8.20,-5.93,14.40
2024/01/01 16:12:38.70,108.70,-8.17,-5.92,14.32
2024/01/01 16:12:38.71,108.71,-8.13,-5.99,14.27
2024/01/01 16:12:38.72,108.72,-8.07,-6.15,14.22
2024/01/01 16:12:38.73,108.73,-8.00,-6.38,14.17
2024/01/01 16:12:38.74,108.74,-7.95,-6.69,14.12
2024/01/01 16:12:38.75,108.75,-7.94,-7.03,14.10
2024/01/01 16:12:38.76,108.76,-8.00,-7.39,14.09
2024/01/01 16:12:38.77,108.77,-8.13,-7.70,14.09
2024/01/01 16:12:38.78,108.78,-8.29,-7.93,14.10
2024/01/01 16:12:38.79,108.79,-8.46,-8.05,14.13
2024/01/01 16:12:38.80,108.80,-8.56,-8.07,14.16
2024/01/01 16:12:38.81,108.81,-8.59,-8.08,14.18
2024/01/01 16:12:38.82,108.82,-8.53,-8.14,14.21
2024/01/01 16:12:38.83,108.83,-8.43,-8.31,14.25
2024/01/01 16:12:38.84,108.84,-8.32,-8.56,14.33
2024/01/01 16:12:38.85,108.85,-8.22,-8.86,14.41
2024/01/01 16:12:38.86,108.86,-8.14,-9.17,14.48
2024/01/01 16:12:38.87,108.87,-8.07,-9.48,14.52
2024/01/01 16:12:38.88,108.88,-7.99,-9.79,14.56
2024/01/01 16:12:38.89,108.89,-7.91,-10.05,14.61
2024/01/01 16:12:38.90,108.90,-7.82,-10.24,14.66
2024/01/01 16:12:38.91,108.91,-7.75,-10.34,14.74
2024/01/01 16:12:38.92,108.92,-7.72,-10.33,14.83
2024/01/01 16:12:38.93,108.93,-7.70,-10.21,14.93
2024/01/01 16:12:38.94,108.94,-7.68,-10.00,14.99
2024/01/01 16:12:38.95,108.95,-7.62,-9.76,15.03
2024/01/01 16:12:38.96,108.96,-7.49,-9.54,15.05
2024/01/01 16:12:38.97,108.97,-7.28,-9.38,15.07
2024/01/01 16:12:38.98,108.98,-7.02,-9.31,15.07
2024/01/01 16:12:38.99,108.99,-6.73,-9.33,15.04
2024/01/01 16:12:39.00,109.00,-6.46,-9.34,14.95
2024/01/01 16:12:39.01,109.01,-6.24,-9.27,14.82
2024/01/01 16:12:39.02,109.02,-6.13,-9.04,14.64
2024/01/01 16:12:39.03,109.03,-6.12,-8.67,14.42
2024/01/01 16:12:39.04,109.04,-6.17,-8.23,14.23
2024/01/01 16:12:39.05,109.05,-6.26,-7.82,14.12
2024/01/01 16:12:39.06,109.06,-6.40,-7.50,14.12
2024/01/01 16:12:39.07,109.07,-6.58,-7.29,14.20
2024/01/01 16:12:39.08,109.08,-6.78,-7.13,14.34
2024/01/01 16:12:39.09,109.09,-6.99,-6.96,14.51
2024/01/01 16:12:39.10,109.10,-7.20,-6.76,14.65
2024/01/01 16:12:39.11,109.11,-7.40,-6.54,14.75
2024/01/01 16:12:39.12,109.12,-7.58,-6.31,14.85
2024/01/01 16:12:39.13,109.13,-7.70,-6.11,14.98
2024/01/01 16:12:39.14,109.14,-7.75,-5.92,15.12
2024/01/01 16:12:39.15,109.15,-7.75,-5.72,15.27
2024/01/01 16:12:39.16,109.16,-7.71,-5.50,15.42
2024/01/01 16:12:39.17,109.17,-7.66,-5.29,15.55
2024/01/01 16:12:39.18,109.18,-7.63,-5.13,15.60
2024/01/01 16:12:39.19,109.19,-7.61,-5.07,15.57
2024/01/01 16:12:39.20,109.20,-7.57,-5.13,15.48
2024/01/01 16:12:39.21,109.21,-7.54,-5.27,15.38
2024/01/01 16:12:39.22,109.22,-7.55,-5.42,15.24
2024/01/01 16:12:39.23,109.23,-7.59,-5.55,15.06
2024/01/01 16:12:39.24,109.24,-7.62,-5.68,14.90
2024/01/01 16:12:39.25,109.25,-7.64,-5.84,14.79
2024/01/01 16:12:39.26,109.26,-7.65,-6.04,14.71
2024/01/01 16:12:39.27,109.27,-7.68,-6.24,14.63
2024/01/01 16:12:39.28,109.28,-7.76,-6.37,14.57
2024/01/01 16:12:39.29,109.29,-7.89,-6.38,14.53
2024/01/01 16:12:39.30,109.30,-8.00,-6.26,14.51
2024/01/01 16:12:39.31,109.31,-8.07,-6.05,14.47
2024/01/01 16:12:39.32,109.32,-8.10,-5.83,14.40
2024/01/01 16:12:39.33,109.33,-8.12,-5.67,14.34
2024/01/01 16:12:39.34,109.34,-8.17,-5.63,14.30
2024/01/01 16:12:39.35,109.35,-8.26,-5.72,14.30
2024/01/01 16:12:39.36,109.36,-8.44,-5.90,14.33
2024/01/01 16:12:39.37,109.37,-8.68,-6.16,14.40
2024/01/01 16:12:39.38,109.38,-8.95,-6.46,14.53
2024/01/01 16:12:39.39,109.39,-9.19,-6.72,14.70
2024/01/01 16:12:39.40,109.40,-9.39,-6.89,14.83
2024/01/01 16:12:39.41,109.41,-9.54,-6.97,14.87
2024/01/01 16:12:39.42,109.42,-9.64,-6.97,14.89
2024/01/01 16:12:39.43,109.43,-9.73,-6.95,14.91
2024/01/01 16:12:39.44,109.44,-9.82,-6.95,14.93
2024/01/01 16:12:39.45,109.45,-9.89,-7.01,14.94
2024/01/01 16:12:39.46,109.46,-9.92,-7.10,14.96
2024/01/01 16:12:39.47,109.47,-9.88,-7.22,14.95
2024/01/01 16:12:39.48,109.48,-9.79,-7.38,14.88
2024/01/01 16:12:39.49,109.49,-9.66,-7.59,14.73
2024/01/01 16:12:39.50,109.50,-9.51,-7.83,14.53
2024/01/01 16:12:39.51,109.51,-9.36,-8.05,14.34
2024/01/01 16:12:39.52,109.52,-9.27,-8.21,14.17
2024/01/01 16:12:39.53,109.53,-9.24,-8.30,14.02
2024/01/01 16:12:39.54,109.54,-9.23,-8.35,13.88
2024/01/01 16:12:39.55,109.55,-9.21,-8.35,13.78
2024/01/01 16:12:39.56,109.56,-9.15,-8.34,13.72
2024/01/01 16:12:39.57,109.57,-9.03,-8.34,13.66
2024/01/01 16:12:39.58,109.58,-8.85,-8.36,13.60
2024/01/01 16:12:39.59,109.59,-8.64,-8.36,13.56
2024/01/01 16:12:39.60,109.60,-8.47,-8.27,13.52
2024/01/01 16:12:39.61,109.61,-8.35,-8.07,13.45
2024/01/01 16:12:39.62,109.62,-8.32,-7.80,13.38
2024/01/01 16:12:39.63,109.63,-8.36,-7.51,13.36
2024/01/01 16:12:39.64,109.64,-8.47,-7.25,13.38
2024/01/01 16:12:39.65,109.65,-8.59,-7.06,13.44
2024/01/01 16:12:39.66,109.66,-8.68,-6.95,13.51
2024/01/01 16:12:39.67,109.67,-8.69,-6.91,13.61
2024/01/01 16:12:39.68,109.68,-8.59,-6.94,13.74
2024/01/01 16:12:39.69,109.69,-8.40,-7.03,13.88
2024/01/01 16:12:39.70,109.70,-8.16,-7.16,14.02
2024/01/01 16:12:39.71,109.71,-7.91,-7.25,14.14
2024/01/01 16:12:39.72,109.72,-7.70,-7.26,14.25
2024/01/01 16:12:39.73,109.73,-7.54,-7.18,14.32
2024/01/01 16:12:39.74,109.74,-7.37,-7.04,14.37
2024/01/01 16:12:39.75,109.75,-7.16,-6.90,14.40
2024/01/01 16:12:39.76,109.76,-6.89,-6.75,14.44
2024/01/01 16:12:39.77,109.77,-6.59,-6.61,14.48
2024/01/01 16:12:39.78,109.78,-6.34,-6.47,14.54
2024/01/01 16:12:39.79,109.79,-6.18,-6.32,14.62
2024/01/01 16:12:39.80,109.80,-6.16,-6.16,14.67
2024/01/01 16:12:39.81,109.81,-6.24,-6.04,14.69
2024/01/01 16:12:39.82,109.82,-6.35,-5.98,14.69
2024/01/01 16:12:39.83,109.83,-6.44,-6.00,14.69
2024/01/01 16:12:39.84,109.84,-6.54,-6.06,14.69
2024/01/01 16:12:39.85,109.85,-6.64,-6.09,14.71
2024/01/01 16:12:39.86,109.86,-6.78,-6.06,14.74
2024/01/01 16:12:39.87,109.87,-6.97,-5.98,14.77
2024/01/01 16:12:39.88,109.88,-7.18,-5.89,14.78
2024/01/01 16:12:39.89,109.89,-7.36,-5.85,14.77
2024/01/01 16:12:39.90,109.90,-7.49,-5.88,14.77
2024/01/01 16:12:39.91,109.91,-7.58,-5.96,14.78
2024/01/01 16:12:39.92,109.92,-7.63,-6.10,14.76
2024/01/01 16:12:39.93,109.93,-7.66,-6.31,14.73
2024/01/01 16:12:39.94,109.94,-7.70,-6.59,14.70
2024/01/01 16:12:39.95,109.95,-7.78,-6.90,14.70
2024/01/01 16:12:39.96,109.96,-7.90,-7.22,14.70
2024/01/01 16:12:39.97,109.97,-8.08,-7.51,14.67
2024/01/01 16:12:39.98,109.98,-8.28,-7.73,14.59
2024/01/01 16:12:39.99,109.99,-8.47,-7.87,14.48
2024/01/01 16:12:40.00,110.00,-8.63,-7.96,14.35
2024/01/01 16:12:40.01,110.01,-8.75,-8.07,14.20
2024/01/01 16:12:40.02,110.02,-8.83,-8.25,14.05
2024/01/01 16:12:40.03,110.03,-8.87,-8.50,13.90
2024/01/01 16:12:40.04,110.04,-8.92,-8.75,13.78
2024/01/01 16:12:40.05,110.05,-9.02,-8.92,13.67
2024/01/01 16:12:40.06,110.06,-9.19,-8.98,13.53
2024/01/01 16:12:40.07,110.07,-9.37,-9.01,13.41
2024/01/01 16:12:40.08,110.08,-9.51,-9.05,13.34
2024/01/01 16:12:40.09,110.09,-9.58,-9.11,13.35
2024/01/01 16:12:40.10,110.10,-9.55,-9.17,13.41
2024/01/01 16:12:40.11,110.11,-9.48,-9.18,13.51
2024/01/01 16:12:40.12,110.12,-9.42,-9.09,13.65
2024/01/01 16:12:40.13,110.13,-9.42,-8.93,13.79
2024/01/01 16:12:40.14,110.14,-9.50,-8.69,13.88
2024/01/01 16:12:40.15,110.15,-9.62,-8.42,13.93
2024/01/01 16:12:40.16,110.16,-9.74,-8.18,13.96
2024/01/01 16:12:40.17,110.17,-9.82,-8.01,14.00
2024/01/01 16:12:40.18,110.18,-9.84,-7.88,14.06
2024/01/01 16:12:40.19,110.19,-9.80,-7.78,14.13
2024/01/01 16:12:40.20,110.20,-9.72,-7.67,14.24
2024/01/01 16:12:40.21,110.21,-9.65,-7.51,14.37
2024/01/01 16:12:40.22,110.22,-9.56,-7.31,14.49
2024/01/01 16:12:40.23,110.23,-9.44,-7.10,14.58
2024/01/01 16:12:40.24,110.24,-9.28,-6.90,14.67
2024/01/01 16:12:40.25,110.25,-9.10,-6.75,14.75
2024/01/01 16:12:40.26,110.26,-8.92,-6.65,14.84
2024/01/01 16:12:40.27,110.27,-8.77,-6.57,14.92
2024/01/01 16:12:40.28,110.28,-8.63,-6.53,14.99
2024/01/01 16:12:40.29,110.29,-8.50,-6.53,15.03
2024/01/01 16:12:40.30,110.30,-8.37,-6.57,15.03
2024/01/01 16:12:40.31,110.31,-8.25,-6.64,14.99
2024/01/01 16:12:40.32,110.32,-8.16,-6.71,14.92
2024/01/01 16:12:40.33,110.33,-8.10,-6.78,14.85
2024/01/01 16:12:40.34,110.34,-8.09,-6.79,14.78
2024/01/01 16:12:40.35,110.35,-8.09,-6.73,14.72
2024/01/01 16:12:40.36,110.36,-8.09,-6.60,14.68
2024/01/01 16:12:40.37,110.37,-8.10,-6.42,14.66
2024/01/01 16:12:40.38,110.38,-8.07,-6.24,14.60
2024/01/01 16:12:40.39,110.39,-8.00,-6.14,14.53
2024/01/01 16:12:40.40,110.40,-7.91,-6.14,14.49
2024/01/01 16:12:40.41,110.41,-7.77,-6.22,14.48
2024/01/01 16:12:40.42,110.42,-7.58,-6.35,14.45
2024/01/01 16:12:40.43,110.43,-7.37,-6.48,14.40
2024/01/01 16:12:40.44,110.44,-7.17,-6.57,14.35
2024/01/01 16:12:40.45,110.45,-6.98,-6.64,14.28
2024/01/01 16:12:40.46,110.46,-6.85,-6.73,14.24
2024/01/01 16:12:40.47,110.47,-6.78,-6.83,14.25
2024/01/01 16:12:40.48,110.48,-6.75,-6.97,14.33
2024/01/01 16:12:40.49,110.49,-6.73,-7.16,14.44
2024/01/01 16:12:40.50,110.50,-6.71,-7.39,14.60
2024/01/01 16:12:40.51,110.51,-6.64,-7.64,14.77
2024/01/01 16:12:40.52,110.52,-6.52,-7.83,14.92
2024/01/01 16:12:40.53,110.53,-6.36,-7.91,15.03
2024/01/01 16:12:40.54,110.54,-6.20,-7.87,15.11
2024/01/01 16:12:40.55,110.55,-6.05,-7.75,15.19
2024/01/01 16:12:40.56,110.56,-5.91,-7.61,15.26
2024/01/01 16:12:40.57,110.57,-5.79,-7.55,15.31
2024/01/01 16:12:40.58,110.58,-5.68,-7.59,15.33
2024/01/01 16:12:40.59,110.59,-5.58,-7.72,15.35
2024/01/01 16:12:40.60,110.60,-5.49,-7.87,15.39
2024/01/01 16:12:40.61,110.61,-5.46,-7.98,15.44
2024/01/01 16:12:40.62,110.62,-5.47,-8.03,15.49
2024/01/01 16:12:40.63,110.63,-5.51,-8.02,15.53
2024/01/01 16:12:40.64,110.64,-5.56,-8.01,15.54
2024/01/01 16:12:40.65,110.65,-5.62,-8.06,15.51
2024/01/01 16:12:40.66,110.66,-5.72,-8.17,15.44
2024/01/01 16:12:40.67,110.67,-5.84,-8.33,15.37
2024/01/01 16:12:40.68,110.68,-5.96,-8.47,15.32
2024/01/01 16:12:40.69,110.69,-6.06,-8.56,15.29
2024/01/01 16:12:40.70,110.70,-6.14,-8.60,15.27
2024/01/01 16:12:40.71,110.71,-6.18,-8.58,15.24
2024/01/01 16:12:40.72,110.72,-6.22,-8.50,15.19
2024/01/01 16:12:40.73,110.73,-6.28,-8.37,15.08
2024/01/01 16:12:40.74,110.74,-6.34,-8.22,14.93
2024/01/01 16:12:40.75,110.75,-6.43,-8.08,14.76
2024/01/01 16:12:40.76,110.76,-6.60,-7.98,14.63
2024/01/01 16:12:40.77,110.77,-6.83,-7.93,14.53
2024/01/01 16:12:40.78,110.78,-7.14,-7.95,14.46
2024/01/01 16:12:40.79,110.79,-7.50,-8.05,14.44
2024/01/01 16:12:40.80,110.80,-7.86,-8.19,14.43
2024/01/01 16:12:40.81,110.81,-8.20,-8.32,14.42
2024/01/01 16:12:40.82,110.82,-8.47,-8.41,14.40
2024/01/01 16:12:40.83,110.83,-8.68,-8.41,14.35
2024/01/01 16:12:40.84,110.84,-8.81,-8.30,14.30
2024/01/01 16:12:40.85,110.85,-8.90,-8.13,14.27
2024/01/01 16:12:40.86,110.86,-8.98,-7.94,14.29
2024/01/01 16:12:40.87,110.87,-9.07,-7.80,14.35
2024/01/01 16:12:40.88,110.88,-9.20,-7.75,14.43
2024/01/01 16:12:40.89,110.89,-9.37,-7.76,14.51
2024/01/01 16:12:40.90,110.90,-9.55,-7.79,14.60
2024/01/01 16:12:40.91,110.91,-9.71,-7.79,14.65
2024/01/01 16:12:40.92,110.92,-9.83,-7.74,14.66
2024/01/01 16:12:40.93,110.93,-9.91,-7.65,14.63
2024/01/01 16:12:40.94,110.94,-9.96,-7.55,14.61
2024/01/01 16:12:40.95,110.95,-10.00,-7.42,14.62
2024/01/01 16:12:40.96,110.96,-10.06,-7.29,14.63
2024/01/01 16:12:40.97,110.97,-10.14,-7.18,14.62
2024/01/01 16:12:40.98,110.98,-10.22,-7.08,14.62
2024/01/01 16:12:40.99,110.99,-10.28,-6.99,14.64
2024/01/01 16:12:41.00,111.00,-10.30,-6.91,14.67
2024/01/01 16:12:41.01,111.01,-10.29,-6.85,14.68
2024/01/01 16:12:41.02,111.02,-10.25,-6.81,14.70
2024/01/01 16:12:41.03,111.03,-10.20,-6.78,14.76
2024/01/01 16:12:41.04,111.04,-10.16,-6.79,14.85
2024/01/01 16:12:41.05,111.05,-10.12,-6.79,14.96
2024/01/01 16:12:41.06,111.06,-10.07,-6.77,15.08
2024/01/01 16:12:41.07,111.07,-10.03,-6.67,15.20
2024/01/01 16:12:41.08,111.08,-9.99,-6.47,15.28
2024/01/01 16:12:41.09,111.09,-9.94,-6.27,15.34
2024/01/01 16:12:41.10,111.10,-9.90,-6.14,15.39
2024/01/01 16:12:41.11,111.11,-9.88,-6.12,15.45
2024/01/01 16:12:41.12,111.12,-9.86,-6.22,15.48
2024/01/01 16:12:41.13,111.13,-9.81,-6.39,15.42
2024/01/01 16:12:41.14,111.14,-9.71,-6.57,15.29
2024/01/01 16:12:41.15,111.15,-9.52,-6.71,15.10
2024/01/01 16:12:41.16,111.16,-9.27,-6.79,14.90
2024/01/01 16:12:41.17,111.17,-8.98,-6.82,14.73
2024/01/01 16:12:41.18,111.18,-8.70,-6.81,14.62
2024/01/01 16:12:41.19,111.19,-8.42,-6.78,14.57
2024/01/01 16:12:41.20,111.20,-8.17,-6.75,14.55
2024/01/01 16:12:41.21,111.21,-7.95,-6.72,14.53
2024/01/01 16:12:41.22,111.22,-7.75,-6.72,14.51
2024/01/01 16:12:41.23,111.23,-7.59,-6.74,14.48
2024/01/01 16:12:41.24,111.24,-7.46,-6.79,14.43
2024/01/01 16:12:41.25,111.25,-7.36,-6.86,14.36
2024/01/01 16:12:41.26,111.26,-7.28,-6.99,14.33
2024/01/01 16:12:41.27,111.27,-7.25,-7.18,14.35
2024/01/01 16:12:41.28,111.28,-7.25,-7.41,14.42
2024/01/01 16:12:41.29,111.29,-7.23,-7.63,14.51
2024/01/01 16:12:41.30,111.30,-7.20,-7.77,14.59
2024/01/01 16:12:41.31,111.31,-7.12,-7.82,14.63
2024/01/01 16:12:41.32,111.32,-7.02,-7.81,14.62
2024/01/01 16:12:41.33,111.33,-6.92,-7.75,14.56
2024/01/01 16:12:41.34,111.34,-6.83,-7.68,14.49
2024/01/01 16:12:41.35,111.35,-6.76,-7.61,14.43
2024/01/01 16:12:41.36,111.36,-6.70,-7.57,14.39
2024/01/01 16:12:41.37,111.37,-6.63,-7.56,14.38
2024/01/01 16:12:41.38,111.38,-6.57,-7.55,14.43
2024/01/01 16:12:41.39,111.39,-6.50,-7.51,14.52
2024/01/01 16:12:41.40,111.40,-6.43,-7.46,14.61
2024/01/01 16:12:41.41,111.41,-6.35,-7.41,14.65
2024/01/01 16:12:41.42,111.42,-6.27,-7.35,14.66
2024/01/01 16:12:41.43,111.43,-6.19,-7.27,14.68
2024/01/01 16:12:41.44,111.44,-6.14,-7.16,14.70
2024/01/01 16:12:41.45,111.45,-6.10,-7.08,14.72
2024/01/01 16:12:41.46,111.46,-6.07,-7.07,14.73
2024/01/01 16:12:41.47,111.47,-6.05,-7.17,14.76
2024/01/01 16:12:41.48,111.48,-5.99,-7.35,14.81
2024/01/01 16:12:41.49,111.49,-5.91,-7.59,14.87
2024/01/01 16:12:41.50,111.50,-5.82,-7.84,14.92
2024/01/01 16:12:41.51,111.51,-5.74,-8.04,14.97
2024/01/01 16:12:41.52,111.52,-5.69,-8.16,15.01
2024/01/01 16:12:41.53,111.53,-5.68,-8.20,15.00
2024/01/01 16:12:41.54,111.54,-5.70,-8.18,14.95
2024/01/01 16:12:41.55,111.55,-5.76,-8.14,14.89
2024/01/01 16:12:41.56,111.56,-5.86,-8.06,14.83
2024/01/01 16:12:41.57,111.57,-5.99,-7.97,14.79
2024/01/01 16:12:41.58,111.58,-6.13,-7.86,14.76
2024/01/01 16:12:41.59,111.59,-6.28,-7.74,14.72
2024/01/01 16:12:41.60,111.60,-6.45,-7.63,14.67
2024/01/01 16:12:41.61,111.61,-6.65,-7.56,14.63
2024/01/01 16:12:41.62,111.62,-6.86,-7.53,14.59
2024/01/01 16:12:41.63,111.63,-7.05,-7.50,14.55
2024/01/01 16:12:41.64,111.64,-7.25,-7.46,14.52
2024/01/01 16:12:41.65,111.65,-7.44,-7.42,14.52
2024/01/01 16:12:41.66,111.66,-7.65,-7.44,14.55
2024/01/01 16:12:41.67,111.67,-7.89,-7.53,14.61
2024/01/01 16:12:41.68,111.68,-8.15,-7.66,14.69
2024/01/01 16:12:41.69,111.69,-8.43,-7.76,14.78
2024/01/01 16:12:41.70,111.70,-8.69,-7.82,14.84
2024/01/01 16:12:41.71,111.71,-8.88,-7.86,14.87
2024/01/01 16:12:41.72,111.72,-8.97,-7.90,14.88
2024/01/01 16:12:41.73,111.73,-8.95,-7.94,14.89
2024/01/01 16:12:41.74,111.74,-8.88,-7.94,14.88
2024/01/01 16:12:41.75,111.75,-8.79,-7.91,14.85
2024/01/01 16:12:41.76,111.76,-8.75,-7.84,14.80
2024/01/01 16:12:41.77,111.77,-8.78,-7.74,14.71
2024/01/01 16:12:41.78,111.78,-8.88,-7.63,14.58
2024/01/01 16:12:41.79,111.79,-9.05,-7.53,14.44
2024/01/01 16:12:41.80,111.80,-9.27,-7.44,14.34
2024/01/01 16:12:41.81,111.81,-9.49,-7.40,14.30
2024/01/01 16:12:41.82,111.82,-9.69,-7.43,14.29
2024/01/01 16:12:41.83,111.83,-9.82,-7.50,14.32
2024/01/01 16:12:41.84,111.84,-9.89,-7.55,14.36
2024/01/01 16:12:41.85,111.85,-9.92,-7.53,14.41
2024/01/01 16:12:41.86,111.86,-9.94,-7.43,14.46
2024/01/01 16:12:41.87,111.87,-9.93,-7.28,14.49
2024/01/01 16:12:41.88,111.88,-9.88,-7.13,14.50
2024/01/01 16:12:41.89,111.89,-9.78,-7.01,14.49
2024/01/01 16:12:41.90,111.90,-9.59,-6.98,14.52
2024/01/01 16:12:41.91,111.91,-9.33,-7.01,14.59
2024/01/01 16:12:41.92,111.92,-9.05,-7.04,14.67
2024/01/01 16:12:41.93,111.93,-8.78,-7.06,14.74
2024/01/01 16:12:41.94,111.94,-8.56,-7.03,14.81
2024/01/01 16:12:41.95,111.95,-8.41,-6.99,14.86
2024/01/01 16:12:41.96,111.96,-8.35,-6.97,14.90
2024/01/01 16:12:41.97,111.97,-8.35,-7.03,14.94
2024/01/01 16:12:41.98,111.98,-8.36,-7.14,14.99
2024/01/01 16:12:41.99,111.99,-8.36,-7.30,15.07
2024/01/01 16:12:42.00,112.00,-8.31,-7.47,15.18
2024/01/01 16:12:42.01,112.01,-8.20,-7.63,15.28
2024/01/01 16:12:42.02,112.02,-8.02,-7.72,15.36
2024/01/01 16:12:42.03,112.03,-7.77,-7.76,15.41
2024/01/01 16:12:42.04,112.04,-7.48,-7.73,15.43
2024/01/01 16:12:42.05,112.05,-7.19,-7.63,15.45
2024/01/01 16:12:42.06,112.06,-6.92,-7.45,15.43
2024/01/01 16:12:42.07,112.07,-6.71,-7.25,15.37
2024/01/01 16:12:42.08,112.08,-6.57,-7.05,15.27
2024/01/01 16:12:42.09,112.09,-6.45,-6.91,15.19
2024/01/01 16:12:42.10,112.10,-6.34,-6.84,15.10
2024/01/01 16:12:42.11,112.11,-6.26,-6.81,14.99
2024/01/01 16:12:42.12,112.12,-6.18,-6.79,14.87
2024/01/01 16:12:42.13,112.13,-6.11,-6.77,14.76
2024/01/01 16:12:42.14,112.14,-6.08,-6.75,14.65
2024/01/01 16:12:42.15,112.15,-6.09,-6.71,14.56
2024/01/01 16:12:42.16,112.16,-6.15,-6.69,14.48
2024/01/01 16:12:42.17,112.17,-6.21,-6.66,14.46
2024/01/01 16:12:42.18,112.18,-6.28,-6.63,14.48
2024/01/01 16:12:42.19,112.19,-6.33,-6.63,14.56
2024/01/01 16:12:42.20,112.20,-6.37,-6.66,14.66
2024/01/01 16:12:42.21,112.21,-6.38,-6.69,14.78
2024/01/01 16:12:42.22,112.22,-6.38,-6.72,14.89
2024/01/01 16:12:42.23,112.23,-6.36,-6.74,14.95
2024/01/01 16:12:42.24,112.24,-6.33,-6.76,14.96
2024/01/01 16:12:42.25,112.25,-6.30,-6.79,14.93
2024/01/01 16:12:42.26,112.26,-6.30,-6.81,14.89
2024/01/01 16:12:42.27,112.27,-6.36,-6.84,14.84
2024/01/01 16:12:42.28,112.28,-6.48,-6.87,14.79
2024/01/01 16:12:42.29,112.29,-6.67,-6.94,14.76
2024/01/01 16:12:42.30,112.30,-6.90,-7.08,14.74
2024/01/01 16:12:42.31,112.31,-7.13,-7.31,14.74
2024/01/01 16:12:42.32,112.32,-7.32,-7.58,14.75
2024/01/01 16:12:42.33,112.33,-7.45,-7.86,14.74
2024/01/01 16:12:42.34,112.34,-7.52,-8.05,14.72
2024/01/01 16:12:42.35,112.35,-7.55,-8.14,14.69
2024/01/01 16:12:42.36,112.36,-7.59,-8.14,14.67
2024/01/01 16:12:42.37,112.37,-7.66,-8.10,14.66
2024/01/01 16:12:42.38,112.38,-7.78,-8.05,14.66
2024/01/01 16:12:42.39,112.39,-7.93,-8.02,14.66
2024/01/01 16:12:42.40,112.40,-8.11,-8.00,14.67
2024/01/01 16:12:42.41,112.41,-8.29,-8.01,14.68
2024/01/01 16:12:42.42,112.42,-8.44,-8.07,14.72
2024/01/01 16:12:42.43,112.43,-8.54,-8.17,14.78
2024/01/01 16:12:42.44,112.44,-8.59,-8.29,14.83
2024/01/01 16:12:42.45,112.45,-8.58,-8.40,14.84
2024/01/01 16:12:42.46,112.46,-8.54,-8.46,14.81
2024/01/01 16:12:42.47,112.47,-8.52,-8.48,14.76
2024/01/01 16:12:42.48,112.48,-8.56,-8.49,14.72
2024/01/01 16:12:42.49,112.49,-8.68,-8.48,14.73
2024/01/01 16:12:42.50,112.50,-8.88,-8.48,14.76
2024/01/01 16:12:42.51,112.51,-9.10,-8.45,14.82
2024/01/01 16:12:42.52,112.52,-9.27,-8.40,14.92
2024/01/01 16:12:42.53,112.53,-9.35,-8.33,15.03
2024/01/01 16:12:42.54,112.54,-9.35,-8.26,15.12
2024/01/01 16:12:42.55,112.55,-9.33,-8.20,15.17
2024/01/01 16:12:42.56,112.56,-9.35,-8.15,15.20
2024/01/01 16:12:42.57,112.57,-9.45,-8.06,15.20
2024/01/01 16:12:42.58,112.58,-9.62,-7.94,15.19
2024/01/01 16:12:42.59,112.59,-9.82,-7.79,15.20
2024/01/01 16:12:42.60,112.60,-10.00,-7.64,15.25
2024/01/01 16:12:42.61,112.61,-10.12,-7.48,15.29
2024/01/01 16:12:42.62,112.62,-10.16,-7.34,15.28
2024/01/01 16:12:42.63,112.63,-10.10,-7.23,15.23
2024/01/01 16:12:42.64,112.64,-10.01,-7.14,15.16
2024/01/01 16:12:42.65,112.65,-9.93,-7.07,15.09
2024/01/01 16:12:42.66,112.66,-9.88,-7.02,15.01
2024/01/01 16:12:42.67,112.67,-9.87,-6.97,14.91
2024/01/01 16:12:42.68,112.68,-9.85,-6.89,14.81
2024/01/01 16:12:42.69,112.69,-9.80,-6.79,14.73
2024/01/01 16:12:42.70,112.70,-9.72,-6.69,14.68
2024/01/01 16:12:42.71,112.71,-9.61,-6.61,14.63
2024/01/01 16:12:42.72,112.72,-9.48,-6.55,14.61
2024/01/01 16:12:42.73,112.73,-9.35,-6.50,14.58
2024/01/01 16:12:42.74,112.74,-9.22,-6.41,14.54
2024/01/01 16:12:42.75,112.75,-9.10,-6.29,14.48
2024/01/01 16:12:42.76,112.76,-8.97,-6.16,14.46
2024/01/01 16:12:42.77,112.77,-8.84,-6.06,14.46
2024/01/01 16:12:42.78,112.78,-8.74,-6.01,14.47
2024/01/01 16:12:42.79,112.79,-8.65,-6.01,14.49
2024/01/01 16:12:42.80,112.80,-8.57,-6.01,14.53
2024/01/01 16:12:42.81,112.81,-8.51,-5.98,14.56
2024/01/01 16:12:42.82,112.82,-8.49,-5.93,14.58
2024/01/01 16:12:42.83,112.83,-8.48,-5.88,14.58
2024/01/01 16:12:42.84,112.84,-8.49,-5.85,14.59
2024/01/01 16:12:42.85,112.85,-8.48,-5.84,14.61
2024/01/01 16:12:42.86,112.86,-8.44,-5.83,14.65
2024/01/01 16:12:42.87,112.87,-8.37,-5.82,14.73
2024/01/01 16:12:42.88,112.88,-8.28,-5.80,14.83
2024/01/01 16:12:42.89,112.89,-8.17,-5.78,14.93
2024/01/01 16:12:42.90,112.90,-8.05,-5.75,15.01
2024/01/01 16:12:42.91,112.91,-7.92,-5.73,15.06
2024/01/01 16:12:42.92,112.92,-7.79,-5.73,15.10
2024/01/01 16:12:42.93,112.93,-7.65,-5.76,15.10
2024/01/01 16:12:42.94,112.94,-7.48,-5.84,15.06
2024/01/01 16:12:42.95,112.95,-7.29,-5.96,15.00
2024/01/01 16:12:42.96,112.96,-7.09,-6.08,14.94
2024/01/01 16:12:42.97,112.97,-6.91,-6.19,14.90
2024/01/01 16:12:42.98,112.98,-6.76,-6.31,14.86
2024/01/01 16:12:42.99,112.99,-6.67,-6.44,14.83
2024/01/01 16:12:43.00,113.00,-6.62,-6.59,14.81
2024/01/01 16:12:43.01,113.01,-6.60,-6.75,14.79
2024/01/01 16:12:43.02,113.02,-6.56,-6.93,14.78
2024/01/01 16:12:43.03,113.03,-6.49,-7.09,14.76
2024/01/01 16:12:43.04,113.04,-6.39,-7.20,14.75
2024/01/01 16:12:43.05,113.05,-6.28,-7.25,14.73
2024/01/01 16:12:43.06,113.06,-6.22,-7.26,14.70
2024/01/01 16:12:43.07,113.07,-6.23,-7.25,14.66
2024/01/01 16:12:43.08,113.08,-6.29,-7.29,14.64
2024/01/01 16:12:43.09,113.09,-6.37,-7.38,14.62
2024/01/01 16:12:43.10,113.10,-6.48,-7.52,14.60
2024/01/01 16:12:43.11,113.11,-6.59,-7.68,14.60
2024/01/01 16:12:43.12,113.12,-6.73,-7.82,14.62
2024/01/01 16:12:43.13,113.13,-6.87,-7.90,14.66
2024/01/01 16:12:43.14,113.14,-7.02,-7.95,14.68
2024/01/01 16:12:43.15,113.15,-7.16,-8.00,14.70
2024/01/01 16:12:43.16,113.16,-7.31,-8.07,14.75
2024/01/01 16:12:43.17,113.17,-7.48,-8.17,14.85
2024/01/01 16:12:43.18,113.18,-7.66,-8.27,14.98
2024/01/01 16:12:43.19,113.19,-7.83,-8.36,15.09
2024/01/01 16:12:43.20,113.20,-7.96,-8.40,15.16
2024/01/01 16:12:43.21,113.21,-8.06,-8.37,15.20
2024/01/01 16:12:43.22,113.22,-8.13,-8.32,15.20
2024/01/01 16:12:43.23,113.23,-8.18,-8.29,15.20
2024/01/01 16:12:43.24,113.24,-8.20,-8.31,15.22
2024/01/01 16:12:43.25,113.25,-8.22,-8.36,15.24
2024/01/01 16:12:43.26,113.26,-8.26,-8.42,15.23
2024/01/01 16:12:43.27,113.27,-8.34,-8.46,15.19
2024/01/01 16:12:43.28,113.28,-8.44,-8.49,15.12
2024/01/01 16:12:43.29,113.29,-8.53,-8.49,15.05
2024/01/01 16:12:43.30,113.30,-8.58,-8.47,14.98
2024/01/01 16:12:43.31,113.31,-8.58,-8.45,14.90
2024/01/01 16:12:43.32,113.32,-8.55,-8.44,14.84
2024/01/01 16:12:43.33,113.33,-8.51,-8.42,14.80
2024/01/01 16:12:43.34,113.34,-8.46,-8.37,14.80
2024/01/01 16:12:43.35,113.35,-8.44,-8.26,14.79
2024/01/01 16:12:43.36,113.36,-8.45,-8.12,14.77
2024/01/01 16:12:43.37,113.37,-8.49,-7.96,14.74
2024/01/01 16:12:43.38,113.38,-8.55,-7.80,14.71
2024/01/01 16:12:43.39,113.39,-8.61,-7.65,14.71
2024/01/01 16:12:43.40,113.40,-8.66,-7.54,14.73
2024/01/01 16:12:43.41,113.41,-8.69,-7.44,14.77
2024/01/01 16:12:43.42,113.42,-8.68,-7.32,14.81
2024/01/01 16:12:43.43,113.43,-8.64,-7.15,14.85
2024/01/01 16:12:43.44,113.44,-8.58,-6.95,14.87
2024/01/01 16:12:43.45,113.45,-8.52,-6.77,14.89
2024/01/01 16:12:43.46,113.46,-8.47,-6.64,14.91
2024/01/01 16:12:43.47,113.47,-8.43,-6.58,14.95
2024/01/01 16:12:43.48,113.48,-8.39,-6.59,14.99
2024/01/01 16:12:43.49,113.49,-8.33,-6.64,15.02
2024/01/01 16:12:43.50,113.50,-8.23,-6.69,15.06
2024/01/01 16:12:43.51,113.51,-8.09,-6.73,15.09
2024/01/01 16:12:43.52,113.52,-7.92,-6.77,15.12
2024/01/01 16:12:43.53,113.53,-7.75,-6.82,15.13
2024/01/01 16:12:43.54,113.54,-7.59,-6.87,15.11
2024/01/01 16:12:43.55,113.55,-7.49,-6.92,15.08
2024/01/01 16:12:43.56,113.56,-7.45,-6.95,15.04
2024/01/01 16:12:43.57,113.57,-7.44,-6.93,14.99
2024/01/01 16:12:43.58,113.58,-7.44,-6.83,14.91
2024/01/01 16:12:43.59,113.59,-7.40,-6.69,14.81
2024/01/01 16:12:43.60,113.60,-7.33,-6.55,14.68
2024/01/01 16:12:43.61,113.61,-7.22,-6.48,14.55
2024/01/01 16:12:43.62,113.62,-7.09,-6.52,14.45
2024/01/01 16:12:43.63,113.63,-6.98,-6.65,14.38
2024/01/01 16:12:43.64,113.64,-6.88,-6.81,14.33
2024/01/01 16:12:43.65,113.65,-6.81,-6.94,14.27
2024/01/01 16:12:43.66,113.66,-6.76,-7.03,14.23
2024/01/01 16:12:43.67,113.67,-6.79,-7.06,14.23
2024/01/01 16:12:43.68,113.68,-6.91,-7.06,14.26
2024/01/01 16:12:43.69,113.69,-7.13,-7.06,14.29
2024/01/01 16:12:43.70,113.70,-7.40,-7.04,14.32
2024/01/01 16:12:43.71,113.71,-7.65,-6.99,14.35
2024/01/01 16:12:43.72,113.72,-7.86,-6.96,14.40
2024/01/01 16:12:43.73,113.73,-7.99,-6.97,14.46
2024/01/01 16:12:43.74,113.74,-8.07,-7.03,14.55
2024/01/01 16:12:43.75,113.75,-8.10,-7.11,14.66
2024/01/01 16:12:43.76,113.76,-8.13,-7.16,14.76
2024/01/01 16:12:43.77,113.77,-8.15,-7.18,14.80
2024/01/01 16:12:43.78,113.78,-8.16,-7.20,14.81
2024/01/01 16:12:43.79,113.79,-8.16,-7.27,14.85
2024/01/01 16:12:43.80,113.80,-8.15,-7.41,14.91
2024/01/01 16:12:43.81,113.81,-8.14,-7.56,15.00
2024/01/01 16:12:43.82,113.82,-8.15,-7.70,15.06
2024/01/01 16:12:43.83,113.83,-8.18,-7.79,15.07
2024/01/01 16:12:43.84,113.84,-8.24,-7.81,15.06
2024/01/01 16:12:43.85,113.85,-8.34,-7.79,15.06
2024/01/01 16:12:43.86,113.86,-8.44,-7.73,15.09
2024/01/01 16:12:43.87,113.87,-8.55,-7.66,15.13
2024/01/01 16:12:43.88,113.88,-8.64,-7.60,15.15
2024/01/01 16:12:43.89,113.89,-8.72,-7.57,15.15
2024/01/01 16:12:43.90,113.90,-8.81,-7.57,15.15
2024/01/01 16:12:43.91,113.91,-8.93,-7.56,15.14
2024/01/01 16:12:43.92,113.92,-9.08,-7.53,15.11
2024/01/01 16:12:43.93,113.93,-9.21,-7.46,15.06
2024/01/01 16:12:43.94,113.94,-9.28,-7.37,15.00
2024/01/01 16:12:43.95,113.95,-9.27,-7.29,14.97
2024/01/01 16:12:43.96,113.96,-9.20,-7.26,14.96
2024/01/01 16:12:43.97,113.97,-9.09,-7.27,14.97
2024/01/01 16:12:43.98,113.98,-8.97,-7.32,14.98
2024/01/01 16:12:43.99,113.99,-8.85,-7.37,14.98
2024/01/01 16:12:44.00,114.00,-8.78,-7.41,14.93
2024/01/01 16:12:44.01,114.01,-8.76,-7.46,14.85
2024/01/01 16:12:44.02,114.02,-8.78,-7.54,14.80
2024/01/01 16:12:44.03,114.03,-8.85,-7.64,14.80
2024/01/01 16:12:44.04,114.04,-8.95,-7.74,14.84
2024/01/01 16:12:44.05,114.05,-9.06,-7.78,14.88
2024/01/01 16:12:44.06,114.06,-9.15,-7.77,14.91
2024/01/01 16:12:44.07,114.07,-9.20,-7.69,14.96
2024/01/01 16:12:44.08,114.08,-9.20,-7.58,15.01
2024/01/01 16:12:44.09,114.09,-9.14,-7.48,15.04
2024/01/01 16:12:44.10,114.10,-9.05,-7.39,15.05
2024/01/01 16:12:44.11,114.11,-8.93,-7.31,15.07
2024/01/01 16:12:44.12,114.12,-8.80,-7.26,15.10
2024/01/01 16:12:44.13,114.13,-8.69,-7.24,15.14
2024/01/01 16:12:44.14,114.14,-8.59,-7.25,15.17
2024/01/01 16:12:44.15,114.15,-8.50,-7.27,15.17
2024/01/01 16:12:44.16,114.16,-8.42,-7.28,15.15
2024/01/01 16:12:44.17,114.17,-8.38,-7.26,15.10
2024/01/01 16:12:44.18,114.18,-8.40,-7.23,15.05
2024/01/01 16:12:44.19,114.19,-8.47,-7.21,15.03
2024/01/01 16:12:44.20,114.20,-8.57,-7.17,15.06
2024/01/01 16:12:44.21,114.21,-8.68,-7.10,15.14
2024/01/01 16:12:44.22,114.22,-8.71,-7.00,15.24
2024/01/01 16:12:44.23,114.23,-8.65,-6.90,15.35
2024/01/01 16:12:44.24,114.24,-8.49,-6.80,15.44
2024/01/01 16:12:44.25,114.25,-8.30,-6.69,15.49
2024/01/01 16:12:44.26,114.26,-8.11,-6.58,15.47
2024/01/01 16:12:44.27,114.27,-7.94,-6.48,15.43
2024/01/01 16:12:44.28,114.28,-7.81,-6.40,15.38
2024/01/01 16:12:44.29,114.29,-7.74,-6.38,15.31
2024/01/01 16:12:44.30,114.30,-7.71,-6.42,15.25
2024/01/01 16:12:44.31,114.31,-7.70,-6.52,15.21
2024/01/01 16:12:44.32,114.32,-7.71,-6.64,15.18
2024/01/01 16:12:44.33,114.33,-7.73,-6.76,15.14
2024/01/01 16:12:44.34,114.34,-7.75,-6.89,15.09
2024/01/01 16:12:44.35,114.35,-7.77,-7.03,15.05
2024/01/01 16:12:44.36,114.36,-7.76,-7.21,15.00
2024/01/01 16:12:44.37,114.37,-7.76,-7.39,14.94
2024/01/01 16:12:44.38,114.38,-7.75,-7.52,14.87
2024/01/01 16:12:44.39,114.39,-7.76,-7.57,14.78
2024/01/01 16:12:44.40,114.40,-7.79,-7.57,14.68
2024/01/01 16:12:44.41,114.41,-7.83,-7.55,14.59
2024/01/01 16:12:44.42,114.42,-7.89,-7.51,14.52
2024/01/01 16:12:44.43,114.43,-7.99,-7.47,14.46
2024/01/01 16:12:44.44,114.44,-8.10,-7.42,14.39
2024/01/01 16:12:44.45,114.45,-8.20,-7.37,14.35
2024/01/01 16:12:44.46,114.46,-8.25,-7.34,14.37
2024/01/01 16:12:44.47,114.47,-8.23,-7.33,14.45
2024/01/01 16:12:44.48,114.48,-8.17,-7.38,14.55
2024/01/01 16:12:44.49,114.49,-8.09,-7.45,14.66
2024/01/01 16:12:44.50,114.50,-8.00,-7.50,14.74
2024/01/01 16:12:44.51,114.51,-7.94,-7.50,14.78
2024/01/01 16:12:44.52,114.52,-7.91,-7.48,14.79
2024/01/01 16:12:44.53,114.53,-7.88,-7.45,14.79
2024/01/01 16:12:44.54,114.54,-7.86,-7.40,14.80
2024/01/01 16:12:44.55,114.55,-7.87,-7.35,14.80
2024/01/01 16:12:44.56,114.56,-7.89,-7.32,14.81
2024/01/01 16:12:44.57,114.57,-7.90,-7.32,14.84
2024/01/01 16:12:44.58,114.58,-7.89,-7.34,14.92
2024/01/01 16:12:44.59,114.59,-7.86,-7.39,15.01
2024/01/01 16:12:44.60,114.60,-7.78,-7.49,15.09
2024/01/01 16:12:44.61,114.61,-7.67,-7.63,15.15
2024/01/01 16:12:44.62,114.62,-7.58,-7.75,15.19
2024/01/01 16:12:44.63,114.63,-7.49,-7.83,15.23
2024/01/01 16:12:44.64,114.64,-7.39,-7.88,15.27
2024/01/01 16:12:44.65,114.65,-7.27,-7.89,15.33
2024/01/01 16:12:44.66,114.66,-7.14,-7.82,15.38
2024/01/01 16:12:44.67,114.67,-7.01,-7.68,15.42
2024/01/01 16:12:44.68,114.68,-6.92,-7.49,15.46
2024/01/01 16:12:44.69,114.69,-6.91,-7.29,15.49
2024/01/01 16:12:44.70,114.70,-6.98,-7.15,15.52
2024/01/01 16:12:44.71,114.71,-7.12,-7.10,15.58
2024/01/01 16:12:44.72,114.72,-7.30,-7.10,15.63
2024/01/01 16:12:44.73,114.73,-7.49,-7.10,15.67
2024/01/01 16:12:44.74,114.74,-7.67,-7.06,15.69
2024/01/01 16:12:44.75,114.75,-7.85,-6.97,15.71
2024/01/01 16:12:44.76,114.76,-7.99,-6.85,15.74
2024/01/01 16:12:44.77,114.77,-8.12,-6.76,15.79
2024/01/01 16:12:44.78,114.78,-8.21,-6.72,15.85
2024/01/01 16:12:44.79,114.79,-8.28,-6.73,15.89
2024/01/01 16:12:44.80,114.80,-8.32,-6.77,15.91
2024/01/01 16:12:44.81,114.81,-8.35,-6.84,15.90
2024/01/01 16:12:44.82,114.82,-8.40,-6.93,15.87
2024/01/01 16:12:44.83,114.83,-8.46,-7.02,15.80
2024/01/01 16:12:44.84,114.84,-8.51,-7.11,15.73
2024/01/01 16:12:44.85,114.85,-8.56,-7.21,15.67
2024/01/01 16:12:44.86,114.86,-8.61,-7.32,15.62
2024/01/01 16:12:44.87,114.87,-8.65,-7.43,15.58
2024/01/01 16:12:44.88,114.88,-8.69,-7.55,15.55
2024/01/01 16:12:44.89,114.89,-8.73,-7.66,15.55
2024/01/01 16:12:44.90,114.90,-8.73,-7.77,15.54
2024/01/01 16:12:44.91,114.91,-8.72,-7.90,15.49
2024/01/01 16:12:44.92,114.92,-8.71,-8.01,15.42
2024/01/01 16:12:44.93,114.93,-8.73,-8.08,15.34
2024/01/01 16:12:44.94,114.94,-8.80,-8.12,15.27
2024/01/01 16:12:44.95,114.95,-8.91,-8.15,15.22
2024/01/01 16:12:44.96,114.96,-9.03,-8.18,15.20
2024/01/01 16:12:44.97,114.97,-9.13,-8.20,15.21
2024/01/01 16:12:44.98,114.98,-9.20,-8.20,15.21
2024/01/01 16:12:44.99,114.99,-9.19,-8.17,15.19
2024/01/01 16:12:45.00,115.00,-9.11,-8.12,15.17
2024/01/01 16:12:45.01,115.01,-9.00,-8.08,15.16
2024/01/01 16:12:45.02,115.02,-8.89,-8.05,15.16
2024/01/01 16:12:45.03,115.03,-8.81,-8.04,15.20
2024/01/01 16:12:45.04,115.04,-8.78,-8.06,15.26
2024/01/01 16:12:45.05,115.05,-8.77,-8.08,15.33
2024/01/01 16:12:45.06,115.06,-8.78,-8.07,15.41
2024/01/01 16:12:45.07,115.07,-8.79,-8.02,15.48
2024/01/01 16:12:45.08,115.08,-8.79,-7.93,15.53
2024/01/01 16:12:45.09,115.09,-8.77,-7.81,15.54
2024/01/01 16:12:45.10,115.10,-8.71,-7.69,15.53
2024/01/01 16:12:45.11,115.11,-8.61,-7.59,15.54
2024/01/01 16:12:45.12,115.12,-8.50,-7.51,15.58
2024/01/01 16:12:45.13,115.13,-8.38,-7.43,15.64
2024/01/01 16:12:45.14,115.14,-8.25,-7.36,15.70
2024/01/01 16:12:45.15,115.15,-8.12,-7.30,15.75
2024/01/01 16:12:45.16,115.16,-8.01,-7.24,15.78
2024/01/01 16:12:45.17,115.17,-7.93,-7.21,15.78
2024/01/01 16:12:45.18,115.18,-7.89,-7.19,15.79
2024/01/01 16:12:45.19,115.19,-7.87,-7.14,15.78
2024/01/01 16:12:45.20,115.20,-7.85,-7.06,15.74
2024/01/01 16:12:45.21,115.21,-7.83,-6.96,15.65
2024/01/01 16:12:45.22,115.22,-7.79,-6.86,15.55
2024/01/01 16:12:45.23,115.23,-7.72,-6.81,15.44
2024/01/01 16:12:45.24,115.24,-7.66,-6.80,15.33
2024/01/01 16:12:45.25,115.25,-7.61,-6.81,15.22
2024/01/01 16:12:45.26,115.26,-7.54,-6.80,15.13
2024/01/01 16:12:45.27,115.27,-7.48,-6.74,15.03
2024/01/01 16:12:45.28,115.28,-7.43,-6.62,14.92
2024/01/01 16:12:45.29,115.29,-7.36,-6.46,14.84
2024/01/01 16:12:45.30,115.30,-7.31,-6.25,14.82
2024/01/01 16:12:45.31,115.31,-7.27,-6.03,14.85
2024/01/01 16:12:45.32,115.32,-7.26,-5.84,14.91
2024/01/01 16:12:45.33,115.33,-7.25,-5.71,14.96
2024/01/01 16:12:45.34,115.34,-7.25,-5.63,15.00
2024/01/01 16:12:45.35,115.35,-7.25,-5.61,15.05
2024/01/01 16:12:45.36,115.36,-7.29,-5.64,15.08
2024/01/01 16:12:45.37,115.37,-7.35,-5.73,15.10
2024/01/01 16:12:45.38,115.38,-7.43,-5.84,15.09
2024/01/01 16:12:45.39,115.39,-7.52,-5.97,15.10
2024/01/01 16:12:45.40,115.40,-7.59,-6.10,15.12
2024/01/01 16:12:45.41,115.41,-7.61,-6.20,15.10
2024/01/01 16:12:45.42,115.42,-7.58,-6.29,15.06
2024/01/01 16:12:45.43,115.43,-7.55,-6.36,15.03
2024/01/01 16:12:45.44,115.44,-7.53,-6.40,15.04
2024/01/01 16:12:45.45,115.45,-7.53,-6.42,15.06
2024/01/01 16:12:45.46,115.46,-7.58,-6.42,15.09
2024/01/01 16:12:45.47,115.47,-7.64,-6.42,15.09
2024/01/01 16:12:45.48,115.48,-7.68,-6.40,15.06
2024/01/01 16:12:45.49,115.49,-7.69,-6.39,14.97
2024/01/01 16:12:45.50,115.50,-7.72,-6.41,14.85
2024/01/01 16:12:45.51,115.51,-7.76,-6.49,14.74
2024/01/01 16:12:45.52,115.52,-7.84,-6.60,14.68
2024/01/01 16:12:45.53,115.53,-7.94,-6.75,14.68
2024/01/01 16:12:45.54,115.54,-8.07,-6.90,14.69
2024/01/01 16:12:45.55,115.55,-8.21,-7.05,14.70
2024/01/01 16:12:45.56,115.56,-8.33,-7.18,14.70
2024/01/01 16:12:45.57,115.57,-8.42,-7.28,14.69
2024/01/01 16:12:45.58,115.58,-8.49,-7.34,14.69
2024/01/01 16:12:45.59,115.59,-8.53,-7.36,14.70
2024/01/01 16:12:45.60,115.60,-8.55,-7.31,14.71
2024/01/01 16:12:45.61,115.61,-8.58,-7.21,14.72
2024/01/01 16:12:45.62,115.62,-8.63,-7.10,14.72
2024/01/01 16:12:45.63,115.63,-8.69,-7.05,14.73
2024/01/01 16:12:45.64,115.64,-8.77,-7.08,14.74
2024/01/01 16:12:45.65,115.65,-8.86,-7.20,14.74
2024/01/01 16:12:45.66,115.66,-8.94,-7.37,14.73
2024/01/01 16:12:45.67,115.67,-8.99,-7.54,14.73
2024/01/01 16:12:45.68,115.68,-9.01,-7.66,14.76
2024/01/01 16:12:45.69,115.69,-9.02,-7.71,14.80
2024/01/01 16:12:45.70,115.70,-9.02,-7.69,14.83
2024/01/01 16:12:45.71,115.71,-9.05,-7.64,14.85
2024/01/01 16:12:45.72,115.72,-9.10,-7.57,14.88
2024/01/01 16:12:45.73,115.73,-9.17,-7.53,14.91
2024/01/01 16:12:45.74,115.74,-9.24,-7.56,14.93
2024/01/01 16:12:45.75,115.75,-9.27,-7.64,14.96
2024/01/01 16:12:45.76,115.76,-9.24,-7.73,14.99
2024/01/01 16:12:45.77,115.77,-9.16,-7.77,15.02
2024/01/01 16:12:45.78,115.78,-9.05,-7.73,15.02
2024/01/01 16:12:45.79,115.79,-8.93,-7.59,15.00
2024/01/01 16:12:45.80,115.80,-8.81,-7.41,14.98
2024/01/01 16:12:45.81,115.81,-8.70,-7.23,14.98
2024/01/01 16:12:45.82,115.82,-8.57,-7.09,14.98
2024/01/01 16:12:45.83,115.83,-8.45,-7.01,14.99
2024/01/01 16:12:45.84,115.84,-8.33,-6.97,14.97
2024/01/01 16:12:45.85,115.85,-8.25,-6.99,14.94
2024/01/01 16:12:45.86,115.86,-8.20,-7.04,14.91
2024/01/01 16:12:45.87,115.87,-8.16,-7.08,14.87
2024/01/01 16:12:45.88,115.88,-8.14,-7.08,14.82
2024/01/01 16:12:45.89,115.89,-8.09,-7.04,14.72
2024/01/01 16:12:45.90,115.90,-7.98,-6.96,14.60
2024/01/01 16:12:45.91,115.91,-7.81,-6.86,14.49
2024/01/01 16:12:45.92,115.92,-7.62,-6.72,14.40
2024/01/01 16:12:45.93,115.93,-7.43,-6.56,14.34
2024/01/01 16:12:45.94,115.94,-7.27,-6.37,14.31
2024/01/01 16:12:45.95,115.95,-7.15,-6.20,14.28
2024/01/01 16:12:45.96,115.96,-7.05,-6.07,14.24
2024/01/01 16:12:45.97,115.97,-6.95,-5.99,14.16
2024/01/01 16:12:45.98,115.98,-6.86,-5.98,14.06
2024/01/01 16:12:45.99,115.99,-6.77,-6.03,13.98
2024/01/01 16:12:46.00,116.00,-6.71,-6.09,13.95
2024/01/01 16:12:46.01,116.01,-6.68,-6.16,13.95
2024/01/01 16:12:46.02,116.02,-6.68,-6.21,13.97
2024/01/01 16:12:46.03,116.03,-6.71,-6.25,13.99
2024/01/01 16:12:46.04,116.04,-6.76,-6.31,14.03
2024/01/01 16:12:46.05,116.05,-6.83,-6.38,14.05
2024/01/01 16:12:46.06,116.06,-6.91,-6.45,14.05
2024/01/01 16:12:46.07,116.07,-6.98,-6.51,14.03
2024/01/01 16:12:46.08,116.08,-7.04,-6.54,14.02
2024/01/01 16:12:46.09,116.09,-7.05,-6.58,14.04
2024/01/01 16:12:46.10,116.10,-7.02,-6.65,14.06
2024/01/01 16:12:46.11,116.11,-6.97,-6.75,14.10
2024/01/01 16:12:46.12,116.12,-6.92,-6.85,14.16
2024/01/01 16:12:46.13,116.13,-6.89,-6.92,14.24
2024/01/01 16:12:46.14,116.14,-6.88,-6.95,14.32
2024/01/01 16:12:46.15,116.15,-6.90,-6.97,14.40
2024/01/01 16:12:46.16,116.16,-6.93,-6.97,14.46
2024/01/01 16:12:46.17,116.17,-6.96,-6.94,14.48
2024/01/01 16:12:46.18,116.18,-6.99,-6.91,14.48
2024/01/01 16:12:46.19,116.19,-7.05,-6.90,14.46
2024/01/01 16:12:46.20,116.20,-7.16,-6.93,14.45
2024/01/01 16:12:46.21,116.21,-7.33,-7.00,14.47
2024/01/01 16:12:46.22,116.22,-7.53,-7.11,14.51
2024/01/01 16:12:46.23,116.23,-7.76,-7.23,14.56
2024/01/01 16:12:46.24,116.24,-7.99,-7.35,14.62
2024/01/01 16:12:46.25,116.25,-8.18,-7.44,14.66
2024/01/01 16:12:46.26,116.26,-8.32,-7.50,14.71
2024/01/01 16:12:46.27,116.27,-8.38,-7.53,14.77
2024/01/01 16:12:46.28,116.28,-8.35,-7.51,14.84
2024/01/01 16:12:46.29,116.29,-8.27,-7.46,14.89
2024/01/01 16:12:46.30,116.30,-8.18,-7.41,14.93
2024/01/01 16:12:46.31,116.31,-8.13,-7.35,14.96
2024/01/01 16:12:46.32,116.32,-8.15,-7.29,14.97
2024/01/01 16:12:46.33,116.33,-8.23,-7.27,14.94
2024/01/01 16:12:46.34,116.34,-8.34,-7.27,14.88
2024/01/01 16:12:46.35,116.35,-8.44,-7.28,14.80
2024/01/01 16:12:46.36,116.36,-8.51,-7.31,14.72
2024/01/01 16:12:46.37,116.37,-8.54,-7.37,14.67
2024/01/01 16:12:46.38,116.38,-8.55,-7.43,14.66
2024/01/01 16:12:46.39,116.39,-8.54,-7.47,14.68
2024/01/01 16:12:46.40,116.40,-8.54,-7.49,14.69
2024/01/01 16:12:46.41,116.41,-8.54,-7.50,14.70
2024/01/01 16:12:46.42,116.42,-8.54,-7.51,14.70
2024/01/01 16:12:46.43,116.43,-8.54,-7.51,14.68
2024/01/01 16:12:46.44,116.44,-8.50,-7.49,14.62
2024/01/01 16:12:46.45,116.45,-8.43,-7.43,14.57
2024/01/01 16:12:46.46,116.46,-8.31,-7.35,14.52
2024/01/01 16:12:46.47,116.47,-8.17,-7.29,14.48
2024/01/01 16:12:46.48,116.48,-8.05,-7.28,14.47
2024/01/01 16:12:46.49,116.49,-7.96,-7.34,14.46
2024/01/01 16:12:46.50,116.50,-7.92,-7.43,14.45
2024/01/01 16:12:46.51,116.51,-7.90,-7.53,14.43
2024/01/01 16:12:46.52,116.52,-7.87,-7.61,14.41
2024/01/01 16:12:46.53,116.53,-7.83,-7.62,14.39
2024/01/01 16:12:46.54,116.54,-7.78,-7.56,14.37
2024/01/01 16:12:46.55,116.55,-7.74,-7.44,14.36
2024/01/01 16:12:46.56,116.56,-7.70,-7.28,14.37
2024/01/01 16:12:46.57,116.57,-7.68,-7.12,14.39
2024/01/01 16:12:46.58,116.58,-7.66,-7.02,14.40
2024/01/01 16:12:46.59,116.59,-7.62,-7.00,14.39
2024/01/01 16:12:46.60,116.60,-7.53,-7.07,14.38
2024/01/01 16:12:46.61,116.61,-7.42,-7.18,14.36
2024/01/01 16:12:46.62,116.62,-7.29,-7.28,14.34
2024/01/01 16:12:46.63,116.63,-7.17,-7.33,14.34
2024/01/01 16:12:46.64,116.64,-7.08,-7.30,14.36
2024/01/01 16:12:46.65,116.65,-7.03,-7.22,14.41
2024/01/01 16:12:46.66,116.66,-7.02,-7.15,14.46
2024/01/01 16:12:46.67,116.67,-7.00,-7.14,14.51
2024/01/01 16:12:46.68,116.68,-6.97,-7.15,14.58
2024/01/01 16:12:46.69,116.69,-6.94,-7.14,14.65
2024/01/01 16:12:46.70,116.70,-6.91,-7.08,14.71
2024/01/01 16:12:46.71,116.71,-6.90,-7.00,14.75
2024/01/01 16:12:46.72,116.72,-6.90,-6.87,14.76
2024/01/01 16:12:46.73,116.73,-6.96,-6.72,14.72
2024/01/01 16:12:46.74,116.74,-7.07,-6.56,14.64
2024/01/01 16:12:46.75,116.75,-7.22,-6.42,14.56
2024/01/01 16:12:46.76,116.76,-7.42,-6.33,14.53
2024/01/01 16:12:46.77,116.77,-7.64,-6.29,14.54
2024/01/01 16:12:46.78,116.78,-7.86,-6.29,14.55
2024/01/01 16:12:46.79,116.79,-8.04,-6.32,14.55
2024/01/01 16:12:46.80,116.80,-8.20,-6.38,14.55
2024/01/01 16:12:46.81,116.81,-8.33,-6.48,14.54
2024/01/01 16:12:46.82,116.82,-8.45,-6.61,14.53
2024/01/01 16:12:46.83,116.83,-8.53,-6.73,14.52
2024/01/01 16:12:46.84,116.84,-8.57,-6.86,14.52
2024/01/01 16:12:46.85,116.85,-8.57,-6.96,14.52
2024/01/01 16:12:46.86,116.86,-8.52,-7.04,14.50
2024/01/01 16:12:46.87,116.87,-8.44,-7.09,14.46
2024/01/01 16:12:46.88,116.88,-8.37,-7.11,14.42
2024/01/01 16:12:46.89,116.89,-8.30,-7.12,14.37
2024/01/01 16:12:46.90,116.90,-8.25,-7.12,14.31
2024/01/01 16:12:46.91,116.91,-8.21,-7.11,14.28
2024/01/01 16:12:46.92,116.92,-8.18,-7.11,14.29
2024/01/01 16:12:46.93,116.93,-8.17,-7.14,14.34
2024/01/01 16:12:46.94,116.94,-8.18,-7.19,14.38
2024/01/01 16:12:46.95,116.95,-8.22,-7.26,14.42
2024/01/01 16:12:46.96,116.96,-8.28,-7.32,14.46
2024/01/01 16:12:46.97,116.97,-8.37,-7.35,14.50
2024/01/01 16:12:46.98,116.98,-8.46,-7.35,14.54
2024/01/01 16:12:46.99,116.99,-8.53,-7.35,14.57
2024/01/01 16:12:47.00,117.00,-8.57,-7.39,14.63
2024/01/01 16:12:47.01,117.01,-8.62,-7.48,14.71
2024/01/01 16:12:47.02,117.02,-8.68,-7.58,14.79
2024/01/01 16:12:47.03,117.03,-8.74,-7.66,14.83
2024/01/01 16:12:47.04,117.04,-8.79,-7.72,14.84
2024/01/01 16:12:47.05,117.05,-8.79,-7.75,14.84
2024/01/01 16:12:47.06,117.06,-8.71,-7.77,14.86
2024/01/01 16:12:47.07,117.07,-8.56,-7.82,14.90
2024/01/01 16:12:47.08,117.08,-8.35,-7.88,14.94
2024/01/01 16:12:47.09,117.09,-8.11,-7.96,14.97
2024/01/01 16:12:47.10,117.10,-7.88,-8.02,14.97
2024/01/01 16:12:47.11,117.11,-7.69,-8.05,14.91
2024/01/01 16:12:47.12,117.12,-7.53,-8.10,14.81
2024/01/01 16:12:47.13,117.13,-7.41,-8.17,14.69
2024/01/01 16:12:47.14,117.14,-7.33,-8.27,14.57
2024/01/01 16:12:47.15,117.15,-7.25,-8.36,14.48
2024/01/01 16:12:47.16,117.16,-7.18,-8.37,14.42
2024/01/01 16:12:47.17,117.17,-7.08,-8.30,14.38
2024/01/01 16:12:47.18,117.18,-6.95,-8.16,14.32
2024/01/01 16:12:47.19,117.19,-6.79,-8.02,14.22
2024/01/01 16:12:47.20,117.20,-6.63,-7.92,14.11
2024/01/01 16:12:47.21,117.21,-6.47,-7.87,14.02
2024/01/01 16:12:47.22,117.22,-6.33,-7.82,13.96
2024/01/01 16:12:47.23,117.23,-6.21,-7.73,13.94
2024/01/01 16:12:47.24,117.24,-6.09,-7.58,13.96
2024/01/01 16:12:47.25,117.25,-6.01,-7.39,14.02
2024/01/01 16:12:47.26,117.26,-5.99,-7.20,14.10
2024/01/01 16:12:47.27,117.27,-6.04,-7.05,14.16
2024/01/01 16:12:47.28,117.28,-6.17,-6.95,14.20
2024/01/01 16:12:47.29,117.29,-6.34,-6.89,14.22
2024/01/01 16:12:47.30,117.30,-6.51,-6.84,14.26
2024/01/01 16:12:47.31,117.31,-6.65,-6.81,14.32
2024/01/01 16:12:47.32,117.32,-6.72,-6.77,14.37
2024/01/01 16:12:47.33,117.33,-6.75,-6.72,14.44
2024/01/01 16:12:47.34,117.34,-6.75,-6.64,14.51
2024/01/01 16:12:47.35,117.35,-6.75,-6.53,14.59
2024/01/01 16:12:47.36,117.36,-6.77,-6.39,14.64
2024/01/01 16:12:47.37,117.37,-6.82,-6.23,14.65
2024/01/01 16:12:47.38,117.38,-6.88,-6.09,14.64
2024/01/01 16:12:47.39,117.39,-6.94,-5.98,14.62
2024/01/01 16:12:47.40,117.40,-7.01,-5.92,14.60
2024/01/01 16:12:47.41,117.41,-7.08,-5.95,14.58
2024/01/01 16:12:47.42,117.42,-7.17,-6.07,14.56
2024/01/01 16:12:47.43,117.43,-7.26,-6.27,14.54
2024/01/01 16:12:47.44,117.44,-7.36,-6.49,14.48
2024/01/01 16:12:47.45,117.45,-7.46,-6.68,14.39
2024/01/01 16:12:47.46,117.46,-7.59,-6.79,14.31
2024/01/01 16:12:47.47,117.47,-7.73,-6.82,14.25
2024/01/01 16:12:47.48,117.48,-7.88,-6.78,14.24
2024/01/01 16:12:47.49,117.49,-8.02,-6.71,14.24
2024/01/01 16:12:47.50,117.50,-8.15,-6.63,14.23
2024/01/01 16:12:47.51,117.51,-8.25,-6.55,14.21
2024/01/01 16:12:47.52,117.52,-8.36,-6.47,14.18
2024/01/01 16:12:47.53,117.53,-8.47,-6.38,14.14
2024/01/01 16:12:47.54,117.54,-8.60,-6.31,14.11
2024/01/01 16:12:47.55,117.55,-8.71,-6.25,14.10
2024/01/01 16:12:47.56,117.56,-8.80,-6.24,14.11
2024/01/01 16:12:47.57,117.57,-8.84,-6.27,14.13
2024/01/01 16:12:47.58,117.58,-8.84,-6.32,14.16
2024/01/01 16:12:47.59,117.59,-8.81,-6.38,14.21
2024/01/01 16:12:47.60,117.60,-8.78,-6.43,14.28
2024/01/01 16:12:47.61,117.61,-8.75,-6.48,14.36
2024/01/01 16:12:47.62,117.62,-8.72,-6.53,14.46
2024/01/01 16:12:47.63,117.63,-8.71,-6.58,14.56
2024/01/01 16:12:47.64,117.64,-8.70,-6.65,14.65
2024/01/01 16:12:47.65,117.65,-8.70,-6.72,14.74
2024/01/01 16:12:47.66,117.66,-8.69,-6.80,14.82
2024/01/01 16:12:47.67,117.67,-8.65,-6.89,14.90
2024/01/01 16:12:47.68,117.68,-8.59,-6.97,14.94
2024/01/01 16:12:47.69,117.69,-8.52,-7.07,14.93
2024/01/01 16:12:47.70,117.70,-8.47,-7.16,14.89
2024/01/01 16:12:47.71,117.71,-8.46,-7.25,14.84
2024/01/01 16:12:47.72,117.72,-8.48,-7.33,14.80
2024/01/01 16:12:47.73,117.73,-8.53,-7.37,14.79
2024/01/01 16:12:47.74,117.74,-8.57,-7.37,14.81
2024/01/01 16:12:47.75,117.75,-8.59,-7.31,14.81
2024/01/01 16:12:47.76,117.76,-8.55,-7.20,14.79
2024/01/01 16:12:47.77,117.77,-8.46,-7.06,14.75
2024/01/01 16:12:47.78,117.78,-8.33,-6.95,14.69
2024/01/01 16:12:47.79,117.79,-8.18,-6.90,14.63
2024/01/01 16:12:47.80,117.80,-8.05,-6.93,14.57
2024/01/01 16:12:47.81,117.81,-7.97,-7.05,14.53
2024/01/01 16:12:47.82,117.82,-7.95,-7.22,14.50
2024/01/01 16:12:47.83,117.83,-7.98,-7.37,14.48
2024/01/01 16:12:47.84,117.84,-8.06,-7.50,14.46
2024/01/01 16:12:47.85,117.85,-8.14,-7.56,14.43
2024/01/01 16:12:47.86,117.86,-8.19,-7.59,14.38
2024/01/01 16:12:47.87,117.87,-8.16,-7.61,14.33
2024/01/01 16:12:47.88,117.88,-8.04,-7.66,14.28
2024/01/01 16:12:47.89,117.89,-7.86,-7.74,14.27
2024/01/01 16:12:47.90,117.90,-7.67,-7.87,14.29
2024/01/01 16:12:47.91,117.91,-7.51,-8.02,14.33
2024/01/01 16:12:47.92,117.92,-7.39,-8.16,14.34
2024/01/01 16:12:47.93,117.93,-7.30,-8.27,14.33
2024/01/01 16:12:47.94,117.94,-7.24,-8.32,14.32
2024/01/01 16:12:47.95,117.95,-7.20,-8.32,14.30
2024/01/01 16:12:47.96,117.96,-7.17,-8.30,14.28
2024/01/01 16:12:47.97,117.97,-7.16,-8.31,14.28
2024/01/01 16:12:47.98,117.98,-7.18,-8.33,14.31
2024/01/01 16:12:47.99,117.99,-7.19,-8.35,14.38
2024/01/01 16:12:48.00,118.00,-7.19,-8.33,14.45
2024/01/01 16:12:48.01,118.01,-7.19,-8.27,14.52
2024/01/01 16:12:48.02,118.02,-7.22,-8.17,14.59
2024/01/01 16:12:48.03,118.03,-7.27,-8.06,14.67
2024/01/01 16:12:48.04,118.04,-7.34,-7.95,14.75
2024/01/01 16:12:48.05,118.05,-7.43,-7.86,14.81
2024/01/01 16:12:48.06,118.06,-7.53,-7.81,14.86
2024/01/01 16:12:48.07,118.07,-7.61,-7.79,14.89
2024/01/01 16:12:48.08,118.08,-7.66,-7.78,14.88
2024/01/01 16:12:48.09,118.09,-7.71,-7.75,14.85
2024/01/01 16:12:48.10,118.10,-7.75,-7.69,14.82
2024/01/01 16:12:48.11,118.11,-7.79,-7.59,14.80
2024/01/01 16:12:48.12,118.12,-7.83,-7.46,14.77
2024/01/01 16:12:48.13,118.13,-7.86,-7.32,14.71
2024/01/01 16:12:48.14,118.14,-7.88,-7.18,14.64
2024/01/01 16:12:48.15,118.15,-7.88,-7.02,14.57
2024/01/01 16:12:48.16,118.16,-7.84,-6.88,14.52
2024/01/01 16:12:48.17,118.17,-7.77,-6.79,14.47
2024/01/01 16:12:48.18,118.18,-7.69,-6.73,14.42
2024/01/01 16:12:48.19,118.19,-7.61,-6.68,14.38
2024/01/01 16:12:48.20,118.20,-7.57,-6.61,14.33
2024/01/01 16:12:48.21,118.21,-7.59,-6.50,14.28
2024/01/01 16:12:48.22,118.22,-7.64,-6.39,14.24
2024/01/01 16:12:48.23,118.23,-7.71,-6.29,14.22
2024/01/01 16:12:48.24,118.24,-7.80,-6.19,14.23
2024/01/01 16:12:48.25,118.25,-7.89,-6.10,14.23
2024/01/01 16:12:48.26,118.26,-7.96,-6.04,14.20
2024/01/01 16:12:48.27,118.27,-8.02,-6.02,14.17
2024/01/01 16:12:48.28,118.28,-8.06,-6.07,14.18
2024/01/01 16:12:48.29,118.29,-8.10,-6.16,14.22
2024/01/01 16:12:48.30,118.30,-8.15,-6.27,14.27
2024/01/01 16:12:48.31,118.31,-8.21,-6.37,14.31
2024/01/01 16:12:48.32,118.32,-8.26,-6.42,14.33
2024/01/01 16:12:48.33,118.33,-8.30,-6.41,14.33
2024/01/01 16:12:48.34,118.34,-8.31,-6.36,14.32
2024/01/01 16:12:48.35,118.35,-8.31,-6.30,14.31
2024/01/01 16:12:48.36,118.36,-8.31,-6.27,14.33
2024/01/01 16:12:48.37,118.37,-8.31,-6.32,14.37
2024/01/01 16:12:48.38,118.38,-8.31,-6.43,14.40
2024/01/01 16:12:48.39,118.39,-8.31,-6.60,14.43
2024/01/01 16:12:48.40,118.40,-8.32,-6.77,14.45
2024/01/01 16:12:48.41,118.41,-8.34,-6.94,14.44
2024/01/01 16:12:48.42,118.42,-8.38,-7.09,14.42
2024/01/01 16:12:48.43,118.43,-8.43,-7.21,14.39
2024/01/01 16:12:48.44,118.44,-8.48,-7.31,14.38
2024/01/01 16:12:48.45,118.45,-8.53,-7.37,14.39
2024/01/01 16:12:48.46,118.46,-8.58,-7.41,14.41
2024/01/01 16:12:48.47,118.47,-8.62,-7.46,14.45
2024/01/01 16:12:48.48,118.48,-8.65,-7.54,14.47
2024/01/01 16:12:48.49,118.49,-8.68,-7.61,14.47
2024/01/01 16:12:48.50,118.50,-8.74,-7.63,14.44
2024/01/01 16:12:48.51,118.51,-8.79,-7.60,14.39
2024/01/01 16:12:48.52,118.52,-8.84,-7.54,14.34
2024/01/01 16:12:48.53,118.53,-8.87,-7.50,14.30
2024/01/01 16:12:48.54,118.54,-8.86,-7.52,14.27
2024/01/01 16:12:48.55,118.55,-8.84,-7.61,14.27
2024/01/01 16:12:48.56,118.56,-8.84,-7.72,14.27
2024/01/01 16:12:48.57,118.57,-8.86,-7.81,14.27
2024/01/01 16:12:48.58,118.58,-8.90,-7.88,14.29
2024/01/01 16:12:48.59,118.59,-8.94,-7.93,14.31
2024/01/01 16:12:48.60,118.60,-8.95,-7.96,14.33
2024/01/01 16:12:48.61,118.61,-8.94,-7.98,14.34
2024/01/01 16:12:48.62,118.62,-8.90,-7.97,14.35
2024/01/01 16:12:48.63,118.63,-8.87,-7.90,14.35
2024/01/01 16:12:48.64,118.64,-8.85,-7.79,14.31
2024/01/01 16:12:48.65,118.65,-8.82,-7.70,14.25
2024/01/01 16:12:48.66,118.66,-8.80,-7.65,14.21
2024/01/01 16:12:48.67,118.67,-8.78,-7.67,14.22
2024/01/01 16:12:48.68,118.68,-8.75,-7.73,14.26
2024/01/01 16:12:48.69,118.69,-8.71,-7.77,14.32
2024/01/01 16:12:48.70,118.70,-8.68,-7.74,14.36
2024/01/01 16:12:48.71,118.71,-8.64,-7.66,14.40
2024/01/01 16:12:48.72,118.72,-8.62,-7.55,14.43
2024/01/01 16:12:48.73,118.73,-8.60,-7.48,14.46
2024/01/01 16:12:48.74,118.74,-8.59,-7.46,14.50
2024/01/01 16:12:48.75,118.75,-8.56,-7.46,14.55
2024/01/01 16:12:48.76,118.76,-8.53,-7.47,14.63
2024/01/01 16:12:48.77,118.77,-8.49,-7.47,14.70
2024/01/01 16:12:48.78,118.78,-8.43,-7.43,14.76
2024/01/01 16:12:48.79,118.79,-8.33,-7.39,14.81
2024/01/01 16:12:48.80,118.80,-8.21,-7.34,14.85
2024/01/01 16:12:48.81,118.81,-8.06,-7.28,14.89
2024/01/01 16:12:48.82,118.82,-7.92,-7.18,14.91
2024/01/01 16:12:48.83,118.83,-7.79,-7.05,14.90
2024/01/01 16:12:48.84,118.84,-7.67,-6.93,14.87
2024/01/01 16:12:48.85,118.85,-7.54,-6.85,14.81
2024/01/01 16:12:48.86,118.86,-7.41,-6.82,14.75
2024/01/01 16:12:48.87,118.87,-7.31,-6.82,14.72
2024/01/01 16:12:48.88,118.88,-7.22,-6.82,14.69
2024/01/01 16:12:48.89,118.89,-7.13,-6.82,14.66
2024/01/01 16:12:48.90,118.90,-7.03,-6.84,14.62
2024/01/01 16:12:48.91,118.91,-6.88,-6.87,14.59
2024/01/01 16:12:48.92,118.92,-6.69,-6.92,14.58
2024/01/01 16:12:48.93,118.93,-6.51,-6.99,14.59
2024/01/01 16:12:48.94,118.94,-6.38,-7.07,14.61
2024/01/01 16:12:48.95,118.95,-6.32,-7.14,14.64
2024/01/01 16:12:48.96,118.96,-6.32,-7.18,14.67
2024/01/01 16:12:48.97,118.97,-6.39,-7.17,14.70
2024/01/01 16:12:48.98,118.98,-6.49,-7.12,14.73
2024/01/01 16:12:48.99,118.99,-6.59,-7.06,14.74
2024/01/01 16:12:49.00,119.00,-6.69,-7.01,14.75
2024/01/01 16:12:49.01,119.01,-6.78,-6.96,14.75
2024/01/01 16:12:49.02,119.02,-6.86,-6.91,14.74
2024/01/01 16:12:49.03,119.03,-6.92,-6.88,14.72
2024/01/01 16:12:49.04,119.04,-6.99,-6.87,14.71
2024/01/01 16:12:49.05,119.05,-7.07,-6.87,14.69
2024/01/01 16:12:49.06,119.06,-7.18,-6.89,14.64
2024/01/01 16:12:49.07,119.07,-7.34,-6.94,14.59
2024/01/01 16:12:49.08,119.08,-7.51,-7.00,14.58
2024/01/01 16:12:49.09,119.09,-7.65,-7.08,14.60
2024/01/01 16:12:49.10,119.10,-7.77,-7.19,14.63
2024/01/01 16:12:49.11,119.11,-7.86,-7.35,14.65
2024/01/01 16:12:49.12,119.12,-7.93,-7.52,14.67
2024/01/01 16:12:49.13,119.13,-8.01,-7.68,14.68
2024/01/01 16:12:49.14,119.14,-8.10,-7.78,14.67
2024/01/01 16:12:49.15,119.15,-8.18,-7.84,14.65
2024/01/01 16:12:49.16,119.16,-8.24,-7.86,14.65
2024/01/01 16:12:49.17,119.17,-8.31,-7.82,14.68
2024/01/01 16:12:49.18,119.18,-8.39,-7.73,14.70
2024/01/01 16:12:49.19,119.19,-8.48,-7.62,14.71
2024/01/01 16:12:49.20,119.20,-8.55,-7.52,14.74
2024/01/01 16:12:49.21,119.21,-8.64,-7.43,14.76
2024/01/01 16:12:49.22,119.22,-8.77,-7.39,14.76
2024/01/01 16:12:49.23,119.23,-8.93,-7.41,14.74
2024/01/01 16:12:49.24,119.24,-9.11,-7.45,14.73
2024/01/01 16:12:49.25,119.25,-9.29,-7.46,14.74
2024/01/01 16:12:49.26,119.26,-9.45,-7.44,14.75
2024/01/01 16:12:49.27,119.27,-9.59,-7.39,14.76
2024/01/01 16:12:49.28,119.28,-9.70,-7.32,14.80
2024/01/01 16:12:49.29,119.29,-9.77,-7.24,14.86
2024/01/01 16:12:49.30,119.30,-9.79,-7.16,14.92
2024/01/01 16:12:49.31,119.31,-9.77,-7.08,14.97
2024/01/01 16:12:49.32,119.32,-9.73,-7.00,15.01
2024/01/01 16:12:49.33,119.33,-9.70,-6.95,15.04
2024/01/01 16:12:49.34,119.34,-9.71,-6.92,15.04
2024/01/01 16:12:49.35,119.35,-9.75,-6.90,15.02
2024/01/01 16:12:49.36,119.36,-9.80,-6.89,15.00
2024/01/01 16:12:49.37,119.37,-9.85,-6.90,14.99
2024/01/01 16:12:49.38,119.38,-9.87,-6.96,14.96
2024/01/01 16:12:49.39,119.39,-9.84,-7.04,14.90
2024/01/01 16:12:49.40,119.40,-9.75,-7.12,14.84
2024/01/01 16:12:49.41,119.41,-9.63,-7.15,14.78
2024/01/01 16:12:49.42,119.42,-9.48,-7.10,14.70
2024/01/01 16:12:49.43,119.43,-9.32,-7.02,14.61
2024/01/01 16:12:49.44,119.44,-9.17,-6.94,14.53
2024/01/01 16:12:49.45,119.45,-9.02,-6.89,14.49
2024/01/01 16:12:49.46,119.46,-8.88,-6.86,14.49
2024/01/01 16:12:49.47,119.47,-8.77,-6.84,14.48
2024/01/01 16:12:49.48,119.48,-8.67,-6.83,14.43
2024/01/01 16:12:49.49,119.49,-8.57,-6.80,14.37
2024/01/01 16:12:49.50,119.50,-8.47,-6.78,14.31
2024/01/01 16:12:49.51,119.51,-8.36,-6.77,14.29
2024/01/01 16:12:49.52,119.52,-8.25,-6.79,14.29
2024/01/01 16:12:49.53,119.53,-8.16,-6.84,14.32
2024/01/01 16:12:49.54,119.54,-8.10,-6.87,14.36
2024/01/01 16:12:49.55,119.55,-8.07,-6.88,14.38
2024/01/01 16:12:49.56,119.56,-8.05,-6.85,14.37
2024/01/01 16:12:49.57,119.57,-8.05,-6.83,14.34
2024/01/01 16:12:49.58,119.58,-8.04,-6.86,14.30
2024/01/01 16:12:49.59,119.59,-8.04,-6.93,14.26
2024/01/01 16:12:49.60,119.60,-8.04,-7.02,14.24
2024/01/01 16:12:49.61,119.61,-8.06,-7.09,14.22
2024/01/01 16:12:49.62,119.62,-8.10,-7.11,14.23
2024/01/01 16:12:49.63,119.63,-8.13,-7.07,14.27
2024/01/01 16:12:49.64,119.64,-8.15,-7.01,14.34
2024/01/01 16:12:49.65,119.65,-8.13,-6.96,14.44
2024/01/01 16:12:49.66,119.66,-8.08,-6.94,14.55
2024/01/01 16:12:49.67,119.67,-8.02,-6.95,14.64
2024/01/01 16:12:49.68,119.68,-7.99,-6.98,14.73
2024/01/01 16:12:49.69,119.69,-7.98,-7.01,14.81
2024/01/01 16:12:49.70,119.70,-8.00,-7.04,14.87
2024/01/01 16:12:49.71,119.71,-8.03,-7.07,14.88
2024/01/01 16:12:49.72,119.72,-8.05,-7.10,14.85
2024/01/01 16:12:49.73,119.73,-8.05,-7.11,14.80
2024/01/01 16:12:49.74,119.74,-8.05,-7.12,14.74
2024/01/01 16:12:49.75,119.75,-8.06,-7.12,14.68
2024/01/01 16:12:49.76,119.76,-8.07,-7.11,14.63
2024/01/01 16:12:49.77,119.77,-8.09,-7.08,14.59
2024/01/01 16:12:49.78,119.78,-8.09,-7.06,14.58
2024/01/01 16:12:49.79,119.79,-8.07,-7.05,14.60
2024/01/01 16:12:49.80,119.80,-8.03,-7.07,14.60
2024/01/01 16:12:49.81,119.81,-7.99,-7.10,14.59
2024/01/01 16:12:49.82,119.82,-7.95,-7.10,14.58
2024/01/01 16:12:49.83,119.83,-7.93,-7.05,14.57
2024/01/01 16:12:49.84,119.84,-7.95,-6.96,14.55
2024/01/01 16:12:49.85,119.85,-7.99,-6.89,14.53
2024/01/01 16:12:49.86,119.86,-8.06,-6.85,14.51
2024/01/01 16:12:49.87,119.87,-8.14,-6.87,14.52
2024/01/01 16:12:49.88,119.88,-8.24,-6.94,14.54
2024/01/01 16:12:49.89,119.89,-8.35,-7.05,14.57
2024/01/01 16:12:49.90,119.90,-8.45,-7.16,14.62
2024/01/01 16:12:49.91,119.91,-8.53,-7.24,14.67
2024/01/01 16:12:49.92,119.92,-8.59,-7.27,14.70
2024/01/01 16:12:49.93,119.93,-8.64,-7.25,14.72
2024/01/01 16:12:49.94,119.94,-8.70,-7.23,14.72
2024/01/01 16:12:49.95,119.95,-8.74,-7.24,14.69
2024/01/01 16:12:49.96,119.96,-8.78,-7.29,14.67
2024/01/01 16:12:49.97,119.97,-8.80,-7.39,14.66
2024/01/01 16:12:49.98,119.98,-8.84,-7.50,14.67
2024/01/01 16:12:49.99,119.99,-8.87,-7.59,14.66
2024/01/01 16:12:50.00,120.00,-8.89,-7.65,14.63
2024/01/01 16:12:50.01,120.01,-8.90,-7.69,14.58
2024/01/01 16:12:50.02,120.02,-8.88,-7.69,14.51
2024/01/01 16:12:50.03,120.03,-8.85,-7.66,14.43
2024/01/01 16:12:50.04,120.04,-8.84,-7.62,14.35
2024/01/01 16:12:50.05,120.05,-8.85,-7.55,14.31
2024/01/01 16:12:50.06,120.06,-8.87,-7.47,14.30
2024/01/01 16:12:50.07,120.07,-8.89,-7.42,14.30
2024/01/01 16:12:50.08,120.08,-8.90,-7.39,14.30
2024/01/01 16:12:50.09,120.09,-8.89,-7.40,14.30
2024/01/01 16:12:50.10,120.10,-8.86,-7.44,14.29
2024/01/01 16:12:50.11,120.11,-8.82,-7.50,14.30
2024/01/01 16:12:50.12,120.12,-8.78,-7.57,14.34
2024/01/01 16:12:50.13,120.13,-8.73,-7.65,14.41
2024/01/01 16:12:50.14,120.14,-8.67,-7.72,14.48
2024/01/01 16:12:50.15,120.15,-8.60,-7.78,14.52
2024/01/01 16:12:50.16,120.16,-8.53,-7.84,14.53
2024/01/01 16:12:50.17,120.17,-8.45,-7.89,14.53
2024/01/01 16:12:50.18,120.18,-8.39,-7.90,14.54
2024/01/01 16:12:50.19,120.19,-8.37,-7.86,14.53
2024/01/01 16:12:50.20,120.20,-8.36,-7.79,14.51
2024/01/01 16:12:50.21,120.21,-8.34,-7.70,14.49
2024/01/01 16:12:50.22,120.22,-8.28,-7.60,14.49
2024/01/01 16:12:50.23,120.23,-8.20,-7.49,14.49
2024/01/01 16:12:50.24,120.24,-8.12,-7.35,14.50
2024/01/01 16:12:50.25,120.25,-8.04,-7.20,14.54
2024/01/01 16:12:50.26,120.26,-7.98,-7.07,14.58
2024/01/01 16:12:50.27,120.27,-7.91,-6.96,14.59
2024/01/01 16:12:50.28,120.28,-7.84,-6.89,14.59
2024/01/01 16:12:50.29,120.29,-7.76,-6.86,14.59
2024/01/01 16:12:50.30,120.30,-7.70,-6.86,14.59
2024/01/01 16:12:50.31,120.31,-7.68,-6.88,14.55
2024/01/01 16:12:50.32,120.32,-7.68,-6.89,14.52
2024/01/01 16:12:50.33,120.33,-7.70,-6.86,14.53
2024/01/01 16:12:50.34,120.34,-7.74,-6.76,14.56
2024/01/01 16:12:50.35,120.35,-7.80,-6.66,14.57
2024/01/01 16:12:50.36,120.36,-7.85,-6.60,14.56
2024/01/01 16:12:50.37,120.37,-7.86,-6.56,14.56
2024/01/01 16:12:50.38,120.38,-7.85,-6.53,14.54
2024/01/01 16:12:50.39,120.39,-7.83,-6.50,14.50
2024/01/01 16:12:50.40,120.40,-7.83,-6.49,14.45
2024/01/01 16:12:50.41,120.41,-7.85,-6.51,14.42
2024/01/01 16:12:50.42,120.42,-7.89,-6.55,14.41
2024/01/01 16:12:50.43,120.43,-7.96,-6.62,14.40
2024/01/01 16:12:50.44,120.44,-8.03,-6.69,14.36
2024/01/01 16:12:50.45,120.45,-8.08,-6.75,14.34
2024/01/01 16:12:50.46,120.46,-8.10,-6.81,14.36
2024/01/01 16:12:50.47,120.47,-8.09,-6.86,14.38
2024/01/01 16:12:50.48,120.48,-8.03,-6.90,14.44
2024/01/01 16:12:50.49,120.49,-7.93,-6.93,14.55
2024/01/01 16:12:50.50,120.50,-7.85,-6.95,14.67
2024/01/01 16:12:50.51,120.51,-7.82,-6.93,14.66
2024/01/01 16:12:50.52,120.52,-7.79,-6.93,14.53
2024/01/01 16:12:50.53,120.53,-7.79,-6.97,14.43
2024/01/01 16:12:50.54,120.54,-7.86,-7.01,14.42
2024/01/01 16:12:50.55,120.55,-7.99,-7.08,14.42
2024/01/01 16:12:50.56,120.56,-8.14,-7.21,14.41
2024/01/01 16:12:50.57,120.57,-8.27,-7.34,14.45
2024/01/01 16:12:50.58,120.58,-8.35,-7.41,14.52
2024/01/01 16:12:50.59,120.59,-8.38,-7.42,14.58
2024/01/01 16:12:50.60,120.60,-8.41,-7.42,14.56
2024/01/01 16:12:50.61,120.61,-8.45,-7.42,14.51
2024/01/01 16:12:50.62,120.62,-8.52,-7.43,14.48
2024/01/01 16:12:50.63,120.63,-8.59,-7.46,14.50
2024/01/01 16:12:50.64,120.64,-8.63,-7.51,14.55
2024/01/01 16:12:50.65,120.65,-8.62,-7.61,14.62
2024/01/01 16:12:50.66,120.66,-8.57,-7.74,14.71
2024/01/01 16:12:50.67,120.67,-8.50,-7.90,14.78
2024/01/01 16:12:50.68,120.68,-8.42,-8.04,14.79
2024/01/01 16:12:50.69,120.69,-8.35,-8.13,14.78
2024/01/01 16:12:50.70,120.70,-8.33,-8.18,14.79
2024/01/01 16:12:50.71,120.71,-8.35,-8.18,14.82
2024/01/01 16:12:50.72,120.72,-8.36,-8.18,14.89
2024/01/01 16:12:50.73,120.73,-8.33,-8.18,14.94
2024/01/01 16:12:50.74,120.74,-8.27,-8.20,14.91
2024/01/01 16:12:50.75,120.75,-8.15,-8.24,14.83
2024/01/01 16:12:50.76,120.76,-8.00,-8.31,14.84
2024/01/01 16:12:50.77,120.77,-7.88,-8.36,14.96
2024/01/01 16:12:50.78,120.78,-7.83,-8.37,15.05
2024/01/01 16:12:50.79,120.79,-7.83,-8.37,15.05
2024/01/01 16:12:50.80,120.80,-7.88,-8.36,15.00
2024/01/01 16:12:50.81,120.81,-7.99,-8.31,14.99
2024/01/01 16:12:50.82,120.82,-8.10,-8.25,14.98
2024/01/01 16:12:50.83,120.83,-8.18,-8.21,14.94
2024/01/01 16:12:50.84,120.84,-8.24,-8.21,14.89
2024/01/01 16:12:50.85,120.85,-8.30,-8.20,14.84
2024/01/01 16:12:50.86,120.86,-8.37,-8.16,14.90
2024/01/01 16:12:50.87,120.87,-8.46,-8.10,15.02
2024/01/01 16:12:50.88,120.88,-8.57,-7.99,15.08
2024/01/01 16:12:50.89,120.89,-8.68,-7.89,15.04
2024/01/01 16:12:50.90,120.90,-8.79,-7.85,15.01
2024/01/01 16:12:50.91,120.91,-8.90,-7.81,15.03
2024/01/01 16:12:50.92,120.92,-8.99,-7.73,15.06
2024/01/01 16:12:50.93,120.93,-9.08,-7.63,15.05
2024/01/01 16:12:50.94,120.94,-9.16,-7.49,14.98
2024/01/01 16:12:50.95,120.95,-9.21,-7.31,14.91
2024/01/01 16:12:50.96,120.96,-9.20,-7.15,14.89
2024/01/01 16:12:50.97,120.97,-9.22,-7.07,14.88
2024/01/01 16:12:50.98,120.98,-9.29,-7.04,14.85
2024/01/01 16:12:50.99,120.99,-9.31,-7.06,14.86
2024/01/01 16:12:51.00,121.00,-9.30,-7.07,14.91
2024/01/01 16:12:51.01,121.01,-9.26,-7.05,14.85
2024/01/01 16:12:51.02,121.02,-9.13,-7.02,14.67
2024/01/01 16:12:51.03,121.03,-8.96,-7.01,14.53
2024/01/01 16:12:51.04,121.04,-8.85,-6.93,14.51
2024/01/01 16:12:51.05,121.05,-8.80,-6.80,14.49
2024/01/01 16:12:51.06,121.06,-8.78,-6.70,14.39
2024/01/01 16:12:51.07,121.07,-8.78,-6.64,14.31
2024/01/01 16:12:51.08,121.08,-8.75,-6.58,14.33
2024/01/01 16:12:51.09,121.09,-8.68,-6.53,14.41
2024/01/01 16:12:51.10,121.10,-8.62,-6.50,14.44
2024/01/01 16:12:51.11,121.11,-8.59,-6.47,14.41
2024/01/01 16:12:51.12,121.12,-8.59,-6.43,14.39
2024/01/01 16:12:51.13,121.13,-8.65,-6.35,14.48
2024/01/01 16:12:51.14,121.14,-8.72,-6.28,14.64
2024/01/01 16:12:51.15,121.15,-8.73,-6.30,14.73
2024/01/01 16:12:51.16,121.16,-8.66,-6.41,14.74
2024/01/01 16:12:51.17,121.17,-8.56,-6.56,14.74
2024/01/01 16:12:51.18,121.18,-8.46,-6.69,14.80
2024/01/01 16:12:51.19,121.19,-8.39,-6.79,14.93
2024/01/01 16:12:51.20,121.20,-8.37,-6.86,15.10
2024/01/01 16:12:51.21,121.21,-8.36,-6.94,15.26
2024/01/01 16:12:51.22,121.22,-8.34,-6.96,15.32
2024/01/01 16:12:51.23,121.23,-8.29,-6.89,15.30
2024/01/01 16:12:51.24,121.24,-8.22,-6.80,15.23
2024/01/01 16:12:51.25,121.25,-8.14,-6.75,15.16
2024/01/01 16:12:51.26,121.26,-8.03,-6.74,15.15
2024/01/01 16:12:51.27,121.27,-7.89,-6.78,15.19
2024/01/01 16:12:51.28,121.28,-7.75,-6.83,15.22
2024/01/01 16:12:51.29,121.29,-7.64,-6.85,15.22
2024/01/01 16:12:51.30,121.30,-7.57,-6.85,15.16
2024/01/01 16:12:51.31,121.31,-7.56,-6.84,15.07
2024/01/01 16:12:51.32,121.32,-7.61,-6.85,14.99
2024/01/01 16:12:51.33,121.33,-7.69,-6.94,14.91
2024/01/01 16:12:51.34,121.34,-7.79,-7.08,14.83
2024/01/01 16:12:51.35,121.35,-7.86,-7.23,14.78
2024/01/01 16:12:51.36,121.36,-7.86,-7.38,14.76
2024/01/01 16:12:51.37,121.37,-7.84,-7.50,14.79
2024/01/01 16:12:51.38,121.38,-7.84,-7.60,14.84
2024/01/01 16:12:51.39,121.39,-7.88,-7.69,14.87
2024/01/01 16:12:51.40,121.40,-7.96,-7.75,14.87
2024/01/01 16:12:51.41,121.41,-8.07,-7.79,14.87
2024/01/01 16:12:51.42,121.42,-8.17,-7.81,14.88
2024/01/01 16:12:51.43,121.43,-8.25,-7.81,14.89
2024/01/01 16:12:51.44,121.44,-8.31,-7.77,14.92
2024/01/01 16:12:51.45,121.45,-8.35,-7.71,15.00
2024/01/01 16:12:51.46,121.46,-8.39,-7.66,15.06
2024/01/01 16:12:51.47,121.47,-8.49,-7.64,15.06
2024/01/01 16:12:51.48,121.48,-8.66,-7.64,15.05
2024/01/01 16:12:51.49,121.49,-8.85,-7.64,15.07
2024/01/01 16:12:51.50,121.50,-9.03,-7.62,15.08
2024/01/01 16:12:51.51,121.51,-9.15,-7.60,15.07
2024/01/01 16:12:51.52,121.52,-9.24,-7.63,15.09
2024/01/01 16:12:51.53,121.53,-9.33,-7.65,15.18
2024/01/01 16:12:51.54,121.54,-9.45,-7.64,15.29
2024/01/01 16:12:51.55,121.55,-9.58,-7.65,15.37
2024/01/01 16:12:51.56,121.56,-9.72,-7.69,15.38
2024/01/01 16:12:51.57,121.57,-9.83,-7.71,15.36
2024/01/01 16:12:51.58,121.58,-9.88,-7.68,15.36
2024/01/01 16:12:51.59,121.59,-9.90,-7.61,15.38
2024/01/01 16:12:51.60,121.60,-9.89,-7.54,15.45
2024/01/01 16:12:51.61,121.61,-9.84,-7.54,15.58
2024/01/01 16:12:51.62,121.62,-9.78,-7.62,15.69
2024/01/01 16:12:51.63,121.63,-9.73,-7.68,15.75
2024/01/01 16:12:51.64,121.64,-9.65,-7.74,15.75
2024/01/01 16:12:51.65,121.65,-9.59,-7.79,15.70
2024/01/01 16:12:51.66,121.66,-9.55,-7.83,15.61
2024/01/01 16:12:51.67,121.67,-9.51,-7.86,15.49
2024/01/01 16:12:51.68,121.68,-9.48,-7.90,15.40
2024/01/01 16:12:51.69,121.69,-9.46,-7.94,15.40
2024/01/01 16:12:51.70,121.70,-9.42,-7.99,15.43
2024/01/01 16:12:51.71,121.71,-9.32,-8.05,15.42
2024/01/01 16:12:51.72,121.72,-9.18,-8.04,15.37
2024/01/01 16:12:51.73,121.73,-9.03,-7.89,15.22
2024/01/01 16:12:51.74,121.74,-8.87,-7.68,14.97
2024/01/01 16:12:51.75,121.75,-8.71,-7.52,14.76
2024/01/01 16:12:51.76,121.76,-8.54,-7.46,14.72
2024/01/01 16:12:51.77,121.77,-8.38,-7.47,14.76
2024/01/01 16:12:51.78,121.78,-8.23,-7.50,14.74
2024/01/01 16:12:51.79,121.79,-8.10,-7.51,14.72
2024/01/01 16:12:51.80,121.80,-7.97,-7.44,14.74
2024/01/01 16:12:51.81,121.81,-7.90,-7.27,14.74
2024/01/01 16:12:51.82,121.82,-7.86,-7.08,14.66
2024/01/01 16:12:51.83,121.83,-7.85,-6.98,14.64
2024/01/01 16:12:51.84,121.84,-7.83,-6.94,14.73
2024/01/01 16:12:51.85,121.85,-7.81,-6.92,14.86
2024/01/01 16:12:51.86,121.86,-7.74,-6.92,14.91
2024/01/01 16:12:51.87,121.87,-7.61,-6.96,14.95
2024/01/01 16:12:51.88,121.88,-7.44,-6.98,15.04
2024/01/01 16:12:51.89,121.89,-7.27,-6.98,15.14
2024/01/01 16:12:51.90,121.90,-7.11,-7.00,15.15
2024/01/01 16:12:51.91,121.91,-6.92,-7.02,15.13
2024/01/01 16:12:51.92,121.92,-6.70,-7.00,15.20
2024/01/01 16:12:51.93,121.93,-6.51,-6.93,15.32
2024/01/01 16:12:51.94,121.94,-6.33,-6.85,15.32
2024/01/01 16:12:51.95,121.95,-6.16,-6.79,15.16
2024/01/01 16:12:51.96,121.96,-6.05,-6.75,15.01
2024/01/01 16:12:51.97,121.97,-6.01,-6.71,14.96
2024/01/01 16:12:51.98,121.98,-6.02,-6.69,14.93
2024/01/01 16:12:51.99,121.99,-6.05,-6.71,14.85
2024/01/01 16:12:52.00,122.00,-6.10,-6.78,14.79
2024/01/01 16:12:52.01,122.01,-6.14,-6.88,14.80
2024/01/01 16:12:52.02,122.02,-6.19,-6.92,14.81
2024/01/01 16:12:52.03,122.03,-6.29,-6.93,14.79
2024/01/01 16:12:52.04,122.04,-6.44,-6.94,14.77
2024/01/01 16:12:52.05,122.05,-6.61,-6.94,14.77
2024/01/01 16:12:52.06,122.06,-6.77,-6.90,14.78
2024/01/01 16:12:52.07,122.07,-6.91,-6.87,14.77
2024/01/01 16:12:52.08,122.08,-7.06,-6.84,14.76
2024/01/01 16:12:52.09,122.09,-7.21,-6.83,14.81
2024/01/01 16:12:52.10,122.10,-7.37,-6.85,14.93
2024/01/01 16:12:52.11,122.11,-7.53,-6.88,15.03
2024/01/01 16:12:52.12,122.12,-7.65,-6.92,15.08
2024/01/01 16:12:52.13,122.13,-7.74,-6.99,15.10
2024/01/01 16:12:52.14,122.14,-7.82,-7.05,15.12
2024/01/01 16:12:52.15,122.15,-7.90,-7.07,15.15
2024/01/01 16:12:52.16,122.16,-7.97,-7.08,15.12
2024/01/01 16:12:52.17,122.17,-8.07,-7.13,15.06
2024/01/01 16:12:52.18,122.18,-8.18,-7.19,15.05
2024/01/01 16:12:52.19,122.19,-8.31,-7.27,15.10
2024/01/01 16:12:52.20,122.20,-8.45,-7.35,15.16
2024/01/01 16:12:52.21,122.21,-8.56,-7.45,15.18
2024/01/01 16:12:52.22,122.22,-8.63,-7.59,15.18
2024/01/01 16:12:52.23,122.23,-8.70,-7.70,15.16
2024/01/01 16:12:52.24,122.24,-8.80,-7.76,15.15
2024/01/01 16:12:52.25,122.25,-8.91,-7.80,15.16
2024/01/01 16:12:52.26,122.26,-9.01,-7.84,15.19
2024/01/01 16:12:52.27,122.27,-9.11,-7.86,15.17
2024/01/01 16:12:52.28,122.28,-9.20,-7.88,15.06
2024/01/01 16:12:52.29,122.29,-9.28,-7.89,14.98
2024/01/01 16:12:52.30,122.30,-9.32,-7.85,15.02
2024/01/01 16:12:52.31,122.31,-9.34,-7.76,15.12
2024/01/01 16:12:52.32,122.32,-9.34,-7.67,15.19
2024/01/01 16:12:52.33,122.33,-9.32,-7.60,15.25
2024/01/01 16:12:52.34,122.34,-9.28,-7.55,15.31
2024/01/01 16:12:52.35,122.35,-9.26,-7.50,15.35
2024/01/01 16:12:52.36,122.36,-9.25,-7.48,15.36
2024/01/01 16:12:52.37,122.37,-9.26,-7.52,15.33
2024/01/01 16:12:52.38,122.38,-9.29,-7.55,15.33
2024/01/01 16:12:52.39,122.39,-9.30,-7.59,15.35
2024/01/01 16:12:52.40,122.40,-9.30,-7.64,15.36
2024/01/01 16:12:52.41,122.41,-9.28,-7.68,15.36
2024/01/01 16:12:52.42,122.42,-9.18,-7.69,15.36
2024/01/01 16:12:52.43,122.43,-9.03,-7.67,15.33
2024/01/01 16:12:52.44,122.44,-8.84,-7.60,15.28
2024/01/01 16:12:52.45,122.45,-8.62,-7.54,15.26
2024/01/01 16:12:52.46,122.46,-8.43,-7.49,15.24
2024/01/01 16:12:52.47,122.47,-8.30,-7.44,15.19
2024/01/01 16:12:52.48,122.48,-8.17,-7.40,15.11
2024/01/01 16:12:52.49,122.49,-8.05,-7.38,15.04
2024/01/01 16:12:52.50,122.50,-7.94,-7.38,14.96
2024/01/01 16:12:52.51,122.51,-7.81,-7.41,14.89
2024/01/01 16:12:52.52,122.52,-7.68,-7.48,14.84
2024/01/01 16:12:52.53,122.53,-7.58,-7.52,14.83
2024/01/01 16:12:52.54,122.54,-7.47,-7.51,14.85
2024/01/01 16:12:52.55,122.55,-7.36,-7.48,14.85
2024/01/01 16:12:52.56,122.56,-7.27,-7.43,14.87
2024/01/01 16:12:52.57,122.57,-7.18,-7.37,14.89
2024/01/01 16:12:52.58,122.58,-7.10,-7.30,14.89
2024/01/01 16:12:52.59,122.59,-7.04,-7.21,14.85
2024/01/01 16:12:52.60,122.60,-6.96,-7.14,14.79
2024/01/01 16:12:52.61,122.61,-6.85,-7.11,14.76
2024/01/01 16:12:52.62,122.62,-6.76,-7.09,14.78
2024/01/01 16:12:52.63,122.63,-6.68,-7.08,14.80
2024/01/01 16:12:52.64,122.64,-6.61,-7.09,14.80
2024/01/01 16:12:52.65,122.65,-6.58,-7.07,14.82
2024/01/01 16:12:52.66,122.66,-6.59,-6.99,14.87
2024/01/01 16:12:52.67,122.67,-6.61,-6.93,14.89
2024/01/01 16:12:52.68,122.68,-6.62,-6.92,14.92
2024/01/01 16:12:52.69,122.69,-6.62,-7.00,14.96
2024/01/01 16:12:52.70,122.70,-6.61,-7.12,15.01
2024/01/01 16:12:52.71,122.71,-6.57,-7.22,15.07
2024/01/01 16:12:52.72,122.72,-6.57,-7.24,15.13
2024/01/01 16:12:52.73,122.73,-6.61,-7.21,15.20
2024/01/01 16:12:52.74,122.74,-6.66,-7.20,15.26
2024/01/01 16:12:52.75,122.75,-6.70,-7.20,15.31
2024/01/01 16:12:52.76,122.76,-6.74,-7.23,15.33
2024/01/01 16:12:52.77,122.77,-6.76,-7.25,15.31
2024/01/01 16:12:52.78,122.78,-6.77,-7.23,15.29
2024/01/01 16:12:52.79,122.79,-6.81,-7.15,15.29
2024/01/01 16:12:52.80,122.80,-6.89,-7.05,15.28
2024/01/01 16:12:52.81,122.81,-7.00,-6.98,15.26
2024/01/01 16:12:52.82,122.82,-7.12,-6.92,15.19
2024/01/01 16:12:52.83,122.83,-7.25,-6.88,15.07
2024/01/01 16:12:52.84,122.84,-7.35,-6.89,15.00
2024/01/01 16:12:52.85,122.85,-7.45,-6.92,15.05
2024/01/01 16:12:52.86,122.86,-7.56,-6.95,15.16
2024/01/01 16:12:52.87,122.87,-7.70,-7.00,15.21
2024/01/01 16:12:52.88,122.88,-7.83,-7.07,15.24
2024/01/01 16:12:52.89,122.89,-7.96,-7.13,15.26
2024/01/01 16:12:52.90,122.90,-8.07,-7.16,15.23
2024/01/01 16:12:52.91,122.91,-8.16,-7.21,15.18
2024/01/01 16:12:52.92,122.92,-8.20,-7.30,15.17
2024/01/01 16:12:52.93,122.93,-8.23,-7.40,15.21
2024/01/01 16:12:52.94,122.94,-8.24,-7.45,15.24
2024/01/01 16:12:52.95,122.95,-8.26,-7.45,15.21
2024/01/01 16:12:52.96,122.96,-8.32,-7.39,15.12
2024/01/01 16:12:52.97,122.97,-8.40,-7.29,15.03
2024/01/01 16:12:52.98,122.98,-8.47,-7.23,14.95
2024/01/01 16:12:52.99,122.99,-8.53,-7.23,14.94
2024/01/01 16:12:53.00,123.00,-8.57,-7.24,14.97
2024/01/01 16:12:53.01,123.01,-8.61,-7.23,15.01
2024/01/01 16:12:53.02,123.02,-8.68,-7.23,15.05
2024/01/01 16:12:53.03,123.03,-8.75,-7.22,15.05
2024/01/01 16:12:53.04,123.04,-8.81,-7.24,15.00
2024/01/01 16:12:53.05,123.05,-8.83,-7.30,14.99
2024/01/01 16:12:53.06,123.06,-8.85,-7.38,15.01
2024/01/01 16:12:53.07,123.07,-8.86,-7.43,15.03
2024/01/01 16:12:53.08,123.08,-8.85,-7.43,15.07
2024/01/01 16:12:53.09,123.09,-8.84,-7.39,15.12
2024/01/01 16:12:53.10,123.10,-8.85,-7.28,15.14
2024/01/01 16:12:53.11,123.11,-8.81,-7.14,15.11
2024/01/01 16:12:53.12,123.12,-8.72,-7.06,15.07
2024/01/01 16:12:53.13,123.13,-8.66,-7.01,15.05
2024/01/01 16:12:53.14,123.14,-8.56,-6.96,15.00
2024/01/01 16:12:53.15,123.15,-8.41,-6.97,14.97
2024/01/01 16:12:53.16,123.16,-8.26,-6.98,14.99
2024/01/01 16:12:53.17,123.17,-8.10,-7.01,14.99
2024/01/01 16:12:53.18,123.18,-7.94,-7.07,14.92
2024/01/01 16:12:53.19,123.19,-7.79,-7.13,14.83
2024/01/01 16:12:53.20,123.20,-7.66,-7.14,14.73
2024/01/01 16:12:53.21,123.21,-7.58,-7.10,14.58
2024/01/01 16:12:53.22,123.22,-7.51,-7.05,14.45
2024/01/01 16:12:53.23,123.23,-7.44,-7.01,14.38
2024/01/01 16:12:53.24,123.24,-7.35,-6.96,14.35
2024/01/01 16:12:53.25,123.25,-7.26,-6.89,14.33
2024/01/01 16:12:53.26,123.26,-7.22,-6.83,14.34
2024/01/01 16:12:53.27,123.27,-7.23,-6.78,14.41
2024/01/01 16:12:53.28,123.28,-7.25,-6.75,14.51
2024/01/01 16:12:53.29,123.29,-7.27,-6.75,14.59
2024/01/01 16:12:53.30,123.30,-7.26,-6.77,14.61
2024/01/01 16:12:53.31,123.31,-7.21,-6.78,14.59
2024/01/01 16:12:53.32,123.32,-7.18,-6.76,14.59
2024/01/01 16:12:53.33,123.33,-7.22,-6.71,14.63
2024/01/01 16:12:53.34,123.34,-7.29,-6.66,14.68
2024/01/01 16:12:53.35,123.35,-7.38,-6.62,14.69
2024/01/01 16:12:53.36,123.36,-7.46,-6.60,14.71
2024/01/01 16:12:53.37,123.37,-7.53,-6.61,14.77
2024/01/01 16:12:53.38,123.38,-7.58,-6.63,14.83
2024/01/01 16:12:53.39,123.39,-7.61,-6.65,14.84
2024/01/01 16:12:53.40,123.40,-7.65,-6.68,14.81
2024/01/01 16:12:53.41,123.41,-7.70,-6.71,14.83
2024/01/01 16:12:53.42,123.42,-7.76,-6.73,14.87
2024/01/01 16:12:53.43,123.43,-7.82,-6.77,14.88
2024/01/01 16:12:53.44,123.44,-7.89,-6.82,14.85
2024/01/01 16:12:53.45,123.45,-7.94,-6.87,14.83
2024/01/01 16:12:53.46,123.46,-7.94,-6.88,14.83
2024/01/01 16:12:53.47,123.47,-7.88,-6.87,14.77
2024/01/01 16:12:53.48,123.48,-7.81,-6.89,14.66
2024/01/01 16:12:53.49,123.49,-7.73,-6.93,14.64
2024/01/01 16:12:53.50,123.50,-7.68,-6.97,14.73
2024/01/01 16:12:53.51,123.51,-7.70,-7.00,14.79
2024/01/01 16:12:53.52,123.52,-7.76,-7.02,14.75
2024/01/01 16:12:53.53,123.53,-7.82,-7.06,14.69
2024/01/01 16:12:53.54,123.54,-7.88,-7.13,14.72
2024/01/01 16:12:53.55,123.55,-7.95,-7.23,14.77
2024/01/01 16:12:53.56,123.56,-8.03,-7.44,14.78
2024/01/01 16:12:53.57,123.57,-8.08,-7.70,14.81
2024/01/01 16:12:53.58,123.58,-8.10,-7.85,14.89
2024/01/01 16:12:53.59,123.59,-8.11,-7.86,14.97
2024/01/01 16:12:53.60,123.60,-8.08,-7.85,15.00
2024/01/01 16:12:53.61,123.61,-8.00,-7.87,15.00
2024/01/01 16:12:53.62,123.62,-7.88,-7.92,15.02
2024/01/01 16:12:53.63,123.63,-7.77,-7.95,15.03
2024/01/01 16:12:53.64,123.64,-7.71,-7.95,15.02
2024/01/01 16:12:53.65,123.65,-7.70,-7.88,15.03
2024/01/01 16:12:53.66,123.66,-7.70,-7.80,15.07
2024/01/01 16:12:53.67,123.67,-7.72,-7.76,15.10
2024/01/01 16:12:53.68,123.68,-7.74,-7.75,15.04
2024/01/01 16:12:53.69,123.69,-7.71,-7.79,14.95
2024/01/01 16:12:53.70,123.70,-7.67,-7.90,14.89
2024/01/01 16:12:53.71,123.71,-7.66,-8.00,14.88
2024/01/01 16:12:53.72,123.72,-7.66,-8.08,14.88
2024/01/01 16:12:53.73,123.73,-7.64,-8.14,14.90
2024/01/01 16:12:53.74,123.74,-7.62,-8.11,14.93
2024/01/01 16:12:53.75,123.75,-7.55,-8.02,14.94
2024/01/01 16:12:53.76,123.76,-7.43,-7.93,14.90
2024/01/01 16:12:53.77,123.77,-7.29,-7.84,14.85
2024/01/01 16:12:53.78,123.78,-7.16,-7.76,14.84
2024/01/01 16:12:53.79,123.79,-7.06,-7.70,14.83
2024/01/01 16:12:53.80,123.80,-7.02,-7.64,14.80
2024/01/01 16:12:53.81,123.81,-7.02,-7.60,14.74
2024/01/01 16:12:53.82,123.82,-7.06,-7.59,14.71
2024/01/01 16:12:53.83,123.83,-7.16,-7.60,14.75
2024/01/01 16:12:53.84,123.84,-7.31,-7.58,14.78
2024/01/01 16:12:53.85,123.85,-7.49,-7.50,14.77
2024/01/01 16:12:53.86,123.86,-7.64,-7.36,14.80
2024/01/01 16:12:53.87,123.87,-7.74,-7.22,14.86
2024/01/01 16:12:53.88,123.88,-7.80,-7.11,14.85
2024/01/01 16:12:53.89,123.89,-7.80,-7.07,14.78
2024/01/01 16:12:53.90,123.90,-7.77,-7.13,14.76
2024/01/01 16:12:53.91,123.91,-7.70,-7.22,14.80
2024/01/01 16:12:53.92,123.92,-7.62,-7.33,14.79
2024/01/01 16:12:53.93,123.93,-7.57,-7.44,14.73
2024/01/01 16:12:53.94,123.94,-7.58,-7.50,14.72
2024/01/01 16:12:53.95,123.95,-7.61,-7.44,14.74
2024/01/01 16:12:53.96,123.96,-7.64,-7.28,14.74
2024/01/01 16:12:53.97,123.97,-7.61,-7.09,14.72
2024/01/01 16:12:53.98,123.98,-7.56,-6.90,14.72
2024/01/01 16:12:53.99,123.99,-7.51,-6.70,14.73
2024/01/01 16:12:54.00,124.00,-7.46,-6.54,14.72
2024/01/01 16:12:54.01,124.01,-7.44,-6.42,14.70
2024/01/01 16:12:54.02,124.02,-7.42,-6.36,14.66
2024/01/01 16:12:54.03,124.03,-7.42,-6.37,14.60
2024/01/01 16:12:54.04,124.04,-7.46,-6.42,14.53
2024/01/01 16:12:54.05,124.05,-7.52,-6.47,14.49
2024/01/01 16:12:54.06,124.06,-7.57,-6.50,14.47
2024/01/01 16:12:54.07,124.07,-7.62,-6.50,14.44
2024/01/01 16:12:54.08,124.08,-7.62,-6.44,14.41
2024/01/01 16:12:54.09,124.09,-7.56,-6.38,14.44
2024/01/01 16:12:54.10,124.10,-7.48,-6.32,14.54
2024/01/01 16:12:54.11,124.11,-7.45,-6.28,14.64
2024/01/01 16:12:54.12,124.12,-7.47,-6.28,14.70
2024/01/01 16:12:54.13,124.13,-7.52,-6.30,14.70
2024/01/01 16:12:54.14,124.14,-7.58,-6.31,14.68
2024/01/01 16:12:54.15,124.15,-7.64,-6.33,14.65
2024/01/01 16:12:54.16,124.16,-7.63,-6.41,14.62
2024/01/01 16:12:54.17,124.17,-7.59,-6.49,14.58
2024/01/01 16:12:54.18,124.18,-7.52,-6.54,14.52
2024/01/01 16:12:54.19,124.19,-7.43,-6.56,14.45
2024/01/01 16:12:54.20,124.20,-7.34,-6.58,14.41
2024/01/01 16:12:54.21,124.21,-7.27,-6.64,14.40
2024/01/01 16:12:54.22,124.22,-7.27,-6.73,14.35
2024/01/01 16:12:54.23,124.23,-7.30,-6.84,14.27
2024/01/01 16:12:54.24,124.24,-7.30,-6.92,14.24
2024/01/01 16:12:54.25,124.25,-7.33,-6.93,14.21
2024/01/01 16:12:54.26,124.26,-7.40,-6.88,14.17
2024/01/01 16:12:54.27,124.27,-7.46,-6.86,14.19
2024/01/01 16:12:54.28,124.28,-7.52,-6.89,14.26
2024/01/01 16:12:54.29,124.29,-7.58,-6.94,14.33
2024/01/01 16:12:54.30,124.30,-7.60,-7.01,14.36
2024/01/01 16:12:54.31,124.31,-7.56,-7.13,14.38
2024/01/01 16:12:54.32,124.32,-7.51,-7.22,14.46
2024/01/01 16:12:54.33,124.33,-7.49,-7.29,14.59
2024/01/01 16:12:54.34,124.34,-7.53,-7.33,14.70
2024/01/01 16:12:54.35,124.35,-7.62,-7.31,14.75
2024/01/01 16:12:54.36,124.36,-7.69,-7.23,14.75
2024/01/01 16:12:54.37,124.37,-7.69,-7.14,14.71
2024/01/01 16:12:54.38,124.38,-7.61,-7.08,14.70
2024/01/01 16:12:54.39,124.39,-7.44,-7.11,14.77
2024/01/01 16:12:54.40,124.40,-7.27,-7.27,14.82
2024/01/01 16:12:54.41,124.41,-7.18,-7.46,14.81
2024/01/01 16:12:54.42,124.42,-7.14,-7.67,14.79
2024/01/01 16:12:54.43,124.43,-7.12,-7.87,14.80
2024/01/01 16:12:54.44,124.44,-7.14,-8.01,14.85
2024/01/01 16:12:54.45,124.45,-7.15,-8.11,14.89
2024/01/01 16:12:54.46,124.46,-7.15,-8.16,14.89
2024/01/01 16:12:54.47,124.47,-7.15,-8.07,14.88
2024/01/01 16:12:54.48,124.48,-7.18,-7.84,14.87
2024/01/01 16:12:54.49,124.49,-7.24,-7.55,14.82
2024/01/01 16:12:54.50,124.50,-7.29,-7.29,14.75
2024/01/01 16:12:54.51,124.51,-7.31,-7.14,14.69
2024/01/01 16:12:54.52,124.52,-7.30,-7.10,14.69
2024/01/01 16:12:54.53,124.53,-7.28,-7.12,14.75
2024/01/01 16:12:54.54,124.54,-7.26,-7.17,14.80
2024/01/01 16:12:54.55,124.55,-7.31,-7.21,14.77
2024/01/01 16:12:54.56,124.56,-7.41,-7.22,14.70
2024/01/01 16:12:54.57,124.57,-7.51,-7.23,14.65
2024/01/01 16:12:54.58,124.58,-7.61,-7.21,14.66
2024/01/01 16:12:54.59,124.59,-7.73,-7.13,14.72
2024/01/01 16:12:54.60,124.60,-7.85,-7.04,14.80
2024/01/01 16:12:54.61,124.61,-7.94,-6.99,14.87
2024/01/01 16:12:54.62,124.62,-8.00,-6.94,14.90
2024/01/01 16:12:54.63,124.63,-8.00,-6.93,14.90
2024/01/01 16:12:54.64,124.64,-7.97,-6.94,14.87
2024/01/01 16:12:54.65,124.65,-7.92,-6.98,14.86
2024/01/01 16:12:54.66,124.66,-7.83,-7.07,14.89
2024/01/01 16:12:54.67,124.67,-7.80,-7.15,14.86
2024/01/01 16:12:54.68,124.68,-7.82,-7.16,14.72
2024/01/01 16:12:54.69,124.69,-7.85,-7.11,14.54
2024/01/01 16:12:54.70,124.70,-7.94,-7.04,14.44
2024/01/01 16:12:54.71,124.71,-8.06,-6.96,14.44
2024/01/01 16:12:54.72,124.72,-8.17,-6.93,14.46
2024/01/01 16:12:54.73,124.73,-8.28,-6.96,14.42
2024/01/01 16:12:54.74,124.74,-8.38,-7.02,14.38
2024/01/01 16:12:54.75,124.75,-8.42,-7.14,14.39
2024/01/01 16:12:54.76,124.76,-8.39,-7.30,14.44
2024/01/01 16:12:54.77,124.77,-8.32,-7.48,14.49
2024/01/01 16:12:54.78,124.78,-8.21,-7.63,14.57
2024/01/01 16:12:54.79,124.79,-8.13,-7.66,14.65
2024/01/01 16:12:54.80,124.80,-8.10,-7.56,14.70
2024/01/01 16:12:54.81,124.81,-8.06,-7.44,14.76
2024/01/01 16:12:54.82,124.82,-8.04,-7.34,14.79
2024/01/01 16:12:54.83,124.83,-8.09,-7.22,14.72
2024/01/01 16:12:54.84,124.84,-8.17,-7.12,14.60
2024/01/01 16:12:54.85,124.85,-8.27,-7.09,14.54
2024/01/01 16:12:54.86,124.86,-8.39,-7.06,14.58
2024/01/01 16:12:54.87,124.87,-8.51,-7.04,14.63
2024/01/01 16:12:54.88,124.88,-8.61,-7.09,14.66
2024/01/01 16:12:54.89,124.89,-8.70,-7.15,14.69
2024/01/01 16:12:54.90,124.90,-8.78,-7.15,14.71
2024/01/01 16:12:54.91,124.91,-8.85,-7.13,14.70
2024/01/01 16:12:54.92,124.92,-8.89,-7.09,14.71
2024/01/01 16:12:54.93,124.93,-8.91,-7.01,14.76
2024/01/01 16:12:54.94,124.94,-8.94,-6.89,14.80
2024/01/01 16:12:54.95,124.95,-8.96,-6.77,14.87
2024/01/01 16:12:54.96,124.96,-8.97,-6.64,14.93
2024/01/01 16:12:54.97,124.97,-8.96,-6.48,14.91
2024/01/01 16:12:54.98,124.98,-8.93,-6.36,14.85
2024/01/01 16:12:54.99,124.99,-8.93,-6.33,14.82
2024/01/01 16:12:55.00,125.00,-8.96,-6.38,14.82
2024/01/01 16:12:55.01,125.01,-8.98,-6.49,14.82
2024/01/01 16:12:55.02,125.02,-9.00,-6.65,14.84
2024/01/01 16:12:55.03,125.03,-9.02,-6.75,14.82
2024/01/01 16:12:55.04,125.04,-9.04,-6.73,14.74
2024/01/01 16:12:55.05,125.05,-9.04,-6.70,14.64
2024/01/01 16:12:55.06,125.06,-9.02,-6.71,14.60
2024/01/01 16:12:55.07,125.07,-8.97,-6.74,14.59
2024/01/01 16:12:55.08,125.08,-8.87,-6.81,14.60
2024/01/01 16:12:55.09,125.09,-8.78,-6.89,14.62
2024/01/01 16:12:55.10,125.10,-8.74,-6.89,14.61
2024/01/01 16:12:55.11,125.11,-8.65,-6.86,14.56
2024/01/01 16:12:55.12,125.12,-8.50,-6.89,14.50
2024/01/01 16:12:55.13,125.13,-8.34,-6.97,14.48
2024/01/01 16:12:55.14,125.14,-8.19,-7.08,14.48
2024/01/01 16:12:55.15,125.15,-8.05,-7.22,14.48
2024/01/01 16:12:55.16,125.16,-8.01,-7.34,14.49
2024/01/01 16:12:55.17,125.17,-8.03,-7.40,14.48
2024/01/01 16:12:55.18,125.18,-8.02,-7.44,14.48
2024/01/01 16:12:55.19,125.19,-8.01,-7.43,14.51
2024/01/01 16:12:55.20,125.20,-8.01,-7.39,14.55
2024/01/01 16:12:55.21,125.21,-7.99,-7.39,14.57
2024/01/01 16:12:55.22,125.22,-7.95,-7.44,14.59
2024/01/01 16:12:55.23,125.23,-7.89,-7.50,14.63
2024/01/01 16:12:55.24,125.24,-7.81,-7.57,14.68
2024/01/01 16:12:55.25,125.25,-7.70,-7.65,14.74
2024/01/01 16:12:55.26,125.26,-7.60,-7.72,14.81
2024/01/01 16:12:55.27,125.27,-7.55,-7.72,14.87
2024/01/01 16:12:55.28,125.28,-7.52,-7.68,14.93
2024/01/01 16:12:55.29,125.29,-7.51,-7.60,14.97
2024/01/01 16:12:55.30,125.30,-7.53,-7.47,14.96
2024/01/01 16:12:55.31,125.31,-7.52,-7.37,14.92
2024/01/01 16:12:55.32,125.32,-7.46,-7.33,14.90
2024/01/01 16:12:55.33,125.33,-7.37,-7.33,14.90
2024/01/01 16:12:55.34,125.34,-7.26,-7.36,14.88
2024/01/01 16:12:55.35,125.35,-7.15,-7.43,14.89
2024/01/01 16:12:55.36,125.36,-7.08,-7.49,14.94
2024/01/01 16:12:55.37,125.37,-7.02,-7.54,14.95
2024/01/01 16:12:55.38,125.38,-6.95,-7.59,14.85
2024/01/01 16:12:55.39,125.39,-6.89,-7.61,14.72
2024/01/01 16:12:55.40,125.40,-6.83,-7.57,14.65
2024/01/01 16:12:55.41,125.41,-6.81,-7.51,14.59
2024/01/01 16:12:55.42,125.42,-6.89,-7.47,14.48
2024/01/01 16:12:55.43,125.43,-7.04,-7.46,14.40
2024/01/01 16:12:55.44,125.44,-7.16,-7.47,14.43
2024/01/01 16:12:55.45,125.45,-7.26,-7.44,14.53
2024/01/01 16:12:55.46,125.46,-7.33,-7.37,14.62
2024/01/01 16:12:55.47,125.47,-7.37,-7.35,14.66
2024/01/01 16:12:55.48,125.48,-7.41,-7.38,14.68
2024/01/01 16:12:55.49,125.49,-7.48,-7.41,14.69
2024/01/01 16:12:55.50,125.50,-7.57,-7.47,14.65
2024/01/01 16:12:55.51,125.51,-7.67,-7.53,14.59
2024/01/01 16:12:55.52,125.52,-7.80,-7.56,14.60
2024/01/01 16:12:55.53,125.53,-7.95,-7.57,14.66
2024/01/01 16:12:55.54,125.54,-8.14,-7.55,14.68
2024/01/01 16:12:55.55,125.55,-8.33,-7.49,14.66
2024/01/01 16:12:55.56,125.56,-8.48,-7.40,14.69
2024/01/01 16:12:55.57,125.57,-8.57,-7.29,14.75
2024/01/01 16:12:55.58,125.58,-8.62,-7.20,14.80
2024/01/01 16:12:55.59,125.59,-8.61,-7.18,14.83
2024/01/01 16:12:55.60,125.60,-8.58,-7.22,14.86
2024/01/01 16:12:55.61,125.61,-8.59,-7.24,14.93
2024/01/01 16:12:55.62,125.62,-8.61,-7.27,14.96
2024/01/01 16:12:55.63,125.63,-8.64,-7.33,14.91
2024/01/01 16:12:55.64,125.64,-8.69,-7.38,14.86
2024/01/01 16:12:55.65,125.65,-8.75,-7.44,14.79
2024/01/01 16:12:55.66,125.66,-8.85,-7.50,14.71
2024/01/01 16:12:55.67,125.67,-8.95,-7.52,14.64
2024/01/01 16:12:55.68,125.68,-9.02,-7.52,14.63
2024/01/01 16:12:55.69,125.69,-9.08,-7.50,14.67
2024/01/01 16:12:55.70,125.70,-9.10,-7.47,14.71
2024/01/01 16:12:55.71,125.71,-9.07,-7.50,14.75
2024/01/01 16:12:55.72,125.72,-9.06,-7.60,14.79
2024/01/01 16:12:55.73,125.73,-9.08,-7.67,14.80
2024/01/01 16:12:55.74,125.74,-9.13,-7.69,14.76
2024/01/01 16:12:55.75,125.75,-9.19,-7.69,14.76
2024/01/01 16:12:55.76,125.76,-9.25,-7.70,14.83
2024/01/01 16:12:55.77,125.77,-9.31,-7.70,14.91
2024/01/01 16:12:55.78,125.78,-9.37,-7.66,14.95
2024/01/01 16:12:55.79,125.79,-9.39,-7.56,14.99
2024/01/01 16:12:55.80,125.80,-9.36,-7.43,14.98
2024/01/01 16:12:55.81,125.81,-9.31,-7.30,14.90
2024/01/01 16:12:55.82,125.82,-9.22,-7.24,14.84
2024/01/01 16:12:55.83,125.83,-9.11,-7.25,14.87
2024/01/01 16:12:55.84,125.84,-9.01,-7.26,14.91
2024/01/01 16:12:55.85,125.85,-8.92,-7.25,14.84
2024/01/01 16:12:55.86,125.86,-8.84,-7.25,14.70
2024/01/01 16:12:55.87,125.87,-8.78,-7.22,14.62
2024/01/01 16:12:55.88,125.88,-8.75,-7.14,14.60
2024/01/01 16:12:55.89,125.89,-8.77,-7.08,14.59
2024/01/01 16:12:55.90,125.90,-8.78,-7.04,14.58
2024/01/01 16:12:55.91,125.91,-8.73,-7.00,14.56
2024/01/01 16:12:55.92,125.92,-8.66,-6.93,14.57
2024/01/01 16:12:55.93,125.93,-8.57,-6.91,14.61
2024/01/01 16:12:55.94,125.94,-8.43,-6.97,14.66
2024/01/01 16:12:55.95,125.95,-8.27,-7.08,14.69
2024/01/01 16:12:55.96,125.96,-8.11,-7.21,14.69
2024/01/01 16:12:55.97,125.97,-7.94,-7.36,14.64
2024/01/01 16:12:55.98,125.98,-7.78,-7.49,14.58
2024/01/01 16:12:55.99,125.99,-7.64,-7.58,14.59
2024/01/01 16:12:56.00,126.00,-7.56,-7.66,14.64
2024/01/01 16:12:56.01,126.01,-7.56,-7.73,14.64
2024/01/01 16:12:56.02,126.02,-7.54,-7.77,14.53
2024/01/01 16:12:56.03,126.03,-7.48,-7.78,14.42
2024/01/01 16:12:56.04,126.04,-7.42,-7.74,14.41
2024/01/01 16:12:56.05,126.05,-7.33,-7.66,14.50
2024/01/01 16:12:56.06,126.06,-7.23,-7.62,14.56
2024/01/01 16:12:56.07,126.07,-7.16,-7.61,14.55
2024/01/01 16:12:56.08,126.08,-7.07,-7.62,14.55
2024/01/01 16:12:56.09,126.09,-6.93,-7.63,14.59
2024/01/01 16:12:56.10,126.10,-6.80,-7.62,14.67
2024/01/01 16:12:56.11,126.11,-6.69,-7.62,14.76
2024/01/01 16:12:56.12,126.12,-6.60,-7.65,14.82
2024/01/01 16:12:56.13,126.13,-6.56,-7.62,14.84
2024/01/01 16:12:56.14,126.14,-6.56,-7.52,14.84
2024/01/01 16:12:56.15,126.15,-6.60,-7.40,14.81
2024/01/01 16:12:56.16,126.16,-6.70,-7.31,14.80
2024/01/01 16:12:56.17,126.17,-6.83,-7.29,14.85
2024/01/01 16:12:56.18,126.18,-6.96,-7.34,14.93
2024/01/01 16:12:56.19,126.19,-7.10,-7.42,15.02
2024/01/01 16:12:56.20,126.20,-7.18,-7.46,15.08
2024/01/01 16:12:56.21,126.21,-7.23,-7.48,15.07
2024/01/01 16:12:56.22,126.22,-7.26,-7.48,15.05
2024/01/01 16:12:56.23,126.23,-7.28,-7.47,15.06
2024/01/01 16:12:56.24,126.24,-7.32,-7.47,15.09
2024/01/01 16:12:56.25,126.25,-7.44,-7.43,15.17
2024/01/01 16:12:56.26,126.26,-7.58,-7.36,15.27
2024/01/01 16:12:56.27,126.27,-7.73,-7.30,15.33
2024/01/01 16:12:56.28,126.28,-7.87,-7.26,15.36
2024/01/01 16:12:56.29,126.29,-7.99,-7.25,15.36
2024/01/01 16:12:56.30,126.30,-8.11,-7.28,15.36
2024/01/01 16:12:56.31,126.31,-8.26,-7.33,15.31
2024/01/01 16:12:56.32,126.32,-8.43,-7.39,15.20
2024/01/01 16:12:56.33,126.33,-8.61,-7.45,15.07
2024/01/01 16:12:56.34,126.34,-8.72,-7.42,14.95
2024/01/01 16:12:56.35,126.35,-8.77,-7.33,14.83
2024/01/01 16:12:56.36,126.36,-8.80,-7.25,14.77
2024/01/01 16:12:56.37,126.37,-8.80,-7.19,14.75
2024/01/01 16:12:56.38,126.38,-8.79,-7.15,14.72
2024/01/01 16:12:56.39,126.39,-8.82,-7.11,14.68
2024/01/01 16:12:56.40,126.40,-8.89,-7.05,14.69
2024/01/01 16:12:56.41,126.41,-8.99,-7.00,14.70
2024/01/01 16:12:56.42,126.42,-9.11,-7.01,14.66
2024/01/01 16:12:56.43,126.43,-9.23,-7.09,14.59
2024/01/01 16:12:56.44,126.44,-9.33,-7.18,14.54
2024/01/01 16:12:56.45,126.45,-9.42,-7.18,14.53
2024/01/01 16:12:56.46,126.46,-9.53,-7.12,14.51
2024/01/01 16:12:56.47,126.47,-9.64,-7.07,14.51
2024/01/01 16:12:56.48,126.48,-9.70,-7.05,14.54
2024/01/01 16:12:56.49,126.49,-9.69,-7.04,14.59
2024/01/01 16:12:56.50,126.50,-9.61,-7.02,14.64
2024/01/01 16:12:56.51,126.51,-9.51,-7.01,14.74
2024/01/01 16:12:56.52,126.52,-9.42,-7.00,14.87
2024/01/01 16:12:56.53,126.53,-9.32,-6.97,14.98
2024/01/01 16:12:56.54,126.54,-9.21,-6.97,15.06
2024/01/01 16:12:56.55,126.55,-9.08,-6.98,15.09
2024/01/01 16:12:56.56,126.56,-8.94,-7.01,15.10
2024/01/01 16:12:56.57,126.57,-8.81,-7.07,15.07
2024/01/01 16:12:56.58,126.58,-8.67,-7.18,15.01
2024/01/01 16:12:56.59,126.59,-8.51,-7.30,14.92
2024/01/01 16:12:56.60,126.60,-8.33,-7.41,14.88
2024/01/01 16:12:56.61,126.61,-8.15,-7.52,14.89
2024/01/01 16:12:56.62,126.62,-7.98,-7.60,14.92
2024/01/01 16:12:56.63,126.63,-7.83,-7.62,14.94
2024/01/01 16:12:56.64,126.64,-7.73,-7.60,14.93
2024/01/01 16:12:56.65,126.65,-7.70,-7.51,14.93
2024/01/01 16:12:56.66,126.66,-7.71,-7.40,14.91
2024/01/01 16:12:56.67,126.67,-7.71,-7.34,14.86
2024/01/01 16:12:56.68,126.68,-7.71,-7.36,14.80
2024/01/01 16:12:56.69,126.69,-7.70,-7.42,14.76
2024/01/01 16:12:56.70,126.70,-7.69,-7.49,14.79
2024/01/01 16:12:56.71,126.71,-7.67,-7.52,14.88
2024/01/01 16:12:56.72,126.72,-7.64,-7.50,14.95
2024/01/01 16:12:56.73,126.73,-7.58,-7.46,14.98
2024/01/01 16:12:56.74,126.74,-7.48,-7.43,14.99
2024/01/01 16:12:56.75,126.75,-7.40,-7.36,15.02
2024/01/01 16:12:56.76,126.76,-7.36,-7.24,15.03
2024/01/01 16:12:56.77,126.77,-7.35,-7.12,15.05
2024/01/01 16:12:56.78,126.78,-7.33,-7.01,15.11
2024/01/01 16:12:56.79,126.79,-7.31,-6.96,15.17
2024/01/01 16:12:56.80,126.80,-7.29,-6.98,15.16
2024/01/01 16:12:56.81,126.81,-7.33,-7.07,15.10
2024/01/01 16:12:56.82,126.82,-7.38,-7.19,15.07
2024/01/01 16:12:56.83,126.83,-7.45,-7.31,15.08
2024/01/01 16:12:56.84,126.84,-7.51,-7.42,15.13
2024/01/01 16:12:56.85,126.85,-7.56,-7.48,15.11
2024/01/01 16:12:56.86,126.86,-7.60,-7.42,15.01
2024/01/01 16:12:56.87,126.87,-7.65,-7.26,14.94
2024/01/01 16:12:56.88,126.88,-7.71,-7.07,14.98
2024/01/01 16:12:56.89,126.89,-7.80,-6.93,15.08
2024/01/01 16:12:56.90,126.90,-7.91,-6.88,15.15
2024/01/01 16:12:56.91,126.91,-8.03,-6.90,15.19
2024/01/01 16:12:56.92,126.92,-8.16,-6.91,15.20
2024/01/01 16:12:56.93,126.93,-8.27,-6.85,15.17
2024/01/01 16:12:56.94,126.94,-8.38,-6.75,15.12
2024/01/01 16:12:56.95,126.95,-8.51,-6.65,15.09
2024/01/01 16:12:56.96,126.96,-8.64,-6.58,15.09
2024/01/01 16:12:56.97,126.97,-8.74,-6.57,15.10
2024/01/01 16:12:56.98,126.98,-8.79,-6.64,15.10
2024/01/01 16:12:56.99,126.99,-8.82,-6.73,15.03
2024/01/01 16:12:57.00,127.00,-8.84,-6.81,14.93
2024/01/01 16:12:57.01,127.01,-8.85,-6.87,14.87
2024/01/01 16:12:57.02,127.02,-8.90,-6.87,14.82
2024/01/01 16:12:57.03,127.03,-8.94,-6.83,14.76
2024/01/01 16:12:57.04,127.04,-8.94,-6.83,14.68
2024/01/01 16:12:57.05,127.05,-8.94,-6.85,14.62
2024/01/01 16:12:57.06,127.06,-8.96,-6.84,14.58
2024/01/01 16:12:57.07,127.07,-8.91,-6.87,14.53
2024/01/01 16:12:57.08,127.08,-8.84,-6.96,14.49
2024/01/01 16:12:57.09,127.09,-8.79,-7.03,14.44
2024/01/01 16:12:57.10,127.10,-8.73,-7.10,14.42
2024/01/01 16:12:57.11,127.11,-8.69,-7.17,14.48
2024/01/01 16:12:57.12,127.12,-8.70,-7.20,14.59
2024/01/01 16:12:57.13,127.13,-8.70,-7.24,14.66
2024/01/01 16:12:57.14,127.14,-8.69,-7.30,14.66
2024/01/01 16:12:57.15,127.15,-8.69,-7.38,14.64
2024/01/01 16:12:57.16,127.16,-8.69,-7.47,14.63
2024/01/01 16:12:57.17,127.17,-8.69,-7.55,14.68
2024/01/01 16:12:57.18,127.18,-8.71,-7.57,14.77
2024/01/01 16:12:57.19,127.19,-8.73,-7.56,14.88
2024/01/01 16:12:57.20,127.20,-8.67,-7.56,15.01
2024/01/01 16:12:57.21,127.21,-8.54,-7.57,15.16
2024/01/01 16:12:57.22,127.22,-8.38,-7.53,15.29
2024/01/01 16:12:57.23,127.23,-8.21,-7.45,15.37
2024/01/01 16:12:57.24,127.24,-8.05,-7.36,15.41
2024/01/01 16:12:57.25,127.25,-7.96,-7.28,15.43
2024/01/01 16:12:57.26,127.26,-7.93,-7.23,15.39
2024/01/01 16:12:57.27,127.27,-7.91,-7.25,15.32
2024/01/01 16:12:57.28,127.28,-7.89,-7.30,15.30
2024/01/01 16:12:57.29,127.29,-7.87,-7.33,15.35
2024/01/01 16:12:57.30,127.30,-7.82,-7.34,15.36
2024/01/01 16:12:57.31,127.31,-7.73,-7.31,15.29
2024/01/01 16:12:57.32,127.32,-7.60,-7.26,15.17
2024/01/01 16:12:57.33,127.33,-7.45,-7.21,15.06
2024/01/01 16:12:57.34,127.34,-7.27,-7.19,14.98
2024/01/01 16:12:57.35,127.35,-7.06,-7.24,14.96
2024/01/01 16:12:57.36,127.36,-6.89,-7.29,14.94
2024/01/01 16:12:57.37,127.37,-6.78,-7.28,14.86
2024/01/01 16:12:57.38,127.38,-6.71,-7.21,14.78
2024/01/01 16:12:57.39,127.39,-6.70,-7.14,14.73
2024/01/01 16:12:57.40,127.40,-6.77,-7.10,14.69
2024/01/01 16:12:57.41,127.41,-6.86,-7.12,14.64
2024/01/01 16:12:57.42,127.42,-6.95,-7.19,14.55
2024/01/01 16:12:57.43,127.43,-7.08,-7.22,14.48
2024/01/01 16:12:57.44,127.44,-7.22,-7.16,14.44
2024/01/01 16:12:57.45,127.45,-7.34,-7.07,14.41
2024/01/01 16:12:57.46,127.46,-7.46,-6.96,14.36
2024/01/01 16:12:57.47,127.47,-7.52,-6.86,14.33
2024/01/01 16:12:57.48,127.48,-7.55,-6.76,14.37
2024/01/01 16:12:57.49,127.49,-7.63,-6.65,14.46
2024/01/01 16:12:57.50,127.50,-7.73,-6.54,14.57
2024/01/01 16:12:57.51,127.51,-7.80,-6.49,14.64
2024/01/01 16:12:57.52,127.52,-7.85,-6.46,14.66
2024/01/01 16:12:57.53,127.53,-7.86,-6.47,14.63
2024/01/01 16:12:57.54,127.54,-7.82,-6.55,14.57
2024/01/01 16:12:57.55,127.55,-7.75,-6.69,14.51
2024/01/01 16:12:57.56,127.56,-7.71,-6.82,14.55
2024/01/01 16:12:57.57,127.57,-7.69,-6.93,14.65
2024/01/01 16:12:57.58,127.58,-7.71,-6.99,14.73
2024/01/01 16:12:57.59,127.59,-7.76,-7.00,14.74
2024/01/01 16:12:57.60,127.60,-7.83,-7.04,14.72
2024/01/01 16:12:57.61,127.61,-7.92,-7.09,14.73
2024/01/01 16:12:57.62,127.62,-8.04,-7.11,14.74
2024/01/01 16:12:57.63,127.63,-8.19,-7.13,14.66
2024/01/01 16:12:57.64,127.64,-8.31,-7.14,14.52
2024/01/01 16:12:57.65,127.65,-8.38,-7.14,14.43
2024/01/01 16:12:57.66,127.66,-8.40,-7.14,14.41
2024/01/01 16:12:57.67,127.67,-8.42,-7.15,14.42
2024/01/01 16:12:57.68,127.68,-8.44,-7.19,14.41
2024/01/01 16:12:57.69,127.69,-8.48,-7.26,14.40
2024/01/01 16:12:57.70,127.70,-8.53,-7.31,14.41
2024/01/01 16:12:57.71,127.71,-8.58,-7.27,14.45
2024/01/01 16:12:57.72,127.72,-8.62,-7.18,14.51
2024/01/01 16:12:57.73,127.73,-8.65,-7.08,14.53
2024/01/01 16:12:57.74,127.74,-8.69,-6.99,14.55
2024/01/01 16:12:57.75,127.75,-8.73,-6.88,14.60
2024/01/01 16:12:57.76,127.76,-8.78,-6.75,14.67
2024/01/01 16:12:57.77,127.77,-8.85,-6.66,14.73
2024/01/01 16:12:57.78,127.78,-8.93,-6.66,14.75
2024/01/01 16:12:57.79,127.79,-9.01,-6.76,14.74
2024/01/01 16:12:57.80,127.80,-9.06,-6.89,14.73
2024/01/01 16:12:57.81,127.81,-9.03,-6.98,14.71
2024/01/01 16:12:57.82,127.82,-8.96,-6.99,14.67
2024/01/01 16:12:57.83,127.83,-8.90,-6.94,14.63
2024/01/01 16:12:57.84,127.84,-8.83,-6.88,14.62
2024/01/01 16:12:57.85,127.85,-8.72,-6.82,14.65
2024/01/01 16:12:57.86,127.86,-8.61,-6.79,14.67
2024/01/01 16:12:57.87,127.87,-8.50,-6.80,14.66
2024/01/01 16:12:57.88,127.88,-8.42,-6.86,14.65
2024/01/01 16:12:57.89,127.89,-8.40,-6.96,14.64
2024/01/01 16:12:57.90,127.90,-8.43,-7.12,14.63
2024/01/01 16:12:57.91,127.91,-8.47,-7.33,14.59
2024/01/01 16:12:57.92,127.92,-8.48,-7.52,14.52
2024/01/01 16:12:57.93,127.93,-8.47,-7.63,14.46
2024/01/01 16:12:57.94,127.94,-8.44,-7.69,14.42
2024/01/01 16:12:57.95,127.95,-8.42,-7.70,14.45
2024/01/01 16:12:57.96,127.96,-8.42,-7.68,14.49
2024/01/01 16:12:57.97,127.97,-8.45,-7.65,14.45
2024/01/01 16:12:57.98,127.98,-8.50,-7.60,14.40
2024/01/01 16:12:57.99,127.99,-8.51,-7.55,14.44
2024/01/01 16:12:58.00,128.00,-8.49,-7.53,14.49
2024/01/01 16:12:58.01,128.01,-8.46,-7.52,14.48
2024/01/01 16:12:58.02,128.02,-8.41,-7.57,14.45
2024/01/01 16:12:58.03,128.03,-8.33,-7.64,14.44
2024/01/01 16:12:58.04,128.04,-8.26,-7.64,14.41
2024/01/01 16:12:58.05,128.05,-8.22,-7.59,14.34
2024/01/01 16:12:58.06,128.06,-8.18,-7.54,14.28
2024/01/01 16:12:58.07,128.07,-8.14,-7.52,14.30
2024/01/01 16:12:58.08,128.08,-8.07,-7.53,14.39
2024/01/01 16:12:58.09,128.09,-7.97,-7.54,14.47
2024/01/01 16:12:58.10,128.10,-7.86,-7.50,14.51
2024/01/01 16:12:58.11,128.11,-7.76,-7.36,14.55
2024/01/01 16:12:58.12,128.12,-7.68,-7.14,14.61
2024/01/01 16:12:58.13,128.13,-7.64,-6.96,14.66
2024/01/01 16:12:58.14,128.14,-7.59,-6.87,14.67
2024/01/01 16:12:58.15,128.15,-7.52,-6.87,14.66
2024/01/01 16:12:58.16,128.16,-7.44,-6.91,14.68
2024/01/01 16:12:58.17,128.17,-7.37,-6.97,14.73
2024/01/01 16:12:58.18,128.18,-7.32,-7.02,14.73
2024/01/01 16:12:58.19,128.19,-7.27,-7.04,14.68
2024/01/01 16:12:58.20,128.20,-7.23,-7.01,14.62
2024/01/01 16:12:58.21,128.21,-7.21,-6.91,14.58
2024/01/01 16:12:58.22,128.22,-7.19,-6.76,14.54
2024/01/01 16:12:58.23,128.23,-7.19,-6.59,14.48
2024/01/01 16:12:58.24,128.24,-7.21,-6.45,14.41
2024/01/01 16:12:58.25,128.25,-7.23,-6.33,14.37
2024/01/01 16:12:58.26,128.26,-7.22,-6.24,14.32
2024/01/01 16:12:58.27,128.27,-7.24,-6.17,14.28
2024/01/01 16:12:58.28,128.28,-7.26,-6.16,14.28
2024/01/01 16:12:58.29,128.29,-7.29,-6.20,14.30
2024/01/01 16:12:58.30,128.30,-7.34,-6.26,14.28
2024/01/01 16:12:58.31,128.31,-7.42,-6.31,14.17
2024/01/01 16:12:58.32,128.32,-7.51,-6.38,14.10
2024/01/01 16:12:58.33,128.33,-7.60,-6.42,14.16
2024/01/01 16:12:58.34,128.34,-7.70,-6.40,14.27
2024/01/01 16:12:58.35,128.35,-7.81,-6.38,14.31
2024/01/01 16:12:58.36,128.36,-7.89,-6.41,14.32
2024/01/01 16:12:58.37,128.37,-7.94,-6.45,14.38
2024/01/01 16:12:58.38,128.38,-7.98,-6.48,14.44
2024/01/01 16:12:58.39,128.39,-8.03,-6.51,14.43
2024/01/01 16:12:58.40,128.40,-8.09,-6.60,14.38
2024/01/01 16:12:58.41,128.41,-8.17,-6.72,14.34
2024/01/01 16:12:58.42,128.42,-8.29,-6.83,14.31
2024/01/01 16:12:58.43,128.43,-8.40,-6.92,14.26
2024/01/01 16:12:58.44,128.44,-8.51,-7.00,14.23
2024/01/01 16:12:58.45,128.45,-8.64,-7.06,14.26
2024/01/01 16:12:58.46,128.46,-8.79,-7.10,14.34
2024/01/01 16:12:58.47,128.47,-8.96,-7.11,14.39
2024/01/01 16:12:58.48,128.48,-9.10,-7.11,14.42
2024/01/01 16:12:58.49,128.49,-9.13,-7.10,14.49
2024/01/01 16:12:58.50,128.50,-9.11,-7.08,14.59
2024/01/01 16:12:58.51,128.51,-9.07,-7.05,14.66
2024/01/01 16:12:58.52,128.52,-8.99,-7.06,14.67
2024/01/01 16:12:58.53,128.53,-8.88,-7.10,14.68
2024/01/01 16:12:58.54,128.54,-8.76,-7.10,14.74
2024/01/01 16:12:58.55,128.55,-8.64,-7.07,14.78
2024/01/01 16:12:58.56,128.56,-8.56,-7.05,14.76
2024/01/01 16:12:58.57,128.57,-8.49,-7.07,14.74
2024/01/01 16:12:58.58,128.58,-8.41,-7.12,14.74
2024/01/01 16:12:58.59,128.59,-8.33,-7.12,14.72
2024/01/01 16:12:58.60,128.60,-8.26,-7.06,14.67
2024/01/01 16:12:58.61,128.61,-8.23,-6.97,14.62
2024/01/01 16:12:58.62,128.62,-8.24,-6.88,14.61
2024/01/01 16:12:58.63,128.63,-8.27,-6.78,14.61
2024/01/01 16:12:58.64,128.64,-8.27,-6.72,14.59
2024/01/01 16:12:58.65,128.65,-8.25,-6.69,14.57
2024/01/01 16:12:58.66,128.66,-8.22,-6.68,14.56
2024/01/01 16:12:58.67,128.67,-8.18,-6.72,14.58
2024/01/01 16:12:58.68,128.68,-8.10,-6.76,14.61
2024/01/01 16:12:58.69,128.69,-8.02,-6.76,14.69
2024/01/01 16:12:58.70,128.70,-7.95,-6.75,14.76
2024/01/01 16:12:58.71,128.71,-7.90,-6.74,14.77
2024/01/01 16:12:58.72,128.72,-7.89,-6.73,14.72
2024/01/01 16:12:58.73,128.73,-7.94,-6.72,14.64
2024/01/01 16:12:58.74,128.74,-8.01,-6.71,14.55
2024/01/01 16:12:58.75,128.75,-8.08,-6.72,14.50
2024/01/01 16:12:58.76,128.76,-8.10,-6.77,14.52
2024/01/01 16:12:58.77,128.77,-8.08,-6.85,14.59
2024/01/01 16:12:58.78,128.78,-8.04,-6.92,14.66
2024/01/01 16:12:58.79,128.79,-7.98,-7.01,14.66
2024/01/01 16:12:58.80,128.80,-7.90,-7.12,14.58
2024/01/01 16:12:58.81,128.81,-7.84,-7.22,14.48
2024/01/01 16:12:58.82,128.82,-7.82,-7.31,14.43
2024/01/01 16:12:58.83,128.83,-7.82,-7.40,14.44
2024/01/01 16:12:58.84,128.84,-7.86,-7.47,14.47
2024/01/01 16:12:58.85,128.85,-7.91,-7.54,14.49
2024/01/01 16:12:58.86,128.86,-7.95,-7.62,14.53
2024/01/01 16:12:58.87,128.87,-7.97,-7.67,14.53
2024/01/01 16:12:58.88,128.88,-7.97,-7.69,14.46
2024/01/01 16:12:58.89,128.89,-7.94,-7.71,14.41
2024/01/01 16:12:58.90,128.90,-7.91,-7.74,14.44
2024/01/01 16:12:58.91,128.91,-7.89,-7.74,14.53
2024/01/01 16:12:58.92,128.92,-7.85,-7.72,14.58
2024/01/01 16:12:58.93,128.93,-7.78,-7.70,14.61
2024/01/01 16:12:58.94,128.94,-7.74,-7.65,14.69
2024/01/01 16:12:58.95,128.95,-7.71,-7.57,14.75
2024/01/01 16:12:58.96,128.96,-7.72,-7.47,14.73
2024/01/01 16:12:58.97,128.97,-7.79,-7.41,14.69
2024/01/01 16:12:58.98,128.98,-7.89,-7.40,14.71
2024/01/01 16:12:58.99,128.99,-7.98,-7.41,14.73
2024/01/01 16:12:59.00,129.00,-8.07,-7.45,14.74
2024/01/01 16:12:59.01,129.01,-8.14,-7.48,14.75
2024/01/01 16:12:59.02,129.02,-8.19,-7.48,14.79
2024/01/01 16:12:59.03,129.03,-8.21,-7.43,14.82
2024/01/01 16:12:59.04,129.04,-8.23,-7.40,14.86
2024/01/01 16:12:59.05,129.05,-8.23,-7.41,14.90
2024/01/01 16:12:59.06,129.06,-8.18,-7.40,14.92
2024/01/01 16:12:59.07,129.07,-8.10,-7.37,14.91
2024/01/01 16:12:59.08,129.08,-8.00,-7.31,14.90
2024/01/01 16:12:59.09,129.09,-7.89,-7.20,14.87
2024/01/01 16:12:59.10,129.10,-7.80,-7.07,14.85
2024/01/01 16:12:59.11,129.11,-7.77,-6.96,14.87
2024/01/01 16:12:59.12,129.12,-7.82,-6.88,14.89
2024/01/01 16:12:59.13,129.13,-7.86,-6.84,14.85
2024/01/01 16:12:59.14,129.14,-7.90,-6.84,14.77
2024/01/01 16:12:59.15,129.15,-7.96,-6.84,14.66
2024/01/01 16:12:59.16,129.16,-8.02,-6.82,14.54
2024/01/01 16:12:59.17,129.17,-8.09,-6.80,14.37
2024/01/01 16:12:59.18,129.18,-8.20,-6.81,14.23
2024/01/01 16:12:59.19,129.19,-8.30,-6.85,14.16
2024/01/01 16:12:59.20,129.20,-8.37,-6.92,14.15
2024/01/01 16:12:59.21,129.21,-8.43,-6.98,14.16
2024/01/01 16:12:59.22,129.22,-8.46,-7.01,14.17
2024/01/01 16:12:59.23,129.23,-8.45,-7.04,14.19
2024/01/01 16:12:59.24,129.24,-8.45,-7.07,14.19
2024/01/01 16:12:59.25,129.25,-8.48,-7.14,14.14
2024/01/01 16:12:59.26,129.26,-8.49,-7.29,14.09
2024/01/01 16:12:59.27,129.27,-8.45,-7.43,14.08
2024/01/01 16:12:59.28,129.28,-8.35,-7.48,14.09
2024/01/01 16:12:59.29,129.29,-8.22,-7.45,14.11
2024/01/01 16:12:59.30,129.30,-8.09,-7.41,14.18
2024/01/01 16:12:59.31,129.31,-7.98,-7.40,14.27
2024/01/01 16:12:59.32,129.32,-7.94,-7.45,14.34
2024/01/01 16:12:59.33,129.33,-7.96,-7.56,14.37
2024/01/01 16:12:59.34,129.34,-7.96,-7.69,14.37
2024/01/01 16:12:59.35,129.35,-7.94,-7.79,14.36
2024/01/01 16:12:59.36,129.36,-7.90,-7.86,14.35
2024/01/01 16:12:59.37,129.37,-7.86,-7.90,14.40
2024/01/01 16:12:59.38,129.38,-7.82,-7.89,14.50
2024/01/01 16:12:59.39,129.39,-7.79,-7.83,14.62
2024/01/01 16:12:59.40,129.40,-7.76,-7.80,14.72
2024/01/01 16:12:59.41,129.41,-7.70,-7.78,14.79
2024/01/01 16:12:59.42,129.42,-7.61,-7.78,14.81
2024/01/01 16:12:59.43,129.43,-7.50,-7.80,14.79
2024/01/01 16:12:59.44,129.44,-7.42,-7.84,14.78
2024/01/01 16:12:59.45,129.45,-7.36,-7.87,14.79
2024/01/01 16:12:59.46,129.46,-7.35,-7.85,14.80
2024/01/01 16:12:59.47,129.47,-7.39,-7.80,14.84
2024/01/01 16:12:59.48,129.48,-7.45,-7.79,14.87
2024/01/01 16:12:59.49,129.49,-7.49,-7.82,14.88
2024/01/01 16:12:59.50,129.50,-7.49,-7.85,14.85
2024/01/01 16:12:59.51,129.51,-7.49,-7.90,14.83
2024/01/01 16:12:59.52,129.52,-7.52,-7.92,14.82
2024/01/01 16:12:59.53,129.53,-7.54,-7.93,14.81
2024/01/01 16:12:59.54,129.54,-7.52,-7.94,14.81
2024/01/01 16:12:59.55,129.55,-7.46,-7.95,14.81
2024/01/01 16:12:59.56,129.56,-7.38,-7.92,14.77
2024/01/01 16:12:59.57,129.57,-7.30,-7.85,14.68
2024/01/01 16:12:59.58,129.58,-7.28,-7.74,14.58
2024/01/01 16:12:59.59,129.59,-7.35,-7.60,14.49
2024/01/01 16:12:59.60,129.60,-7.47,-7.46,14.39
2024/01/01 16:12:59.61,129.61,-7.61,-7.38,14.35
2024/01/01 16:12:59.62,129.62,-7.76,-7.36,14.42
2024/01/01 16:12:59.63,129.63,-7.90,-7.37,14.53
2024/01/01 16:12:59.64,129.64,-7.97,-7.39,14.59
2024/01/01 16:12:59.65,129.65,-8.01,-7.41,14.61
2024/01/01 16:12:59.66,129.66,-8.05,-7.41,14.64
2024/01/01 16:12:59.67,129.67,-8.08,-7.38,14.69
2024/01/01 16:12:59.68,129.68,-8.14,-7.36,14.69
2024/01/01 16:12:59.69,129.69,-8.24,-7.35,14.67
2024/01/01 16:12:59.70,129.70,-8.32,-7.38,14.67
2024/01/01 16:12:59.71,129.71,-8.39,-7.43,14.70
2024/01/01 16:12:59.72,129.72,-8.46,-7.48,14.73
2024/01/01 16:12:59.73,129.73,-8.50,-7.54,14.76
2024/01/01 16:12:59.74,129.74,-8.50,-7.59,14.81
2024/01/01 16:12:59.75,129.75,-8.49,-7.58,14.86
2024/01/01 16:12:59.76,129.76,-8.50,-7.54,14.85
2024/01/01 16:12:59.77,129.77,-8.52,-7.51,14.80
2024/01/01 16:12:59.78,129.78,-8.53,-7.50,14.77
2024/01/01 16:12:59.79,129.79,-8.54,-7.53,14.83
2024/01/01 16:12:59.80,129.80,-8.55,-7.57,14.89
2024/01/01 16:12:59.81,129.81,-8.55,-7.61,14.88
2024/01/01 16:12:59.82,129.82,-8.51,-7.65,14.85
2024/01/01 16:12:59.83,129.83,-8.45,-7.69,14.83
2024/01/01 16:12:59.84,129.84,-8.38,-7.68,14.78
2024/01/01 16:12:59.85,129.85,-8.31,-7.66,14.67
2024/01/01 16:12:59.86,129.86,-8.24,-7.67,14.57
2024/01/01 16:12:59.87,129.87,-8.18,-7.66,14.51
2024/01/01 16:12:59.88,129.88,-8.12,-7.59,14.49
2024/01/01 16:12:59.89,129.89,-8.04,-7.47,14.47
2024/01/01 16:12:59.90,129.90,-7.94,-7.34,14.47
2024/01/01 16:12:59.91,129.91,-7.83,-7.21,14.49
2024/01/01 16:12:59.92,129.92,-7.71,-7.10,14.46
2024/01/01 16:12:59.93,129.93,-7.57,-7.04,14.41
2024/01/01 16:12:59.94,129.94,-7.46,-7.04,14.38
2024/01/01 16:12:59.95,129.95,-7.42,-7.05,14.39
2024/01/01 16:12:59.96,129.96,-7.41,-7.06,14.43
2024/01/01 16:12:59.97,129.97,-7.41,-7.07,14.51
2024/01/01 16:12:59.98,129.98,-7.38,-7.08,14.62
2024/01/01 16:12:59.99,129.99,-7.36,-7.08,14.68
2024/01/01 16:13:00.00,130.00,-7.36,-7.10,14.68
2024/01/01 16:13:00.01,130.01,-7.43,-7.12,14.69
2024/01/01 16:13:00.02,130.02,-7.54,-7.14,14.73
2024/01/01 16:13:00.03,130.03,-7.62,-7.16,14.73
2024/01/01 16:13:00.04,130.04,-7.65,-7.18,14.66
2024/01/01 16:13:00.05,130.05,-7.59,-7.18,14.60
2024/01/01 16:13:00.06,130.06,-7.48,-7.14,14.58
2024/01/01 16:13:00.07,130.07,-7.37,-7.11,14.59
2024/01/01 16:13:00.08,130.08,-7.33,-7.13,14.58
2024/01/01 16:13:00.09,130.09,-7.35,-7.18,14.55
2024/01/01 16:13:00.10,130.10,-7.39,-7.23,14.55
2024/01/01 16:13:00.11,130.11,-7.43,-7.24,14.58
2024/01/01 16:13:00.12,130.12,-7.47,-7.23,14.58
2024/01/01 16:13:00.13,130.13,-7.50,-7.20,14.52
2024/01/01 16:13:00.14,130.14,-7.53,-7.14,14.44
2024/01/01 16:13:00.15,130.15,-7.58,-7.04,14.35
2024/01/01 16:13:00.16,130.16,-7.64,-6.92,14.26
2024/01/01 16:13:00.17,130.17,-7.71,-6.83,14.19
2024/01/01 16:13:00.18,130.18,-7.82,-6.77,14.17
2024/01/01 16:13:00.19,130.19,-7.99,-6.74,14.22
2024/01/01 16:13:00.20,130.20,-8.17,-6.75,14.29
2024/01/01 16:13:00.21,130.21,-8.35,-6.80,14.34
2024/01/01 16:13:00.22,130.22,-8.48,-6.84,14.39
2024/01/01 16:13:00.23,130.23,-8.56,-6.90,14.44
2024/01/01 16:13:00.24,130.24,-8.61,-6.98,14.47
2024/01/01 16:13:00.25,130.25,-8.64,-7.05,14.48
2024/01/01 16:13:00.26,130.26,-8.69,-7.14,14.49
2024/01/01 16:13:00.27,130.27,-8.78,-7.22,14.51
2024/01/01 16:13:00.28,130.28,-8.89,-7.27,14.55
2024/01/01 16:13:00.29,130.29,-9.01,-7.36,14.59
2024/01/01 16:13:00.30,130.30,-9.12,-7.48,14.61
2024/01/01 16:13:00.31,130.31,-9.17,-7.62,14.64
2024/01/01 16:13:00.32,130.32,-9.17,-7.77,14.70
2024/01/01 16:13:00.33,130.33,-9.15,-7.85,14.76
2024/01/01 16:13:00.34,130.34,-9.13,-7.88,14.77
2024/01/01 16:13:00.35,130.35,-9.09,-7.89,14.72
2024/01/01 16:13:00.36,130.36,-9.07,-7.88,14.64
2024/01/01 16:13:00.37,130.37,-9.05,-7.85,14.56
2024/01/01 16:13:00.38,130.38,-9.03,-7.83,14.50
2024/01/01 16:13:00.39,130.39,-9.04,-7.85,14.48
2024/01/01 16:13:00.40,130.40,-9.03,-7.89,14.49
2024/01/01 16:13:00.41,130.41,-8.97,-7.93,14.48
2024/01/01 16:13:00.42,130.42,-8.86,-7.93,14.42
2024/01/01 16:13:00.43,130.43,-8.70,-7.89,14.35
2024/01/01 16:13:00.44,130.44,-8.51,-7.84,14.29
2024/01/01 16:13:00.45,130.45,-8.37,-7.82,14.27
2024/01/01 16:13:00.46,130.46,-8.28,-7.81,14.30
2024/01/01 16:13:00.47,130.47,-8.22,-7.83,14.35
2024/01/01 16:13:00.48,130.48,-8.20,-7.81,14.40
2024/01/01 16:13:00.49,130.49,-8.18,-7.72,14.43
2024/01/01 16:13:00.50,130.50,-8.15,-7.61,14.45
2024/01/01 16:13:00.51,130.51,-8.12,-7.53,14.46
2024/01/01 16:13:00.52,130.52,-8.09,-7.51,14.50
2024/01/01 16:13:00.53,130.53,-8.06,-7.52,14.55
2024/01/01 16:13:00.54,130.54,-8.05,-7.51,14.59
2024/01/01 16:13:00.55,130.55,-8.04,-7.43,14.61
2024/01/01 16:13:00.56,130.56,-8.01,-7.31,14.64
2024/01/01 16:13:00.57,130.57,-7.94,-7.22,14.69
2024/01/01 16:13:00.58,130.58,-7.83,-7.16,14.76
2024/01/01 16:13:00.59,130.59,-7.73,-7.17,14.79
2024/01/01 16:13:00.60,130.60,-7.65,-7.23,14.80
2024/01/01 16:13:00.61,130.61,-7.60,-7.33,14.82
2024/01/01 16:13:00.62,130.62,-7.54,-7.44,14.84
2024/01/01 16:13:00.63,130.63,-7.47,-7.51,14.84
2024/01/01 16:13:00.64,130.64,-7.40,-7.52,14.85
2024/01/01 16:13:00.65,130.65,-7.32,-7.47,14.86
2024/01/01 16:13:00.66,130.66,-7.22,-7.38,14.86
2024/01/01 16:13:00.67,130.67,-7.13,-7.26,14.85
2024/01/01 16:13:00.68,130.68,-7.04,-7.12,14.83
2024/01/01 16:13:00.69,130.69,-6.95,-7.01,14.82
2024/01/01 16:13:00.70,130.70,-6.88,-6.94,14.85
2024/01/01 16:13:00.71,130.71,-6.88,-6.88,14.87
2024/01/01 16:13:00.72,130.72,-6.92,-6.84,14.85
2024/01/01 16:13:00.73,130.73,-6.96,-6.83,14.79
2024/01/01 16:13:00.74,130.74,-7.02,-6.82,14.72
2024/01/01 16:13:00.75,130.75,-7.07,-6.79,14.62
2024/01/01 16:13:00.76,130.76,-7.09,-6.77,14.54
2024/01/01 16:13:00.77,130.77,-7.09,-6.77,14.53
2024/01/01 16:13:00.78,130.78,-7.14,-6.81,14.57
2024/01/01 16:13:00.79,130.79,-7.23,-6.86,14.63
2024/01/01 16:13:00.80,130.80,-7.32,-6.94,14.73
2024/01/01 16:13:00.81,130.81,-7.39,-7.04,14.85
2024/01/01 16:13:00.82,130.82,-7.43,-7.12,14.92
2024/01/01 16:13:00.83,130.83,-7.45,-7.22,14.91
2024/01/01 16:13:00.84,130.84,-7.46,-7.35,14.87
2024/01/01 16:13:00.85,130.85,-7.51,-7.45,14.86
2024/01/01 16:13:00.86,130.86,-7.61,-7.50,14.86
2024/01/01 16:13:00.87,130.87,-7.76,-7.53,14.88
2024/01/01 16:13:00.88,130.88,-7.92,-7.53,14.92
2024/01/01 16:13:00.89,130.89,-8.04,-7.52,14.99
2024/01/01 16:13:00.90,130.90,-8.13,-7.54,15.03
2024/01/01 16:13:00.91,130.91,-8.17,-7.57,15.03
2024/01/01 16:13:00.92,130.92,-8.17,-7.60,15.02
2024/01/01 16:13:00.93,130.93,-8.15,-7.61,14.99
2024/01/01 16:13:00.94,130.94,-8.18,-7.61,14.94
2024/01/01 16:13:00.95,130.95,-8.23,-7.63,14.91
2024/01/01 16:13:00.96,130.96,-8.29,-7.71,14.90
2024/01/01 16:13:00.97,130.97,-8.37,-7.78,14.89
2024/01/01 16:13:00.98,130.98,-8.47,-7.84,14.89
2024/01/01 16:13:00.99,130.99,-8.53,-7.90,14.89
2024/01/01 16:13:01.00,131.00,-8.56,-7.94,14.91
2024/01/01 16:13:01.01,131.01,-8.56,-7.94,14.94
2024/01/01 16:13:01.02,131.02,-8.55,-7.93,14.94
2024/01/01 16:13:01.03,131.03,-8.57,-7.90,14.95
2024/01/01 16:13:01.04,131.04,-8.63,-7.81,14.96
2024/01/01 16:13:01.05,131.05,-8.73,-7.68,14.94
2024/01/01 16:13:01.06,131.06,-8.87,-7.56,14.88
2024/01/01 16:13:01.07,131.07,-8.97,-7.44,14.84
2024/01/01 16:13:01.08,131.08,-9.01,-7.33,14.82
2024/01/01 16:13:01.09,131.09,-8.99,-7.28,14.81
2024/01/01 16:13:01.10,131.10,-8.98,-7.31,14.81
2024/01/01 16:13:01.11,131.11,-8.97,-7.37,14.83
2024/01/01 16:13:01.12,131.12,-8.97,-7.37,14.87
2024/01/01 16:13:01.13,131.13,-9.00,-7.29,14.89
2024/01/01 16:13:01.14,131.14,-9.00,-7.16,14.90
2024/01/01 16:13:01.15,131.15,-8.96,-7.00,14.91
2024/01/01 16:13:01.16,131.16,-8.91,-6.84,14.93
2024/01/01 16:13:01.17,131.17,-8.87,-6.72,14.94
2024/01/01 16:13:01.18,131.18,-8.82,-6.65,14.96
2024/01/01 16:13:01.19,131.19,-8.77,-6.62,15.03
2024/01/01 16:13:01.20,131.20,-8.72,-6.60,15.12
2024/01/01 16:13:01.21,131.21,-8.65,-6.57,15.17
2024/01/01 16:13:01.22,131.22,-8.55,-6.54,15.16
2024/01/01 16:13:01.23,131.23,-8.43,-6.50,15.11
2024/01/01 16:13:01.24,131.24,-8.30,-6.46,15.07
2024/01/01 16:13:01.25,131.25,-8.19,-6.44,15.06
2024/01/01 16:13:01.26,131.26,-8.11,-6.42,15.08
2024/01/01 16:13:01.27,131.27,-8.05,-6.41,15.07
2024/01/01 16:13:01.28,131.28,-8.02,-6.42,15.00
2024/01/01 16:13:01.29,131.29,-8.02,-6.45,14.91
2024/01/01 16:13:01.30,131.30,-8.00,-6.46,14.87
2024/01/01 16:13:01.31,131.31,-7.96,-6.45,14.84
2024/01/01 16:13:01.32,131.32,-7.89,-6.45,14.77
2024/01/01 16:13:01.33,131.33,-7.79,-6.50,14.69
2024/01/01 16:13:01.34,131.34,-7.66,-6.57,14.66
2024/01/01 16:13:01.35,131.35,-7.54,-6.62,14.64
2024/01/01 16:13:01.36,131.36,-7.45,-6.65,14.60
2024/01/01 16:13:01.37,131.37,-7.37,-6.67,14.54
2024/01/01 16:13:01.38,131.38,-7.33,-6.67,14.50
2024/01/01 16:13:01.39,131.39,-7.31,-6.65,14.48
2024/01/01 16:13:01.40,131.40,-7.29,-6.62,14.46
2024/01/01 16:13:01.41,131.41,-7.29,-6.63,14.42
2024/01/01 16:13:01.42,131.42,-7.29,-6.69,14.42
2024/01/01 16:13:01.43,131.43,-7.30,-6.82,14.47
2024/01/01 16:13:01.44,131.44,-7.32,-6.99,14.53
2024/01/01 16:13:01.45,131.45,-7.32,-7.18,14.55
2024/01/01 16:13:01.46,131.46,-7.29,-7.35,14.58
2024/01/01 16:13:01.47,131.47,-7.24,-7.48,14.63
2024/01/01 16:13:01.48,131.48,-7.18,-7.57,14.69
2024/01/01 16:13:01.49,131.49,-7.11,-7.67,14.73
2024/01/01 16:13:01.50,131.50,-7.04,-7.77,14.77
2024/01/01 16:13:01.51,131.51,-7.02,-7.81,14.78
2024/01/01 16:13:01.52,131.52,-7.02,-7.81,14.75
2024/01/01 16:13:01.53,131.53,-7.03,-7.80,14.76
2024/01/01 16:13:01.54,131.54,-7.08,-7.80,14.84
2024/01/01 16:13:01.55,131.55,-7.21,-7.80,14.89
2024/01/01 16:13:01.56,131.56,-7.39,-7.84,14.88
2024/01/01 16:13:01.57,131.57,-7.59,-7.90,14.89
2024/01/01 16:13:01.58,131.58,-7.77,-7.93,14.91
2024/01/01 16:13:01.59,131.59,-7.92,-7.95,14.87
2024/01/01 16:13:01.60,131.60,-8.05,-8.00,14.77
2024/01/01 16:13:01.61,131.61,-8.15,-8.06,14.71
2024/01/01 16:13:01.62,131.62,-8.24,-8.07,14.68
2024/01/01 16:13:01.63,131.63,-8.31,-8.03,14.66
2024/01/01 16:13:01.64,131.64,-8.39,-7.99,14.62
2024/01/01 16:13:01.65,131.65,-8.47,-7.94,14.60
2024/01/01 16:13:01.66,131.66,-8.53,-7.89,14.60
2024/01/01 16:13:01.67,131.67,-8.59,-7.86,14.63
2024/01/01 16:13:01.68,131.68,-8.65,-7.85,14.68
2024/01/01 16:13:01.69,131.69,-8.70,-7.84,14.72
2024/01/01 16:13:01.70,131.70,-8.74,-7.81,14.75
2024/01/01 16:13:01.71,131.71,-8.78,-7.73,14.78
2024/01/01 16:13:01.72,131.72,-8.79,-7.66,14.81
2024/01/01 16:13:01.73,131.73,-8.79,-7.60,14.79
2024/01/01 16:13:01.74,131.74,-8.81,-7.54,14.73
2024/01/01 16:13:01.75,131.75,-8.84,-7.50,14.69
2024/01/01 16:13:01.76,131.76,-8.88,-7.47,14.68
2024/01/01 16:13:01.77,131.77,-8.93,-7.43,14.70
2024/01/01 16:13:01.78,131.78,-8.97,-7.39,14.74
2024/01/01 16:13:01.79,131.79,-8.99,-7.36,14.77
2024/01/01 16:13:01.80,131.80,-8.98,-7.34,14.78
2024/01/01 16:13:01.81,131.81,-8.93,-7.33,14.77
2024/01/01 16:13:01.82,131.82,-8.86,-7.35,14.76
2024/01/01 16:13:01.83,131.83,-8.80,-7.39,14.75
2024/01/01 16:13:01.84,131.84,-8.75,-7.41,14.74
2024/01/01 16:13:01.85,131.85,-8.72,-7.40,14.73
2024/01/01 16:13:01.86,131.86,-8.70,-7.37,14.76
2024/01/01 16:13:01.87,131.87,-8.68,-7.35,14.82
2024/01/01 16:13:01.88,131.88,-8.65,-7.34,14.85
2024/01/01 16:13:01.89,131.89,-8.63,-7.34,14.86
2024/01/01 16:13:01.90,131.90,-8.60,-7.34,14.85
2024/01/01 16:13:01.91,131.91,-8.54,-7.31,14.84
2024/01/01 16:13:01.92,131.92,-8.45,-7.25,14.84
2024/01/01 16:13:01.93,131.93,-8.36,-7.19,14.84
2024/01/01 16:13:01.94,131.94,-8.27,-7.11,14.84
2024/01/01 16:13:01.95,131.95,-8.20,-7.05,14.89
2024/01/01 16:13:01.96,131.96,-8.14,-7.03,14.94
2024/01/01 16:13:01.97,131.97,-8.09,-7.04,14.92
2024/01/01 16:13:01.98,131.98,-8.01,-7.07,14.86
2024/01/01 16:13:01.99,131.99,-7.88,-7.12,14.84
2024/01/01 16:13:02.00,132.00,-7.72,-7.16,14.85
2024/01/01 16:13:02.01,132.01,-7.54,-7.16,14.85
2024/01/01 16:13:02.02,132.02,-7.33,-7.13,14.83
2024/01/01 16:13:02.03,132.03,-7.13,-7.08,14.83
2024/01/01 16:13:02.04,132.04,-6.97,-7.00,14.83
2024/01/01 16:13:02.05,132.05,-6.84,-6.94,14.82
2024/01/01 16:13:02.06,132.06,-6.75,-6.91,14.81
2024/01/01 16:13:02.07,132.07,-6.69,-6.88,14.80
2024/01/01 16:13:02.08,132.08,-6.67,-6.85,14.76
2024/01/01 16:13:02.09,132.09,-6.68,-6.83,14.70
2024/01/01 16:13:02.10,132.10,-6.71,-6.82,14.67
2024/01/01 16:13:02.11,132.11,-6.73,-6.83,14.71
2024/01/01 16:13:02.12,132.12,-6.78,-6.81,14.75
2024/01/01 16:13:02.13,132.13,-6.86,-6.76,14.75
2024/01/01 16:13:02.14,132.14,-6.97,-6.72,14.75
2024/01/01 16:13:02.15,132.15,-7.08,-6.67,14.80
2024/01/01 16:13:02.16,132.16,-7.20,-6.61,14.87
2024/01/01 16:13:02.17,132.17,-7.31,-6.60,14.89
2024/01/01 16:13:02.18,132.18,-7.39,-6.66,14.90
2024/01/01 16:13:02.19,132.19,-7.47,-6.75,14.95
2024/01/01 16:13:02.20,132.20,-7.55,-6.82,15.01
2024/01/01 16:13:02.21,132.21,-7.63,-6.87,15.00
2024/01/01 16:13:02.22,132.22,-7.71,-6.90,14.94
2024/01/01 16:13:02.23,132.23,-7.79,-6.91,14.91
2024/01/01 16:13:02.24,132.24,-7.87,-6.94,14.93
2024/01/01 16:13:02.25,132.25,-7.95,-6.99,14.94
2024/01/01 16:13:02.26,132.26,-8.01,-7.08,14.92
2024/01/01 16:13:02.27,132.27,-8.08,-7.17,14.91
2024/01/01 16:13:02.28,132.28,-8.17,-7.24,14.90
2024/01/01 16:13:02.29,132.29,-8.26,-7.28,14.83
2024/01/01 16:13:02.30,132.30,-8.34,-7.31,14.71
2024/01/01 16:13:02.31,132.31,-8.42,-7.34,14.60
2024/01/01 16:13:02.32,132.32,-8.49,-7.35,14.52
2024/01/01 16:13:02.33,132.33,-8.58,-7.37,14.48
2024/01/01 16:13:02.34,132.34,-8.68,-7.44,14.51
2024/01/01 16:13:02.35,132.35,-8.78,-7.53,14.60
2024/01/01 16:13:02.36,132.36,-8.87,-7.63,14.70
2024/01/01 16:13:02.37,132.37,-8.97,-7.71,14.76
2024/01/01 16:13:02.38,132.38,-9.06,-7.74,14.76
2024/01/01 16:13:02.39,132.39,-9.14,-7.71,14.75
2024/01/01 16:13:02.40,132.40,-9.21,-7.65,14.72
2024/01/01 16:13:02.41,132.41,-9.27,-7.60,14.69
2024/01/01 16:13:02.42,132.42,-9.32,-7.58,14.71
2024/01/01 16:13:02.43,132.43,-9.38,-7.60,14.79
2024/01/01 16:13:02.44,132.44,-9.46,-7.66,14.89
2024/01/01 16:13:02.45,132.45,-9.53,-7.75,14.92
2024/01/01 16:13:02.46,132.46,-9.56,-7.85,14.96
2024/01/01 16:13:02.47,132.47,-9.57,-7.91,15.07
2024/01/01 16:13:02.48,132.48,-9.57,-7.92,15.21
2024/01/01 16:13:02.49,132.49,-9.53,-7.93,15.29
2024/01/01 16:13:02.50,132.50,-9.45,-7.95,15.28
2024/01/01 16:13:02.51,132.51,-9.35,-7.95,15.28
2024/01/01 16:13:02.52,132.52,-9.21,-7.95,15.32
2024/01/01 16:13:02.53,132.53,-9.04,-7.95,15.37
2024/01/01 16:13:02.54,132.54,-8.88,-7.95,15.40
2024/01/01 16:13:02.55,132.55,-8.74,-7.93,15.40
2024/01/01 16:13:02.56,132.56,-8.62,-7.89,15.36
2024/01/01 16:13:02.57,132.57,-8.52,-7.84,15.28
2024/01/01 16:13:02.58,132.58,-8.44,-7.78,15.16
2024/01/01 16:13:02.59,132.59,-8.36,-7.72,15.04
2024/01/01 16:13:02.60,132.60,-8.29,-7.66,14.98
2024/01/01 16:13:02.61,132.61,-8.21,-7.61,14.95
2024/01/01 16:13:02.62,132.62,-8.10,-7.54,14.91
2024/01/01 16:13:02.63,132.63,-8.00,-7.44,14.83
2024/01/01 16:13:02.64,132.64,-7.92,-7.33,14.77
2024/01/01 16:13:02.65,132.65,-7.85,-7.23,14.76
2024/01/01 16:13:02.66,132.66,-7.78,-7.17,14.78
2024/01/01 16:13:02.67,132.67,-7.69,-7.14,14.79
2024/01/01 16:13:02.68,132.68,-7.59,-7.15,14.74
2024/01/01 16:13:02.69,132.69,-7.44,-7.14,14.68
2024/01/01 16:13:02.70,132.70,-7.28,-7.11,14.65
2024/01/01 16:13:02.71,132.71,-7.15,-7.05,14.64
2024/01/01 16:13:02.72,132.72,-7.06,-7.00,14.65
2024/01/01 16:13:02.73,132.73,-7.01,-6.97,14.67
2024/01/01 16:13:02.74,132.74,-7.00,-6.95,14.71
2024/01/01 16:13:02.75,132.75,-7.01,-6.90,14.74
2024/01/01 16:13:02.76,132.76,-7.04,-6.83,14.74
2024/01/01 16:13:02.77,132.77,-7.04,-6.74,14.70
2024/01/01 16:13:02.78,132.78,-7.03,-6.63,14.65
2024/01/01 16:13:02.79,132.79,-6.99,-6.53,14.63
2024/01/01 16:13:02.80,132.80,-6.93,-6.47,14.66
2024/01/01 16:13:02.81,132.81,-6.87,-6.43,14.75
2024/01/01 16:13:02.82,132.82,-6.83,-6.38,14.83
2024/01/01 16:13:02.83,132.83,-6.82,-6.33,14.87
2024/01/01 16:13:02.84,132.84,-6.83,-6.33,14.88
2024/01/01 16:13:02.85,132.85,-6.88,-6.39,14.88
2024/01/01 16:13:02.86,132.86,-6.94,-6.46,14.90
2024/01/01 16:13:02.87,132.87,-7.01,-6.53,14.95
2024/01/01 16:13:02.88,132.88,-7.06,-6.56,15.03
2024/01/01 16:13:02.89,132.89,-7.10,-6.53,15.09
2024/01/01 16:13:02.90,132.90,-7.13,-6.48,15.11
2024/01/01 16:13:02.91,132.91,-7.15,-6.44,15.11
2024/01/01 16:13:02.92,132.92,-7.18,-6.38,15.10
2024/01/01 16:13:02.93,132.93,-7.22,-6.36,15.04
2024/01/01 16:13:02.94,132.94,-7.27,-6.43,14.99
2024/01/01 16:13:02.95,132.95,-7.34,-6.56,14.98
2024/01/01 16:13:02.96,132.96,-7.43,-6.70,14.98
2024/01/01 16:13:02.97,132.97,-7.50,-6.82,14.96
2024/01/01 16:13:02.98,132.98,-7.59,-6.93,14.94
2024/01/01 16:13:02.99,132.99,-7.70,-7.00,14.91
2024/01/01 16:13:03.00,133.00,-7.85,-7.04,14.84
2024/01/01 16:13:03.01,133.01,-8.02,-7.07,14.76
2024/01/01 16:13:03.02,133.02,-8.21,-7.13,14.73
2024/01/01 16:13:03.03,133.03,-8.35,-7.22,14.78
2024/01/01 16:13:03.04,133.04,-8.43,-7.32,14.88
2024/01/01 16:13:03.05,133.05,-8.46,-7.43,14.94
2024/01/01 16:13:03.06,133.06,-8.46,-7.51,14.95
2024/01/01 16:13:03.07,133.07,-8.47,-7.57,14.93
2024/01/01 16:13:03.08,133.08,-8.54,-7.58,14.89
2024/01/01 16:13:03.09,133.09,-8.70,-7.56,14.83
2024/01/01 16:13:03.10,133.10,-8.88,-7.56,14.76
2024/01/01 16:13:03.11,133.11,-9.06,-7.61,14.71
2024/01/01 16:13:03.12,133.12,-9.24,-7.69,14.70
2024/01/01 16:13:03.13,133.13,-9.40,-7.80,14.74
2024/01/01 16:13:03.14,133.14,-9.54,-7.89,14.83
2024/01/01 16:13:03.15,133.15,-9.66,-7.93,14.95
2024/01/01 16:13:03.16,133.16,-9.76,-7.92,15.01
2024/01/01 16:13:03.17,133.17,-9.81,-7.89,15.00
2024/01/01 16:13:03.18,133.18,-9.81,-7.85,14.96
2024/01/01 16:13:03.19,133.19,-9.77,-7.83,14.92
2024/01/01 16:13:03.20,133.20,-9.71,-7.86,14.91
2024/01/01 16:13:03.21,133.21,-9.63,-7.94,14.98
2024/01/01 16:13:03.22,133.22,-9.54,-8.05,15.09
2024/01/01 16:13:03.23,133.23,-9.43,-8.13,15.15
2024/01/01 16:13:03.24,133.24,-9.30,-8.18,15.11
2024/01/01 16:13:03.25,133.25,-9.16,-8.17,15.02
2024/01/01 16:13:03.26,133.26,-9.02,-8.08,14.95
2024/01/01 16:13:03.27,133.27,-8.91,-7.96,14.93
2024/01/01 16:13:03.28,133.28,-8.82,-7.87,14.91
2024/01/01 16:13:03.29,133.29,-8.76,-7.82,14.89
2024/01/01 16:13:03.30,133.30,-8.70,-7.74,14.90
2024/01/01 16:13:03.31,133.31,-8.64,-7.64,14.93
2024/01/01 16:13:03.32,133.32,-8.62,-7.54,14.96
2024/01/01 16:13:03.33,133.33,-8.59,-7.48,14.97
2024/01/01 16:13:03.34,133.34,-8.55,-7.46,14.96
2024/01/01 16:13:03.35,133.35,-8.53,-7.46,14.97
2024/01/01 16:13:03.36,133.36,-8.49,-7.49,15.03
2024/01/01 16:13:03.37,133.37,-8.42,-7.50,15.12
2024/01/01 16:13:03.38,133.38,-8.32,-7.43,15.21
2024/01/01 16:13:03.39,133.39,-8.19,-7.28,15.28
2024/01/01 16:13:03.40,133.40,-8.06,-7.13,15.31
2024/01/01 16:13:03.41,133.41,-7.92,-7.03,15.33
2024/01/01 16:13:03.42,133.42,-7.79,-6.99,15.36
2024/01/01 16:13:03.43,133.43,-7.68,-6.99,15.41
2024/01/01 16:13:03.44,133.44,-7.60,-7.01,15.45
2024/01/01 16:13:03.45,133.45,-7.53,-7.02,15.45
2024/01/01 16:13:03.46,133.46,-7.44,-7.02,15.41
2024/01/01 16:13:03.47,133.47,-7.35,-7.03,15.33
2024/01/01 16:13:03.48,133.48,-7.26,-7.04,15.27
2024/01/01 16:13:03.49,133.49,-7.20,-7.06,15.20
2024/01/01 16:13:03.50,133.50,-7.16,-7.06,15.13
2024/01/01 16:13:03.51,133.51,-7.14,-7.03,15.08
2024/01/01 16:13:03.52,133.52,-7.11,-6.97,15.04
2024/01/01 16:13:03.53,133.53,-7.06,-6.89,14.99
2024/01/01 16:13:03.54,133.54,-6.98,-6.80,14.94
2024/01/01 16:13:03.55,133.55,-6.87,-6.75,14.88
2024/01/01 16:13:03.56,133.56,-6.76,-6.72,14.85
2024/01/01 16:13:03.57,133.57,-6.67,-6.69,14.84
2024/01/01 16:13:03.58,133.58,-6.62,-6.67,14.85
2024/01/01 16:13:03.59,133.59,-6.63,-6.65,14.88
2024/01/01 16:13:03.60,133.60,-6.68,-6.63,14.92
2024/01/01 16:13:03.61,133.61,-6.78,-6.60,14.96
2024/01/01 16:13:03.62,133.62,-6.91,-6.52,14.95
2024/01/01 16:13:03.63,133.63,-7.06,-6.43,14.92
2024/01/01 16:13:03.64,133.64,-7.21,-6.38,14.94
2024/01/01 16:13:03.65,133.65,-7.36,-6.35,15.01
2024/01/01 16:13:03.66,133.66,-7.50,-6.35,15.08
2024/01/01 16:13:03.67,133.67,-7.60,-6.38,15.12
2024/01/01 16:13:03.68,133.68,-7.65,-6.42,15.17
2024/01/01 16:13:03.69,133.69,-7.68,-6.45,15.26
2024/01/01 16:13:03.70,133.70,-7.70,-6.47,15.37
2024/01/01 16:13:03.71,133.71,-7.74,-6.51,15.43
2024/01/01 16:13:03.72,133.72,-7.78,-6.56,15.42
2024/01/01 16:13:03.73,133.73,-7.84,-6.59,15.39
2024/01/01 16:13:03.74,133.74,-7.89,-6.60,15.35
2024/01/01 16:13:03.75,133.75,-7.97,-6.61,15.32
2024/01/01 16:13:03.76,133.76,-8.09,-6.64,15.26
2024/01/01 16:13:03.77,133.77,-8.22,-6.72,15.18
2024/01/01 16:13:03.78,133.78,-8.37,-6.83,15.11
2024/01/01 16:13:03.79,133.79,-8.51,-6.94,15.06
2024/01/01 16:13:03.80,133.80,-8.63,-7.03,15.00
2024/01/01 16:13:03.81,133.81,-8.77,-7.09,14.93
2024/01/01 16:13:03.82,133.82,-8.90,-7.15,14.90
2024/01/01 16:13:03.83,133.83,-9.01,-7.23,14.91
2024/01/01 16:13:03.84,133.84,-9.09,-7.32,14.92
2024/01/01 16:13:03.85,133.85,-9.16,-7.39,14.93
2024/01/01 16:13:03.86,133.86,-9.20,-7.44,14.94
2024/01/01 16:13:03.87,133.87,-9.26,-7.42,14.94
2024/01/01 16:13:03.88,133.88,-9.33,-7.37,14.91
2024/01/01 16:13:03.89,133.89,-9.37,-7.34,14.88
2024/01/01 16:13:03.90,133.90,-9.38,-7.34,14.88
2024/01/01 16:13:03.91,133.91,-9.37,-7.37,14.89
2024/01/01 16:13:03.92,133.92,-9.31,-7.43,14.90
2024/01/01 16:13:03.93,133.93,-9.23,-7.50,14.90
2024/01/01 16:13:03.94,133.94,-9.15,-7.58,14.90
2024/01/01 16:13:03.95,133.95,-9.06,-7.64,14.93
2024/01/01 16:13:03.96,133.96,-9.01,-7.67,14.94
2024/01/01 16:13:03.97,133.97,-8.97,-7.66,14.93
2024/01/01 16:13:03.98,133.98,-8.91,-7.64,14.94
2024/01/01 16:13:03.99,133.99,-8.83,-7.60,14.98
2024/01/01 16:13:04.00,134.00,-8.77,-7.52,15.04
2024/01/01 16:13:04.01,134.01,-8.73,-7.44,15.09
2024/01/01 16:13:04.02,134.02,-8.68,-7.37,15.12
2024/01/01 16:13:04.03,134.03,-8.63,-7.33,15.13
2024/01/01 16:13:04.04,134.04,-8.55,-7.30,15.12
2024/01/01 16:13:04.05,134.05,-8.44,-7.28,15.09
2024/01/01 16:13:04.06,134.06,-8.32,-7.25,15.09
2024/01/01 16:13:04.07,134.07,-8.20,-7.21,15.12
2024/01/01 16:13:04.08,134.08,-8.07,-7.17,15.15
2024/01/01 16:13:04.09,134.09,-7.93,-7.15,15.17
2024/01/01 16:13:04.10,134.10,-7.80,-7.11,15.18
2024/01/01 16:13:04.11,134.11,-7.68,-7.03,15.16
2024/01/01 16:13:04.12,134.12,-7.58,-6.94,15.09
2024/01/01 16:13:04.13,134.13,-7.50,-6.89,15.05
2024/01/01 16:13:04.14,134.14,-7.43,-6.87,15.05
2024/01/01 16:13:04.15,134.15,-7.38,-6.88,15.06
2024/01/01 16:13:04.16,134.16,-7.33,-6.92,15.07
2024/01/01 16:13:04.17,134.17,-7.26,-6.97,15.11
2024/01/01 16:13:04.18,134.18,-7.16,-7.00,15.14
2024/01/01 16:13:04.19,134.19,-7.05,-7.00,15.11
2024/01/01 16:13:04.20,134.20,-6.95,-7.02,15.01
2024/01/01 16:13:04.21,134.21,-6.86,-7.02,14.90
2024/01/01 16:13:04.22,134.22,-6.80,-6.95,14.82
2024/01/01 16:13:04.23,134.23,-6.76,-6.83,14.76
2024/01/01 16:13:04.24,134.24,-6.74,-6.68,14.70
2024/01/01 16:13:04.25,134.25,-6.69,-6.56,14.64
2024/01/01 16:13:04.26,134.26,-6.63,-6.52,14.58
2024/01/01 16:13:04.27,134.27,-6.60,-6.59,14.54
2024/01/01 16:13:04.28,134.28,-6.61,-6.73,14.54
2024/01/01 16:13:04.29,134.29,-6.66,-6.87,14.56
2024/01/01 16:13:04.30,134.30,-6.73,-6.96,14.58
2024/01/01 16:13:04.31,134.31,-6.83,-6.97,14.58
2024/01/01 16:13:04.32,134.32,-6.91,-6.93,14.58
2024/01/01 16:13:04.33,134.33,-6.98,-6.84,14.59
2024/01/01 16:13:04.34,134.34,-7.07,-6.73,14.63
2024/01/01 16:13:04.35,134.35,-7.15,-6.62,14.71
2024/01/01 16:13:04.36,134.36,-7.25,-6.54,14.79
2024/01/01 16:13:04.37,134.37,-7.35,-6.49,14.87
2024/01/01 16:13:04.38,134.38,-7.47,-6.45,14.97
2024/01/01 16:13:04.39,134.39,-7.58,-6.42,15.08
2024/01/01 16:13:04.40,134.40,-7.66,-6.41,15.16
2024/01/01 16:13:04.41,134.41,-7.70,-6.44,15.18
2024/01/01 16:13:04.42,134.42,-7.73,-6.52,15.20
2024/01/01 16:13:04.43,134.43,-7.80,-6.60,15.22
2024/01/01 16:13:04.44,134.44,-7.90,-6.63,15.20
2024/01/01 16:13:04.45,134.45,-8.06,-6.61,15.13
2024/01/01 16:13:04.46,134.46,-8.23,-6.58,15.04
2024/01/01 16:13:04.47,134.47,-8.38,-6.59,14.97
2024/01/01 16:13:04.48,134.48,-8.51,-6.69,14.94
2024/01/01 16:13:04.49,134.49,-8.63,-6.81,14.94
2024/01/01 16:13:04.50,134.50,-8.71,-6.92,14.95
2024/01/01 16:13:04.51,134.51,-8.74,-7.00,14.95
2024/01/01 16:13:04.52,134.52,-8.75,-7.06,14.93
2024/01/01 16:13:04.53,134.53,-8.77,-7.07,14.88
2024/01/01 16:13:04.54,134.54,-8.80,-7.07,14.81
2024/01/01 16:13:04.55,134.55,-8.87,-7.05,14.76
2024/01/01 16:13:04.56,134.56,-8.96,-7.04,14.72
2024/01/01 16:13:04.57,134.57,-9.06,-7.10,14.70
2024/01/01 16:13:04.58,134.58,-9.15,-7.22,14.69
2024/01/01 16:13:04.59,134.59,-9.23,-7.34,14.68
2024/01/01 16:13:04.60,134.60,-9.25,-7.46,14.68
2024/01/01 16:13:04.61,134.61,-9.22,-7.53,14.68
2024/01/01 16:13:04.62,134.62,-9.16,-7.56,14.68
2024/01/01 16:13:04.63,134.63,-9.12,-7.58,14.67
2024/01/01 16:13:04.64,134.64,-9.10,-7.61,14.66
2024/01/01 16:13:04.65,134.65,-9.11,-7.65,14.65
2024/01/01 16:13:04.66,134.66,-9.11,-7.71,14.66
2024/01/01 16:13:04.67,134.67,-9.07,-7.76,14.69
2024/01/01 16:13:04.68,134.68,-9.00,-7.80,14.73
2024/01/01 16:13:04.69,134.69,-8.94,-7.82,14.78
2024/01/01 16:13:04.70,134.70,-8.93,-7.82,14.80
2024/01/01 16:13:04.71,134.71,-8.96,-7.78,14.80
2024/01/01 16:13:04.72,134.72,-9.00,-7.72,14.79
2024/01/01 16:13:04.73,134.73,-8.99,-7.64,14.79
2024/01/01 16:13:04.74,134.74,-8.91,-7.56,14.78
2024/01/01 16:13:04.75,134.75,-8.78,-7.49,14.78
2024/01/01 16:13:04.76,134.76,-8.61,-7.44,14.83
2024/01/01 16:13:04.77,134.77,-8.45,-7.41,14.92
2024/01/01 16:13:04.78,134.78,-8.33,-7.39,14.97
2024/01/01 16:13:04.79,134.79,-8.24,-7.36,14.95
2024/01/01 16:13:04.80,134.80,-8.16,-7.30,14.88
2024/01/01 16:13:04.81,134.81,-8.07,-7.21,14.85
2024/01/01 16:13:04.82,134.82,-7.97,-7.10,14.85
2024/01/01 16:13:04.83,134.83,-7.88,-7.01,14.86
2024/01/01 16:13:04.84,134.84,-7.80,-6.94,14.88
2024/01/01 16:13:04.85,134.85,-7.75,-6.87,14.93
2024/01/01 16:13:04.86,134.86,-7.73,-6.77,14.95
2024/01/01 16:13:04.87,134.87,-7.72,-6.67,14.93
2024/01/01 16:13:04.88,134.88,-7.69,-6.59,14.88
2024/01/01 16:13:04.89,134.89,-7.65,-6.56,14.82
2024/01/01 16:13:04.90,134.90,-7.59,-6.56,14.77
2024/01/01 16:13:04.91,134.91,-7.52,-6.56,14.74
2024/01/01 16:13:04.92,134.92,-7.47,-6.53,14.72
2024/01/01 16:13:04.93,134.93,-7.47,-6.46,14.68
2024/01/01 16:13:04.94,134.94,-7.50,-6.39,14.60
2024/01/01 16:13:04.95,134.95,-7.57,-6.37,14.52
2024/01/01 16:13:04.96,134.96,-7.67,-6.37,14.50
2024/01/01 16:13:04.97,134.97,-7.76,-6.43,14.53
2024/01/01 16:13:04.98,134.98,-7.83,-6.52,14.58
2024/01/01 16:13:04.99,134.99,-7.87,-6.61,14.63
2024/01/01 16:13:05.00,135.00,-7.89,-6.67,14.68
2024/01/01 16:13:05.01,135.01,-7.91,-6.67,14.69
2024/01/01 16:13:05.02,135.02,-7.93,-6.61,14.65
2024/01/01 16:13:05.03,135.03,-7.97,-6.53,14.58
2024/01/01 16:13:05.04,135.04,-8.03,-6.47,14.56
2024/01/01 16:13:05.05,135.05,-8.10,-6.44,14.60
2024/01/01 16:13:05.06,135.06,-8.16,-6.43,14.66
2024/01/01 16:13:05.07,135.07,-8.19,-6.43,14.71
2024/01/01 16:13:05.08,135.08,-8.24,-6.44,14.76
2024/01/01 16:13:05.09,135.09,-8.30,-6.45,14.79
2024/01/01 16:13:05.10,135.10,-8.38,-6.47,14.79
2024/01/01 16:13:05.11,135.11,-8.44,-6.55,14.79
2024/01/01 16:13:05.12,135.12,-8.49,-6.64,14.79
2024/01/01 16:13:05.13,135.13,-8.49,-6.76,14.79
2024/01/01 16:13:05.14,135.14,-8.42,-6.94,14.80
2024/01/01 16:13:05.15,135.15,-8.34,-7.12,14.84
2024/01/01 16:13:05.16,135.16,-8.28,-7.26,14.89
2024/01/01 16:13:05.17,135.17,-8.22,-7.33,14.90
2024/01/01 16:13:05.18,135.18,-8.19,-7.36,14.85
2024/01/01 16:13:05.19,135.19,-8.18,-7.37,14.76
2024/01/01 16:13:05.20,135.20,-8.17,-7.39,14.68
2024/01/01 16:13:05.21,135.21,-8.17,-7.42,14.67
2024/01/01 16:13:05.22,135.22,-8.19,-7.44,14.70
2024/01/01 16:13:05.23,135.23,-8.21,-7.45,14.75
2024/01/01 16:13:05.24,135.24,-8.24,-7.48,14.76
2024/01/01 16:13:05.25,135.25,-8.27,-7.51,14.76
2024/01/01 16:13:05.26,135.26,-8.28,-7.53,14.73
2024/01/01 16:13:05.27,135.27,-8.28,-7.52,14.70
2024/01/01 16:13:05.28,135.28,-8.26,-7.50,14.69
2024/01/01 16:13:05.29,135.29,-8.24,-7.49,14.68
2024/01/01 16:13:05.30,135.30,-8.21,-7.47,14.68
2024/01/01 16:13:05.31,135.31,-8.18,-7.46,14.68
2024/01/01 16:13:05.32,135.32,-8.14,-7.45,14.69
2024/01/01 16:13:05.33,135.33,-8.09,-7.41,14.68
2024/01/01 16:13:05.34,135.34,-8.04,-7.38,14.66
2024/01/01 16:13:05.35,135.35,-8.02,-7.37,14.66
2024/01/01 16:13:05.36,135.36,-8.01,-7.35,14.70
2024/01/01 16:13:05.37,135.37,-8.00,-7.33,14.72
2024/01/01 16:13:05.38,135.38,-7.96,-7.31,14.69
2024/01/01 16:13:05.39,135.39,-7.89,-7.31,14.64
2024/01/01 16:13:05.40,135.40,-7.76,-7.37,14.60
2024/01/01 16:13:05.41,135.41,-7.64,-7.46,14.58
2024/01/01 16:13:05.42,135.42,-7.56,-7.54,14.57
2024/01/01 16:13:05.43,135.43,-7.56,-7.58,14.56
2024/01/01 16:13:05.44,135.44,-7.60,-7.57,14.56
2024/01/01 16:13:05.45,135.45,-7.65,-7.53,14.56
2024/01/01 16:13:05.46,135.46,-7.69,-7.51,14.55
2024/01/01 16:13:05.47,135.47,-7.74,-7.53,14.54
2024/01/01 16:13:05.48,135.48,-7.78,-7.56,14.54
2024/01/01 16:13:05.49,135.49,-7.82,-7.58,14.54
2024/01/01 16:13:05.50,135.50,-7.85,-7.55,14.54
2024/01/01 16:13:05.51,135.51,-7.85,-7.48,14.53
2024/01/01 16:13:05.52,135.52,-7.84,-7.37,14.53
2024/01/01 16:13:05.53,135.53,-7.84,-7.24,14.54
2024/01/01 16:13:05.54,135.54,-7.85,-7.15,14.55
2024/01/01 16:13:05.55,135.55,-7.87,-7.08,14.56
2024/01/01 16:13:05.56,135.56,-7.89,-7.06,14.58
2024/01/01 16:13:05.57,135.57,-7.90,-7.07,14.60
2024/01/01 16:13:05.58,135.58,-7.91,-7.10,14.64
2024/01/01 16:13:05.59,135.59,-7.89,-7.14,14.71
2024/01/01 16:13:05.60,135.60,-7.88,-7.15,14.78
2024/01/01 16:13:05.61,135.61,-7.90,-7.15,14.80
2024/01/01 16:13:05.62,135.62,-7.96,-7.12,14.77
2024/01/01 16:13:05.63,135.63,-8.02,-7.09,14.74
2024/01/01 16:13:05.64,135.64,-8.07,-7.04,14.72
2024/01/01 16:13:05.65,135.65,-8.08,-7.02,14.68
2024/01/01 16:13:05.66,135.66,-8.04,-7.04,14.65
2024/01/01 16:13:05.67,135.67,-7.99,-7.11,14.65
2024/01/01 16:13:05.68,135.68,-7.97,-7.15,14.69
2024/01/01 16:13:05.69,135.69,-8.00,-7.15,14.72
2024/01/01 16:13:05.70,135.70,-8.05,-7.12,14.72
2024/01/01 16:13:05.71,135.71,-8.13,-7.06,14.69
2024/01/01 16:13:05.72,135.72,-8.21,-6.98,14.66
2024/01/01 16:13:05.73,135.73,-8.28,-6.91,14.64
2024/01/01 16:13:05.74,135.74,-8.33,-6.91,14.62
2024/01/01 16:13:05.75,135.75,-8.36,-6.98,14.63
2024/01/01 16:13:05.76,135.76,-8.39,-7.10,14.66
2024/01/01 16:13:05.77,135.77,-8.44,-7.20,14.70
2024/01/01 16:13:05.78,135.78,-8.49,-7.25,14.70
2024/01/01 16:13:05.79,135.79,-8.54,-7.23,14.70
2024/01/01 16:13:05.80,135.80,-8.59,-7.15,14.70
2024/01/01 16:13:05.81,135.81,-8.67,-7.03,14.68
2024/01/01 16:13:05.82,135.82,-8.71,-6.95,14.67
2024/01/01 16:13:05.83,135.83,-8.73,-6.93,14.70
2024/01/01 16:13:05.84,135.84,-8.73,-6.94,14.77
2024/01/01 16:13:05.85,135.85,-8.73,-6.97,14.81
2024/01/01 16:13:05.86,135.86,-8.74,-7.02,14.81
2024/01/01 16:13:05.87,135.87,-8.75,-7.04,14.80
2024/01/01 16:13:05.88,135.88,-8.76,-7.01,14.77
2024/01/01 16:13:05.89,135.89,-8.72,-6.99,14.71
2024/01/01 16:13:05.90,135.90,-8.64,-7.00,14.64
2024/01/01 16:13:05.91,135.91,-8.53,-7.06,14.62
2024/01/01 16:13:05.92,135.92,-8.41,-7.14,14.67
2024/01/01 16:13:05.93,135.93,-8.32,-7.22,14.72
2024/01/01 16:13:05.94,135.94,-8.24,-7.28,14.74
2024/01/01 16:13:05.95,135.95,-8.17,-7.31,14.72
2024/01/01 16:13:05.96,135.96,-8.09,-7.34,14.69
2024/01/01 16:13:05.97,135.97,-8.03,-7.37,14.68
2024/01/01 16:13:05.98,135.98,-7.99,-7.40,14.67
2024/01/01 16:13:05.99,135.99,-7.97,-7.42,14.67
2024/01/01 16:13:06.00,136.00,-7.97,-7.43,14.69
2024/01/01 16:13:06.01,136.01,-7.95,-7.44,14.74
2024/01/01 16:13:06.02,136.02,-7.91,-7.45,14.77
2024/01/01 16:13:06.03,136.03,-7.85,-7.47,14.78
2024/01/01 16:13:06.04,136.04,-7.78,-7.49,14.77
2024/01/01 16:13:06.05,136.05,-7.70,-7.52,14.76
2024/01/01 16:13:06.06,136.06,-7.64,-7.53,14.78
2024/01/01 16:13:06.07,136.07,-7.59,-7.52,14.83
2024/01/01 16:13:06.08,136.08,-7.54,-7.48,14.88
2024/01/01 16:13:06.09,136.09,-7.48,-7.41,14.90
2024/01/01 16:13:06.10,136.10,-7.40,-7.35,14.90
2024/01/01 16:13:06.11,136.11,-7.32,-7.30,14.90
2024/01/01 16:13:06.12,136.12,-7.24,-7.26,14.89
2024/01/01 16:13:06.13,136.13,-7.18,-7.23,14.87
2024/01/01 16:13:06.14,136.14,-7.17,-7.24,14.86
2024/01/01 16:13:06.15,136.15,-7.18,-7.28,14.86
2024/01/01 16:13:06.16,136.16,-7.20,-7.33,14.86
2024/01/01 16:13:06.17,136.17,-7.19,-7.36,14.83
2024/01/01 16:13:06.18,136.18,-7.18,-7.36,14.81
2024/01/01 16:13:06.19,136.19,-7.17,-7.29,14.79
2024/01/01 16:13:06.20,136.20,-7.15,-7.20,14.75
2024/01/01 16:13:06.21,136.21,-7.10,-7.12,14.71
2024/01/01 16:13:06.22,136.22,-7.05,-7.09,14.70
2024/01/01 16:13:06.23,136.23,-7.01,-7.09,14.71
2024/01/01 16:13:06.24,136.24,-7.02,-7.13,14.71
2024/01/01 16:13:06.25,136.25,-7.07,-7.21,14.69
2024/01/01 16:13:06.26,136.26,-7.15,-7.29,14.64
2024/01/01 16:13:06.27,136.27,-7.22,-7.33,14.59
2024/01/01 16:13:06.28,136.28,-7.30,-7.32,14.56
2024/01/01 16:13:06.29,136.29,-7.37,-7.27,14.59
2024/01/01 16:13:06.30,136.30,-7.44,-7.19,14.65
2024/01/01 16:13:06.31,136.31,-7.50,-7.11,14.72
2024/01/01 16:13:06.32,136.32,-7.57,-7.06,14.76
2024/01/01 16:13:06.33,136.33,-7.64,-7.07,14.78
2024/01/01 16:13:06.34,136.34,-7.72,-7.12,14.81
2024/01/01 16:13:06.35,136.35,-7.82,-7.18,14.82
2024/01/01 16:13:06.36,136.36,-7.92,-7.22,14.84
2024/01/01 16:13:06.37,136.37,-8.01,-7.21,14.86
2024/01/01 16:13:06.38,136.38,-8.09,-7.16,14.87
2024/01/01 16:13:06.39,136.39,-8.17,-7.11,14.87
2024/01/01 16:13:06.40,136.40,-8.22,-7.10,14.83
2024/01/01 16:13:06.41,136.41,-8.26,-7.11,14.77
2024/01/01 16:13:06.42,136.42,-8.31,-7.13,14.72
2024/01/01 16:13:06.43,136.43,-8.35,-7.16,14.67
2024/01/01 16:13:06.44,136.44,-8.40,-7.23,14.66
2024/01/01 16:13:06.45,136.45,-8.44,-7.32,14.68
2024/01/01 16:13:06.46,136.46,-8.48,-7.40,14.69
2024/01/01 16:13:06.47,136.47,-8.51,-7.42,14.66
2024/01/01 16:13:06.48,136.48,-8.55,-7.39,14.59
2024/01/01 16:13:06.49,136.49,-8.59,-7.33,14.50
2024/01/01 16:13:06.50,136.50,-8.63,-7.33,14.42
2024/01/01 16:13:06.51,136.51,-8.67,-7.41,14.40
2024/01/01 16:13:06.52,136.52,-8.69,-7.54,14.42
2024/01/01 16:13:06.53,136.53,-8.70,-7.65,14.49
2024/01/01 16:13:06.54,136.54,-8.69,-7.70,14.56
2024/01/01 16:13:06.55,136.55,-8.67,-7.71,14.62
2024/01/01 16:13:06.56,136.56,-8.64,-7.68,14.65
2024/01/01 16:13:06.57,136.57,-8.60,-7.65,14.66
2024/01/01 16:13:06.58,136.58,-8.58,-7.66,14.62
2024/01/01 16:13:06.59,136.59,-8.57,-7.69,14.58
2024/01/01 16:13:06.60,136.60,-8.54,-7.72,14.55
2024/01/01 16:13:06.61,136.61,-8.50,-7.75,14.55
2024/01/01 16:13:06.62,136.62,-8.45,-7.76,14.58
2024/01/01 16:13:06.63,136.63,-8.38,-7.75,14.61
2024/01/01 16:13:06.64,136.64,-8.31,-7.73,14.66
2024/01/01 16:13:06.65,136.65,-8.25,-7.68,14.70
2024/01/01 16:13:06.66,136.66,-8.21,-7.60,14.73
2024/01/01 16:13:06.67,136.67,-8.18,-7.52,14.73
2024/01/01 16:13:06.68,136.68,-8.18,-7.44,14.74
2024/01/01 16:13:06.69,136.69,-8.19,-7.36,14.73
2024/01/01 16:13:06.70,136.70,-8.21,-7.27,14.71
2024/01/01 16:13:06.71,136.71,-8.22,-7.19,14.70
2024/01/01 16:13:06.72,136.72,-8.22,-7.14,14.71
2024/01/01 16:13:06.73,136.73,-8.20,-7.10,14.73
2024/01/01 16:13:06.74,136.74,-8.15,-7.10,14.77
2024/01/01 16:13:06.75,136.75,-8.07,-7.10,14.79
2024/01/01 16:13:06.76,136.76,-7.97,-7.07,14.82
2024/01/01 16:13:06.77,136.77,-7.86,-7.00,14.84
2024/01/01 16:13:06.78,136.78,-7.77,-6.93,14.84
2024/01/01 16:13:06.79,136.79,-7.68,-6.86,14.82
2024/01/01 16:13:06.80,136.80,-7.58,-6.78,14.80
2024/01/01 16:13:06.81,136.81,-7.49,-6.73,14.77
2024/01/01 16:13:06.82,136.82,-7.41,-6.70,14.73
2024/01/01 16:13:06.83,136.83,-7.35,-6.70,14.67
2024/01/01 16:13:06.84,136.84,-7.32,-6.73,14.62
2024/01/01 16:13:06.85,136.85,-7.35,-6.77,14.56
2024/01/01 16:13:06.86,136.86,-7.40,-6.80,14.50
2024/01/01 16:13:06.87,136.87,-7.44,-6.84,14.46
2024/01/01 16:13:06.88,136.88,-7.46,-6.84,14.43
2024/01/01 16:13:06.89,136.89,-7.45,-6.81,14.40
2024/01/01 16:13:06.90,136.90,-7.41,-6.77,14.40
2024/01/01 16:13:06.91,136.91,-7.38,-6.70,14.42
2024/01/01 16:13:06.92,136.92,-7.37,-6.61,14.44
2024/01/01 16:13:06.93,136.93,-7.39,-6.54,14.43
2024/01/01 16:13:06.94,136.94,-7.40,-6.50,14.42
2024/01/01 16:13:06.95,136.95,-7.41,-6.51,14.45
2024/01/01 16:13:06.96,136.96,-7.39,-6.57,14.50
2024/01/01 16:13:06.97,136.97,-7.36,-6.67,14.54
2024/01/01 16:13:06.98,136.98,-7.35,-6.78,14.56
2024/01/01 16:13:06.99,136.99,-7.34,-6.87,14.56
2024/01/01 16:13:07.00,137.00,-7.35,-6.92,14.57
2024/01/01 16:13:07.01,137.01,-7.39,-6.94,14.56
2024/01/01 16:13:07.02,137.02,-7.44,-6.94,14.55
2024/01/01 16:13:07.03,137.03,-7.49,-6.96,14.54
2024/01/01 16:13:07.04,137.04,-7.54,-7.00,14.54
2024/01/01 16:13:07.05,137.05,-7.57,-7.03,14.55
2024/01/01 16:13:07.06,137.06,-7.59,-7.05,14.53
2024/01/01 16:13:07.07,137.07,-7.60,-7.07,14.52
2024/01/01 16:13:07.08,137.08,-7.59,-7.09,14.51
2024/01/01 16:13:07.09,137.09,-7.58,-7.12,14.51
2024/01/01 16:13:07.10,137.10,-7.54,-7.16,14.50
2024/01/01 16:13:07.11,137.11,-7.49,-7.20,14.49
2024/01/01 16:13:07.12,137.12,-7.44,-7.22,14.52
2024/01/01 16:13:07.13,137.13,-7.40,-7.24,14.55
2024/01/01 16:13:07.14,137.14,-7.38,-7.26,14.52
2024/01/01 16:13:07.15,137.15,-7.40,-7.29,14.46
2024/01/01 16:13:07.16,137.16,-7.44,-7.31,14.39
2024/01/01 16:13:07.17,137.17,-7.52,-7.34,14.34
2024/01/01 16:13:07.18,137.18,-7.63,-7.39,14.30
2024/01/01 16:13:07.19,137.19,-7.71,-7.45,14.30
2024/01/01 16:13:07.20,137.20,-7.75,-7.50,14.35
2024/01/01 16:13:07.21,137.21,-7.77,-7.50,14.42
2024/01/01 16:13:07.22,137.22,-7.79,-7.50,14.45
2024/01/01 16:13:07.23,137.23,-7.82,-7.49,14.45
2024/01/01 16:13:07.24,137.24,-7.86,-7.46,14.46
2024/01/01 16:13:07.25,137.25,-7.91,-7.42,14.49
2024/01/01 16:13:07.26,137.26,-7.96,-7.40,14.51
2024/01/01 16:13:07.27,137.27,-8.01,-7.41,14.51
2024/01/01 16:13:07.28,137.28,-8.05,-7.43,14.49
2024/01/01 16:13:07.29,137.29,-8.07,-7.44,14.51
2024/01/01 16:13:07.30,137.30,-8.09,-7.44,14.54
2024/01/01 16:13:07.31,137.31,-8.12,-7.43,14.59
2024/01/01 16:13:07.32,137.32,-8.17,-7.47,14.65
2024/01/01 16:13:07.33,137.33,-8.25,-7.56,14.70
2024/01/01 16:13:07.34,137.34,-8.34,-7.65,14.72
2024/01/01 16:13:07.35,137.35,-8.39,-7.70,14.70
2024/01/01 16:13:07.36,137.36,-8.39,-7.67,14.67
2024/01/01 16:13:07.37,137.37,-8.37,-7.57,14.62
2024/01/01 16:13:07.38,137.38,-8.34,-7.46,14.57
2024/01/01 16:13:07.39,137.39,-8.29,-7.39,14.53
2024/01/01 16:13:07.40,137.40,-8.27,-7.35,14.51
2024/01/01 16:13:07.41,137.41,-8.28,-7.34,14.51
2024/01/01 16:13:07.42,137.42,-8.30,-7.33,14.51
2024/01/01 16:13:07.43,137.43,-8.33,-7.30,14.51
2024/01/01 16:13:07.44,137.44,-8.35,-7.25,14.52
2024/01/01 16:13:07.45,137.45,-8.33,-7.21,14.55
2024/01/01 16:13:07.46,137.46,-8.29,-7.15,14.58
2024/01/01 16:13:07.47,137.47,-8.25,-7.10,14.61
2024/01/01 16:13:07.48,137.48,-8.20,-7.06,14.64
2024/01/01 16:13:07.49,137.49,-8.18,-7.05,14.66
2024/01/01 16:13:07.50,137.50,-8.19,-7.07,14.67
2024/01/01 16:13:07.51,137.51,-8.21,-7.14,14.66
2024/01/01 16:13:07.52,137.52,-8.24,-7.22,14.65
2024/01/01 16:13:07.53,137.53,-8.25,-7.29,14.63
2024/01/01 16:13:07.54,137.54,-8.25,-7.32,14.62
2024/01/01 16:13:07.55,137.55,-8.23,-7.31,14.62
2024/01/01 16:13:07.56,137.56,-8.19,-7.28,14.64
2024/01/01 16:13:07.57,137.57,-8.13,-7.26,14.61
2024/01/01 16:13:07.58,137.58,-8.08,-7.26,14.54
2024/01/01 16:13:07.59,137.59,-8.05,-7.30,14.47
2024/01/01 16:13:07.60,137.60,-8.03,-7.37,14.43
2024/01/01 16:13:07.61,137.61,-8.04,-7.48,14.44
2024/01/01 16:13:07.62,137.62,-8.05,-7.59,14.47
2024/01/01 16:13:07.63,137.63,-8.02,-7.68,14.53
2024/01/01 16:13:07.64,137.64,-7.92,-7.72,14.60
2024/01/01 16:13:07.65,137.65,-7.78,-7.71,14.61
2024/01/01 16:13:07.66,137.66,-7.65,-7.72,14.55
2024/01/01 16:13:07.67,137.67,-7.55,-7.76,14.48
2024/01/01 16:13:07.68,137.68,-7.50,-7.82,14.44
2024/01/01 16:13:07.69,137.69,-7.49,-7.85,14.44
2024/01/01 16:13:07.70,137.70,-7.51,-7.83,14.43
2024/01/01 16:13:07.71,137.71,-7.52,-7.78,14.39
2024/01/01 16:13:07.72,137.72,-7.50,-7.74,14.38
2024/01/01 16:13:07.73,137.73,-7.47,-7.75,14.40
2024/01/01 16:13:07.74,137.74,-7.46,-7.78,14.44
2024/01/01 16:13:07.75,137.75,-7.47,-7.78,14.46
2024/01/01 16:13:07.76,137.76,-7.49,-7.71,14.47
2024/01/01 16:13:07.77,137.77,-7.51,-7.57,14.45
2024/01/01 16:13:07.78,137.78,-7.52,-7.43,14.42
2024/01/01 16:13:07.79,137.79,-7.49,-7.33,14.43
2024/01/01 16:13:07.80,137.80,-7.44,-7.27,14.49
2024/01/01 16:13:07.81,137.81,-7.39,-7.23,14.55
2024/01/01 16:13:07.82,137.82,-7.35,-7.20,14.59
2024/01/01 16:13:07.83,137.83,-7.34,-7.18,14.62
2024/01/01 16:13:07.84,137.84,-7.37,-7.16,14.64
2024/01/01 16:13:07.85,137.85,-7.41,-7.14,14.63
2024/01/01 16:13:07.86,137.86,-7.46,-7.13,14.63
2024/01/01 16:13:07.87,137.87,-7.53,-7.09,14.62
2024/01/01 16:13:07.88,137.88,-7.61,-7.01,14.60
2024/01/01 16:13:07.89,137.89,-7.67,-6.91,14.55
2024/01/01 16:13:07.90,137.90,-7.72,-6.84,14.50
2024/01/01 16:13:07.91,137.91,-7.76,-6.81,14.50
2024/01/01 16:13:07.92,137.92,-7.79,-6.83,14.53
2024/01/01 16:13:07.93,137.93,-7.80,-6.85,14.55
2024/01/01 16:13:07.94,137.94,-7.82,-6.85,14.54
2024/01/01 16:13:07.95,137.95,-7.88,-6.80,14.51
2024/01/01 16:13:07.96,137.96,-7.97,-6.73,14.50
2024/01/01 16:13:07.97,137.97,-8.08,-6.68,14.48
2024/01/01 16:13:07.98,137.98,-8.18,-6.66,14.47
2024/01/01 16:13:07.99,137.99,-8.29,-6.68,14.47
2024/01/01 16:13:08.00,138.00,-8.40,-6.72,14.48
2024/01/01 16:13:08.01,138.01,-8.51,-6.80,14.49
2024/01/01 16:13:08.02,138.02,-8.63,-6.91,14.50
2024/01/01 16:13:08.03,138.03,-8.75,-7.00,14.49
2024/01/01 16:13:08.04,138.04,-8.87,-7.06,14.50
2024/01/01 16:13:08.05,138.05,-8.98,-7.10,14.52
2024/01/01 16:13:08.06,138.06,-9.06,-7.12,14.56
2024/01/01 16:13:08.07,138.07,-9.14,-7.13,14.62
2024/01/01 16:13:08.08,138.08,-9.20,-7.13,14.66
2024/01/01 16:13:08.09,138.09,-9.24,-7.13,14.68
2024/01/01 16:13:08.10,138.10,-9.26,-7.16,14.69
2024/01/01 16:13:08.11,138.11,-9.26,-7.22,14.68
2024/01/01 16:13:08.12,138.12,-9.24,-7.29,14.67
2024/01/01 16:13:08.13,138.13,-9.21,-7.39,14.67
2024/01/01 16:13:08.14,138.14,-9.16,-7.49,14.70
2024/01/01 16:13:08.15,138.15,-9.09,-7.59,14.75
2024/01/01 16:13:08.16,138.16,-9.01,-7.65,14.77
2024/01/01 16:13:08.17,138.17,-8.90,-7.71,14.75
2024/01/01 16:13:08.18,138.18,-8.77,-7.79,14.72
2024/01/01 16:13:08.19,138.19,-8.66,-7.90,14.70
2024/01/01 16:13:08.20,138.20,-8.56,-8.03,14.71
2024/01/01 16:13:08.21,138.21,-8.50,-8.16,14.72
2024/01/01 16:13:08.22,138.22,-8.47,-8.26,14.76
2024/01/01 16:13:08.23,138.23,-8.44,-8.31,14.81
2024/01/01 16:13:08.24,138.24,-8.41,-8.31,14.84
2024/01/01 16:13:08.25,138.25,-8.37,-8.27,14.83
2024/01/01 16:13:08.26,138.26,-8.33,-8.23,14.78
2024/01/01 16:13:08.27,138.27,-8.28,-8.17,14.74
2024/01/01 16:13:08.28,138.28,-8.19,-8.11,14.74
2024/01/01 16:13:08.29,138.29,-8.07,-8.05,14.74
2024/01/01 16:13:08.30,138.30,-7.94,-7.99,14.74
2024/01/01 16:13:08.31,138.31,-7.83,-7.93,14.76
2024/01/01 16:13:08.32,138.32,-7.76,-7.87,14.83
2024/01/01 16:13:08.33,138.33,-7.73,-7.81,14.88
2024/01/01 16:13:08.34,138.34,-7.72,-7.77,14.86
2024/01/01 16:13:08.35,138.35,-7.71,-7.75,14.79
2024/01/01 16:13:08.36,138.36,-7.70,-7.73,14.74
2024/01/01 16:13:08.37,138.37,-7.70,-7.68,14.72
2024/01/01 16:13:08.38,138.38,-7.69,-7.60,14.72
2024/01/01 16:13:08.39,138.39,-7.69,-7.51,14.74
2024/01/01 16:13:08.40,138.40,-7.70,-7.42,14.77
2024/01/01 16:13:08.41,138.41,-7.69,-7.34,14.79
2024/01/01 16:13:08.42,138.42,-7.69,-7.29,14.80
2024/01/01 16:13:08.43,138.43,-7.69,-7.24,14.80
2024/01/01 16:13:08.44,138.44,-7.68,-7.19,14.80
2024/01/01 16:13:08.45,138.45,-7.64,-7.15,14.77
2024/01/01 16:13:08.46,138.46,-7.60,-7.12,14.74
2024/01/01 16:13:08.47,138.47,-7.57,-7.11,14.73
2024/01/01 16:13:08.48,138.48,-7.56,-7.11,14.74
2024/01/01 16:13:08.49,138.49,-7.56,-7.07,14.76
2024/01/01 16:13:08.50,138.50,-7.59,-7.03,14.74
2024/01/01 16:13:08.51,138.51,-7.63,-7.01,14.70
2024/01/01 16:13:08.52,138.52,-7.69,-7.04,14.66
2024/01/01 16:13:08.53,138.53,-7.76,-7.10,14.64
2024/01/01 16:13:08.54,138.54,-7.84,-7.15,14.64
2024/01/01 16:13:08.55,138.55,-7.92,-7.16,14.62
2024/01/01 16:13:08.56,138.56,-8.00,-7.13,14.62
2024/01/01 16:13:08.57,138.57,-8.06,-7.07,14.64
2024/01/01 16:13:08.58,138.58,-8.11,-7.01,14.65
2024/01/01 16:13:08.59,138.59,-8.17,-6.97,14.66
2024/01/01 16:13:08.60,138.60,-8.24,-6.96,14.68
2024/01/01 16:13:08.61,138.61,-8.33,-6.96,14.71
2024/01/01 16:13:08.62,138.62,-8.42,-6.96,14.75
2024/01/01 16:13:08.63,138.63,-8.51,-6.95,14.75
2024/01/01 16:13:08.64,138.64,-8.59,-6.93,14.76
2024/01/01 16:13:08.65,138.65,-8.61,-6.93,14.81
2024/01/01 16:13:08.66,138.66,-8.60,-6.94,14.89
2024/01/01 16:13:08.67,138.67,-8.58,-6.98,14.97
2024/01/01 16:13:08.68,138.68,-8.55,-7.01,15.00
2024/01/01 16:13:08.69,138.69,-8.53,-7.03,14.95
2024/01/01 16:13:08.70,138.70,-8.52,-7.05,14.88
2024/01/01 16:13:08.71,138.71,-8.53,-7.09,14.81
2024/01/01 16:13:08.72,138.72,-8.54,-7.15,14.79
2024/01/01 16:13:08.73,138.73,-8.56,-7.22,14.79
2024/01/01 16:13:08.74,138.74,-8.60,-7.27,14.80
2024/01/01 16:13:08.75,138.75,-8.63,-7.28,14.82
2024/01/01 16:13:08.76,138.76,-8.63,-7.26,14.82
2024/01/01 16:13:08.77,138.77,-8.60,-7.25,14.78
2024/01/01 16:13:08.78,138.78,-8.57,-7.27,14.75
2024/01/01 16:13:08.79,138.79,-8.54,-7.32,14.73
2024/01/01 16:13:08.80,138.80,-8.51,-7.38,14.73
2024/01/01 16:13:08.81,138.81,-8.50,-7.42,14.68
2024/01/01 16:13:08.82,138.82,-8.51,-7.44,14.60
2024/01/01 16:13:08.83,138.83,-8.53,-7.44,14.54
2024/01/01 16:13:08.84,138.84,-8.55,-7.46,14.51
2024/01/01 16:13:08.85,138.85,-8.60,-7.52,14.49
2024/01/01 16:13:08.86,138.86,-8.66,-7.61,14.48
2024/01/01 16:13:08.87,138.87,-8.70,-7.69,14.48
2024/01/01 16:13:08.88,138.88,-8.73,-7.73,14.51
2024/01/01 16:13:08.89,138.89,-8.74,-7.74,14.57
2024/01/01 16:13:08.90,138.90,-8.72,-7.74,14.57
2024/01/01 16:13:08.91,138.91,-8.65,-7.72,14.51
2024/01/01 16:13:08.92,138.92,-8.56,-7.69,14.45
2024/01/01 16:13:08.93,138.93,-8.49,-7.65,14.44
2024/01/01 16:13:08.94,138.94,-8.42,-7.61,14.46
2024/01/01 16:13:08.95,138.95,-8.35,-7.56,14.46
2024/01/01 16:13:08.96,138.96,-8.30,-7.49,14.48
2024/01/01 16:13:08.97,138.97,-8.25,-7.44,14.55
2024/01/01 16:13:08.98,138.98,-8.19,-7.38,14.64
2024/01/01 16:13:08.99,138.99,-8.11,-7.34,14.70
2024/01/01 16:13:09.00,139.00,-8.05,-7.33,14.73
2024/01/01 16:13:09.01,139.01,-7.99,-7.32,14.76
2024/01/01 16:13:09.02,139.02,-7.95,-7.32,14.80
2024/01/01 16:13:09.03,139.03,-7.92,-7.35,14.85
2024/01/01 16:13:09.04,139.04,-7.93,-7.39,14.88
2024/01/01 16:13:09.05,139.05,-7.95,-7.40,14.89
2024/01/01 16:13:09.06,139.06,-7.97,-7.38,14.93
2024/01/01 16:13:09.07,139.07,-7.97,-7.35,14.98
2024/01/01 16:13:09.08,139.08,-7.97,-7.33,15.03
2024/01/01 16:13:09.09,139.09,-7.94,-7.33,15.06
2024/01/01 16:13:09.10,139.10,-7.91,-7.33,15.10
2024/01/01 16:13:09.11,139.11,-7.88,-7.29,15.14
2024/01/01 16:13:09.12,139.12,-7.83,-7.21,15.12
2024/01/01 16:13:09.13,139.13,-7.77,-7.13,15.07
2024/01/01 16:13:09.14,139.14,-7.73,-7.05,15.03
2024/01/01 16:13:09.15,139.15,-7.73,-7.02,15.03
2024/01/01 16:13:09.16,139.16,-7.74,-7.02,15.03
2024/01/01 16:13:09.17,139.17,-7.75,-7.04,14.99
2024/01/01 16:13:09.18,139.18,-7.73,-7.04,14.94
2024/01/01 16:13:09.19,139.19,-7.68,-7.00,14.90
2024/01/01 16:13:09.20,139.20,-7.66,-6.98,14.88
2024/01/01 16:13:09.21,139.21,-7.67,-6.99,14.87
2024/01/01 16:13:09.22,139.22,-7.70,-7.03,14.84
2024/01/01 16:13:09.23,139.23,-7.74,-7.06,14.81
2024/01/01 16:13:09.24,139.24,-7.82,-7.04,14.80
2024/01/01 16:13:09.25,139.25,-7.91,-6.98,14.78
2024/01/01 16:13:09.26,139.26,-8.02,-6.90,14.74
2024/01/01 16:13:09.27,139.27,-8.13,-6.83,14.68
2024/01/01 16:13:09.28,139.28,-8.20,-6.78,14.64
2024/01/01 16:13:09.29,139.29,-8.25,-6.76,14.62
2024/01/01 16:13:09.30,139.30,-8.27,-6.76,14.62
2024/01/01 16:13:09.31,139.31,-8.27,-6.77,14.62
2024/01/01 16:13:09.32,139.32,-8.26,-6.79,14.64
2024/01/01 16:13:09.33,139.33,-8.23,-6.78,14.65
2024/01/01 16:13:09.34,139.34,-8.18,-6.75,14.65
2024/01/01 16:13:09.35,139.35,-8.13,-6.74,14.63
2024/01/01 16:13:09.36,139.36,-8.10,-6.76,14.63
2024/01/01 16:13:09.37,139.37,-8.10,-6.78,14.64
2024/01/01 16:13:09.38,139.38,-8.12,-6.83,14.65
2024/01/01 16:13:09.39,139.39,-8.15,-6.90,14.66
2024/01/01 16:13:09.40,139.40,-8.20,-6.96,14.64
2024/01/01 16:13:09.41,139.41,-8.23,-7.00,14.61
2024/01/01 16:13:09.42,139.42,-8.26,-7.04,14.59
2024/01/01 16:13:09.43,139.43,-8.31,-7.05,14.59
2024/01/01 16:13:09.44,139.44,-8.37,-7.06,14.60
2024/01/01 16:13:09.45,139.45,-8.40,-7.08,14.60
2024/01/01 16:13:09.46,139.46,-8.40,-7.08,14.58
2024/01/01 16:13:09.47,139.47,-8.36,-7.07,14.57
2024/01/01 16:13:09.48,139.48,-8.31,-7.04,14.55
2024/01/01 16:13:09.49,139.49,-8.28,-7.00,14.55
2024/01/01 16:13:09.50,139.50,-8.28,-6.96,14.56
2024/01/01 16:13:09.51,139.51,-8.29,-6.94,14.55
2024/01/01 16:13:09.52,139.52,-8.28,-6.94,14.50
2024/01/01 16:13:09.53,139.53,-8.27,-6.96,14.44
2024/01/01 16:13:09.54,139.54,-8.26,-7.01,14.41
2024/01/01 16:13:09.55,139.55,-8.27,-7.09,14.42
2024/01/01 16:13:09.56,139.56,-8.29,-7.15,14.44
2024/01/01 16:13:09.57,139.57,-8.32,-7.17,14.48
2024/01/01 16:13:09.58,139.58,-8.34,-7.13,14.55
2024/01/01 16:13:09.59,139.59,-8.35,-7.07,14.62
2024/01/01 16:13:09.60,139.60,-8.35,-7.03,14.66
2024/01/01 16:13:09.61,139.61,-8.32,-7.04,14.66
2024/01/01 16:13:09.62,139.62,-8.28,-7.11,14.63
2024/01/01 16:13:09.63,139.63,-8.25,-7.18,14.61
2024/01/01 16:13:09.64,139.64,-8.23,-7.25,14.63
2024/01/01 16:13:09.65,139.65,-8.22,-7.29,14.69
2024/01/01 16:13:09.66,139.66,-8.22,-7.31,14.75
2024/01/01 16:13:09.67,139.67,-8.20,-7.29,14.77
2024/01/01 16:13:09.68,139.68,-8.17,-7.26,14.75
2024/01/01 16:13:09.69,139.69,-8.11,-7.26,14.71
2024/01/01 16:13:09.70,139.70,-8.05,-7.32,14.68
2024/01/01 16:13:09.71,139.71,-8.02,-7.44,14.68
2024/01/01 16:13:09.72,139.72,-8.03,-7.57,14.74
2024/01/01 16:13:09.73,139.73,-8.05,-7.67,14.83
2024/01/01 16:13:09.74,139.74,-8.07,-7.71,14.91
2024/01/01 16:13:09.75,139.75,-8.09,-7.71,14.93
2024/01/01 16:13:09.76,139.76,-8.11,-7.66,14.88
2024/01/01 16:13:09.77,139.77,-8.11,-7.59,14.81
2024/01/01 16:13:09.78,139.78,-8.08,-7.51,14.76
2024/01/01 16:13:09.79,139.79,-8.04,-7.45,14.75
2024/01/01 16:13:09.80,139.80,-8.00,-7.41,14.77
2024/01/01 16:13:09.81,139.81,-7.95,-7.42,14.78
2024/01/01 16:13:09.82,139.82,-7.90,-7.46,14.77
2024/01/01 16:13:09.83,139.83,-7.85,-7.48,14.75
2024/01/01 16:13:09.84,139.84,-7.78,-7.48,14.69
2024/01/01 16:13:09.85,139.85,-7.74,-7.48,14.62
2024/01/01 16:13:09.86,139.86,-7.72,-7.46,14.58
2024/01/01 16:13:09.87,139.87,-7.69,-7.44,14.60
2024/01/01 16:13:09.88,139.88,-7.67,-7.42,14.61
2024/01/01 16:13:09.89,139.89,-7.62,-7.40,14.58
2024/01/01 16:13:09.90,139.90,-7.54,-7.41,14.51
2024/01/01 16:13:09.91,139.91,-7.45,-7.45,14.47
2024/01/01 16:13:09.92,139.92,-7.39,-7.49,14.48
2024/01/01 16:13:09.93,139.93,-7.39,-7.53,14.51
2024/01/01 16:13:09.94,139.94,-7.43,-7.53,14.53
2024/01/01 16:13:09.95,139.95,-7.48,-7.47,14.56
2024/01/01 16:13:09.96,139.96,-7.50,-7.35,14.61
2024/01/01 16:13:09.97,139.97,-7.51,-7.24,14.64
2024/01/01 16:13:09.98,139.98,-7.51,-7.17,14.65
2024/01/01 16:13:09.99,139.99,-7.53,-7.12,14.64
2024/01/01 16:13:10.00,140.00,-7.60,-7.05,14.63
2024/01/01 16:13:10.01,140.01,-7.68,-6.97,14.64
2024/01/01 16:13:10.02,140.02,-7.76,-6.89,14.68
2024/01/01 16:13:10.03,140.03,-7.83,-6.84,14.75
2024/01/01 16:13:10.04,140.04,-7.96,-6.83,14.81
2024/01/01 16:13:10.05,140.05,-8.08,-6.85,14.86
2024/01/01 16:13:10.06,140.06,-8.14,-6.87,14.90
2024/01/01 16:13:10.07,140.07,-8.16,-6.86,14.94
2024/01/01 16:13:10.08,140.08,-8.19,-6.82,14.98
2024/01/01 16:13:10.09,140.09,-8.21,-6.80,15.01
2024/01/01 16:13:10.10,140.10,-8.24,-6.79,15.05
2024/01/01 16:13:10.11,140.11,-8.27,-6.79,15.11
2024/01/01 16:13:10.12,140.12,-8.31,-6.80,15.14
2024/01/01 16:13:10.13,140.13,-8.35,-6.85,15.16
2024/01/01 16:13:10.14,140.14,-8.39,-6.93,15.16
2024/01/01 16:13:10.15,140.15,-8.41,-7.03,15.14
2024/01/01 16:13:10.16,140.16,-8.42,-7.14,15.10
2024/01/01 16:13:10.17,140.17,-8.41,-7.21,15.05
2024/01/01 16:13:10.18,140.18,-8.39,-7.23,15.02
2024/01/01 16:13:10.19,140.19,-8.40,-7.22,15.00
2024/01/01 16:13:10.20,140.20,-8.44,-7.22,14.95
2024/01/01 16:13:10.21,140.21,-8.49,-7.26,14.87
2024/01/01 16:13:10.22,140.22,-8.51,-7.36,14.79
2024/01/01 16:13:10.23,140.23,-8.53,-7.48,14.71
2024/01/01 16:13:10.24,140.24,-8.54,-7.59,14.64
2024/01/01 16:13:10.25,140.25,-8.55,-7.68,14.60
2024/01/01 16:13:10.26,140.26,-8.59,-7.74,14.62
2024/01/01 16:13:10.27,140.27,-8.65,-7.77,14.66
2024/01/01 16:13:10.28,140.28,-8.72,-7.77,14.68
2024/01/01 16:13:10.29,140.29,-8.76,-7.77,14.70
2024/01/01 16:13:10.30,140.30,-8.77,-7.77,14.73
2024/01/01 16:13:10.31,140.31,-8.77,-7.76,14.76
2024/01/01 16:13:10.32,140.32,-8.75,-7.73,14.77
2024/01/01 16:13:10.33,140.33,-8.72,-7.68,14.81
2024/01/01 16:13:10.34,140.34,-8.71,-7.61,14.88
2024/01/01 16:13:10.35,140.35,-8.71,-7.54,14.98
2024/01/01 16:13:10.36,140.36,-8.72,-7.52,15.06
2024/01/01 16:13:10.37,140.37,-8.74,-7.58,15.10
2024/01/01 16:13:10.38,140.38,-8.73,-7.67,15.11
2024/01/01 16:13:10.39,140.39,-8.67,-7.74,15.10
2024/01/01 16:13:10.40,140.40,-8.58,-7.77,15.12
2024/01/01 16:13:10.41,140.41,-8.48,-7.75,15.16
2024/01/01 16:13:10.42,140.42,-8.36,-7.74,15.20
2024/01/01 16:13:10.43,140.43,-8.24,-7.76,15.22
2024/01/01 16:13:10.44,140.44,-8.12,-7.76,15.21
2024/01/01 16:13:10.45,140.45,-8.01,-7.72,15.16
2024/01/01 16:13:10.46,140.46,-7.89,-7.66,15.09
2024/01/01 16:13:10.47,140.47,-7.79,-7.62,15.04
2024/01/01 16:13:10.48,140.48,-7.69,-7.60,15.00
2024/01/01 16:13:10.49,140.49,-7.59,-7.61,14.97
2024/01/01 16:13:10.50,140.50,-7.52,-7.62,14.91
2024/01/01 16:13:10.51,140.51,-7.44,-7.60,14.86
2024/01/01 16:13:10.52,140.52,-7.36,-7.53,14.83
2024/01/01 16:13:10.53,140.53,-7.29,-7.42,14.82
2024/01/01 16:13:10.54,140.54,-7.25,-7.29,14.79
2024/01/01 16:13:10.55,140.55,-7.24,-7.18,14.72
2024/01/01 16:13:10.56,140.56,-7.19,-7.08,14.66
2024/01/01 16:13:10.57,140.57,-7.12,-7.01,14.62
2024/01/01 16:13:10.58,140.58,-7.07,-6.96,14.61
2024/01/01 16:13:10.59,140.59,-7.04,-6.94,14.61
2024/01/01 16:13:10.60,140.60,-7.02,-6.92,14.64
2024/01/01 16:13:10.61,140.61,-7.03,-6.87,14.70
2024/01/01 16:13:10.62,140.62,-7.04,-6.79,14.72
2024/01/01 16:13:10.63,140.63,-7.05,-6.73,14.68
2024/01/01 16:13:10.64,140.64,-7.04,-6.73,14.65
2024/01/01 16:13:10.65,140.65,-7.02,-6.78,14.68
2024/01/01 16:13:10.66,140.66,-7.02,-6.83,14.75
2024/01/01 16:13:10.67,140.67,-7.04,-6.82,14.81
2024/01/01 16:13:10.68,140.68,-7.08,-6.73,14.87
2024/01/01 16:13:10.69,140.69,-7.11,-6.60,14.93
2024/01/01 16:13:10.70,140.70,-7.11,-6.50,14.93
2024/01/01 16:13:10.71,140.71,-7.07,-6.46,14.89
2024/01/01 16:13:10.72,140.72,-7.02,-6.50,14.87
2024/01/01 16:13:10.73,140.73,-7.01,-6.55,14.90
2024/01/01 16:13:10.74,140.74,-7.04,-6.61,14.95
2024/01/01 16:13:10.75,140.75,-7.09,-6.66,14.94
2024/01/01 16:13:10.76,140.76,-7.12,-6.71,14.91
2024/01/01 16:13:10.77,140.77,-7.14,-6.78,14.87
2024/01/01 16:13:10.78,140.78,-7.16,-6.87,14.83
2024/01/01 16:13:10.79,140.79,-7.20,-6.94,14.79
2024/01/01 16:13:10.80,140.80,-7.29,-6.96,14.77
2024/01/01 16:13:10.81,140.81,-7.43,-6.94,14.78
2024/01/01 16:13:10.82,140.82,-7.58,-6.93,14.81
2024/01/01 16:13:10.83,140.83,-7.72,-6.95,14.81
2024/01/01 16:13:10.84,140.84,-7.82,-7.01,14.78
2024/01/01 16:13:10.85,140.85,-7.90,-7.08,14.74
2024/01/01 16:13:10.86,140.86,-8.00,-7.13,14.73
2024/01/01 16:13:10.87,140.87,-8.12,-7.16,14.75
2024/01/01 16:13:10.88,140.88,-8.27,-7.18,14.79
2024/01/01 16:13:10.89,140.89,-8.42,-7.23,14.82
2024/01/01 16:13:10.90,140.90,-8.53,-7.29,14.81
2024/01/01 16:13:10.91,140.91,-8.61,-7.36,14.79
2024/01/01 16:13:10.92,140.92,-8.67,-7.40,14.80
2024/01/01 16:13:10.93,140.93,-8.73,-7.41,14.81
2024/01/01 16:13:10.94,140.94,-8.79,-7.42,14.79
2024/01/01 16:13:10.95,140.95,-8.85,-7.45,14.77
2024/01/01 16:13:10.96,140.96,-8.89,-7.49,14.79
2024/01/01 16:13:10.97,140.97,-8.93,-7.54,14.84
2024/01/01 16:13:10.98,140.98,-8.95,-7.59,14.86
2024/01/01 16:13:10.99,140.99,-8.95,-7.64,14.85
2024/01/01 16:13:11.00,141.00,-8.97,-7.67,14.85
2024/01/01 16:13:11.01,141.01,-8.99,-7.69,14.83
2024/01/01 16:13:11.02,141.02,-9.01,-7.73,14.78
2024/01/01 16:13:11.03,141.03,-9.04,-7.77,14.74
2024/01/01 16:13:11.04,141.04,-9.06,-7.79,14.72
2024/01/01 16:13:11.05,141.05,-9.06,-7.77,14.71
2024/01/01 16:13:11.06,141.06,-9.06,-7.71,14.70
2024/01/01 16:13:11.07,141.07,-9.06,-7.64,14.71
2024/01/01 16:13:11.08,141.08,-9.06,-7.57,14.72
2024/01/01 16:13:11.09,141.09,-9.03,-7.53,14.70
2024/01/01 16:13:11.10,141.10,-8.96,-7.54,14.66
2024/01/01 16:13:11.11,141.11,-8.83,-7.55,14.64
2024/01/01 16:13:11.12,141.12,-8.70,-7.53,14.66
2024/01/01 16:13:11.13,141.13,-8.59,-7.45,14.70
2024/01/01 16:13:11.14,141.14,-8.54,-7.31,14.75
2024/01/01 16:13:11.15,141.15,-8.49,-7.17,14.79
2024/01/01 16:13:11.16,141.16,-8.43,-7.04,14.80
2024/01/01 16:13:11.17,141.17,-8.39,-6.94,14.79
2024/01/01 16:13:11.18,141.18,-8.34,-6.87,14.79
2024/01/01 16:13:11.19,141.19,-8.28,-6.84,14.81
2024/01/01 16:13:11.20,141.20,-8.20,-6.83,14.86
2024/01/01 16:13:11.21,141.21,-8.10,-6.82,14.89
2024/01/01 16:13:11.22,141.22,-7.95,-6.79,14.90
2024/01/01 16:13:11.23,141.23,-7.80,-6.75,14.92
2024/01/01 16:13:11.24,141.24,-7.67,-6.71,14.95
2024/01/01 16:13:11.25,141.25,-7.56,-6.67,14.96
2024/01/01 16:13:11.26,141.26,-7.47,-6.67,14.93
2024/01/01 16:13:11.27,141.27,-7.40,-6.68,14.90
2024/01/01 16:13:11.28,141.28,-7.38,-6.67,14.90
2024/01/01 16:13:11.29,141.29,-7.37,-6.65,14.93
2024/01/01 16:13:11.30,141.30,-7.34,-6.64,14.98
2024/01/01 16:13:11.31,141.31,-7.28,-6.64,15.02
2024/01/01 16:13:11.32,141.32,-7.18,-6.63,15.01
2024/01/01 16:13:11.33,141.33,-7.07,-6.65,14.94
2024/01/01 16:13:11.34,141.34,-7.02,-6.68,14.88
2024/01/01 16:13:11.35,141.35,-7.03,-6.74,14.83
2024/01/01 16:13:11.36,141.36,-7.03,-6.81,14.78
2024/01/01 16:13:11.37,141.37,-7.02,-6.87,14.72
2024/01/01 16:13:11.38,141.38,-7.00,-6.91,14.66
2024/01/01 16:13:11.39,141.39,-6.99,-6.93,14.62
2024/01/01 16:13:11.40,141.40,-7.01,-6.97,14.62
2024/01/01 16:13:11.41,141.41,-7.05,-7.02,14.60
2024/01/01 16:13:11.42,141.42,-7.08,-7.06,14.54
2024/01/01 16:13:11.43,141.43,-7.13,-7.08,14.48
2024/01/01 16:13:11.44,141.44,-7.20,-7.10,14.48
2024/01/01 16:13:11.45,141.45,-7.28,-7.11,14.53
2024/01/01 16:13:11.46,141.46,-7.36,-7.11,14.58
2024/01/01 16:13:11.47,141.47,-7.41,-7.12,14.56
2024/01/01 16:13:11.48,141.48,-7.41,-7.14,14.51
2024/01/01 16:13:11.49,141.49,-7.41,-7.18,14.49
2024/01/01 16:13:11.50,141.50,-7.44,-7.25,14.49
2024/01/01 16:13:11.51,141.51,-7.52,-7.33,14.52
2024/01/01 16:13:11.52,141.52,-7.64,-7.41,14.57
2024/01/01 16:13:11.53,141.53,-7.77,-7.45,14.62
2024/01/01 16:13:11.54,141.54,-7.89,-7.44,14.68
2024/01/01 16:13:11.55,141.55,-7.96,-7.42,14.73
2024/01/01 16:13:11.56,141.56,-8.03,-7.43,14.76
2024/01/01 16:13:11.57,141.57,-8.14,-7.43,14.77
2024/01/01 16:13:11.58,141.58,-8.28,-7.44,14.76
2024/01/01 16:13:11.59,141.59,-8.44,-7.49,14.79
2024/01/01 16:13:11.60,141.60,-8.59,-7.57,14.84
2024/01/01 16:13:11.61,141.61,-8.69,-7.66,14.87
2024/01/01 16:13:11.62,141.62,-8.72,-7.76,14.89
2024/01/01 16:13:11.63,141.63,-8.71,-7.83,14.91
2024/01/01 16:13:11.64,141.64,-8.69,-7.88,14.92
2024/01/01 16:13:11.65,141.65,-8.70,-7.90,14.90
2024/01/01 16:13:11.66,141.66,-8.73,-7.89,14.85
2024/01/01 16:13:11.67,141.67,-8.76,-7.85,14.79
2024/01/01 16:13:11.68,141.68,-8.76,-7.77,14.71
2024/01/01 16:13:11.69,141.69,-8.73,-7.73,14.62
2024/01/01 16:13:11.70,141.70,-8.70,-7.73,14.58
2024/01/01 16:13:11.71,141.71,-8.69,-7.73,14.56
2024/01/01 16:13:11.72,141.72,-8.72,-7.70,14.53
2024/01/01 16:13:11.73,141.73,-8.77,-7.66,14.46
2024/01/01 16:13:11.74,141.74,-8.82,-7.62,14.39
2024/01/01 16:13:11.75,141.75,-8.86,-7.58,14.37
2024/01/01 16:13:11.76,141.76,-8.91,-7.54,14.42
2024/01/01 16:13:11.77,141.77,-8.98,-7.48,14.51
2024/01/01 16:13:11.78,141.78,-9.04,-7.39,14.58
2024/01/01 16:13:11.79,141.79,-9.05,-7.30,14.61
2024/01/01 16:13:11.80,141.80,-9.01,-7.21,14.64
2024/01/01 16:13:11.81,141.81,-8.96,-7.13,14.68
2024/01/01 16:13:11.82,141.82,-8.90,-7.10,14.70
2024/01/01 16:13:11.83,141.83,-8.82,-7.12,14.72
2024/01/01 16:13:11.84,141.84,-8.77,-7.15,14.74
2024/01/01 16:13:11.85,141.85,-8.72,-7.18,14.74
2024/01/01 16:13:11.86,141.86,-8.66,-7.20,14.74
2024/01/01 16:13:11.87,141.87,-8.59,-7.20,14.74
2024/01/01 16:13:11.88,141.88,-8.49,-7.15,14.73
2024/01/01 16:13:11.89,141.89,-8.38,-7.05,14.69
2024/01/01 16:13:11.90,141.90,-8.29,-6.96,14.65
2024/01/01 16:13:11.91,141.91,-8.23,-6.89,14.62
2024/01/01 16:13:11.92,141.92,-8.20,-6.84,14.62
2024/01/01 16:13:11.93,141.93,-8.17,-6.81,14.62
2024/01/01 16:13:11.94,141.94,-8.12,-6.78,14.64
2024/01/01 16:13:11.95,141.95,-8.03,-6.74,14.69
2024/01/01 16:13:11.96,141.96,-7.90,-6.70,14.71
2024/01/01 16:13:11.97,141.97,-7.77,-6.67,14.68
2024/01/01 16:13:11.98,141.98,-7.64,-6.66,14.63
2024/01/01 16:13:11.99,141.99,-7.53,-6.63,14.60
2024/01/01 16:13:12.00,142.00,-7.46,-6.60,14.57
2024/01/01 16:13:12.01,142.01,-7.44,-6.58,14.54
2024/01/01 16:13:12.02,142.02,-7.45,-6.59,14.51
2024/01/01 16:13:12.03,142.03,-7.46,-6.61,14.52
2024/01/01 16:13:12.04,142.04,-7.46,-6.64,14.56
2024/01/01 16:13:12.05,142.05,-7.47,-6.67,14.54
2024/01/01 16:13:12.06,142.06,-7.49,-6.72,14.48
2024/01/01 16:13:12.07,142.07,-7.51,-6.78,14.45
2024/01/01 16:13:12.08,142.08,-7.55,-6.84,14.49
2024/01/01 16:13:12.09,142.09,-7.59,-6.89,14.59
2024/01/01 16:13:12.10,142.10,-7.62,-6.92,14.66
2024/01/01 16:13:12.11,142.11,-7.62,-6.94,14.70
2024/01/01 16:13:12.12,142.12,-7.61,-6.92,14.70
2024/01/01 16:13:12.13,142.13,-7.60,-6.90,14.65
2024/01/01 16:13:12.14,142.14,-7.57,-6.94,14.57
2024/01/01 16:13:12.15,142.15,-7.55,-7.03,14.52
2024/01/01 16:13:12.16,142.16,-7.54,-7.15,14.53
2024/01/01 16:13:12.17,142.17,-7.57,-7.28,14.60
2024/01/01 16:13:12.18,142.18,-7.63,-7.37,14.66
2024/01/01 16:13:12.19,142.19,-7.69,-7.42,14.68
2024/01/01 16:13:12.20,142.20,-7.73,-7.44,14.66
2024/01/01 16:13:12.21,142.21,-7.76,-7.46,14.63
2024/01/01 16:13:12.22,142.22,-7.79,-7.50,14.61
2024/01/01 16:13:12.23,142.23,-7.85,-7.56,14.62
2024/01/01 16:13:12.24,142.24,-7.94,-7.64,14.63
2024/01/01 16:13:12.25,142.25,-8.05,-7.68,14.66
2024/01/01 16:13:12.26,142.26,-8.18,-7.68,14.67
2024/01/01 16:13:12.27,142.27,-8.32,-7.67,14.69
2024/01/01 16:13:12.28,142.28,-8.46,-7.66,14.71
2024/01/01 16:13:12.29,142.29,-8.60,-7.68,14.75
2024/01/01 16:13:12.30,142.30,-8.72,-7.67,14.80
2024/01/01 16:13:12.31,142.31,-8.80,-7.62,14.81
2024/01/01 16:13:12.32,142.32,-8.84,-7.58,14.82
2024/01/01 16:13:12.33,142.33,-8.84,-7.54,14.85
2024/01/01 16:13:12.34,142.34,-8.83,-7.51,14.89
2024/01/01 16:13:12.35,142.35,-8.83,-7.48,14.88
2024/01/01 16:13:12.36,142.36,-8.84,-7.47,14.82
2024/01/01 16:13:12.37,142.37,-8.82,-7.47,14.76
2024/01/01 16:13:12.38,142.38,-8.79,-7.46,14.73
2024/01/01 16:13:12.39,142.39,-8.76,-7.45,14.73
2024/01/01 16:13:12.40,142.40,-8.73,-7.44,14.73
2024/01/01 16:13:12.41,142.41,-8.71,-7.44,14.76
2024/01/01 16:13:12.42,142.42,-8.72,-7.39,14.77
2024/01/01 16:13:12.43,142.43,-8.75,-7.33,14.76
2024/01/01 16:13:12.44,142.44,-8.78,-7.30,14.73
2024/01/01 16:13:12.45,142.45,-8.80,-7.29,14.72
2024/01/01 16:13:12.46,142.46,-8.79,-7.30,14.72
2024/01/01 16:13:12.47,142.47,-8.76,-7.33,14.76
2024/01/01 16:13:12.48,142.48,-8.71,-7.36,14.79
2024/01/01 16:13:12.49,142.49,-8.65,-7.37,14.79
2024/01/01 16:13:12.50,142.50,-8.61,-7.35,14.78
2024/01/01 16:13:12.51,142.51,-8.57,-7.30,14.79
2024/01/01 16:13:12.52,142.52,-8.54,-7.23,14.82
2024/01/01 16:13:12.53,142.53,-8.50,-7.17,14.82
2024/01/01 16:13:12.54,142.54,-8.44,-7.10,14.81
2024/01/01 16:13:12.55,142.55,-8.38,-7.03,14.83
2024/01/01 16:13:12.56,142.56,-8.32,-6.94,14.89
2024/01/01 16:13:12.57,142.57,-8.26,-6.86,14.94
2024/01/01 16:13:12.58,142.58,-8.22,-6.83,14.97
2024/01/01 16:13:12.59,142.59,-8.21,-6.86,14.93
2024/01/01 16:13:12.60,142.60,-8.19,-6.89,14.86
2024/01/01 16:13:12.61,142.61,-8.17,-6.92,14.83
2024/01/01 16:13:12.62,142.62,-8.13,-6.94,14.85
2024/01/01 16:13:12.63,142.63,-8.10,-6.95,14.85
2024/01/01 16:13:12.64,142.64,-8.07,-6.97,14.82
2024/01/01 16:13:12.65,142.65,-8.05,-7.01,14.81
2024/01/01 16:13:12.66,142.66,-8.02,-7.04,14.83
2024/01/01 16:13:12.67,142.67,-7.96,-7.07,14.84
2024/01/01 16:13:12.68,142.68,-7.89,-7.12,14.85
2024/01/01 16:13:12.69,142.69,-7.80,-7.17,14.88
2024/01/01 16:13:12.70,142.70,-7.73,-7.19,14.90
2024/01/01 16:13:12.71,142.71,-7.68,-7.17,14.88
2024/01/01 16:13:12.72,142.72,-7.64,-7.13,14.83
2024/01/01 16:13:12.73,142.73,-7.61,-7.10,14.80
2024/01/01 16:13:12.74,142.74,-7.56,-7.09,14.82
2024/01/01 16:13:12.75,142.75,-7.52,-7.14,14.90
2024/01/01 16:13:12.76,142.76,-7.53,-7.17,14.97
2024/01/01 16:13:12.77,142.77,-7.54,-7.13,14.98
2024/01/01 16:13:12.78,142.78,-7.54,-7.07,14.97
2024/01/01 16:13:12.79,142.79,-7.54,-7.00,14.96
2024/01/01 16:13:12.80,142.80,-7.54,-6.96,14.95
2024/01/01 16:13:12.81,142.81,-7.57,-6.96,14.92
2024/01/01 16:13:12.82,142.82,-7.65,-7.01,14.94
2024/01/01 16:13:12.83,142.83,-7.74,-7.06,15.01
2024/01/01 16:13:12.84,142.84,-7.81,-7.06,15.08
2024/01/01 16:13:12.85,142.85,-7.84,-7.02,15.10
2024/01/01 16:13:12.86,142.86,-7.85,-6.95,15.10
2024/01/01 16:13:12.87,142.87,-7.85,-6.87,15.09
2024/01/01 16:13:12.88,142.88,-7.84,-6.81,15.10
2024/01/01 16:13:12.89,142.89,-7.84,-6.78,15.14
2024/01/01 16:13:12.90,142.90,-7.87,-6.78,15.17
2024/01/01 16:13:12.91,142.91,-7.92,-6.77,15.18
2024/01/01 16:13:12.92,142.92,-7.99,-6.74,15.17
2024/01/01 16:13:12.93,142.93,-8.09,-6.72,15.14
2024/01/01 16:13:12.94,142.94,-8.17,-6.72,15.11
2024/01/01 16:13:12.95,142.95,-8.24,-6.77,15.08
2024/01/01 16:13:12.96,142.96,-8.32,-6.86,15.05
2024/01/01 16:13:12.97,142.97,-8.41,-6.94,15.02
2024/01/01 16:13:12.98,142.98,-8.49,-7.01,15.00
2024/01/01 16:13:12.99,142.99,-8.51,-7.06,15.01
2024/01/01 16:13:13.00,143.00,-8.50,-7.09,15.04
2024/01/01 16:13:13.01,143.01,-8.49,-7.08,15.06
2024/01/01 16:13:13.02,143.02,-8.48,-7.05,15.03
2024/01/01 16:13:13.03,143.03,-8.49,-7.03,15.01
2024/01/01 16:13:13.04,143.04,-8.51,-7.02,15.00
2024/01/01 16:13:13.05,143.05,-8.55,-7.02,14.98
2024/01/01 16:13:13.06,143.06,-8.60,-7.01,14.93
2024/01/01 16:13:13.07,143.07,-8.62,-7.02,14.83
2024/01/01 16:13:13.08,143.08,-8.62,-7.03,14.74
2024/01/01 16:13:13.09,143.09,-8.59,-7.06,14.69
2024/01/01 16:13:13.10,143.10,-8.55,-7.10,14.70
2024/01/01 16:13:13.11,143.11,-8.51,-7.15,14.74
2024/01/01 16:13:13.12,143.12,-8.48,-7.19,14.76
2024/01/01 16:13:13.13,143.13,-8.46,-7.20,14.73
2024/01/01 16:13:13.14,143.14,-8.45,-7.17,14.65
2024/01/01 16:13:13.15,143.15,-8.42,-7.12,14.58
2024/01/01 16:13:13.16,143.16,-8.40,-7.06,14.57
2024/01/01 16:13:13.17,143.17,-8.39,-7.02,14.61
2024/01/01 16:13:13.18,143.18,-8.36,-7.02,14.66
2024/01/01 16:13:13.19,143.19,-8.27,-7.06,14.72
2024/01/01 16:13:13.20,143.20,-8.17,-7.11,14.77
2024/01/01 16:13:13.21,143.21,-8.07,-7.16,14.82
2024/01/01 16:13:13.22,143.22,-8.00,-7.19,14.86
2024/01/01 16:13:13.23,143.23,-7.96,-7.21,14.89
2024/01/01 16:13:13.24,143.24,-7.95,-7.24,14.91
2024/01/01 16:13:13.25,143.25,-7.93,-7.29,14.87
2024/01/01 16:13:13.26,143.26,-7.88,-7.35,14.81
2024/01/01 16:13:13.27,143.27,-7.79,-7.38,14.78
2024/01/01 16:13:13.28,143.28,-7.71,-7.39,14.80
2024/01/01 16:13:13.29,143.29,-7.65,-7.38,14.83
2024/01/01 16:13:13.30,143.30,-7.61,-7.37,14.83
2024/01/01 16:13:13.31,143.31,-7.57,-7.39,14.82
2024/01/01 16:13:13.32,143.32,-7.53,-7.43,14.82
2024/01/01 16:13:13.33,143.33,-7.49,-7.46,14.85
2024/01/01 16:13:13.34,143.34,-7.43,-7.49,14.83
2024/01/01 16:13:13.35,143.35,-7.37,-7.52,14.77
2024/01/01 16:13:13.36,143.36,-7.31,-7.54,14.70
2024/01/01 16:13:13.37,143.37,-7.27,-7.53,14.68
2024/01/01 16:13:13.38,143.38,-7.24,-7.48,14.68
2024/01/01 16:13:13.39,143.39,-7.22,-7.43,14.70
2024/01/01 16:13:13.40,143.40,-7.23,-7.42,14.72
2024/01/01 16:13:13.41,143.41,-7.27,-7.43,14.70
2024/01/01 16:13:13.42,143.42,-7.31,-7.45,14.63
2024/01/01 16:13:13.43,143.43,-7.36,-7.46,14.56
2024/01/01 16:13:13.44,143.44,-7.41,-7.44,14.54
2024/01/01 16:13:13.45,143.45,-7.46,-7.39,14.56
2024/01/01 16:13:13.46,143.46,-7.52,-7.32,14.58
2024/01/01 16:13:13.47,143.47,-7.59,-7.27,14.56
2024/01/01 16:13:13.48,143.48,-7.68,-7.24,14.52
2024/01/01 16:13:13.49,143.49,-7.77,-7.21,14.50
2024/01/01 16:13:13.50,143.50,-7.85,-7.18,14.53
2024/01/01 16:13:13.51,143.51,-7.95,-7.17,14.58
2024/01/01 16:13:13.52,143.52,-8.05,-7.18,14.63
2024/01/01 16:13:13.53,143.53,-8.12,-7.17,14.70
2024/01/01 16:13:13.54,143.54,-8.14,-7.12,14.78
2024/01/01 16:13:13.55,143.55,-8.11,-7.03,14.82
2024/01/01 16:13:13.56,143.56,-8.03,-6.94,14.80
2024/01/01 16:13:13.57,143.57,-7.96,-6.88,14.77
2024/01/01 16:13:13.58,143.58,-7.94,-6.84,14.75
2024/01/01 16:13:13.59,143.59,-8.00,-6.81,14.75
2024/01/01 16:13:13.60,143.60,-8.11,-6.82,14.76
2024/01/01 16:13:13.61,143.61,-8.23,-6.85,14.77
2024/01/01 16:13:13.62,143.62,-8.33,-6.86,14.77
2024/01/01 16:13:13.63,143.63,-8.39,-6.84,14.73
2024/01/01 16:13:13.64,143.64,-8.44,-6.81,14.67
2024/01/01 16:13:13.65,143.65,-8.47,-6.79,14.63
2024/01/01 16:13:13.66,143.66,-8.49,-6.82,14.64
2024/01/01 16:13:13.67,143.67,-8.52,-6.89,14.67
2024/01/01 16:13:13.68,143.68,-8.56,-6.97,14.70
2024/01/01 16:13:13.69,143.69,-8.58,-7.04,14.74
2024/01/01 16:13:13.70,143.70,-8.59,-7.05,14.77
2024/01/01 16:13:13.71,143.71,-8.58,-7.02,14.78
2024/01/01 16:13:13.72,143.72,-8.54,-6.96,14.75
2024/01/01 16:13:13.73,143.73,-8.48,-6.91,14.70
2024/01/01 16:13:13.74,143.74,-8.41,-6.90,14.69
2024/01/01 16:13:13.75,143.75,-8.38,-6.92,14.68
2024/01/01 16:13:13.76,143.76,-8.36,-6.95,14.66
2024/01/01 16:13:13.77,143.77,-8.35,-6.97,14.64
2024/01/01 16:13:13.78,143.78,-8.35,-6.97,14.63
2024/01/01 16:13:13.79,143.79,-8.35,-6.93,14.64
2024/01/01 16:13:13.80,143.80,-8.33,-6.92,14.64
2024/01/01 16:13:13.81,143.81,-8.27,-6.96,14.63
2024/01/01 16:13:13.82,143.82,-8.19,-7.03,14.61
2024/01/01 16:13:13.83,143.83,-8.10,-7.11,14.59
2024/01/01 16:13:13.84,143.84,-8.00,-7.16,14.59
2024/01/01 16:13:13.85,143.85,-7.93,-7.15,14.60
2024/01/01 16:13:13.86,143.86,-7.89,-7.10,14.60
2024/01/01 16:13:13.87,143.87,-7.85,-7.06,14.58
2024/01/01 16:13:13.88,143.88,-7.79,-7.05,14.58
2024/01/01 16:13:13.89,143.89,-7.73,-7.08,14.62
2024/01/01 16:13:13.90,143.90,-7.69,-7.14,14.64
2024/01/01 16:13:13.91,143.91,-7.67,-7.20,14.62
2024/01/01 16:13:13.92,143.92,-7.68,-7.25,14.63
2024/01/01 16:13:13.93,143.93,-7.68,-7.25,14.68
2024/01/01 16:13:13.94,143.94,-7.69,-7.22,14.74
2024/01/01 16:13:13.95,143.95,-7.68,-7.18,14.78
2024/01/01 16:13:13.96,143.96,-7.65,-7.14,14.81
2024/01/01 16:13:13.97,143.97,-7.62,-7.14,14.83
2024/01/01 16:13:13.98,143.98,-7.62,-7.18,14.87
2024/01/01 16:13:13.99,143.99,-7.64,-7.23,14.87
2024/01/01 16:13:14.00,144.00,-7.69,-7.29,14.85
2024/01/01 16:13:14.01,144.01,-7.74,-7.32,14.86
2024/01/01 16:13:14.02,144.02,-7.77,-7.32,14.91
2024/01/01 16:13:14.03,144.03,-7.77,-7.28,14.95
2024/01/01 16:13:14.04,144.04,-7.74,-7.23,14.94
2024/01/01 16:13:14.05,144.05,-7.69,-7.18,14.89
2024/01/01 16:13:14.06,144.06,-7.66,-7.12,14.84
2024/01/01 16:13:14.07,144.07,-7.68,-7.08,14.81
2024/01/01 16:13:14.08,144.08,-7.71,-7.08,14.79
2024/01/01 16:13:14.09,144.09,-7.75,-7.12,14.79
2024/01/01 16:13:14.10,144.10,-7.76,-7.21,14.81
2024/01/01 16:13:14.11,144.11,-7.75,-7.30,14.82
2024/01/01 16:13:14.12,144.12,-7.70,-7.35,14.83
2024/01/01 16:13:14.13,144.13,-7.65,-7.36,14.81
2024/01/01 16:13:14.14,144.14,-7.61,-7.34,14.77
2024/01/01 16:13:14.15,144.15,-7.60,-7.31,14.74
2024/01/01 16:13:14.16,144.16,-7.64,-7.29,14.74
2024/01/01 16:13:14.17,144.17,-7.71,-7.31,14.76
2024/01/01 16:13:14.18,144.18,-7.77,-7.33,14.80
2024/01/01 16:13:14.19,144.19,-7.83,-7.36,14.86
2024/01/01 16:13:14.20,144.20,-7.88,-7.40,14.91
2024/01/01 16:13:14.21,144.21,-7.93,-7.42,14.92
2024/01/01 16:13:14.22,144.22,-7.96,-7.42,14.90
2024/01/01 16:13:14.23,144.23,-7.98,-7.39,14.88
2024/01/01 16:13:14.24,144.24,-7.99,-7.32,14.84
2024/01/01 16:13:14.25,144.25,-8.02,-7.27,14.78
2024/01/01 16:13:14.26,144.26,-8.05,-7.25,14.75
2024/01/01 16:13:14.27,144.27,-8.08,-7.25,14.79
2024/01/01 16:13:14.28,144.28,-8.12,-7.24,14.87
2024/01/01 16:13:14.29,144.29,-8.16,-7.22,14.94
2024/01/01 16:13:14.30,144.30,-8.19,-7.23,14.98
2024/01/01 16:13:14.31,144.31,-8.20,-7.24,15.01
2024/01/01 16:13:14.32,144.32,-8.22,-7.24,15.01
2024/01/01 16:13:14.33,144.33,-8.26,-7.22,14.97
2024/01/01 16:13:14.34,144.34,-8.31,-7.19,14.94
2024/01/01 16:13:14.35,144.35,-8.37,-7.19,14.94
2024/01/01 16:13:14.36,144.36,-8.41,-7.22,14.98
2024/01/01 16:13:14.37,144.37,-8.44,-7.28,14.98
2024/01/01 16:13:14.38,144.38,-8.44,-7.33,14.94
2024/01/01 16:13:14.39,144.39,-8.43,-7.35,14.90
2024/01/01 16:13:14.40,144.40,-8.43,-7.30,14.89
2024/01/01 16:13:14.41,144.41,-8.41,-7.22,14.89
2024/01/01 16:13:14.42,144.42,-8.39,-7.13,14.87
2024/01/01 16:13:14.43,144.43,-8.36,-7.05,14.84
2024/01/01 16:13:14.44,144.44,-8.35,-6.98,14.80
2024/01/01 16:13:14.45,144.45,-8.33,-6.90,14.76
2024/01/01 16:13:14.46,144.46,-8.31,-6.83,14.74
2024/01/01 16:13:14.47,144.47,-8.29,-6.80,14.72
2024/01/01 16:13:14.48,144.48,-8.30,-6.81,14.68
2024/01/01 16:13:14.49,144.49,-8.31,-6.85,14.66
2024/01/01 16:13:14.50,144.50,-8.32,-6.92,14.70
2024/01/01 16:13:14.51,144.51,-8.34,-6.97,14.77
2024/01/01 16:13:14.52,144.52,-8.35,-6.96,14.82
2024/01/01 16:13:14.53,144.53,-8.35,-6.90,14.82
2024/01/01 16:13:14.54,144.54,-8.36,-6.81,14.81
2024/01/01 16:13:14.55,144.55,-8.38,-6.70,14.78
2024/01/01 16:13:14.56,144.56,-8.39,-6.61,14.76
2024/01/01 16:13:14.57,144.57,-8.39,-6.56,14.75
2024/01/01 16:13:14.58,144.58,-8.36,-6.53,14.74
2024/01/01 16:13:14.59,144.59,-8.32,-6.52,14.74
2024/01/01 16:13:14.60,144.60,-8.26,-6.55,14.75
2024/01/01 16:13:14.61,144.61,-8.19,-6.57,14.75
2024/01/01 16:13:14.62,144.62,-8.11,-6.56,14.73
2024/01/01 16:13:14.63,144.63,-8.03,-6.54,14.73
2024/01/01 16:13:14.64,144.64,-7.97,-6.52,14.73
2024/01/01 16:13:14.65,144.65,-7.94,-6.50,14.73
2024/01/01 16:13:14.66,144.66,-7.94,-6.48,14.72
2024/01/01 16:13:14.67,144.67,-7.97,-6.48,14.71
2024/01/01 16:13:14.68,144.68,-8.02,-6.47,14.70
2024/01/01 16:13:14.69,144.69,-8.03,-6.48,14.71
2024/01/01 16:13:14.70,144.70,-8.02,-6.52,14.73
2024/01/01 16:13:14.71,144.71,-8.02,-6.59,14.75
2024/01/01 16:13:14.72,144.72,-8.01,-6.64,14.74
2024/01/01 16:13:14.73,144.73,-7.99,-6.68,14.72
2024/01/01 16:13:14.74,144.74,-7.97,-6.68,14.71
2024/01/01 16:13:14.75,144.75,-7.95,-6.69,14.72
2024/01/01 16:13:14.76,144.76,-7.91,-6.71,14.72
2024/01/01 16:13:14.77,144.77,-7.88,-6.74,14.74
2024/01/01 16:13:14.78,144.78,-7.85,-6.77,14.77
2024/01/01 16:13:14.79,144.79,-7.82,-6.78,14.77
2024/01/01 16:13:14.80,144.80,-7.80,-6.77,14.75
2024/01/01 16:13:14.81,144.81,-7.81,-6.80,14.73
2024/01/01 16:13:14.82,144.82,-7.83,-6.88,14.74
2024/01/01 16:13:14.83,144.83,-7.88,-7.01,14.74
2024/01/01 16:13:14.84,144.84,-7.93,-7.15,14.73
2024/01/01 16:13:14.85,144.85,-7.99,-7.26,14.71
2024/01/01 16:13:14.86,144.86,-8.03,-7.33,14.68
2024/01/01 16:13:14.87,144.87,-8.05,-7.38,14.67
2024/01/01 16:13:14.88,144.88,-8.03,-7.44,14.68
2024/01/01 16:13:14.89,144.89,-7.99,-7.52,14.70
2024/01/01 16:13:14.90,144.90,-7.94,-7.58,14.71
2024/01/01 16:13:14.91,144.91,-7.93,-7.57,14.70
2024/01/01 16:13:14.92,144.92,-7.95,-7.52,14.68
2024/01/01 16:13:14.93,144.93,-7.97,-7.46,14.66
2024/01/01 16:13:14.94,144.94,-8.01,-7.44,14.66
2024/01/01 16:13:14.95,144.95,-8.06,-7.47,14.69
2024/01/01 16:13:14.96,144.96,-8.10,-7.54,14.73
2024/01/01 16:13:14.97,144.97,-8.14,-7.61,14.73
2024/01/01 16:13:14.98,144.98,-8.19,-7.67,14.69
2024/01/01 16:13:14.99,144.99,-8.23,-7.71,14.68
2024/01/01 16:13:15.00,145.00,-8.25,-7.72,14.70
2024/01/01 16:13:15.01,145.01,-8.26,-7.71,14.70
2024/01/01 16:13:15.02,145.02,-8.28,-7.69,14.67
2024/01/01 16:13:15.03,145.03,-8.30,-7.67,14.65
2024/01/01 16:13:15.04,145.04,-8.29,-7.63,14.66
2024/01/01 16:13:15.05,145.05,-8.27,-7.58,14.67
2024/01/01 16:13:15.06,145.06,-8.26,-7.56,14.67
2024/01/01 16:13:15.07,145.07,-8.25,-7.56,14.68
2024/01/01 16:13:15.08,145.08,-8.24,-7.59,14.70
2024/01/01 16:13:15.09,145.09,-8.24,-7.63,14.73
2024/01/01 16:13:15.10,145.10,-8.25,-7.64,14.76
2024/01/01 16:13:15.11,145.11,-8.26,-7.59,14.77
2024/01/01 16:13:15.12,145.12,-8.24,-7.50,14.76
2024/01/01 16:13:15.13,145.13,-8.20,-7.38,14.75
2024/01/01 16:13:15.14,145.14,-8.15,-7.28,14.74
2024/01/01 16:13:15.15,145.15,-8.11,-7.19,14.74
2024/01/01 16:13:15.16,145.16,-8.13,-7.14,14.75
2024/01/01 16:13:15.17,145.17,-8.20,-7.11,14.78
2024/01/01 16:13:15.18,145.18,-8.27,-7.11,14.79
2024/01/01 16:13:15.19,145.19,-8.29,-7.11,14.79
2024/01/01 16:13:15.20,145.20,-8.27,-7.08,14.78
2024/01/01 16:13:15.21,145.21,-8.25,-7.03,14.79
2024/01/01 16:13:15.22,145.22,-8.23,-6.98,14.83
2024/01/01 16:13:15.23,145.23,-8.21,-6.92,14.86
2024/01/01 16:13:15.24,145.24,-8.17,-6.87,14.87
2024/01/01 16:13:15.25,145.25,-8.09,-6.84,14.86
2024/01/01 16:13:15.26,145.26,-7.99,-6.84,14.89
2024/01/01 16:13:15.27,145.27,-7.92,-6.86,14.92
2024/01/01 16:13:15.28,145.28,-7.89,-6.86,14.92
2024/01/01 16:13:15.29,145.29,-7.89,-6.84,14.89
2024/01/01 16:13:15.30,145.30,-7.88,-6.80,14.86
2024/01/01 16:13:15.31,145.31,-7.83,-6.77,14.83
2024/01/01 16:13:15.32,145.32,-7.77,-6.77,14.77
2024/01/01 16:13:15.33,145.33,-7.71,-6.80,14.72
2024/01/01 16:13:15.34,145.34,-7.68,-6.85,14.72
2024/01/01 16:13:15.35,145.35,-7.67,-6.87,14.76
2024/01/01 16:13:15.36,145.36,-7.70,-6.88,14.77
2024/01/01 16:13:15.37,145.37,-7.72,-6.91,14.70
2024/01/01 16:13:15.38,145.38,-7.72,-6.94,14.61
2024/01/01 16:13:15.39,145.39,-7.68,-6.98,14.54
2024/01/01 16:13:15.40,145.40,-7.63,-7.01,14.51
2024/01/01 16:13:15.41,145.41,-7.60,-7.04,14.51
2024/01/01 16:13:15.42,145.42,-7.58,-7.06,14.54
2024/01/01 16:13:15.43,145.43,-7.59,-7.07,14.59
2024/01/01 16:13:15.44,145.44,-7.57,-7.10,14.66
2024/01/01 16:13:15.45,145.45,-7.54,-7.18,14.71
2024/01/01 16:13:15.46,145.46,-7.51,-7.28,14.72
2024/01/01 16:13:15.47,145.47,-7.50,-7.38,14.72
2024/01/01 16:13:15.48,145.48,-7.54,-7.47,14.74
2024/01/01 16:13:15.49,145.49,-7.62,-7.52,14.77
2024/01/01 16:13:15.50,145.50,-7.70,-7.54,14.76
2024/01/01 16:13:15.51,145.51,-7.77,-7.54,14.71
2024/01/01 16:13:15.52,145.52,-7.84,-7.51,14.66
2024/01/01 16:13:15.53,145.53,-7.90,-7.48,14.62
2024/01/01 16:13:15.54,145.54,-7.94,-7.46,14.61
2024/01/01 16:13:15.55,145.55,-7.97,-7.49,14.62
2024/01/01 16:13:15.56,145.56,-8.00,-7.53,14.61
2024/01/01 16:13:15.57,145.57,-8.02,-7.60,14.59
2024/01/01 16:13:15.58,145.58,-8.02,-7.69,14.59
2024/01/01 16:13:15.59,145.59,-8.00,-7.81,14.61
2024/01/01 16:13:15.60,145.60,-7.95,-7.88,14.65
2024/01/01 16:13:15.61,145.61,-7.90,-7.88,14.66
2024/01/01 16:13:15.62,145.62,-7.87,-7.80,14.64
2024/01/01 16:13:15.63,145.63,-7.83,-7.66,14.62
2024/01/01 16:13:15.64,145.64,-7.74,-7.52,14.60
2024/01/01 16:13:15.65,145.65,-7.63,-7.45,14.59
2024/01/01 16:13:15.66,145.66,-7.56,-7.45,14.62
2024/01/01 16:13:15.67,145.67,-7.53,-7.50,14.66
2024/01/01 16:13:15.68,145.68,-7.56,-7.55,14.70
2024/01/01 16:13:15.69,145.69,-7.62,-7.57,14.71
2024/01/01 16:13:15.70,145.70,-7.70,-7.56,14.68
2024/01/01 16:13:15.71,145.71,-7.78,-7.54,14.62
2024/01/01 16:13:15.72,145.72,-7.87,-7.55,14.59
2024/01/01 16:13:15.73,145.73,-7.97,-7.59,14.61
2024/01/01 16:13:15.74,145.74,-8.05,-7.61,14.65
2024/01/01 16:13:15.75,145.75,-8.13,-7.55,14.69
2024/01/01 16:13:15.76,145.76,-8.18,-7.46,14.74
2024/01/01 16:13:15.77,145.77,-8.20,-7.40,14.80
2024/01/01 16:13:15.78,145.78,-8.19,-7.38,14.85
2024/01/01 16:13:15.79,145.79,-8.15,-7.40,14.85
2024/01/01 16:13:15.80,145.80,-8.10,-7.40,14.82
2024/01/01 16:13:15.81,145.81,-8.05,-7.37,14.81
2024/01/01 16:13:15.82,145.82,-8.04,-7.35,14.85
2024/01/01 16:13:15.83,145.83,-8.08,-7.36,14.89
2024/01/01 16:13:15.84,145.84,-8.15,-7.41,14.90
2024/01/01 16:13:15.85,145.85,-8.24,-7.47,14.90
2024/01/01 16:13:15.86,145.86,-8.31,-7.55,14.90
2024/01/01 16:13:15.87,145.87,-8.37,-7.63,14.90
2024/01/01 16:13:15.88,145.88,-8.39,-7.71,14.86
2024/01/01 16:13:15.89,145.89,-8.40,-7.76,14.82
2024/01/01 16:13:15.90,145.90,-8.42,-7.77,14.82
2024/01/01 16:13:15.91,145.91,-8.43,-7.74,14.85
2024/01/01 16:13:15.92,145.92,-8.41,-7.70,14.84
2024/01/01 16:13:15.93,145.93,-8.36,-7.66,14.76
2024/01/01 16:13:15.94,145.94,-8.29,-7.61,14.66
2024/01/01 16:13:15.95,145.95,-8.20,-7.59,14.62
2024/01/01 16:13:15.96,145.96,-8.10,-7.61,14.62
2024/01/01 16:13:15.97,145.97,-8.03,-7.67,14.65
2024/01/01 16:13:15.98,145.98,-8.00,-7.71,14.67
2024/01/01 16:13:15.99,145.99,-8.01,-7.75,14.69
2024/01/01 16:13:16.00,146.00,-8.05,-7.78,14.75
2024/01/01 16:13:16.01,146.01,-8.12,-7.80,14.81
2024/01/01 16:13:16.02,146.02,-8.16,-7.80,14.83
2024/01/01 16:13:16.03,146.03,-8.15,-7.84,14.82
2024/01/01 16:13:16.04,146.04,-8.13,-7.91,14.83
2024/01/01 16:13:16.05,146.05,-8.09,-8.00,14.89
2024/01/01 16:13:16.06,146.06,-8.05,-8.07,14.95
2024/01/01 16:13:16.07,146.07,-8.02,-8.06,14.98
2024/01/01 16:13:16.08,146.08,-7.98,-7.97,14.98
2024/01/01 16:13:16.09,146.09,-7.94,-7.84,14.95
2024/01/01 16:13:16.10,146.10,-7.90,-7.75,14.93
2024/01/01 16:13:16.11,146.11,-7.87,-7.71,14.93
2024/01/01 16:13:16.12,146.12,-7.84,-7.72,14.93
2024/01/01 16:13:16.13,146.13,-7.82,-7.71,14.93
2024/01/01 16:13:16.14,146.14,-7.78,-7.63,14.91
2024/01/01 16:13:16.15,146.15,-7.72,-7.50,14.87
2024/01/01 16:13:16.16,146.16,-7.65,-7.38,14.81
2024/01/01 16:13:16.17,146.17,-7.62,-7.33,14.80
2024/01/01 16:13:16.18,146.18,-7.62,-7.39,14.86
2024/01/01 16:13:16.19,146.19,-7.66,-7.50,14.90
2024/01/01 16:13:16.20,146.20,-7.71,-7.55,14.89
2024/01/01 16:13:16.21,146.21,-7.78,-7.53,14.83
2024/01/01 16:13:16.22,146.22,-7.86,-7.46,14.77
2024/01/01 16:13:16.23,146.23,-7.93,-7.34,14.74
2024/01/01 16:13:16.24,146.24,-7.96,-7.24,14.75
2024/01/01 16:13:16.25,146.25,-7.94,-7.18,14.79
2024/01/01 16:13:16.26,146.26,-7.87,-7.11,14.85
2024/01/01 16:13:16.27,146.27,-7.79,-7.02,14.88
2024/01/01 16:13:16.28,146.28,-7.77,-6.90,14.86
2024/01/01 16:13:16.29,146.29,-7.81,-6.81,14.80
2024/01/01 16:13:16.30,146.30,-7.87,-6.74,14.74
2024/01/01 16:13:16.31,146.31,-7.95,-6.72,14.68
2024/01/01 16:13:16.32,146.32,-8.06,-6.74,14.63
2024/01/01 16:13:16.33,146.33,-8.17,-6.79,14.61
2024/01/01 16:13:16.34,146.34,-8.25,-6.84,14.64
2024/01/01 16:13:16.35,146.35,-8.30,-6.86,14.68
2024/01/01 16:13:16.36,146.36,-8.34,-6.87,14.70
2024/01/01 16:13:16.37,146.37,-8.39,-6.92,14.69
2024/01/01 16:13:16.38,146.38,-8.46,-6.98,14.68
2024/01/01 16:13:16.39,146.39,-8.54,-7.01,14.70
2024/01/01 16:13:16.40,146.40,-8.59,-7.04,14.72
2024/01/01 16:13:16.41,146.41,-8.59,-7.06,14.73
2024/01/01 16:13:16.42,146.42,-8.53,-7.10,14.72
2024/01/01 16:13:16.43,146.43,-8.45,-7.15,14.72
2024/01/01 16:13:16.44,146.44,-8.36,-7.21,14.73
2024/01/01 16:13:16.45,146.45,-8.29,-7.26,14.73
2024/01/01 16:13:16.46,146.46,-8.24,-7.32,14.70
2024/01/01 16:13:16.47,146.47,-8.20,-7.39,14.66
2024/01/01 16:13:16.48,146.48,-8.19,-7.46,14.60
2024/01/01 16:13:16.49,146.49,-8.19,-7.50,14.54
2024/01/01 16:13:16.50,146.50,-8.22,-7.53,14.49
2024/01/01 16:13:16.51,146.51,-8.29,-7.52,14.47
2024/01/01 16:13:16.52,146.52,-8.38,-7.51,14.46
2024/01/01 16:13:16.53,146.53,-8.45,-7.53,14.44
2024/01/01 16:13:16.54,146.54,-8.49,-7.60,14.42
2024/01/01 16:13:16.55,146.55,-8.46,-7.72,14.42
2024/01/01 16:13:16.56,146.56,-8.37,-7.87,14.42
2024/01/01 16:13:16.57,146.57,-8.26,-7.97,14.43
2024/01/01 16:13:16.58,146.58,-8.16,-7.96,14.43
2024/01/01 16:13:16.59,146.59,-8.08,-7.84,14.43
2024/01/01 16:13:16.60,146.60,-8.00,-7.66,14.44
2024/01/01 16:13:16.61,146.61,-7.94,-7.48,14.47
2024/01/01 16:13:16.62,146.62,-7.89,-7.36,14.47
2024/01/01 16:13:16.63,146.63,-7.84,-7.28,14.47
2024/01/01 16:13:16.64,146.64,-7.77,-7.23,14.50
2024/01/01 16:13:16.65,146.65,-7.68,-7.21,14.56
2024/01/01 16:13:16.66,146.66,-7.57,-7.22,14.61
2024/01/01 16:13:16.67,146.67,-7.49,-7.27,14.64
2024/01/01 16:13:16.68,146.68,-7.44,-7.37,14.65
2024/01/01 16:13:16.69,146.69,-7.44,-7.48,14.66
2024/01/01 16:13:16.70,146.70,-7.49,-7.55,14.66
2024/01/01 16:13:16.71,146.71,-7.58,-7.59,14.66
2024/01/01 16:13:16.72,146.72,-7.68,-7.63,14.68
2024/01/01 16:13:16.73,146.73,-7.74,-7.61,14.72
2024/01/01 16:13:16.74,146.74,-7.73,-7.56,14.76
2024/01/01 16:13:16.75,146.75,-7.66,-7.49,14.77
2024/01/01 16:13:16.76,146.76,-7.58,-7.40,14.80
2024/01/01 16:13:16.77,146.77,-7.51,-7.28,14.84
2024/01/01 16:13:16.78,146.78,-7.49,-7.18,14.88
2024/01/01 16:13:16.79,146.79,-7.53,-7.16,14.90
2024/01/01 16:13:16.80,146.80,-7.60,-7.19,14.89
2024/01/01 16:13:16.81,146.81,-7.68,-7.21,14.87
2024/01/01 16:13:16.82,146.82,-7.77,-7.18,14.87
2024/01/01 16:13:16.83,146.83,-7.88,-7.10,14.89
2024/01/01 16:13:16.84,146.84,-7.95,-7.06,14.90
2024/01/01 16:13:16.85,146.85,-7.96,-7.17,14.91
2024/01/01 16:13:16.86,146.86,-7.93,-7.37,14.95
2024/01/01 16:13:16.87,146.87,-7.90,-7.57,15.00
2024/01/01 16:13:16.88,146.88,-7.91,-7.67,15.03
2024/01/01 16:13:16.89,146.89,-7.94,-7.64,15.03
2024/01/01 16:13:16.90,146.90,-7.96,-7.52,14.98
2024/01/01 16:13:16.91,146.91,-7.93,-7.38,14.90
2024/01/01 16:13:16.92,146.92,-7.86,-7.31,14.85
2024/01/01 16:13:16.93,146.93,-7.80,-7.35,14.87
2024/01/01 16:13:16.94,146.94,-7.77,-7.48,14.94
2024/01/01 16:13:16.95,146.95,-7.79,-7.62,14.99
2024/01/01 16:13:16.96,146.96,-7.86,-7.70,15.00
2024/01/01 16:13:16.97,146.97,-7.97,-7.69,14.99
2024/01/01 16:13:16.98,146.98,-8.08,-7.60,14.97
2024/01/01 16:13:16.99,146.99,-8.20,-7.50,14.92
2024/01/01 16:13:17.00,147.00,-8.32,-7.45,14.87
2024/01/01 16:13:17.01,147.01,-8.41,-7.48,14.89
2024/01/01 16:13:17.02,147.02,-8.46,-7.59,14.95
2024/01/01 16:13:17.03,147.03,-8.50,-7.74,15.00
2024/01/01 16:13:17.04,147.04,-8.51,-7.89,15.00
2024/01/01 16:13:17.05,147.05,-8.49,-7.98,14.97
2024/01/01 16:13:17.06,147.06,-8.49,-8.00,14.93
2024/01/01 16:13:17.07,147.07,-8.49,-7.99,14.90
2024/01/01 16:13:17.08,147.08,-8.50,-7.94,14.89
2024/01/01 16:13:17.09,147.09,-8.50,-7.84,14.89
2024/01/01 16:13:17.10,147.10,-8.51,-7.68,14.88
2024/01/01 16:13:17.11,147.11,-8.52,-7.50,14.85
2024/01/01 16:13:17.12,147.12,-8.53,-7.36,14.83
2024/01/01 16:13:17.13,147.13,-8.56,-7.33,14.84
2024/01/01 16:13:17.14,147.14,-8.60,-7.41,14.89
2024/01/01 16:13:17.15,147.15,-8.62,-7.52,14.90
2024/01/01 16:13:17.16,147.16,-8.62,-7.60,14.87
2024/01/01 16:13:17.17,147.17,-8.57,-7.60,14.80
2024/01/01 16:13:17.18,147.18,-8.49,-7.56,14.76
2024/01/01 16:13:17.19,147.19,-8.41,-7.50,14.74
2024/01/01 16:13:17.20,147.20,-8.37,-7.45,14.74
2024/01/01 16:13:17.21,147.21,-8.37,-7.43,14.74
2024/01/01 16:13:17.22,147.22,-8.40,-7.43,14.78
2024/01/01 16:13:17.23,147.23,-8.42,-7.42,14.86
2024/01/01 16:13:17.24,147.24,-8.39,-7.40,14.91
2024/01/01 16:13:17.25,147.25,-8.30,-7.39,14.90
2024/01/01 16:13:17.26,147.26,-8.17,-7.39,14.86
2024/01/01 16:13:17.27,147.27,-8.04,-7.37,14.84
2024/01/01 16:13:17.28,147.28,-7.98,-7.32,14.83
2024/01/01 16:13:17.29,147.29,-8.01,-7.27,14.84
2024/01/01 16:13:17.30,147.30,-8.08,-7.25,14.84
2024/01/01 16:13:17.31,147.31,-8.13,-7.23,14.82
2024/01/01 16:13:17.32,147.32,-8.14,-7.18,14.77
2024/01/01 16:13:17.33,147.33,-8.12,-7.11,14.70
2024/01/01 16:13:17.34,147.34,-8.10,-7.06,14.65
2024/01/01 16:13:17.35,147.35,-8.06,-7.08,14.68
2024/01/01 16:13:17.36,147.36,-8.03,-7.15,14.76
2024/01/01 16:13:17.37,147.37,-8.01,-7.23,14.80
2024/01/01 16:13:17.38,147.38,-8.02,-7.27,14.80
2024/01/01 16:13:17.39,147.39,-8.04,-7.25,14.78
2024/01/01 16:13:17.40,147.40,-8.04,-7.18,14.76
2024/01/01 16:13:17.41,147.41,-7.98,-7.10,14.76
2024/01/01 16:13:17.42,147.42,-7.86,-7.04,14.78
2024/01/01 16:13:17.43,147.43,-7.75,-6.98,14.83
2024/01/01 16:13:17.44,147.44,-7.69,-6.91,14.87
2024/01/01 16:13:17.45,147.45,-7.68,-6.87,14.89
2024/01/01 16:13:17.46,147.46,-7.69,-6.84,14.87
2024/01/01 16:13:17.47,147.47,-7.72,-6.83,14.83
2024/01/01 16:13:17.48,147.48,-7.76,-6.86,14.79
2024/01/01 16:13:17.49,147.49,-7.78,-6.91,14.77
2024/01/01 16:13:17.50,147.50,-7.81,-6.94,14.74
2024/01/01 16:13:17.51,147.51,-7.84,-6.97,14.69
2024/01/01 16:13:17.52,147.52,-7.89,-7.03,14.69
2024/01/01 16:13:17.53,147.53,-7.97,-7.12,14.75
2024/01/01 16:13:17.54,147.54,-8.07,-7.20,14.81
2024/01/01 16:13:17.55,147.55,-8.16,-7.29,14.83
2024/01/01 16:13:17.56,147.56,-8.22,-7.37,14.85
2024/01/01 16:13:17.57,147.57,-8.24,-7.40,14.91
2024/01/01 16:13:17.58,147.58,-8.25,-7.38,14.96
2024/01/01 16:13:17.59,147.59,-8.24,-7.34,14.96
2024/01/01 16:13:17.60,147.60,-8.21,-7.27,14.97
2024/01/01 16:13:17.61,147.61,-8.13,-7.15,15.00
2024/01/01 16:13:17.62,147.62,-8.05,-7.02,14.99
2024/01/01 16:13:17.63,147.63,-8.00,-6.94,14.91
2024/01/01 16:13:17.64,147.64,-7.97,-6.98,14.81
2024/01/01 16:13:17.65,147.65,-7.95,-7.12,14.77
2024/01/01 16:13:17.66,147.66,-7.96,-7.27,14.78
2024/01/01 16:13:17.67,147.67,-8.00,-7.36,14.76
2024/01/01 16:13:17.68,147.68,-8.04,-7.41,14.72
2024/01/01 16:13:17.69,147.69,-8.09,-7.41,14.68
2024/01/01 16:13:17.70,147.70,-8.12,-7.38,14.64
2024/01/01 16:13:17.71,147.71,-8.13,-7.37,14.60
2024/01/01 16:13:17.72,147.72,-8.14,-7.40,14.59
2024/01/01 16:13:17.73,147.73,-8.14,-7.41,14.63
2024/01/01 16:13:17.74,147.74,-8.14,-7.41,14.70
2024/01/01 16:13:17.75,147.75,-8.11,-7.44,14.78
2024/01/01 16:13:17.76,147.76,-8.06,-7.50,14.85
2024/01/01 16:13:17.77,147.77,-7.99,-7.59,14.86
2024/01/01 16:13:17.78,147.78,-7.94,-7.70,14.81
2024/01/01 16:13:17.79,147.79,-7.91,-7.80,14.80
2024/01/01 16:13:17.80,147.80,-7.90,-7.84,14.82
2024/01/01 16:13:17.81,147.81,-7.91,-7.80,14.83
2024/01/01 16:13:17.82,147.82,-7.92,-7.72,14.81
2024/01/01 16:13:17.83,147.83,-7.92,-7.65,14.80
2024/01/01 16:13:17.84,147.84,-7.91,-7.62,14.81
2024/01/01 16:13:17.85,147.85,-7.91,-7.64,14.84
2024/01/01 16:13:17.86,147.86,-7.92,-7.68,14.87
2024/01/01 16:13:17.87,147.87,-7.92,-7.70,14.89
2024/01/01 16:13:17.88,147.88,-7.91,-7.67,14.88
2024/01/01 16:13:17.89,147.89,-7.93,-7.62,14.85
2024/01/01 16:13:17.90,147.90,-7.94,-7.59,14.85
2024/01/01 16:13:17.91,147.91,-7.93,-7.59,14.87
2024/01/01 16:13:17.92,147.92,-7.92,-7.60,14.88
2024/01/01 16:13:17.93,147.93,-7.90,-7.61,14.88
2024/01/01 16:13:17.94,147.94,-7.89,-7.58,14.90
2024/01/01 16:13:17.95,147.95,-7.87,-7.50,14.94
2024/01/01 16:13:17.96,147.96,-7.87,-7.43,14.96
2024/01/01 16:13:17.97,147.97,-7.88,-7.43,14.96
2024/01/01 16:13:17.98,147.98,-7.87,-7.49,14.96
2024/01/01 16:13:17.99,147.99,-7.86,-7.51,14.94
2024/01/01 16:13:18.00,148.00,-7.91,-7.47,14.90
2024/01/01 16:13:18.01,148.01,-8.02,-7.41,14.88
2024/01/01 16:13:18.02,148.02,-8.14,-7.38,14.88
2024/01/01 16:13:18.03,148.03,-8.23,-7.39,14.85
2024/01/01 16:13:18.04,148.04,-8.28,-7.44,14.81
2024/01/01 16:13:18.05,148.05,-8.29,-7.50,14.79
2024/01/01 16:13:18.06,148.06,-8.28,-7.52,14.81
2024/01/01 16:13:18.07,148.07,-8.23,-7.53,14.86
2024/01/01 16:13:18.08,148.08,-8.19,-7.53,14.90
2024/01/01 16:13:18.09,148.09,-8.14,-7.48,14.89
2024/01/01 16:13:18.10,148.10,-8.10,-7.36,14.84
2024/01/01 16:13:18.11,148.11,-8.08,-7.25,14.74
2024/01/01 16:13:18.12,148.12,-8.10,-7.18,14.62
2024/01/01 16:13:18.13,148.13,-8.10,-7.17,14.50
2024/01/01 16:13:18.14,148.14,-8.12,-7.21,14.46
2024/01/01 16:13:18.15,148.15,-8.16,-7.28,14.47
2024/01/01 16:13:18.16,148.16,-8.20,-7.34,14.48
2024/01/01 16:13:18.17,148.17,-8.25,-7.36,14.46
2024/01/01 16:13:18.18,148.18,-8.31,-7.34,14.47
2024/01/01 16:13:18.19,148.19,-8.35,-7.32,14.47
2024/01/01 16:13:18.20,148.20,-8.38,-7.30,14.45
2024/01/01 16:13:18.21,148.21,-8.41,-7.26,14.45
2024/01/01 16:13:18.22,148.22,-8.44,-7.16,14.51
2024/01/01 16:13:18.23,148.23,-8.50,-7.00,14.59
2024/01/01 16:13:18.24,148.24,-8.57,-6.85,14.67
2024/01/01 16:13:18.25,148.25,-8.62,-6.77,14.73
2024/01/01 16:13:18.26,148.26,-8.62,-6.79,14.76
2024/01/01 16:13:18.27,148.27,-8.59,-6.82,14.79
2024/01/01 16:13:18.28,148.28,-8.55,-6.83,14.81
2024/01/01 16:13:18.29,148.29,-8.51,-6.84,14.81
2024/01/01 16:13:18.30,148.30,-8.48,-6.83,14.78
2024/01/01 16:13:18.31,148.31,-8.42,-6.83,14.73
2024/01/01 16:13:18.32,148.32,-8.36,-6.87,14.71
2024/01/01 16:13:18.33,148.33,-8.30,-6.97,14.73
2024/01/01 16:13:18.34,148.34,-8.23,-7.10,14.75
2024/01/01 16:13:18.35,148.35,-8.17,-7.25,14.72
2024/01/01 16:13:18.36,148.36,-8.12,-7.36,14.69
2024/01/01 16:13:18.37,148.37,-8.06,-7.36,14.67
2024/01/01 16:13:18.38,148.38,-7.99,-7.27,14.67
2024/01/01 16:13:18.39,148.39,-7.88,-7.16,14.69
2024/01/01 16:13:18.40,148.40,-7.77,-7.10,14.70
2024/01/01 16:13:18.41,148.41,-7.66,-7.09,14.70
2024/01/01 16:13:18.42,148.42,-7.58,-7.12,14.71
2024/01/01 16:13:18.43,148.43,-7.56,-7.14,14.72
2024/01/01 16:13:18.44,148.44,-7.59,-7.14,14.71
2024/01/01 16:13:18.45,148.45,-7.63,-7.15,14.68
2024/01/01 16:13:18.46,148.46,-7.66,-7.18,14.66
2024/01/01 16:13:18.47,148.47,-7.69,-7.23,14.63
2024/01/01 16:13:18.48,148.48,-7.70,-7.29,14.61
2024/01/01 16:13:18.49,148.49,-7.69,-7.34,14.61
2024/01/01 16:13:18.50,148.50,-7.65,-7.33,14.64
2024/01/01 16:13:18.51,148.51,-7.59,-7.30,14.71
2024/01/01 16:13:18.52,148.52,-7.52,-7.31,14.80
2024/01/01 16:13:18.53,148.53,-7.49,-7.32,14.87
2024/01/01 16:13:18.54,148.54,-7.49,-7.36,14.89
2024/01/01 16:13:18.55,148.55,-7.50,-7.42,14.89
2024/01/01 16:13:18.56,148.56,-7.50,-7.50,14.89
2024/01/01 16:13:18.57,148.57,-7.48,-7.60,14.91
2024/01/01 16:13:18.58,148.58,-7.49,-7.70,14.91
2024/01/01 16:13:18.59,148.59,-7.57,-7.77,14.91
2024/01/01 16:13:18.60,148.60,-7.69,-7.78,14.91
2024/01/01 16:13:18.61,148.61,-7.81,-7.71,14.91
2024/01/01 16:13:18.62,148.62,-7.88,-7.59,14.91
2024/01/01 16:13:18.63,148.63,-7.90,-7.48,14.93
2024/01/01 16:13:18.64,148.64,-7.88,-7.44,14.96
2024/01/01 16:13:18.65,148.65,-7.86,-7.45,14.98
2024/01/01 16:13:18.66,148.66,-7.89,-7.46,14.97
2024/01/01 16:13:18.67,148.67,-7.95,-7.40,14.91
2024/01/01 16:13:18.68,148.68,-8.04,-7.28,14.83
2024/01/01 16:13:18.69,148.69,-8.18,-7.16,14.76
2024/01/01 16:13:18.70,148.70,-8.34,-7.11,14.74
2024/01/01 16:13:18.71,148.71,-8.50,-7.11,14.78
2024/01/01 16:13:18.72,148.72,-8.63,-7.12,14.83
2024/01/01 16:13:18.73,148.73,-8.74,-7.06,14.87
2024/01/01 16:13:18.74,148.74,-8.83,-6.97,14.92
2024/01/01 16:13:18.75,148.75,-8.86,-6.91,14.98
2024/01/01 16:13:18.76,148.76,-8.84,-6.90,15.02
2024/01/01 16:13:18.77,148.77,-8.83,-6.89,15.00
2024/01/01 16:13:18.78,148.78,-8.85,-6.80,14.95
2024/01/01 16:13:18.79,148.79,-8.89,-6.65,14.89
2024/01/01 16:13:18.80,148.80,-8.96,-6.52,14.82
2024/01/01 16:13:18.81,148.81,-9.03,-6.44,14.77
2024/01/01 16:13:18.82,148.82,-9.05,-6.41,14.76
2024/01/01 16:13:18.83,148.83,-9.00,-6.41,14.79
2024/01/01 16:13:18.84,148.84,-8.94,-6.41,14.82
2024/01/01 16:13:18.85,148.85,-8.90,-6.42,14.83
2024/01/01 16:13:18.86,148.86,-8.90,-6.46,14.84
2024/01/01 16:13:18.87,148.87,-8.94,-6.50,14.85
2024/01/01 16:13:18.88,148.88,-8.98,-6.57,14.85
2024/01/01 16:13:18.89,148.89,-8.98,-6.69,14.86
2024/01/01 16:13:18.90,148.90,-8.92,-6.85,14.87
2024/01/01 16:13:18.91,148.91,-8.79,-7.01,14.91
2024/01/01 16:13:18.92,148.92,-8.63,-7.16,14.97
2024/01/01 16:13:18.93,148.93,-8.48,-7.30,15.04
2024/01/01 16:13:18.94,148.94,-8.31,-7.41,15.08
2024/01/01 16:13:18.95,148.95,-8.13,-7.47,15.08
2024/01/01 16:13:18.96,148.96,-7.93,-7.48,15.05
2024/01/01 16:13:18.97,148.97,-7.72,-7.46,14.99
2024/01/01 16:13:18.98,148.98,-7.53,-7.44,14.93
2024/01/01 16:13:18.99,148.99,-7.42,-7.43,14.87
2024/01/01 16:13:19.00,149.00,-7.41,-7.45,14.83
2024/01/01 16:13:19.01,149.01,-7.48,-7.48,14.80
2024/01/01 16:13:19.02,149.02,-7.62,-7.50,14.78
2024/01/01 16:13:19.03,149.03,-7.76,-7.51,14.78
2024/01/01 16:13:19.04,149.04,-7.83,-7.53,14.81
2024/01/01 16:13:19.05,149.05,-7.82,-7.57,14.87
2024/01/01 16:13:19.06,149.06,-7.71,-7.62,14.93
2024/01/01 16:13:19.07,149.07,-7.56,-7.67,14.97
2024/01/01 16:13:19.08,149.08,-7.40,-7.71,14.99
2024/01/01 16:13:19.09,149.09,-7.26,-7.70,15.01
2024/01/01 16:13:19.10,149.10,-7.13,-7.68,15.04
2024/01/01 16:13:19.11,149.11,-7.06,-7.64,15.06
2024/01/01 16:13:19.12,149.12,-7.00,-7.62,15.04
2024/01/01 16:13:19.13,149.13,-6.92,-7.62,15.00
2024/01/01 16:13:19.14,149.14,-6.84,-7.63,14.92
2024/01/01 16:13:19.15,149.15,-6.77,-7.68,14.84
2024/01/01 16:13:19.16,149.16,-6.71,-7.75,14.78
2024/01/01 16:13:19.17,149.17,-6.70,-7.78,14.76
2024/01/01 16:13:19.18,149.18,-6.74,-7.70,14.74
2024/01/01 16:13:19.19,149.19,-6.83,-7.55,14.72
2024/01/01 16:13:19.20,149.20,-6.95,-7.39,14.69
2024/01/01 16:13:19.21,149.21,-7.08,-7.27,14.68
2024/01/01 16:13:19.22,149.22,-7.21,-7.21,14.70
2024/01/01 16:13:19.23,149.23,-7.33,-7.17,14.71
2024/01/01 16:13:19.24,149.24,-7.44,-7.07,14.73
2024/01/01 16:13:19.25,149.25,-7.55,-6.90,14.76
2024/01/01 16:13:19.26,149.26,-7.68,-6.72,14.77
2024/01/01 16:13:19.27,149.27,-7.83,-6.54,14.76
2024/01/01 16:13:19.28,149.28,-7.96,-6.39,14.72
2024/01/01 16:13:19.29,149.29,-8.07,-6.27,14.70
2024/01/01 16:13:19.30,149.30,-8.18,-6.19,14.75
2024/01/01 16:13:19.31,149.31,-8.32,-6.16,14.82
2024/01/01 16:13:19.32,149.32,-8.47,-6.22,14.88
2024/01/01 16:13:19.33,149.33,-8.60,-6.36,14.91
2024/01/01 16:13:19.34,149.34,-8.64,-6.55,14.94
2024/01/01 16:13:19.35,149.35,-8.61,-6.73,14.95
2024/01/01 16:13:19.36,149.36,-8.55,-6.85,14.96
2024/01/01 16:13:19.37,149.37,-8.52,-6.90,14.96
2024/01/01 16:13:19.38,149.38,-8.56,-6.90,14.96
2024/01/01 16:13:19.39,149.39,-8.64,-6.88,14.90
2024/01/01 16:13:19.40,149.40,-8.75,-6.85,14.79
2024/01/01 16:13:19.41,149.41,-8.85,-6.80,14.66
2024/01/01 16:13:19.42,149.42,-8.92,-6.77,14.55
2024/01/01 16:13:19.43,149.43,-8.93,-6.80,14.49
2024/01/01 16:13:19.44,149.44,-8.85,-6.89,14.47
2024/01/01 16:13:19.45,149.45,-8.69,-6.99,14.45
2024/01/01 16:13:19.46,149.46,-8.51,-7.07,14.42
2024/01/01 16:13:19.47,149.47,-8.38,-7.13,14.40
2024/01/01 16:13:19.48,149.48,-8.33,-7.20,14.38
2024/01/01 16:13:19.49,149.49,-8.35,-7.28,14.36
2024/01/01 16:13:19.50,149.50,-8.38,-7.35,14.35
2024/01/01 16:13:19.51,149.51,-8.40,-7.42,14.36
2024/01/01 16:13:19.52,149.52,-8.39,-7.46,14.41
2024/01/01 16:13:19.53,149.53,-8.36,-7.48,14.48
2024/01/01 16:13:19.54,149.54,-8.29,-7.49,14.52
2024/01/01 16:13:19.55,149.55,-8.13,-7.52,14.56
2024/01/01 16:13:19.56,149.56,-7.94,-7.55,14.61
2024/01/01 16:13:19.57,149.57,-7.79,-7.53,14.62
2024/01/01 16:13:19.58,149.58,-7.73,-7.45,14.63
2024/01/01 16:13:19.59,149.59,-7.75,-7.33,14.66
2024/01/01 16:13:19.60,149.60,-7.79,-7.18,14.72
2024/01/01 16:13:19.61,149.61,-7.81,-7.06,14.75
2024/01/01 16:13:19.62,149.62,-7.75,-7.03,14.73
2024/01/01 16:13:19.63,149.63,-7.62,-7.05,14.74
2024/01/01 16:13:19.64,149.64,-7.46,-7.04,14.81
2024/01/01 16:13:19.65,149.65,-7.30,-6.97,14.92
2024/01/01 16:13:19.66,149.66,-7.17,-6.90,15.01
2024/01/01 16:13:19.67,149.67,-7.05,-6.88,15.07
2024/01/01 16:13:19.68,149.68,-6.94,-6.89,15.12
2024/01/01 16:13:19.69,149.69,-6.86,-6.89,15.15
2024/01/01 16:13:19.70,149.70,-6.81,-6.85,15.16
2024/01/01 16:13:19.71,149.71,-6.78,-6.81,15.14
2024/01/01 16:13:19.72,149.72,-6.76,-6.83,15.11
2024/01/01 16:13:19.73,149.73,-6.76,-6.93,15.09
2024/01/01 16:13:19.74,149.74,-6.78,-7.04,15.07
2024/01/01 16:13:19.75,149.75,-6.83,-7.12,15.03
2024/01/01 16:13:19.76,149.76,-6.93,-7.10,14.96
2024/01/01 16:13:19.77,149.77,-7.04,-7.00,14.89
2024/01/01 16:13:19.78,149.78,-7.12,-6.82,14.79
2024/01/01 16:13:19.79,149.79,-7.18,-6.62,14.66
2024/01/01 16:13:19.80,149.80,-7.23,-6.46,14.55
2024/01/01 16:13:19.81,149.81,-7.28,-6.38,14.50
2024/01/01 16:13:19.82,149.82,-7.35,-6.38,14.53
2024/01/01 16:13:19.83,149.83,-7.42,-6.41,14.58
2024/01/01 16:13:19.84,149.84,-7.50,-6.43,14.61
2024/01/01 16:13:19.85,149.85,-7.58,-6.42,14.62
2024/01/01 16:13:19.86,149.86,-7.67,-6.36,14.63
2024/01/01 16:13:19.87,149.87,-7.80,-6.25,14.65
2024/01/01 16:13:19.88,149.88,-7.95,-6.13,14.66
2024/01/01 16:13:19.89,149.89,-8.13,-6.11,14.64
2024/01/01 16:13:19.90,149.90,-8.32,-6.26,14.62
2024/01/01 16:13:19.91,149.91,-8.49,-6.56,14.68
2024/01/01 16:13:19.92,149.92,-8.63,-6.94,14.77
2024/01/01 16:13:19.93,149.93,-8.73,-7.27,14.83
2024/01/01 16:13:19.94,149.94,-8.77,-7.48,14.82
2024/01/01 16:13:19.95,149.95,-8.77,-7.57,14.81
2024/01/01 16:13:19.96,149.96,-8.72,-7.56,14.79
2024/01/01 16:13:19.97,149.97,-8.64,-7.52,14.74
2024/01/01 16:13:19.98,149.98,-8.52,-7.51,14.66
2024/01/01 16:13:19.99,149.99,-8.40,-7.57,14.62
2024/01/01 16:13:20.00,150.00,-8.30,-7.68,14.65
2024/01/01 16:13:20.01,150.01,-8.27,-7.80,14.69
2024/01/01 16:13:20.02,150.02,-8.33,-7.89,14.69
2024/01/01 16:13:20.03,150.03,-8.47,-7.92,14.68
2024/01/01 16:13:20.04,150.04,-8.64,-7.86,14.66
2024/01/01 16:13:20.05,150.05,-8.79,-7.77,14.64
2024/01/01 16:13:20.06,150.06,-8.88,-7.67,14.62
2024/01/01 16:13:20.07,150.07,-8.91,-7.56,14.63
2024/01/01 16:13:20.08,150.08,-8.90,-7.45,14.69
2024/01/01 16:13:20.09,150.09,-8.91,-7.35,14.76
2024/01/01 16:13:20.10,150.10,-8.94,-7.26,14.81
2024/01/01 16:13:20.11,150.11,-8.95,-7.21,14.85
2024/01/01 16:13:20.12,150.12,-8.99,-7.15,14.88
2024/01/01 16:13:20.13,150.13,-9.03,-7.08,14.91
2024/01/01 16:13:20.14,150.14,-9.04,-7.01,14.91
2024/01/01 16:13:20.15,150.15,-8.97,-6.99,14.91
2024/01/01 16:13:20.16,150.16,-8.83,-7.03,14.91
2024/01/01 16:13:20.17,150.17,-8.65,-7.12,14.92
2024/01/01 16:13:20.18,150.18,-8.45,-7.24,14.95
2024/01/01 16:13:20.19,150.19,-8.22,-7.36,14.99
2024/01/01 16:13:20.20,150.20,-7.95,-7.41,15.04
2024/01/01 16:13:20.21,150.21,-7.67,-7.38,15.03
2024/01/01 16:13:20.22,150.22,-7.49,-7.25,14.97
2024/01/01 16:13:20.23,150.23,-7.47,-7.05,14.90
2024/01/01 16:13:20.24,150.24,-7.60,-6.82,14.83
2024/01/01 16:13:20.25,150.25,-7.77,-6.58,14.74
2024/01/01 16:13:20.26,150.26,-7.89,-6.36,14.63
2024/01/01 16:13:20.27,150.27,-7.92,-6.20,14.54
2024/01/01 16:13:20.28,150.28,-7.90,-6.16,14.49
2024/01/01 16:13:20.29,150.29,-7.92,-6.25,14.48
2024/01/01 16:13:20.30,150.30,-8.03,-6.40,14.49
2024/01/01 16:13:20.31,150.31,-8.20,-6.50,14.50
2024/01/01 16:13:20.32,150.32,-8.39,-6.48,14.50
2024/01/01 16:13:20.33,150.33,-8.52,-6.38,14.50
2024/01/01 16:13:20.34,150.34,-8.58,-6.26,14.51
2024/01/01 16:13:20.35,150.35,-8.55,-6.21,14.55
2024/01/01 16:13:20.36,150.36,-8.43,-6.25,14.59
2024/01/01 16:13:20.37,150.37,-8.26,-6.34,14.57
2024/01/01 16:13:20.38,150.38,-8.07,-6.44,14.54
2024/01/01 16:13:20.39,150.39,-7.86,-6.50,14.53
2024/01/01 16:13:20.40,150.40,-7.66,-6.50,14.55
2024/01/01 16:13:20.41,150.41,-7.47,-6.51,14.55
2024/01/01 16:13:20.42,150.42,-7.28,-6.57,14.54
2024/01/01 16:13:20.43,150.43,-7.11,-6.66,14.55
2024/01/01 16:13:20.44,150.44,-6.98,-6.71,14.55
2024/01/01 16:13:20.45,150.45,-6.94,-6.67,14.55
2024/01/01 16:13:20.46,150.46,-6.98,-6.56,14.53
2024/01/01 16:13:20.47,150.47,-7.05,-6.40,14.48
2024/01/01 16:13:20.48,150.48,-7.15,-6.27,14.45
2024/01/01 16:13:20.49,150.49,-7.24,-6.28,14.47
2024/01/01 16:13:20.50,150.50,-7.32,-6.48,14.51
2024/01/01 16:13:20.51,150.51,-7.42,-6.82,14.57
2024/01/01 16:13:20.52,150.52,-7.50,-7.25,14.66
2024/01/01 16:13:20.53,150.53,-7.56,-7.62,14.75
2024/01/01 16:13:20.54,150.54,-7.59,-7.78,14.79
2024/01/01 16:13:20.55,150.55,-7.62,-7.70,14.75
2024/01/01 16:13:20.56,150.56,-7.66,-7.47,14.67
2024/01/01 16:13:20.57,150.57,-7.73,-7.22,14.62
2024/01/01 16:13:20.58,150.58,-7.79,-7.06,14.60
2024/01/01 16:13:20.59,150.59,-7.79,-7.05,14.63
2024/01/01 16:13:20.60,150.60,-7.75,-7.10,14.67
2024/01/01 16:13:20.61,150.61,-7.73,-7.14,14.69
2024/01/01 16:13:20.62,150.62,-7.75,-7.15,14.66
2024/01/01 16:13:20.63,150.63,-7.85,-7.15,14.62
2024/01/01 16:13:20.64,150.64,-8.03,-7.10,14.59
2024/01/01 16:13:20.65,150.65,-8.25,-6.96,14.51
2024/01/01 16:13:20.66,150.66,-8.45,-6.74,14.40
2024/01/01 16:13:20.67,150.67,-8.57,-6.48,14.31
2024/01/01 16:13:20.68,150.68,-8.58,-6.23,14.29
2024/01/01 16:13:20.69,150.69,-8.48,-6.05,14.34
2024/01/01 16:13:20.70,150.70,-8.34,-5.97,14.46
2024/01/01 16:13:20.71,150.71,-8.23,-6.03,14.58
2024/01/01 16:13:20.72,150.72,-8.20,-6.15,14.69
2024/01/01 16:13:20.73,150.73,-8.26,-6.25,14.74
2024/01/01 16:13:20.74,150.74,-8.36,-6.32,14.71
2024/01/01 16:13:20.75,150.75,-8.43,-6.43,14.64
2024/01/01 16:13:20.76,150.76,-8.47,-6.61,14.56
2024/01/01 16:13:20.77,150.77,-8.48,-6.80,14.48
2024/01/01 16:13:20.78,150.78,-8.51,-6.95,14.43
2024/01/01 16:13:20.79,150.79,-8.57,-7.05,14.41
2024/01/01 16:13:20.80,150.80,-8.67,-7.09,14.41
2024/01/01 16:13:20.81,150.81,-8.78,-7.10,14.41
2024/01/01 16:13:20.82,150.82,-8.90,-7.11,14.39
2024/01/01 16:13:20.83,150.83,-9.00,-7.07,14.39
2024/01/01 16:13:20.84,150.84,-9.10,-6.93,14.40
2024/01/01 16:13:20.85,150.85,-9.21,-6.68,14.42
2024/01/01 16:13:20.86,150.86,-9.29,-6.42,14.45
2024/01/01 16:13:20.87,150.87,-9.30,-6.30,14.49
2024/01/01 16:13:20.88,150.88,-9.23,-6.40,14.54
2024/01/01 16:13:20.89,150.89,-9.13,-6.65,14.61
2024/01/01 16:13:20.90,150.90,-9.07,-6.83,14.70
2024/01/01 16:13:20.91,150.91,-9.08,-6.81,14.80
2024/01/01 16:13:20.92,150.92,-9.10,-6.57,14.86
2024/01/01 16:13:20.93,150.93,-9.05,-6.25,14.83
2024/01/01 16:13:20.94,150.94,-8.88,-6.04,14.72
2024/01/01 16:13:20.95,150.95,-8.62,-6.01,14.64
2024/01/01 16:13:20.96,150.96,-8.37,-6.14,14.63
2024/01/01 16:13:20.97,150.97,-8.20,-6.35,14.66
2024/01/01 16:13:20.98,150.98,-8.11,-6.63,14.68
2024/01/01 16:13:20.99,150.99,-8.06,-6.95,14.69
2024/01/01 16:13:21.00,151.00,-7.98,-7.26,14.67
2024/01/01 16:13:21.01,151.01,-7.88,-7.52,14.63
2024/01/01 16:13:21.02,151.02,-7.79,-7.71,14.59
2024/01/01 16:13:21.03,151.03,-7.78,-7.79,14.55
2024/01/01 16:13:21.04,151.04,-7.86,-7.77,14.51
2024/01/01 16:13:21.05,151.05,-7.99,-7.69,14.48
2024/01/01 16:13:21.06,151.06,-8.06,-7.62,14.48
2024/01/01 16:13:21.07,151.07,-8.03,-7.57,14.51
2024/01/01 16:13:21.08,151.08,-7.93,-7.52,14.53
2024/01/01 16:13:21.09,151.09,-7.82,-7.46,14.57
2024/01/01 16:13:21.10,151.10,-7.76,-7.36,14.62
2024/01/01 16:13:21.11,151.11,-7.73,-7.23,14.64
2024/01/01 16:13:21.12,151.12,-7.70,-7.10,14.63
2024/01/01 16:13:21.13,151.13,-7.64,-6.99,14.63
2024/01/01 16:13:21.14,151.14,-7.60,-6.88,14.68
2024/01/01 16:13:21.15,151.15,-7.62,-6.79,14.76
2024/01/01 16:13:21.16,151.16,-7.71,-6.77,14.86
2024/01/01 16:13:21.17,151.17,-7.86,-6.84,14.94
2024/01/01 16:13:21.18,151.18,-8.03,-6.96,14.99
2024/01/01 16:13:21.19,151.19,-8.16,-7.06,15.03
2024/01/01 16:13:21.20,151.20,-8.23,-7.08,15.08
2024/01/01 16:13:21.21,151.21,-8.20,-7.04,15.08
2024/01/01 16:13:21.22,151.22,-8.05,-7.01,15.01
2024/01/01 16:13:21.23,151.23,-7.81,-7.04,14.89
2024/01/01 16:13:21.24,151.24,-7.55,-7.11,14.77
2024/01/01 16:13:21.25,151.25,-7.35,-7.17,14.66
2024/01/01 16:13:21.26,151.26,-7.29,-7.15,14.56
2024/01/01 16:13:21.27,151.27,-7.38,-7.05,14.50
2024/01/01 16:13:21.28,151.28,-7.53,-6.91,14.49
2024/01/01 16:13:21.29,151.29,-7.67,-6.80,14.51
2024/01/01 16:13:21.30,151.30,-7.77,-6.77,14.52
2024/01/01 16:13:21.31,151.31,-7.83,-6.80,14.50
2024/01/01 16:13:21.32,151.32,-7.86,-6.86,14.48
2024/01/01 16:13:21.33,151.33,-7.90,-6.93,14.49
2024/01/01 16:13:21.34,151.34,-7.97,-7.04,14.52
2024/01/01 16:13:21.35,151.35,-8.06,-7.19,14.54
2024/01/01 16:13:21.36,151.36,-8.14,-7.37,14.58
2024/01/01 16:13:21.37,151.37,-8.21,-7.54,14.64
2024/01/01 16:13:21.38,151.38,-8.28,-7.66,14.70
2024/01/01 16:13:21.39,151.39,-8.34,-7.70,14.73
2024/01/01 16:13:21.40,151.40,-8.40,-7.66,14.71
2024/01/01 16:13:21.41,151.41,-8.48,-7.56,14.68
2024/01/01 16:13:21.42,151.42,-8.56,-7.43,14.62
2024/01/01 16:13:21.43,151.43,-8.59,-7.31,14.55
2024/01/01 16:13:21.44,151.44,-8.57,-7.23,14.52
2024/01/01 16:13:21.45,151.45,-8.54,-7.20,14.51
2024/01/01 16:13:21.46,151.46,-8.54,-7.17,14.51
2024/01/01 16:13:21.47,151.47,-8.57,-7.11,14.49
2024/01/01 16:13:21.48,151.48,-8.60,-7.05,14.51
2024/01/01 16:13:21.49,151.49,-8.65,-7.00,14.56
2024/01/01 16:13:21.50,151.50,-8.72,-6.98,14.62
2024/01/01 16:13:21.51,151.51,-8.82,-6.97,14.65
2024/01/01 16:13:21.52,151.52,-8.94,-6.97,14.68
2024/01/01 16:13:21.53,151.53,-9.04,-6.97,14.72
2024/01/01 16:13:21.54,151.54,-9.10,-6.97,14.78
2024/01/01 16:13:21.55,151.55,-9.11,-6.96,14.83
2024/01/01 16:13:21.56,151.56,-9.09,-6.99,14.90
2024/01/01 16:13:21.57,151.57,-9.03,-7.10,15.00
2024/01/01 16:13:21.58,151.58,-8.94,-7.30,15.13
2024/01/01 16:13:21.59,151.59,-8.81,-7.52,15.24
2024/01/01 16:13:21.60,151.60,-8.66,-7.68,15.26
2024/01/01 16:13:21.61,151.61,-8.52,-7.77,15.19
2024/01/01 16:13:21.62,151.62,-8.36,-7.80,15.06
2024/01/01 16:13:21.63,151.63,-8.15,-7.78,14.89
2024/01/01 16:13:21.64,151.64,-7.89,-7.78,14.70
2024/01/01 16:13:21.65,151.65,-7.67,-7.82,14.50
2024/01/01 16:13:21.66,151.66,-7.52,-7.92,14.35
2024/01/01 16:13:21.67,151.67,-7.48,-8.00,14.26
2024/01/01 16:13:21.68,151.68,-7.55,-7.97,14.20
2024/01/01 16:13:21.69,151.69,-7.67,-7.82,14.12
2024/01/01 16:13:21.70,151.70,-7.79,-7.62,14.04
2024/01/01 16:13:21.71,151.71,-7.85,-7.48,14.02
2024/01/01 16:13:21.72,151.72,-7.86,-7.48,14.08
2024/01/01 16:13:21.73,151.73,-7.85,-7.52,14.19
2024/01/01 16:13:21.74,151.74,-7.85,-7.50,14.30
2024/01/01 16:13:21.75,151.75,-7.89,-7.36,14.44
2024/01/01 16:13:21.76,151.76,-7.92,-7.12,14.59
2024/01/01 16:13:21.77,151.77,-7.89,-6.92,14.68
2024/01/01 16:13:21.78,151.78,-7.79,-6.84,14.69
2024/01/01 16:13:21.79,151.79,-7.66,-6.88,14.66
2024/01/01 16:13:21.80,151.80,-7.55,-6.94,14.67
2024/01/01 16:13:21.81,151.81,-7.50,-6.96,14.72
2024/01/01 16:13:21.82,151.82,-7.53,-6.96,14.79
2024/01/01 16:13:21.83,151.83,-7.58,-6.99,14.83
2024/01/01 16:13:21.84,151.84,-7.62,-7.07,14.85
2024/01/01 16:13:21.85,151.85,-7.64,-7.18,14.83
2024/01/01 16:13:21.86,151.86,-7.64,-7.28,14.79
2024/01/01 16:13:21.87,151.87,-7.62,-7.26,14.76
2024/01/01 16:13:21.88,151.88,-7.58,-7.10,14.74
2024/01/01 16:13:21.89,151.89,-7.57,-6.87,14.73
2024/01/01 16:13:21.90,151.90,-7.62,-6.70,14.72
2024/01/01 16:13:21.91,151.91,-7.71,-6.68,14.72
2024/01/01 16:13:21.92,151.92,-7.85,-6.79,14.71
2024/01/01 16:13:21.93,151.93,-8.02,-6.97,14.67
2024/01/01 16:13:21.94,151.94,-8.16,-7.10,14.61
2024/01/01 16:13:21.95,151.95,-8.23,-7.12,14.55
2024/01/01 16:13:21.96,151.96,-8.21,-7.02,14.54
2024/01/01 16:13:21.97,151.97,-8.14,-6.83,14.56
2024/01/01 16:13:21.98,151.98,-8.04,-6.64,14.60
2024/01/01 16:13:21.99,151.99,-7.92,-6.55,14.66
2024/01/01 16:13:22.00,152.00,-7.82,-6.60,14.72
2024/01/01 16:13:22.01,152.01,-7.77,-6.70,14.77
2024/01/01 16:13:22.02,152.02,-7.81,-6.79,14.78
2024/01/01 16:13:22.03,152.03,-7.91,-6.89,14.71
2024/01/01 16:13:22.04,152.04,-8.03,-7.07,14.65
2024/01/01 16:13:22.05,152.05,-8.12,-7.37,14.65
2024/01/01 16:13:22.06,152.06,-8.20,-7.76,14.72
2024/01/01 16:13:22.07,152.07,-8.26,-8.12,14.78
2024/01/01 16:13:22.08,152.08,-8.31,-8.34,14.78
2024/01/01 16:13:22.09,152.09,-8.32,-8.35,14.72
2024/01/01 16:13:22.10,152.10,-8.29,-8.15,14.64
2024/01/01 16:13:22.11,152.11,-8.23,-7.88,14.58
2024/01/01 16:13:22.12,152.12,-8.16,-7.68,14.58
2024/01/01 16:13:22.13,152.13,-8.09,-7.65,14.65
2024/01/01 16:13:22.14,152.14,-8.03,-7.76,14.77
2024/01/01 16:13:22.15,152.15,-7.97,-7.94,14.87
2024/01/01 16:13:22.16,152.16,-7.94,-8.08,14.90
2024/01/01 16:13:22.17,152.17,-7.94,-8.14,14.87
2024/01/01 16:13:22.18,152.18,-7.97,-8.16,14.81
2024/01/01 16:13:22.19,152.19,-8.00,-8.21,14.75
2024/01/01 16:13:22.20,152.20,-8.04,-8.29,14.69
2024/01/01 16:13:22.21,152.21,-8.08,-8.39,14.66
2024/01/01 16:13:22.22,152.22,-8.14,-8.45,14.68
2024/01/01 16:13:22.23,152.23,-8.18,-8.38,14.73
2024/01/01 16:13:22.24,152.24,-8.20,-8.14,14.80
2024/01/01 16:13:22.25,152.25,-8.17,-7.83,14.88
2024/01/01 16:13:22.26,152.26,-8.09,-7.56,14.92
2024/01/01 16:13:22.27,152.27,-7.97,-7.43,14.91
2024/01/01 16:13:22.28,152.28,-7.86,-7.44,14.89
2024/01/01 16:13:22.29,152.29,-7.82,-7.53,14.87
2024/01/01 16:13:22.30,152.30,-7.85,-7.62,14.87
2024/01/01 16:13:22.31,152.31,-7.94,-7.65,14.87
2024/01/01 16:13:22.32,152.32,-8.06,-7.61,14.84
2024/01/01 16:13:22.33,152.33,-8.20,-7.49,14.80
2024/01/01 16:13:22.34,152.34,-8.36,-7.29,14.78
2024/01/01 16:13:22.35,152.35,-8.50,-7.08,14.77
2024/01/01 16:13:22.36,152.36,-8.58,-6.92,14.75
2024/01/01 16:13:22.37,152.37,-8.55,-6.85,14.71
2024/01/01 16:13:22.38,152.38,-8.39,-6.86,14.70
2024/01/01 16:13:22.39,152.39,-8.13,-6.88,14.74
2024/01/01 16:13:22.40,152.40,-7.88,-6.86,14.79
2024/01/01 16:13:22.41,152.41,-7.71,-6.83,14.81
2024/01/01 16:13:22.42,152.42,-7.68,-6.86,14.79
2024/01/01 16:13:22.43,152.43,-7.74,-6.97,14.75
2024/01/01 16:13:22.44,152.44,-7.85,-7.13,14.70
2024/01/01 16:13:22.45,152.45,-7.97,-7.25,14.62
2024/01/01 16:13:22.46,152.46,-8.11,-7.28,14.54
2024/01/01 16:13:22.47,152.47,-8.23,-7.24,14.49
2024/01/01 16:13:22.48,152.48,-8.33,-7.18,14.50
2024/01/01 16:13:22.49,152.49,-8.41,-7.15,14.52
2024/01/01 16:13:22.50,152.50,-8.44,-7.11,14.52
2024/01/01 16:13:22.51,152.51,-8.43,-6.99,14.53
2024/01/01 16:13:22.52,152.52,-8.38,-6.81,14.59
2024/01/01 16:13:22.53,152.53,-8.33,-6.61,14.65
2024/01/01 16:13:22.54,152.54,-8.25,-6.46,14.68
2024/01/01 16:13:22.55,152.55,-8.13,-6.39,14.70
2024/01/01 16:13:22.56,152.56,-7.99,-6.37,14.74
2024/01/01 16:13:22.57,152.57,-7.86,-6.37,14.77
2024/01/01 16:13:22.58,152.58,-7.79,-6.38,14.76
2024/01/01 16:13:22.59,152.59,-7.83,-6.42,14.74
2024/01/01 16:13:22.60,152.60,-7.97,-6.52,14.77
2024/01/01 16:13:22.61,152.61,-8.15,-6.69,14.83
2024/01/01 16:13:22.62,152.62,-8.26,-6.91,14.90
2024/01/01 16:13:22.63,152.63,-8.24,-7.10,14.93
2024/01/01 16:13:22.64,152.64,-8.10,-7.23,14.93
2024/01/01 16:13:22.65,152.65,-7.92,-7.32,14.92
2024/01/01 16:13:22.66,152.66,-7.78,-7.38,14.94
2024/01/01 16:13:22.67,152.67,-7.74,-7.45,14.95
2024/01/01 16:13:22.68,152.68,-7.76,-7.53,14.93
2024/01/01 16:13:22.69,152.69,-7.80,-7.62,14.87
2024/01/01 16:13:22.70,152.70,-7.86,-7.74,14.81
2024/01/01 16:13:22.71,152.71,-7.94,-7.88,14.77
2024/01/01 16:13:22.72,152.72,-8.07,-8.01,14.77
2024/01/01 16:13:22.73,152.73,-8.20,-8.06,14.77
2024/01/01 16:13:22.74,152.74,-8.28,-8.02,14.76
2024/01/01 16:13:22.75,152.75,-8.27,-7.95,14.73
2024/01/01 16:13:22.76,152.76,-8.20,-7.95,14.71
2024/01/01 16:13:22.77,152.77,-8.09,-7.99,14.72
2024/01/01 16:13:22.78,152.78,-7.99,-7.99,14.75
2024/01/01 16:13:22.79,152.79,-7.90,-7.89,14.78
2024/01/01 16:13:22.80,152.80,-7.82,-7.75,14.81
2024/01/01 16:13:22.81,152.81,-7.75,-7.67,14.82
2024/01/01 16:13:22.82,152.82,-7.67,-7.69,14.81
2024/01/01 16:13:22.83,152.83,-7.60,-7.81,14.80
2024/01/01 16:13:22.84,152.84,-7.58,-7.94,14.79
2024/01/01 16:13:22.85,152.85,-7.66,-7.99,14.77
2024/01/01 16:13:22.86,152.86,-7.81,-7.91,14.70
2024/01/01 16:13:22.87,152.87,-7.99,-7.74,14.58
2024/01/01 16:13:22.88,152.88,-8.13,-7.59,14.48
2024/01/01 16:13:22.89,152.89,-8.21,-7.53,14.47
2024/01/01 16:13:22.90,152.90,-8.23,-7.60,14.52
2024/01/01 16:13:22.91,152.91,-8.21,-7.80,14.56
2024/01/01 16:13:22.92,152.92,-8.17,-8.05,14.61
2024/01/01 16:13:22.93,152.93,-8.16,-8.23,14.65
2024/01/01 16:13:22.94,152.94,-8.18,-8.26,14.68
2024/01/01 16:13:22.95,152.95,-8.22,-8.16,14.66
2024/01/01 16:13:22.96,152.96,-8.23,-7.96,14.62
2024/01/01 16:13:22.97,152.97,-8.17,-7.70,14.57
2024/01/01 16:13:22.98,152.98,-8.07,-7.46,14.54
2024/01/01 16:13:22.99,152.99,-7.98,-7.26,14.54
2024/01/01 16:13:23.00,153.00,-7.95,-7.16,14.59
2024/01/01 16:13:23.01,153.01,-7.97,-7.11,14.63
2024/01/01 16:13:23.02,153.02,-8.02,-7.06,14.63
2024/01/01 16:13:23.03,153.03,-8.05,-7.01,14.58
2024/01/01 16:13:23.04,153.04,-8.06,-6.95,14.52
2024/01/01 16:13:23.05,153.05,-8.06,-6.88,14.46
2024/01/01 16:13:23.06,153.06,-8.05,-6.77,14.38
2024/01/01 16:13:23.07,153.07,-8.01,-6.62,14.33
2024/01/01 16:13:23.08,153.08,-7.95,-6.43,14.36
2024/01/01 16:13:23.09,153.09,-7.91,-6.28,14.46
2024/01/01 16:13:23.10,153.10,-7.90,-6.27,14.55
2024/01/01 16:13:23.11,153.11,-7.93,-6.36,14.57
2024/01/01 16:13:23.12,153.12,-8.00,-6.47,14.57
2024/01/01 16:13:23.13,153.13,-8.07,-6.53,14.60
2024/01/01 16:13:23.14,153.14,-8.11,-6.52,14.66
2024/01/01 16:13:23.15,153.15,-8.11,-6.49,14.73
2024/01/01 16:13:23.16,153.16,-8.04,-6.50,14.81
2024/01/01 16:13:23.17,153.17,-7.92,-6.59,14.89
2024/01/01 16:13:23.18,153.18,-7.78,-6.72,14.95
2024/01/01 16:13:23.19,153.19,-7.66,-6.87,14.97
2024/01/01 16:13:23.20,153.20,-7.63,-7.01,14.95
2024/01/01 16:13:23.21,153.21,-7.65,-7.11,14.94
2024/01/01 16:13:23.22,153.22,-7.66,-7.18,14.95
2024/01/01 16:13:23.23,153.23,-7.62,-7.24,14.96
2024/01/01 16:13:23.24,153.24,-7.53,-7.32,14.93
2024/01/01 16:13:23.25,153.25,-7.45,-7.43,14.86
2024/01/01 16:13:23.26,153.26,-7.42,-7.55,14.77
2024/01/01 16:13:23.27,153.27,-7.46,-7.64,14.69
2024/01/01 16:13:23.28,153.28,-7.56,-7.68,14.62
2024/01/01 16:13:23.29,153.29,-7.66,-7.71,14.53
2024/01/01 16:13:23.30,153.30,-7.72,-7.76,14.48
2024/01/01 16:13:23.31,153.31,-7.72,-7.79,14.48
2024/01/01 16:13:23.32,153.32,-7.64,-7.80,14.49
2024/01/01 16:13:23.33,153.33,-7.54,-7.80,14.50
2024/01/01 16:13:23.34,153.34,-7.46,-7.79,14.49
2024/01/01 16:13:23.35,153.35,-7.44,-7.75,14.50
2024/01/01 16:13:23.36,153.36,-7.51,-7.68,14.50
2024/01/01 16:13:23.37,153.37,-7.61,-7.60,14.47
2024/01/01 16:13:23.38,153.38,-7.68,-7.54,14.43
2024/01/01 16:13:23.39,153.39,-7.71,-7.56,14.39
2024/01/01 16:13:23.40,153.40,-7.75,-7.65,14.39
2024/01/01 16:13:23.41,153.41,-7.81,-7.76,14.41
2024/01/01 16:13:23.42,153.42,-7.87,-7.81,14.46
2024/01/01 16:13:23.43,153.43,-7.95,-7.77,14.51
2024/01/01 16:13:23.44,153.44,-8.01,-7.69,14.55
2024/01/01 16:13:23.45,153.45,-8.01,-7.63,14.57
2024/01/01 16:13:23.46,153.46,-7.95,-7.62,14.59
2024/01/01 16:13:23.47,153.47,-7.85,-7.65,14.61
2024/01/01 16:13:23.48,153.48,-7.75,-7.65,14.62
2024/01/01 16:13:23.49,153.49,-7.66,-7.62,14.62
2024/01/01 16:13:23.50,153.50,-7.63,-7.57,14.61
2024/01/01 16:13:23.51,153.51,-7.66,-7.50,14.62
2024/01/01 16:13:23.52,153.52,-7.74,-7.41,14.65
2024/01/01 16:13:23.53,153.53,-7.86,-7.33,14.69
2024/01/01 16:13:23.54,153.54,-7.97,-7.30,14.72
2024/01/01 16:13:23.55,153.55,-8.07,-7.33,14.76
2024/01/01 16:13:23.56,153.56,-8.14,-7.39,14.82
2024/01/01 16:13:23.57,153.57,-8.19,-7.46,14.88
2024/01/01 16:13:23.58,153.58,-8.19,-7.52,14.98
2024/01/01 16:13:23.59,153.59,-8.19,-7.59,15.10
2024/01/01 16:13:23.60,153.60,-8.21,-7.63,15.19
2024/01/01 16:13:23.61,153.61,-8.23,-7.57,15.20
2024/01/01 16:13:23.62,153.62,-8.23,-7.38,15.15
2024/01/01 16:13:23.63,153.63,-8.18,-7.13,15.12
2024/01/01 16:13:23.64,153.64,-8.10,-6.95,15.08
2024/01/01 16:13:23.65,153.65,-7.99,-6.90,15.02
2024/01/01 16:13:23.66,153.66,-7.88,-6.95,14.94
2024/01/01 16:13:23.67,153.67,-7.81,-7.04,14.88
2024/01/01 16:13:23.68,153.68,-7.79,-7.10,14.84
2024/01/01 16:13:23.69,153.69,-7.86,-7.14,14.76
2024/01/01 16:13:23.70,153.70,-7.96,-7.21,14.66
2024/01/01 16:13:23.71,153.71,-8.06,-7.32,14.55
2024/01/01 16:13:23.72,153.72,-8.14,-7.38,14.48
2024/01/01 16:13:23.73,153.73,-8.16,-7.37,14.50
2024/01/01 16:13:23.74,153.74,-8.13,-7.31,14.57
2024/01/01 16:13:23.75,153.75,-8.06,-7.24,14.62
2024/01/01 16:13:23.76,153.76,-8.00,-7.19,14.65
2024/01/01 16:13:23.77,153.77,-7.93,-7.20,14.70
2024/01/01 16:13:23.78,153.78,-7.85,-7.26,14.76
2024/01/01 16:13:23.79,153.79,-7.74,-7.33,14.78
2024/01/01 16:13:23.80,153.80,-7.69,-7.35,14.76
2024/01/01 16:13:23.81,153.81,-7.73,-7.28,14.72
2024/01/01 16:13:23.82,153.82,-7.82,-7.10,14.66
2024/01/01 16:13:23.83,153.83,-7.90,-6.93,14.57
2024/01/01 16:13:23.84,153.84,-7.91,-6.86,14.48
2024/01/01 16:13:23.85,153.85,-7.84,-6.88,14.42
2024/01/01 16:13:23.86,153.86,-7.74,-6.98,14.43
2024/01/01 16:13:23.87,153.87,-7.68,-7.10,14.50
2024/01/01 16:13:23.88,153.88,-7.67,-7.22,14.56
2024/01/01 16:13:23.89,153.89,-7.66,-7.31,14.57
2024/01/01 16:13:23.90,153.90,-7.62,-7.37,14.56
2024/01/01 16:13:23.91,153.91,-7.57,-7.41,14.56
2024/01/01 16:13:23.92,153.92,-7.53,-7.40,14.60
2024/01/01 16:13:23.93,153.93,-7.55,-7.31,14.65
2024/01/01 16:13:23.94,153.94,-7.62,-7.18,14.68
2024/01/01 16:13:23.95,153.95,-7.69,-7.04,14.72
2024/01/01 16:13:23.96,153.96,-7.73,-6.94,14.72
2024/01/01 16:13:23.97,153.97,-7.71,-6.92,14.69
2024/01/01 16:13:23.98,153.98,-7.65,-6.98,14.67
2024/01/01 16:13:23.99,153.99,-7.55,-7.09,14.70
2024/01/01 16:13:24.00,154.00,-7.45,-7.18,14.74
2024/01/01 16:13:24.01,154.01,-7.36,-7.23,14.74
2024/01/01 16:13:24.02,154.02,-7.30,-7.23,14.68
2024/01/01 16:13:24.03,154.03,-7.29,-7.19,14.60
2024/01/01 16:13:24.04,154.04,-7.35,-7.10,14.52
2024/01/01 16:13:24.05,154.05,-7.47,-7.01,14.44
2024/01/01 16:13:24.06,154.06,-7.62,-6.99,14.43
2024/01/01 16:13:24.07,154.07,-7.73,-7.04,14.48
2024/01/01 16:13:24.08,154.08,-7.79,-7.09,14.55
2024/01/01 16:13:24.09,154.09,-7.78,-7.14,14.59
2024/01/01 16:13:24.10,154.10,-7.73,-7.14,14.61
2024/01/01 16:13:24.11,154.11,-7.68,-7.09,14.66
2024/01/01 16:13:24.12,154.12,-7.68,-7.04,14.71
2024/01/01 16:13:24.13,154.13,-7.75,-7.02,14.76
2024/01/01 16:13:24.14,154.14,-7.85,-7.05,14.83
2024/01/01 16:13:24.15,154.15,-7.99,-7.07,14.93
2024/01/01 16:13:24.16,154.16,-8.13,-7.06,15.01
2024/01/01 16:13:24.17,154.17,-8.22,-7.04,15.05
2024/01/01 16:13:24.18,154.18,-8.23,-7.04,15.06
2024/01/01 16:13:24.19,154.19,-8.20,-7.07,15.08
2024/01/01 16:13:24.20,154.20,-8.20,-7.14,15.08
2024/01/01 16:13:24.21,154.21,-8.23,-7.26,15.07
2024/01/01 16:13:24.22,154.22,-8.27,-7.39,15.05
2024/01/01 16:13:24.23,154.23,-8.32,-7.50,15.05
2024/01/01 16:13:24.24,154.24,-8.36,-7.54,15.04
2024/01/01 16:13:24.25,154.25,-8.38,-7.52,15.00
2024/01/01 16:13:24.26,154.26,-8.39,-7.48,14.96
2024/01/01 16:13:24.27,154.27,-8.42,-7.47,14.97
2024/01/01 16:13:24.28,154.28,-8.47,-7.49,14.98
2024/01/01 16:13:24.29,154.29,-8.50,-7.52,14.97
2024/01/01 16:13:24.30,154.30,-8.52,-7.53,14.95
2024/01/01 16:13:24.31,154.31,-8.54,-7.52,14.95
2024/01/01 16:13:24.32,154.32,-8.54,-7.54,14.97
2024/01/01 16:13:24.33,154.33,-8.51,-7.61,14.98
2024/01/01 16:13:24.34,154.34,-8.45,-7.68,14.97
2024/01/01 16:13:24.35,154.35,-8.40,-7.71,14.95
2024/01/01 16:13:24.36,154.36,-8.35,-7.67,14.91
2024/01/01 16:13:24.37,154.37,-8.31,-7.57,14.84
2024/01/01 16:13:24.38,154.38,-8.29,-7.45,14.76
2024/01/01 16:13:24.39,154.39,-8.27,-7.37,14.67
2024/01/01 16:13:24.40,154.40,-8.25,-7.35,14.61
2024/01/01 16:13:24.41,154.41,-8.21,-7.36,14.60
2024/01/01 16:13:24.42,154.42,-8.14,-7.39,14.63
2024/01/01 16:13:24.43,154.43,-8.06,-7.43,14.66
2024/01/01 16:13:24.44,154.44,-8.00,-7.50,14.68
2024/01/01 16:13:24.45,154.45,-7.97,-7.59,14.72
2024/01/01 16:13:24.46,154.46,-8.00,-7.69,14.76
2024/01/01 16:13:24.47,154.47,-8.08,-7.75,14.76
2024/01/01 16:13:24.48,154.48,-8.16,-7.75,14.73
2024/01/01 16:13:24.49,154.49,-8.18,-7.71,14.68
2024/01/01 16:13:24.50,154.50,-8.12,-7.67,14.64
2024/01/01 16:13:24.51,154.51,-8.04,-7.69,14.61
2024/01/01 16:13:24.52,154.52,-8.00,-7.73,14.61
2024/01/01 16:13:24.53,154.53,-8.01,-7.73,14.65
2024/01/01 16:13:24.54,154.54,-8.07,-7.66,14.71
2024/01/01 16:13:24.55,154.55,-8.13,-7.54,14.73
2024/01/01 16:13:24.56,154.56,-8.14,-7.42,14.71
2024/01/01 16:13:24.57,154.57,-8.10,-7.35,14.70
2024/01/01 16:13:24.58,154.58,-8.04,-7.31,14.73
2024/01/01 16:13:24.59,154.59,-7.97,-7.24,14.76
2024/01/01 16:13:24.60,154.60,-7.91,-7.13,14.75
2024/01/01 16:13:24.61,154.61,-7.84,-7.06,14.72
2024/01/01 16:13:24.62,154.62,-7.74,-7.05,14.70
2024/01/01 16:13:24.63,154.63,-7.61,-7.08,14.71
2024/01/01 16:13:24.64,154.64,-7.48,-7.09,14.71
2024/01/01 16:13:24.65,154.65,-7.40,-7.04,14.70
2024/01/01 16:13:24.66,154.66,-7.38,-6.93,14.70
2024/01/01 16:13:24.67,154.67,-7.36,-6.80,14.70
2024/01/01 16:13:24.68,154.68,-7.36,-6.72,14.70
2024/01/01 16:13:24.69,154.69,-7.36,-6.70,14.71
2024/01/01 16:13:24.70,154.70,-7.37,-6.73,14.75
2024/01/01 16:13:24.71,154.71,-7.41,-6.76,14.82
2024/01/01 16:13:24.72,154.72,-7.49,-6.78,14.89
2024/01/01 16:13:24.73,154.73,-7.59,-6.81,14.93
2024/01/01 16:13:24.74,154.74,-7.68,-6.88,14.97
2024/01/01 16:13:24.75,154.75,-7.75,-6.93,15.01
2024/01/01 16:13:24.76,154.76,-7.81,-6.94,15.06
2024/01/01 16:13:24.77,154.77,-7.88,-6.88,15.07
2024/01/01 16:13:24.78,154.78,-7.95,-6.79,15.06
2024/01/01 16:13:24.79,154.79,-8.00,-6.70,15.06
2024/01/01 16:13:24.80,154.80,-8.06,-6.68,15.07
2024/01/01 16:13:24.81,154.81,-8.14,-6.75,15.08
2024/01/01 16:13:24.82,154.82,-8.27,-6.89,15.09
2024/01/01 16:13:24.83,154.83,-8.41,-7.07,15.10
2024/01/01 16:13:24.84,154.84,-8.56,-7.23,15.07
2024/01/01 16:13:24.85,154.85,-8.72,-7.34,15.02
2024/01/01 16:13:24.86,154.86,-8.84,-7.43,14.98
2024/01/01 16:13:24.87,154.87,-8.92,-7.51,14.95
2024/01/01 16:13:24.88,154.88,-8.95,-7.55,14.94
2024/01/01 16:13:24.89,154.89,-8.93,-7.56,14.94
2024/01/01 16:13:24.90,154.90,-8.87,-7.55,14.94
2024/01/01 16:13:24.91,154.91,-8.78,-7.56,14.92
2024/01/01 16:13:24.92,154.92,-8.70,-7.61,14.87
2024/01/01 16:13:24.93,154.93,-8.62,-7.74,14.81
2024/01/01 16:13:24.94,154.94,-8.58,-7.89,14.75
2024/01/01 16:13:24.95,154.95,-8.59,-8.05,14.72
2024/01/01 16:13:24.96,154.96,-8.66,-8.21,14.73
2024/01/01 16:13:24.97,154.97,-8.74,-8.34,14.77
2024/01/01 16:13:24.98,154.98,-8.80,-8.40,14.80
2024/01/01 16:13:24.99,154.99,-8.81,-8.41,14.80
2024/01/01 16:13:25.00,155.00,-8.76,-8.38,14.78
2024/01/01 16:13:25.01,155.01,-8.66,-8.33,14.76
2024/01/01 16:13:25.02,155.02,-8.58,-8.28,14.77
2024/01/01 16:13:25.03,155.03,-8.55,-8.23,14.80
2024/01/01 16:13:25.04,155.04,-8.53,-8.19,14.83
2024/01/01 16:13:25.05,155.05,-8.47,-8.16,14.84
2024/01/01 16:13:25.06,155.06,-8.35,-8.13,14.83
2024/01/01 16:13:25.07,155.07,-8.23,-8.09,14.80
2024/01/01 16:13:25.08,155.08,-8.17,-8.01,14.76
2024/01/01 16:13:25.09,155.09,-8.18,-7.92,14.75
2024/01/01 16:13:25.10,155.10,-8.24,-7.83,14.77
2024/01/01 16:13:25.11,155.11,-8.28,-7.77,14.83
2024/01/01 16:13:25.12,155.12,-8.25,-7.78,14.90
2024/01/01 16:13:25.13,155.13,-8.17,-7.82,14.97
2024/01/01 16:13:25.14,155.14,-8.12,-7.82,14.99
2024/01/01 16:13:25.15,155.15,-8.14,-7.73,14.99
2024/01/01 16:13:25.16,155.16,-8.21,-7.56,14.95
2024/01/01 16:13:25.17,155.17,-8.27,-7.33,14.89
2024/01/01 16:13:25.18,155.18,-8.30,-7.12,14.87
2024/01/01 16:13:25.19,155.19,-8.30,-7.00,14.88
2024/01/01 16:13:25.20,155.20,-8.25,-6.95,14.91
2024/01/01 16:13:25.21,155.21,-8.16,-6.91,14.94
2024/01/01 16:13:25.22,155.22,-8.05,-6.85,14.95
2024/01/01 16:13:25.23,155.23,-7.92,-6.73,14.94
2024/01/01 16:13:25.24,155.24,-7.81,-6.59,14.91
2024/01/01 16:13:25.25,155.25,-7.72,-6.51,14.84
2024/01/01 16:13:25.26,155.26,-7.71,-6.51,14.77
2024/01/01 16:13:25.27,155.27,-7.77,-6.54,14.72
2024/01/01 16:13:25.28,155.28,-7.91,-6.56,14.68
2024/01/01 16:13:25.29,155.29,-8.11,-6.57,14.65
2024/01/01 16:13:25.30,155.30,-8.28,-6.58,14.62
2024/01/01 16:13:25.31,155.31,-8.36,-6.58,14.58
2024/01/01 16:13:25.32,155.32,-8.37,-6.60,14.54
2024/01/01 16:13:25.33,155.33,-8.35,-6.63,14.52
2024/01/01 16:13:25.34,155.34,-8.37,-6.61,14.56
2024/01/01 16:13:25.35,155.35,-8.41,-6.55,14.62
2024/01/01 16:13:25.36,155.36,-8.47,-6.47,14.68
2024/01/01 16:13:25.37,155.37,-8.52,-6.43,14.72
2024/01/01 16:13:25.38,155.38,-8.55,-6.48,14.76
2024/01/01 16:13:25.39,155.39,-8.56,-6.59,14.83
2024/01/01 16:13:25.40,155.40,-8.56,-6.67,14.91
2024/01/01 16:13:25.41,155.41,-8.55,-6.67,14.99
2024/01/01 16:13:25.42,155.42,-8.53,-6.61,15.04
2024/01/01 16:13:25.43,155.43,-8.50,-6.57,15.08
2024/01/01 16:13:25.44,155.44,-8.46,-6.60,15.14
2024/01/01 16:13:25.45,155.45,-8.41,-6.74,15.21
2024/01/01 16:13:25.46,155.46,-8.39,-6.93,15.25
2024/01/01 16:13:25.47,155.47,-8.41,-7.10,15.27
2024/01/01 16:13:25.48,155.48,-8.45,-7.24,15.28
2024/01/01 16:13:25.49,155.49,-8.46,-7.35,15.25
2024/01/01 16:13:25.50,155.50,-8.41,-7.44,15.18
2024/01/01 16:13:25.51,155.51,-8.29,-7.50,15.10
2024/01/01 16:13:25.52,155.52,-8.14,-7.54,15.04
2024/01/01 16:13:25.53,155.53,-8.03,-7.58,15.02
2024/01/01 16:13:25.54,155.54,-7.97,-7.63,15.00
2024/01/01 16:13:25.55,155.55,-7.96,-7.70,14.95
2024/01/01 16:13:25.56,155.56,-7.95,-7.77,14.87
2024/01/01 16:13:25.57,155.57,-7.92,-7.79,14.79
2024/01/01 16:13:25.58,155.58,-7.88,-7.78,14.72
2024/01/01 16:13:25.59,155.59,-7.83,-7.80,14.68
2024/01/01 16:13:25.60,155.60,-7.83,-7.85,14.69
2024/01/01 16:13:25.61,155.61,-7.88,-7.91,14.74
2024/01/01 16:13:25.62,155.62,-7.96,-7.95,14.77
2024/01/01 16:13:25.63,155.63,-8.06,-7.97,14.75
2024/01/01 16:13:25.64,155.64,-8.13,-7.97,14.75
2024/01/01 16:13:25.65,155.65,-8.18,-7.94,14.79
2024/01/01 16:13:25.66,155.66,-8.24,-7.89,14.86
2024/01/01 16:13:25.67,155.67,-8.27,-7.85,14.91
2024/01/01 16:13:25.68,155.68,-8.27,-7.84,14.94
2024/01/01 16:13:25.69,155.69,-8.24,-7.85,14.97
2024/01/01 16:13:25.70,155.70,-8.21,-7.85,15.00
2024/01/01 16:13:25.71,155.71,-8.21,-7.86,15.02
2024/01/01 16:13:25.72,155.72,-8.28,-7.91,15.05
2024/01/01 16:13:25.73,155.73,-8.35,-8.00,15.07
2024/01/01 16:13:25.74,155.74,-8.37,-8.11,15.07
2024/01/01 16:13:25.75,155.75,-8.34,-8.17,15.04
2024/01/01 16:13:25.76,155.76,-8.28,-8.13,14.99
2024/01/01 16:13:25.77,155.77,-8.22,-8.02,14.98
2024/01/01 16:13:25.78,155.78,-8.21,-7.87,15.00
2024/01/01 16:13:25.79,155.79,-8.24,-7.74,15.00
2024/01/01 16:13:25.80,155.80,-8.26,-7.65,14.98
2024/01/01 16:13:25.81,155.81,-8.25,-7.58,14.96
2024/01/01 16:13:25.82,155.82,-8.23,-7.48,14.93
2024/01/01 16:13:25.83,155.83,-8.20,-7.40,14.91
2024/01/01 16:13:25.84,155.84,-8.15,-7.35,14.90
2024/01/01 16:13:25.85,155.85,-8.11,-7.29,14.88
2024/01/01 16:13:25.86,155.86,-8.08,-7.22,14.85
2024/01/01 16:13:25.87,155.87,-8.05,-7.15,14.84
2024/01/01 16:13:25.88,155.88,-8.05,-7.08,14.86
2024/01/01 16:13:25.89,155.89,-8.08,-7.03,14.90
2024/01/01 16:13:25.90,155.90,-8.11,-7.00,14.92
2024/01/01 16:13:25.91,155.91,-8.15,-6.98,14.91
2024/01/01 16:13:25.92,155.92,-8.17,-6.94,14.91
2024/01/01 16:13:25.93,155.93,-8.14,-6.92,14.94
2024/01/01 16:13:25.94,155.94,-8.09,-6.96,14.98
2024/01/01 16:13:25.95,155.95,-8.04,-7.05,15.01
2024/01/01 16:13:25.96,155.96,-8.02,-7.15,15.03
2024/01/01 16:13:25.97,155.97,-8.01,-7.24,15.03
2024/01/01 16:13:25.98,155.98,-8.01,-7.29,15.04
2024/01/01 16:13:25.99,155.99,-7.99,-7.29,15.05
2024/01/01 16:13:26.00,156.00,-7.95,-7.25,15.05
2024/01/01 16:13:26.01,156.01,-7.90,-7.16,15.04
2024/01/01 16:13:26.02,156.02,-7.88,-7.05,15.05
2024/01/01 16:13:26.03,156.03,-7.90,-6.94,15.08
2024/01/01 16:13:26.04,156.04,-7.95,-6.88,15.11
2024/01/01 16:13:26.05,156.05,-8.02,-6.86,15.14
2024/01/01 16:13:26.06,156.06,-8.12,-6.84,15.14
2024/01/01 16:13:26.07,156.07,-8.23,-6.81,15.11
2024/01/01 16:13:26.08,156.08,-8.33,-6.76,15.07
2024/01/01 16:13:26.09,156.09,-8.41,-6.72,15.03
2024/01/01 16:13:26.10,156.10,-8.43,-6.70,15.01
2024/01/01 16:13:26.11,156.11,-8.41,-6.69,14.99
2024/01/01 16:13:26.12,156.12,-8.37,-6.67,15.00
2024/01/01 16:13:26.13,156.13,-8.34,-6.66,15.02
2024/01/01 16:13:26.14,156.14,-8.36,-6.69,15.02
2024/01/01 16:13:26.15,156.15,-8.41,-6.74,15.00
2024/01/01 16:13:26.16,156.16,-8.47,-6.79,14.95
2024/01/01 16:13:26.17,156.17,-8.49,-6.82,14.88
2024/01/01 16:13:26.18,156.18,-8.45,-6.83,14.84
2024/01/01 16:13:26.19,156.19,-8.37,-6.85,14.83
2024/01/01 16:13:26.20,156.20,-8.28,-6.87,14.85
2024/01/01 16:13:26.21,156.21,-8.22,-6.92,14.91
2024/01/01 16:13:26.22,156.22,-8.22,-7.00,14.98
2024/01/01 16:13:26.23,156.23,-8.25,-7.04,15.03
2024/01/01 16:13:26.24,156.24,-8.26,-7.03,15.03
2024/01/01 16:13:26.25,156.25,-8.22,-6.95,15.00
2024/01/01 16:13:26.26,156.26,-8.17,-6.85,14.97
2024/01/01 16:13:26.27,156.27,-8.10,-6.78,14.96
2024/01/01 16:13:26.28,156.28,-8.06,-6.73,14.99
2024/01/01 16:13:26.29,156.29,-8.07,-6.70,15.01
2024/01/01 16:13:26.30,156.30,-8.12,-6.70,15.02
2024/01/01 16:13:26.31,156.31,-8.20,-6.73,15.03
2024/01/01 16:13:26.32,156.32,-8.31,-6.78,15.06
2024/01/01 16:13:26.33,156.33,-8.39,-6.85,15.10
2024/01/01 16:13:26.34,156.34,-8.42,-6.95,15.12
2024/01/01 16:13:26.35,156.35,-8.42,-7.07,15.12
2024/01/01 16:13:26.36,156.36,-8.42,-7.17,15.14
2024/01/01 16:13:26.37,156.37,-8.43,-7.23,15.20
2024/01/01 16:13:26.38,156.38,-8.46,-7.26,15.28
2024/01/01 16:13:26.39,156.39,-8.52,-7.28,15.34
2024/01/01 16:13:26.40,156.40,-8.58,-7.33,15.33
2024/01/01 16:13:26.41,156.41,-8.62,-7.40,15.28
2024/01/01 16:13:26.42,156.42,-8.66,-7.46,15.21
2024/01/01 16:13:26.43,156.43,-8.67,-7.50,15.13
2024/01/01 16:13:26.44,156.44,-8.65,-7.53,15.06
2024/01/01 16:13:26.45,156.45,-8.59,-7.54,15.01
2024/01/01 16:13:26.46,156.46,-8.51,-7.53,14.96
2024/01/01 16:13:26.47,156.47,-8.42,-7.54,14.91
2024/01/01 16:13:26.48,156.48,-8.36,-7.61,14.91
2024/01/01 16:13:26.49,156.49,-8.33,-7.71,14.94
2024/01/01 16:13:26.50,156.50,-8.31,-7.84,14.98
2024/01/01 16:13:26.51,156.51,-8.28,-7.96,14.98
2024/01/01 16:13:26.52,156.52,-8.22,-8.05,14.97
2024/01/01 16:13:26.53,156.53,-8.15,-8.05,14.99
2024/01/01 16:13:26.54,156.54,-8.12,-7.98,15.02
2024/01/01 16:13:26.55,156.55,-8.13,-7.90,15.03
2024/01/01 16:13:26.56,156.56,-8.17,-7.85,15.04
2024/01/01 16:13:26.57,156.57,-8.20,-7.83,15.04
2024/01/01 16:13:26.58,156.58,-8.21,-7.80,15.03
2024/01/01 16:13:26.59,156.59,-8.21,-7.74,14.98
2024/01/01 16:13:26.60,156.60,-8.21,-7.66,14.93
2024/01/01 16:13:26.61,156.61,-8.21,-7.56,14.91
2024/01/01 16:13:26.62,156.62,-8.21,-7.48,14.91
2024/01/01 16:13:26.63,156.63,-8.22,-7.44,14.91
2024/01/01 16:13:26.64,156.64,-8.24,-7.44,14.93
2024/01/01 16:13:26.65,156.65,-8.26,-7.44,14.96
2024/01/01 16:13:26.66,156.66,-8.31,-7.42,15.03
2024/01/01 16:13:26.67,156.67,-8.35,-7.34,15.10
2024/01/01 16:13:26.68,156.68,-8.35,-7.21,15.14
2024/01/01 16:13:26.69,156.69,-8.29,-7.07,15.15
2024/01/01 16:13:26.70,156.70,-8.18,-6.96,15.16
2024/01/01 16:13:26.71,156.71,-8.07,-6.87,15.19
2024/01/01 16:13:26.72,156.72,-7.99,-6.79,15.22
2024/01/01 16:13:26.73,156.73,-7.93,-6.68,15.23
2024/01/01 16:13:26.74,156.74,-7.89,-6.57,15.19
2024/01/01 16:13:26.75,156.75,-7.87,-6.49,15.12
2024/01/01 16:13:26.76,156.76,-7.87,-6.47,15.04
2024/01/01 16:13:26.77,156.77,-7.88,-6.49,14.97
2024/01/01 16:13:26.78,156.78,-7.92,-6.52,14.93
2024/01/01 16:13:26.79,156.79,-8.00,-6.56,14.90
2024/01/01 16:13:26.80,156.80,-8.08,-6.61,14.87
2024/01/01 16:13:26.81,156.81,-8.16,-6.69,14.84
2024/01/01 16:13:26.82,156.82,-8.22,-6.78,14.79
2024/01/01 16:13:26.83,156.83,-8.26,-6.83,14.74
2024/01/01 16:13:26.84,156.84,-8.27,-6.83,14.66
2024/01/01 16:13:26.85,156.85,-8.26,-6.77,14.59
2024/01/01 16:13:26.86,156.86,-8.24,-6.71,14.55
2024/01/01 16:13:26.87,156.87,-8.23,-6.65,14.56
2024/01/01 16:13:26.88,156.88,-8.25,-6.61,14.60
2024/01/01 16:13:26.89,156.89,-8.29,-6.58,14.66
2024/01/01 16:13:26.90,156.90,-8.31,-6.53,14.70
2024/01/01 16:13:26.91,156.91,-8.32,-6.46,14.73
2024/01/01 16:13:26.92,156.92,-8.31,-6.38,14.73
2024/01/01 16:13:26.93,156.93,-8.30,-6.33,14.73
2024/01/01 16:13:26.94,156.94,-8.32,-6.34,14.75
2024/01/01 16:13:26.95,156.95,-8.34,-6.43,14.80
2024/01/01 16:13:26.96,156.96,-8.34,-6.53,14.85
2024/01/01 16:13:26.97,156.97,-8.33,-6.62,14.87
2024/01/01 16:13:26.98,156.98,-8.32,-6.72,14.87
2024/01/01 16:13:26.99,156.99,-8.32,-6.85,14.86
2024/01/01 16:13:27.00,157.00,-8.35,-6.98,14.85
2024/01/01 16:13:27.01,157.01,-8.40,-7.10,14.83
2024/01/01 16:13:27.02,157.02,-8.45,-7.18,14.82
2024/01/01 16:13:27.03,157.03,-8.49,-7.23,14.80
2024/01/01 16:13:27.04,157.04,-8.53,-7.25,14.77
2024/01/01 16:13:27.05,157.05,-8.55,-7.26,14.72
2024/01/01 16:13:27.06,157.06,-8.53,-7.25,14.68
2024/01/01 16:13:27.07,157.07,-8.49,-7.19,14.64
2024/01/01 16:13:27.08,157.08,-8.42,-7.12,14.62
2024/01/01 16:13:27.09,157.09,-8.37,-7.07,14.61
2024/01/01 16:13:27.10,157.10,-8.36,-7.06,14.59
2024/01/01 16:13:27.11,157.11,-8.35,-7.02,14.59
2024/01/01 16:13:27.12,157.12,-8.36,-6.94,14.62
2024/01/01 16:13:27.13,157.13,-8.35,-6.83,14.66
2024/01/01 16:13:27.14,157.14,-8.33,-6.76,14.68
2024/01/01 16:13:27.15,157.15,-8.33,-6.75,14.67
2024/01/01 16:13:27.16,157.16,-8.34,-6.81,14.66
2024/01/01 16:13:27.17,157.17,-8.35,-6.90,14.69
2024/01/01 16:13:27.18,157.18,-8.35,-6.96,14.73
2024/01/01 16:13:27.19,157.19,-8.35,-7.00,14.79
2024/01/01 16:13:27.20,157.20,-8.32,-7.05,14.85
2024/01/01 16:13:27.21,157.21,-8.28,-7.10,14.91
2024/01/01 16:13:27.22,157.22,-8.23,-7.11,14.96
2024/01/01 16:13:27.23,157.23,-8.14,-7.06,14.96
2024/01/01 16:13:27.24,157.24,-8.02,-6.99,14.92
2024/01/01 16:13:27.25,157.25,-7.89,-6.94,14.89
2024/01/01 16:13:27.26,157.26,-7.81,-6.93,14.86
2024/01/01 16:13:27.27,157.27,-7.80,-6.99,14.86
2024/01/01 16:13:27.28,157.28,-7.84,-7.10,14.87
2024/01/01 16:13:27.29,157.29,-7.93,-7.16,14.86
2024/01/01 16:13:27.30,157.30,-8.04,-7.14,14.83
2024/01/01 16:13:27.31,157.31,-8.14,-7.10,14.81
2024/01/01 16:13:27.32,157.32,-8.20,-7.09,14.77
2024/01/01 16:13:27.33,157.33,-8.23,-7.13,14.72
2024/01/01 16:13:27.34,157.34,-8.22,-7.22,14.70
2024/01/01 16:13:27.35,157.35,-8.20,-7.27,14.73
2024/01/01 16:13:27.36,157.36,-8.18,-7.27,14.77
2024/01/01 16:13:27.37,157.37,-8.13,-7.23,14.77
2024/01/01 16:13:27.38,157.38,-8.05,-7.20,14.75
2024/01/01 16:13:27.39,157.39,-7.93,-7.17,14.75
2024/01/01 16:13:27.40,157.40,-7.79,-7.15,14.73
2024/01/01 16:13:27.41,157.41,-7.68,-7.12,14.66
2024/01/01 16:13:27.42,157.42,-7.64,-7.10,14.58
2024/01/01 16:13:27.43,157.43,-7.65,-7.10,14.51
2024/01/01 16:13:27.44,157.44,-7.70,-7.09,14.47
2024/01/01 16:13:27.45,157.45,-7.77,-7.09,14.47
2024/01/01 16:13:27.46,157.46,-7.85,-7.10,14.48
2024/01/01 16:13:27.47,157.47,-7.89,-7.11,14.48
2024/01/01 16:13:27.48,157.48,-7.90,-7.12,14.48
2024/01/01 16:13:27.49,157.49,-7.88,-7.15,14.48
2024/01/01 16:13:27.50,157.50,-7.86,-7.20,14.48
2024/01/01 16:13:27.51,157.51,-7.83,-7.24,14.51
2024/01/01 16:13:27.52,157.52,-7.77,-7.25,14.55
2024/01/01 16:13:27.53,157.53,-7.70,-7.23,14.58
2024/01/01 16:13:27.54,157.54,-7.62,-7.18,14.58
2024/01/01 16:13:27.55,157.55,-7.54,-7.13,14.58
2024/01/01 16:13:27.56,157.56,-7.46,-7.11,14.61
2024/01/01 16:13:27.57,157.57,-7.42,-7.12,14.64
2024/01/01 16:13:27.58,157.58,-7.41,-7.08,14.64
2024/01/01 16:13:27.59,157.59,-7.47,-6.98,14.62
2024/01/01 16:13:27.60,157.60,-7.58,-6.86,14.63
2024/01/01 16:13:27.61,157.61,-7.72,-6.76,14.67
2024/01/01 16:13:27.62,157.62,-7.85,-6.74,14.69
2024/01/01 16:13:27.63,157.63,-7.96,-6.78,14.68
2024/01/01 16:13:27.64,157.64,-8.05,-6.85,14.68
2024/01/01 16:13:27.65,157.65,-8.12,-6.91,14.67
2024/01/01 16:13:27.66,157.66,-8.21,-6.97,14.65
2024/01/01 16:13:27.67,157.67,-8.29,-7.04,14.63
2024/01/01 16:13:27.68,157.68,-8.36,-7.13,14.63
2024/01/01 16:13:27.69,157.69,-8.38,-7.17,14.61
2024/01/01 16:13:27.70,157.70,-8.35,-7.13,14.55
2024/01/01 16:13:27.71,157.71,-8.29,-7.05,14.48
2024/01/01 16:13:27.72,157.72,-8.23,-6.97,14.43
2024/01/01 16:13:27.73,157.73,-8.19,-6.91,14.41
2024/01/01 16:13:27.74,157.74,-8.18,-6.90,14.39
2024/01/01 16:13:27.75,157.75,-8.19,-6.95,14.36
2024/01/01 16:13:27.76,157.76,-8.22,-7.03,14.32
2024/01/01 16:13:27.77,157.77,-8.29,-7.13,14.31
2024/01/01 16:13:27.78,157.78,-8.39,-7.23,14.30
2024/01/01 16:13:27.79,157.79,-8.50,-7.30,14.28
2024/01/01 16:13:27.80,157.80,-8.59,-7.37,14.26
2024/01/01 16:13:27.81,157.81,-8.66,-7.42,14.26
2024/01/01 16:13:27.82,157.82,-8.70,-7.45,14.27
2024/01/01 16:13:27.83,157.83,-8.72,-7.51,14.30
2024/01/01 16:13:27.84,157.84,-8.71,-7.58,14.37
2024/01/01 16:13:27.85,157.85,-8.68,-7.64,14.48
2024/01/01 16:13:27.86,157.86,-8.61,-7.66,14.58
2024/01/01 16:13:27.87,157.87,-8.49,-7.65,14.66
2024/01/01 16:13:27.88,157.88,-8.36,-7.65,14.70
2024/01/01 16:13:27.89,157.89,-8.24,-7.68,14.72
2024/01/01 16:13:27.90,157.90,-8.15,-7.73,14.75
2024/01/01 16:13:27.91,157.91,-8.09,-7.77,14.80
2024/01/01 16:13:27.92,157.92,-8.06,-7.79,14.84
2024/01/01 16:13:27.93,157.93,-8.05,-7.75,14.87
2024/01/01 16:13:27.94,157.94,-8.03,-7.66,14.88
2024/01/01 16:13:27.95,157.95,-7.99,-7.54,14.89
2024/01/01 16:13:27.96,157.96,-7.93,-7.42,14.91
2024/01/01 16:13:27.97,157.97,-7.86,-7.33,14.91
2024/01/01 16:13:27.98,157.98,-7.77,-7.26,14.88
2024/01/01 16:13:27.99,157.99,-7.67,-7.18,14.85
2024/01/01 16:13:28.00,158.00,-7.58,-7.11,14.82
2024/01/01 16:13:28.01,158.01,-7.51,-7.08,14.80
2024/01/01 16:13:28.02,158.02,-7.46,-7.10,14.76
2024/01/01 16:13:28.03,158.03,-7.41,-7.18,14.73
2024/01/01 16:13:28.04,158.04,-7.37,-7.27,14.72
2024/01/01 16:13:28.05,158.05,-7.35,-7.32,14.74
2024/01/01 16:13:28.06,158.06,-7.34,-7.31,14.75
2024/01/01 16:13:28.07,158.07,-7.31,-7.24,14.76
2024/01/01 16:13:28.08,158.08,-7.28,-7.14,14.77
2024/01/01 16:13:28.09,158.09,-7.22,-7.02,14.76
2024/01/01 16:13:28.10,158.10,-7.14,-6.94,14.73
2024/01/01 16:13:28.11,158.11,-7.07,-6.88,14.70
2024/01/01 16:13:28.12,158.12,-7.04,-6.86,14.68
2024/01/01 16:13:28.13,158.13,-7.07,-6.87,14.66
2024/01/01 16:13:28.14,158.14,-7.14,-6.93,14.63
2024/01/01 16:13:28.15,158.15,-7.22,-7.02,14.58
2024/01/01 16:13:28.16,158.16,-7.30,-7.08,14.55
2024/01/01 16:13:28.17,158.17,-7.37,-7.09,14.52
2024/01/01 16:13:28.18,158.18,-7.46,-7.04,14.46
2024/01/01 16:13:28.19,158.19,-7.53,-6.97,14.40
2024/01/01 16:13:28.20,158.20,-7.61,-6.90,14.37
2024/01/01 16:13:28.21,158.21,-7.68,-6.84,14.38
2024/01/01 16:13:28.22,158.22,-7.74,-6.79,14.42
2024/01/01 16:13:28.23,158.23,-7.76,-6.78,14.45
2024/01/01 16:13:28.24,158.24,-7.75,-6.83,14.50
2024/01/01 16:13:28.25,158.25,-7.71,-6.90,14.56
2024/01/01 16:13:28.26,158.26,-7.69,-6.97,14.61
2024/01/01 16:13:28.27,158.27,-7.71,-7.01,14.62
2024/01/01 16:13:28.28,158.28,-7.78,-7.00,14.60
2024/01/01 16:13:28.29,158.29,-7.90,-6.94,14.56
2024/01/01 16:13:28.30,158.30,-8.02,-6.87,14.54
2024/01/01 16:13:28.31,158.31,-8.12,-6.87,14.54
2024/01/01 16:13:28.32,158.32,-8.20,-6.93,14.58
2024/01/01 16:13:28.33,158.33,-8.26,-7.00,14.64
2024/01/01 16:13:28.34,158.34,-8.29,-7.04,14.71
2024/01/01 16:13:28.35,158.35,-8.31,-7.06,14.80
2024/01/01 16:13:28.36,158.36,-8.31,-7.08,14.85
2024/01/01 16:13:28.37,158.37,-8.27,-7.13,14.86
2024/01/01 16:13:28.38,158.38,-8.18,-7.19,14.87
2024/01/01 16:13:28.39,158.39,-8.08,-7.23,14.88
2024/01/01 16:13:28.40,158.40,-7.99,-7.24,14.86
2024/01/01 16:13:28.41,158.41,-7.92,-7.25,14.81
2024/01/01 16:13:28.42,158.42,-7.89,-7.26,14.75
2024/01/01 16:13:28.43,158.43,-7.89,-7.29,14.71
2024/01/01 16:13:28.44,158.44,-7.88,-7.31,14.70
2024/01/01 16:13:28.45,158.45,-7.88,-7.33,14.68
2024/01/01 16:13:28.46,158.46,-7.87,-7.32,14.65
2024/01/01 16:13:28.47,158.47,-7.84,-7.31,14.61
2024/01/01 16:13:28.48,158.48,-7.82,-7.29,14.58
2024/01/01 16:13:28.49,158.49,-7.80,-7.28,14.58
2024/01/01 16:13:28.50,158.50,-7.78,-7.29,14.58
2024/01/01 16:13:28.51,158.51,-7.76,-7.32,14.59
2024/01/01 16:13:28.52,158.52,-7.74,-7.35,14.60
2024/01/01 16:13:28.53,158.53,-7.72,-7.39,14.61
2024/01/01 16:13:28.54,158.54,-7.71,-7.41,14.64
2024/01/01 16:13:28.55,158.55,-7.70,-7.40,14.68
2024/01/01 16:13:28.56,158.56,-7.66,-7.35,14.70
2024/01/01 16:13:28.57,158.57,-7.58,-7.27,14.71
2024/01/01 16:13:28.58,158.58,-7.48,-7.18,14.73
2024/01/01 16:13:28.59,158.59,-7.41,-7.09,14.76
2024/01/01 16:13:28.60,158.60,-7.37,-7.01,14.78
2024/01/01 16:13:28.61,158.61,-7.39,-6.95,14.79
2024/01/01 16:13:28.62,158.62,-7.44,-6.94,14.78
2024/01/01 16:13:28.63,158.63,-7.47,-6.99,14.79
2024/01/01 16:13:28.64,158.64,-7.49,-7.08,14.81
2024/01/01 16:13:28.65,158.65,-7.50,-7.17,14.82
2024/01/01 16:13:28.66,158.66,-7.49,-7.23,14.80
2024/01/01 16:13:28.67,158.67,-7.46,-7.25,14.77
2024/01/01 16:13:28.68,158.68,-7.43,-7.24,14.72
2024/01/01 16:13:28.69,158.69,-7.41,-7.21,14.67
2024/01/01 16:13:28.70,158.70,-7.40,-7.18,14.63
2024/01/01 16:13:28.71,158.71,-7.41,-7.15,14.63
2024/01/01 16:13:28.72,158.72,-7.41,-7.11,14.65
2024/01/01 16:13:28.73,158.73,-7.42,-7.08,14.66
2024/01/01 16:13:28.74,158.74,-7.44,-7.06,14.65
2024/01/01 16:13:28.75,158.75,-7.45,-7.06,14.63
2024/01/01 16:13:28.76,158.76,-7.46,-7.06,14.60
2024/01/01 16:13:28.77,158.77,-7.46,-7.02,14.59
2024/01/01 16:13:28.78,158.78,-7.48,-6.93,14.57
2024/01/01 16:13:28.79,158.79,-7.50,-6.80,14.55
2024/01/01 16:13:28.80,158.80,-7.53,-6.69,14.54
2024/01/01 16:13:28.81,158.81,-7.58,-6.65,14.52
2024/01/01 16:13:28.82,158.82,-7.65,-6.68,14.52
2024/01/01 16:13:28.83,158.83,-7.71,-6.77,14.54
2024/01/01 16:13:28.84,158.84,-7.76,-6.86,14.56
2024/01/01 16:13:28.85,158.85,-7.79,-6.95,14.55
2024/01/01 16:13:28.86,158.86,-7.81,-7.04,14.54
2024/01/01 16:13:28.87,158.87,-7.80,-7.13,14.55
2024/01/01 16:13:28.88,158.88,-7.79,-7.23,14.54
2024/01/01 16:13:28.89,158.89,-7.81,-7.34,14.52
2024/01/01 16:13:28.90,158.90,-7.87,-7.44,14.52
2024/01/01 16:13:28.91,158.91,-7.95,-7.49,14.52
2024/01/01 16:13:28.92,158.92,-8.01,-7.49,14.50
2024/01/01 16:13:28.93,158.93,-8.04,-7.47,14.47
2024/01/01 16:13:28.94,158.94,-8.07,-7.46,14.46
2024/01/01 16:13:28.95,158.95,-8.11,-7.45,14.45
2024/01/01 16:13:28.96,158.96,-8.17,-7.42,14.44
2024/01/01 16:13:28.97,158.97,-8.23,-7.39,14.42
2024/01/01 16:13:28.98,158.98,-8.29,-7.37,14.39
2024/01/01 16:13:28.99,158.99,-8.33,-7.34,14.34
2024/01/01 16:13:29.00,159.00,-8.34,-7.34,14.33
2024/01/01 16:13:29.01,159.01,-8.35,-7.39,14.38
2024/01/01 16:13:29.02,159.02,-8.33,-7.44,14.46
2024/01/01 16:13:29.03,159.03,-8.32,-7.44,14.53
2024/01/01 16:13:29.04,159.04,-8.34,-7.37,14.61
2024/01/01 16:13:29.05,159.05,-8.35,-7.28,14.67
2024/01/01 16:13:29.06,159.06,-8.34,-7.25,14.72
2024/01/01 16:13:29.07,159.07,-8.30,-7.32,14.77
2024/01/01 16:13:29.08,159.08,-8.23,-7.42,14.80
2024/01/01 16:13:29.09,159.09,-8.13,-7.50,14.84
2024/01/01 16:13:29.10,159.10,-7.98,-7.51,14.86
2024/01/01 16:13:29.11,159.11,-7.85,-7.48,14.86
2024/01/01 16:13:29.12,159.12,-7.74,-7.46,14.82
2024/01/01 16:13:29.13,159.13,-7.69,-7.46,14.78
2024/01/01 16:13:29.14,159.14,-7.67,-7.52,14.79
2024/01/01 16:13:29.15,159.15,-7.66,-7.59,14.83
2024/01/01 16:13:29.16,159.16,-7.65,-7.64,14.85
2024/01/01 16:13:29.17,159.17,-7.68,-7.62,14.83
2024/01/01 16:13:29.18,159.18,-7.73,-7.51,14.81
2024/01/01 16:13:29.19,159.19,-7.78,-7.34,14.77
2024/01/01 16:13:29.20,159.20,-7.80,-7.19,14.70
2024/01/01 16:13:29.21,159.21,-7.80,-7.10,14.63
2024/01/01 16:13:29.22,159.22,-7.81,-7.08,14.59
2024/01/01 16:13:29.23,159.23,-7.84,-7.09,14.61
2024/01/01 16:13:29.24,159.24,-7.89,-7.10,14.64
2024/01/01 16:13:29.25,159.25,-7.95,-7.09,14.66
2024/01/01 16:13:29.26,159.26,-7.96,-7.09,14.67
2024/01/01 16:13:29.27,159.27,-7.93,-7.10,14.66
2024/01/01 16:13:29.28,159.28,-7.88,-7.13,14.66
2024/01/01 16:13:29.29,159.29,-7.81,-7.12,14.69
2024/01/01 16:13:29.30,159.30,-7.75,-7.06,14.72
2024/01/01 16:13:29.31,159.31,-7.71,-6.97,14.75
2024/01/01 16:13:29.32,159.32,-7.70,-6.88,14.74
2024/01/01 16:13:29.33,159.33,-7.72,-6.83,14.70
2024/01/01 16:13:29.34,159.34,-7.79,-6.82,14.64
2024/01/01 16:13:29.35,159.35,-7.88,-6.87,14.59
2024/01/01 16:13:29.36,159.36,-7.95,-6.96,14.54
2024/01/01 16:13:29.37,159.37,-7.99,-7.07,14.51
2024/01/01 16:13:29.38,159.38,-7.98,-7.17,14.49
2024/01/01 16:13:29.39,159.39,-7.92,-7.27,14.49
2024/01/01 16:13:29.40,159.40,-7.84,-7.34,14.51
2024/01/01 16:13:29.41,159.41,-7.77,-7.35,14.54
2024/01/01 16:13:29.42,159.42,-7.71,-7.30,14.56
2024/01/01 16:13:29.43,159.43,-7.70,-7.23,14.56
2024/01/01 16:13:29.44,159.44,-7.72,-7.18,14.51
2024/01/01 16:13:29.45,159.45,-7.75,-7.13,14.44
2024/01/01 16:13:29.46,159.46,-7.76,-7.09,14.40
2024/01/01 16:13:29.47,159.47,-7.77,-7.10,14.40
2024/01/01 16:13:29.48,159.48,-7.77,-7.20,14.42
2024/01/01 16:13:29.49,159.49,-7.79,-7.34,14.47
2024/01/01 16:13:29.50,159.50,-7.82,-7.48,14.52
2024/01/01 16:13:29.51,159.51,-7.86,-7.54,14.56
2024/01/01 16:13:29.52,159.52,-7.87,-7.55,14.56
2024/01/01 16:13:29.53,159.53,-7.84,-7.53,14.55
2024/01/01 16:13:29.54,159.54,-7.77,-7.50,14.55
2024/01/01 16:13:29.55,159.55,-7.70,-7.47,14.55
2024/01/01 16:13:29.56,159.56,-7.66,-7.43,14.56
2024/01/01 16:13:29.57,159.57,-7.67,-7.37,14.56
2024/01/01 16:13:29.58,159.58,-7.71,-7.29,14.57
2024/01/01 16:13:29.59,159.59,-7.76,-7.21,14.56
2024/01/01 16:13:29.60,159.60,-7.77,-7.12,14.54
2024/01/01 16:13:29.61,159.61,-7.74,-7.07,14.50
2024/01/01 16:13:29.62,159.62,-7.67,-7.04,14.46
2024/01/01 16:13:29.63,159.63,-7.61,-7.00,14.45
2024/01/01 16:13:29.64,159.64,-7.61,-6.99,14.48
2024/01/01 16:13:29.65,159.65,-7.65,-6.99,14.50
2024/01/01 16:13:29.66,159.66,-7.70,-7.01,14.50
2024/01/01 16:13:29.67,159.67,-7.73,-7.00,14.47
2024/01/01 16:13:29.68,159.68,-7.77,-6.96,14.44
2024/01/01 16:13:29.69,159.69,-7.81,-6.88,14.43
2024/01/01 16:13:29.70,159.70,-7.84,-6.82,14.42
2024/01/01 16:13:29.71,159.71,-7.85,-6.80,14.43
2024/01/01 16:13:29.72,159.72,-7.82,-6.80,14.43
2024/01/01 16:13:29.73,159.73,-7.77,-6.78,14.42
2024/01/01 16:13:29.74,159.74,-7.71,-6.78,14.41
2024/01/01 16:13:29.75,159.75,-7.71,-6.82,14.40
2024/01/01 16:13:29.76,159.76,-7.75,-6.90,14.42
2024/01/01 16:13:29.77,159.77,-7.83,-7.00,14.44
2024/01/01 16:13:29.78,159.78,-7.91,-7.07,14.45
2024/01/01 16:13:29.79,159.79,-7.98,-7.10,14.44
2024/01/01 16:13:29.80,159.80,-8.04,-7.11,14.45
2024/01/01 16:13:29.81,159.81,-8.12,-7.14,14.49
2024/01/01 16:13:29.82,159.82,-8.20,-7.20,14.54
2024/01/01 16:13:29.83,159.83,-8.25,-7.26,14.57
2024/01/01 16:13:29.84,159.84,-8.27,-7.30,14.56
2024/01/01 16:13:29.85,159.85,-8.28,-7.31,14.55
2024/01/01 16:13:29.86,159.86,-8.27,-7.30,14.57
2024/01/01 16:13:29.87,159.87,-8.26,-7.31,14.63
2024/01/01 16:13:29.88,159.88,-8.27,-7.34,14.68
2024/01/01 16:13:29.89,159.89,-8.29,-7.37,14.66
2024/01/01 16:13:29.90,159.90,-8.31,-7.39,14.61
2024/01/01 16:13:29.91,159.91,-8.33,-7.39,14.57
2024/01/01 16:13:29.92,159.92,-8.36,-7.38,14.55
2024/01/01 16:13:29.93,159.93,-8.38,-7.38,14.53
2024/01/01 16:13:29.94,159.94,-8.37,-7.40,14.50
2024/01/01 16:13:29.95,159.95,-8.33,-7.43,14.47
2024/01/01 16:13:29.96,159.96,-8.28,-7.44,14.45
2024/01/01 16:13:29.97,159.97,-8.24,-7.46,14.45
2024/01/01 16:13:29.98,159.98,-8.20,-7.49,14.48
2024/01/01 16:13:29.99,159.99,-8.19,-7.54,14.52
2024/01/01 16:13:30.00,160.00,-8.18,-7.59,14.56
2024/01/01 16:13:30.01,160.01,-8.15,-7.61,14.59
2024/01/01 16:13:30.02,160.02,-8.08,-7.60,14.60
2024/01/01 16:13:30.03,160.03,-8.01,-7.55,14.60
2024/01/01 16:13:30.04,160.04,-7.99,-7.50,14.61
2024/01/01 16:13:30.05,160.05,-8.00,-7.47,14.62
2024/01/01 16:13:30.06,160.06,-8.02,-7.47,14.64
2024/01/01 16:13:30.07,160.07,-7.99,-7.49,14.66
2024/01/01 16:13:30.08,160.08,-7.94,-7.49,14.67
2024/01/01 16:13:30.09,160.09,-7.88,-7.48,14.69
2024/01/01 16:13:30.10,160.10,-7.79,-7.46,14.70
2024/01/01 16:13:30.11,160.11,-7.69,-7.46,14.71
2024/01/01 16:13:30.12,160.12,-7.61,-7.47,14.68
2024/01/01 16:13:30.13,160.13,-7.54,-7.46,14.64
2024/01/01 16:13:30.14,160.14,-7.52,-7.43,14.61
2024/01/01 16:13:30.15,160.15,-7.52,-7.37,14.58
2024/01/01 16:13:30.16,160.16,-7.52,-7.32,14.54
2024/01/01 16:13:30.17,160.17,-7.52,-7.28,14.52
2024/01/01 16:13:30.18,160.18,-7.53,-7.27,14.50
2024/01/01 16:13:30.19,160.19,-7.56,-7.27,14.49
2024/01/01 16:13:30.20,160.20,-7.62,-7.28,14.48
2024/01/01 16:13:30.21,160.21,-7.68,-7.31,14.47
2024/01/01 16:13:30.22,160.22,-7.74,-7.35,14.49
2024/01/01 16:13:30.23,160.23,-7.78,-7.36,14.53
2024/01/01 16:13:30.24,160.24,-7.79,-7.31,14.57
2024/01/01 16:13:30.25,160.25,-7.76,-7.18,14.61
2024/01/01 16:13:30.26,160.26,-7.69,-7.03,14.65
2024/01/01 16:13:30.27,160.27,-7.61,-6.94,14.70
2024/01/01 16:13:30.28,160.28,-7.54,-6.91,14.74
2024/01/01 16:13:30.29,160.29,-7.49,-6.93,14.74
2024/01/01 16:13:30.30,160.30,-7.45,-6.98,14.72
2024/01/01 16:13:30.31,160.31,-7.42,-7.08,14.71
2024/01/01 16:13:30.32,160.32,-7.40,-7.21,14.68
2024/01/01 16:13:30.33,160.33,-7.39,-7.33,14.63
2024/01/01 16:13:30.34,160.34,-7.41,-7.42,14.56
2024/01/01 16:13:30.35,160.35,-7.46,-7.48,14.51
2024/01/01 16:13:30.36,160.36,-7.57,-7.50,14.51
2024/01/01 16:13:30.37,160.37,-7.73,-7.46,14.52
2024/01/01 16:13:30.38,160.38,-7.87,-7.38,14.54
2024/01/01 16:13:30.39,160.39,-7.96,-7.29,14.55
2024/01/01 16:13:30.40,160.40,-8.02,-7.22,14.58
2024/01/01 16:13:30.41,160.41,-8.05,-7.20,14.62
2024/01/01 16:13:30.42,160.42,-8.06,-7.22,14.67
2024/01/01 16:13:30.43,160.43,-8.07,-7.24,14.70
2024/01/01 16:13:30.44,160.44,-8.09,-7.24,14.73
2024/01/01 16:13:30.45,160.45,-8.11,-7.21,14.73
2024/01/01 16:13:30.46,160.46,-8.15,-7.20,14.72
2024/01/01 16:13:30.47,160.47,-8.21,-7.20,14.69
2024/01/01 16:13:30.48,160.48,-8.26,-7.19,14.68
2024/01/01 16:13:30.49,160.49,-8.31,-7.15,14.70
2024/01/01 16:13:30.50,160.50,-8.35,-7.10,14.72
2024/01/01 16:13:30.51,160.51,-8.39,-7.05,14.74
2024/01/01 16:13:30.52,160.52,-8.43,-7.03,14.75
2024/01/01 16:13:30.53,160.53,-8.50,-7.07,14.76
2024/01/01 16:13:30.54,160.54,-8.56,-7.17,14.77
2024/01/01 16:13:30.55,160.55,-8.62,-7.28,14.78
2024/01/01 16:13:30.56,160.56,-8.64,-7.38,14.81
2024/01/01 16:13:30.57,160.57,-8.62,-7.43,14.83
2024/01/01 16:13:30.58,160.58,-8.58,-7.43,14.81
2024/01/01 16:13:30.59,160.59,-8.58,-7.39,14.77
2024/01/01 16:13:30.60,160.60,-8.64,-7.34,14.74
2024/01/01 16:13:30.61,160.61,-8.71,-7.28,14.72
2024/01/01 16:13:30.62,160.62,-8.77,-7.20,14.71
2024/01/01 16:13:30.63,160.63,-8.82,-7.12,14.69
2024/01/01 16:13:30.64,160.64,-8.86,-7.06,14.65
2024/01/01 16:13:30.65,160.65,-8.89,-7.05,14.61
2024/01/01 16:13:30.66,160.66,-8.88,-7.11,14.60
2024/01/01 16:13:30.67,160.67,-8.85,-7.21,14.62
2024/01/01 16:13:30.68,160.68,-8.82,-7.34,14.63
2024/01/01 16:13:30.69,160.69,-8.81,-7.47,14.63
2024/01/01 16:13:30.70,160.70,-8.81,-7.56,14.62
2024/01/01 16:13:30.71,160.71,-8.82,-7.60,14.61
2024/01/01 16:13:30.72,160.72,-8.84,-7.58,14.59
2024/01/01 16:13:30.73,160.73,-8.84,-7.51,14.58
2024/01/01 16:13:30.74,160.74,-8.83,-7.43,14.57
2024/01/01 16:13:30.75,160.75,-8.80,-7.32,14.58
2024/01/01 16:13:30.76,160.76,-8.75,-7.23,14.61
2024/01/01 16:13:30.77,160.77,-8.68,-7.17,14.64
2024/01/01 16:13:30.78,160.78,-8.59,-7.12,14.66
2024/01/01 16:13:30.79,160.79,-8.47,-7.07,14.66
2024/01/01 16:13:30.80,160.80,-8.35,-7.02,14.62
2024/01/01 16:13:30.81,160.81,-8.25,-7.02,14.55
2024/01/01 16:13:30.82,160.82,-8.19,-7.07,14.46
2024/01/01 16:13:30.83,160.83,-8.19,-7.17,14.38
2024/01/01 16:13:30.84,160.84,-8.22,-7.25,14.36
2024/01/01 16:13:30.85,160.85,-8.26,-7.29,14.38
2024/01/01 16:13:30.86,160.86,-8.28,-7.27,14.41
2024/01/01 16:13:30.87,160.87,-8.26,-7.16,14.41
2024/01/01 16:13:30.88,160.88,-8.19,-7.02,14.42
2024/01/01 16:13:30.89,160.89,-8.10,-6.89,14.45
2024/01/01 16:13:30.90,160.90,-7.99,-6.80,14.52
2024/01/01 16:13:30.91,160.91,-7.92,-6.79,14.59
2024/01/01 16:13:30.92,160.92,-7.85,-6.84,14.64
2024/01/01 16:13:30.93,160.93,-7.77,-6.92,14.69
2024/01/01 16:13:30.94,160.94,-7.68,-7.02,14.73
2024/01/01 16:13:30.95,160.95,-7.62,-7.10,14.76
2024/01/01 16:13:30.96,160.96,-7.59,-7.13,14.77
2024/01/01 16:13:30.97,160.97,-7.60,-7.11,14.76
2024/01/01 16:13:30.98,160.98,-7.62,-7.07,14.76
2024/01/01 16:13:30.99,160.99,-7.65,-7.08,14.80
2024/01/01 16:13:31.00,161.00,-7.67,-7.15,14.83
2024/01/01 16:13:31.01,161.01,-7.71,-7.26,14.84
2024/01/01 16:13:31.02,161.02,-7.77,-7.36,14.85
2024/01/01 16:13:31.03,161.03,-7.83,-7.43,14.84
2024/01/01 16:13:31.04,161.04,-7.88,-7.50,14.82
2024/01/01 16:13:31.05,161.05,-7.89,-7.60,14.79
2024/01/01 16:13:31.06,161.06,-7.86,-7.75,14.78
2024/01/01 16:13:31.07,161.07,-7.84,-7.90,14.81
2024/01/01 16:13:31.08,161.08,-7.82,-8.00,14.83
2024/01/01 16:13:31.09,161.09,-7.79,-8.00,14.83
2024/01/01 16:13:31.10,161.10,-7.77,-7.89,14.79
2024/01/01 16:13:31.11,161.11,-7.75,-7.73,14.71
2024/01/01 16:13:31.12,161.12,-7.76,-7.59,14.63
2024/01/01 16:13:31.13,161.13,-7.80,-7.50,14.56
2024/01/01 16:13:31.14,161.14,-7.85,-7.47,14.56
2024/01/01 16:13:31.15,161.15,-7.90,-7.50,14.61
2024/01/01 16:13:31.16,161.16,-7.95,-7.56,14.65
2024/01/01 16:13:31.17,161.17,-7.98,-7.63,14.67
2024/01/01 16:13:31.18,161.18,-8.01,-7.67,14.66
2024/01/01 16:13:31.19,161.19,-8.04,-7.68,14.64
2024/01/01 16:13:31.20,161.20,-8.09,-7.66,14.62
2024/01/01 16:13:31.21,161.21,-8.17,-7.65,14.63
2024/01/01 16:13:31.22,161.22,-8.26,-7.65,14.66
2024/01/01 16:13:31.23,161.23,-8.34,-7.62,14.73
2024/01/01 16:13:31.24,161.24,-8.40,-7.55,14.80
2024/01/01 16:13:31.25,161.25,-8.45,-7.44,14.87
2024/01/01 16:13:31.26,161.26,-8.46,-7.32,14.89
2024/01/01 16:13:31.27,161.27,-8.46,-7.21,14.89
2024/01/01 16:13:31.28,161.28,-8.46,-7.13,14.87
2024/01/01 16:13:31.29,161.29,-8.44,-7.08,14.88
2024/01/01 16:13:31.30,161.30,-8.42,-7.07,14.91
2024/01/01 16:13:31.31,161.31,-8.40,-7.07,14.93
2024/01/01 16:13:31.32,161.32,-8.39,-7.08,14.91
2024/01/01 16:13:31.33,161.33,-8.41,-7.10,14.87
2024/01/01 16:13:31.34,161.34,-8.44,-7.08,14.85
2024/01/01 16:13:31.35,161.35,-8.51,-7.06,14.83
2024/01/01 16:13:31.36,161.36,-8.58,-7.04,14.77
2024/01/01 16:13:31.37,161.37,-8.65,-7.02,14.72
2024/01/01 16:13:31.38,161.38,-8.71,-7.01,14.70
2024/01/01 16:13:31.39,161.39,-8.74,-7.01,14.69
2024/01/01 16:13:31.40,161.40,-8.74,-7.03,14.68
2024/01/01 16:13:31.41,161.41,-8.70,-7.07,14.65
2024/01/01 16:13:31.42,161.42,-8.64,-7.10,14.62
2024/01/01 16:13:31.43,161.43,-8.60,-7.11,14.59
2024/01/01 16:13:31.44,161.44,-8.56,-7.12,14.54
2024/01/01 16:13:31.45,161.45,-8.54,-7.14,14.51
2024/01/01 16:13:31.46,161.46,-8.53,-7.15,14.52
2024/01/01 16:13:31.47,161.47,-8.52,-7.15,14.56
2024/01/01 16:13:31.48,161.48,-8.53,-7.15,14.59
2024/01/01 16:13:31.49,161.49,-8.54,-7.13,14.60
2024/01/01 16:13:31.50,161.50,-8.56,-7.12,14.60
2024/01/01 16:13:31.51,161.51,-8.54,-7.14,14.60
2024/01/01 16:13:31.52,161.52,-8.51,-7.21,14.60
2024/01/01 16:13:31.53,161.53,-8.47,-7.31,14.59
2024/01/01 16:13:31.54,161.54,-8.42,-7.41,14.60
2024/01/01 16:13:31.55,161.55,-8.34,-7.50,14.61
2024/01/01 16:13:31.56,161.56,-8.25,-7.56,14.64
2024/01/01 16:13:31.57,161.57,-8.18,-7.60,14.67
2024/01/01 16:13:31.58,161.58,-8.11,-7.63,14.70
2024/01/01 16:13:31.59,161.59,-8.05,-7.62,14.73
2024/01/01 16:13:31.60,161.60,-7.99,-7.61,14.75
2024/01/01 16:13:31.61,161.61,-7.93,-7.58,14.76
2024/01/01 16:13:31.62,161.62,-7.89,-7.54,14.77
2024/01/01 16:13:31.63,161.63,-7.86,-7.49,14.82
2024/01/01 16:13:31.64,161.64,-7.82,-7.44,14.90
2024/01/01 16:13:31.65,161.65,-7.78,-7.40,14.97
2024/01/01 16:13:31.66,161.66,-7.73,-7.36,15.02
2024/01/01 16:13:31.67,161.67,-7.66,-7.34,15.04
2024/01/01 16:13:31.68,161.68,-7.59,-7.33,15.06
2024/01/01 16:13:31.69,161.69,-7.51,-7.36,15.08
2024/01/01 16:13:31.70,161.70,-7.46,-7.41,15.11
2024/01/01 16:13:31.71,161.71,-7.46,-7.46,15.13
2024/01/01 16:13:31.72,161.72,-7.49,-7.48,15.15
2024/01/01 16:13:31.73,161.73,-7.54,-7.45,15.16
2024/01/01 16:13:31.74,161.74,-7.58,-7.40,15.16
2024/01/01 16:13:31.75,161.75,-7.61,-7.38,15.14
2024/01/01 16:13:31.76,161.76,-7.63,-7.39,15.09
2024/01/01 16:13:31.77,161.77,-7.64,-7.39,15.04
2024/01/01 16:13:31.78,161.78,-7.64,-7.35,15.01
2024/01/01 16:13:31.79,161.79,-7.66,-7.27,14.97
2024/01/01 16:13:31.80,161.80,-7.68,-7.17,14.90
2024/01/01 16:13:31.81,161.81,-7.68,-7.09,14.82
2024/01/01 16:13:31.82,161.82,-7.69,-7.05,14.75
2024/01/01 16:13:31.83,161.83,-7.74,-7.06,14.72
2024/01/01 16:13:31.84,161.84,-7.81,-7.11,14.72
2024/01/01 16:13:31.85,161.85,-7.88,-7.17,14.71
2024/01/01 16:13:31.86,161.86,-7.95,-7.19,14.70
2024/01/01 16:13:31.87,161.87,-8.04,-7.19,14.72
2024/01/01 16:13:31.88,161.88,-8.13,-7.20,14.74
2024/01/01 16:13:31.89,161.89,-8.21,-7.20,14.78
2024/01/01 16:13:31.90,161.90,-8.26,-7.16,14.82
2024/01/01 16:13:31.91,161.91,-8.29,-7.08,14.83
2024/01/01 16:13:31.92,161.92,-8.30,-6.97,14.83
2024/01/01 16:13:31.93,161.93,-8.31,-6.87,14.83
2024/01/01 16:13:31.94,161.94,-8.35,-6.81,14.81
2024/01/01 16:13:31.95,161.95,-8.41,-6.77,14.79
2024/01/01 16:13:31.96,161.96,-8.46,-6.76,14.76
2024/01/01 16:13:31.97,161.97,-8.49,-6.78,14.75
2024/01/01 16:13:31.98,161.98,-8.50,-6.82,14.75
2024/01/01 16:13:31.99,161.99,-8.52,-6.85,14.77
2024/01/01 16:13:32.00,162.00,-8.56,-6.85,14.80
2024/01/01 16:13:32.01,162.01,-8.59,-6.83,14.81
2024/01/01 16:13:32.02,162.02,-8.60,-6.81,14.81
2024/01/01 16:13:32.03,162.03,-8.62,-6.83,14.80
2024/01/01 16:13:32.04,162.04,-8.63,-6.86,14.81
2024/01/01 16:13:32.05,162.05,-8.63,-6.89,14.82
2024/01/01 16:13:32.06,162.06,-8.63,-6.93,14.84
2024/01/01 16:13:32.07,162.07,-8.60,-6.96,14.84
2024/01/01 16:13:32.08,162.08,-8.52,-7.01,14.84
2024/01/01 16:13:32.09,162.09,-8.43,-7.06,14.83
2024/01/01 16:13:32.10,162.10,-8.38,-7.11,14.83
2024/01/01 16:13:32.11,162.11,-8.35,-7.16,14.85
2024/01/01 16:13:32.12,162.12,-8.33,-7.15,14.85
2024/01/01 16:13:32.13,162.13,-8.30,-7.11,14.83
2024/01/01 16:13:32.14,162.14,-8.26,-7.10,14.79
2024/01/01 16:13:32.15,162.15,-8.21,-7.13,14.74
2024/01/01 16:13:32.16,162.16,-8.15,-7.20,14.74
2024/01/01 16:13:32.17,162.17,-8.08,-7.27,14.76
2024/01/01 16:13:32.18,162.18,-7.98,-7.32,14.77
2024/01/01 16:13:32.19,162.19,-7.86,-7.33,14.74
2024/01/01 16:13:32.20,162.20,-7.77,-7.34,14.70
2024/01/01 16:13:32.21,162.21,-7.75,-7.38,14.68
2024/01/01 16:13:32.22,162.22,-7.80,-7.42,14.65
2024/01/01 16:13:32.23,162.23,-7.88,-7.44,14.64
2024/01/01 16:13:32.24,162.24,-7.98,-7.41,14.65
2024/01/01 16:13:32.25,162.25,-8.05,-7.34,14.69
2024/01/01 16:13:32.26,162.26,-8.08,-7.28,14.74
2024/01/01 16:13:32.27,162.27,-8.08,-7.25,14.81
2024/01/01 16:13:32.28,162.28,-8.08,-7.25,14.88
2024/01/01 16:13:32.29,162.29,-8.08,-7.25,14.90
2024/01/01 16:13:32.30,162.30,-8.06,-7.28,14.90
2024/01/01 16:13:32.31,162.31,-8.02,-7.31,14.89
2024/01/01 16:13:32.32,162.32,-7.95,-7.36,14.89
2024/01/01 16:13:32.33,162.33,-7.89,-7.41,14.89
2024/01/01 16:13:32.34,162.34,-7.85,-7.44,14.90
2024/01/01 16:13:32.35,162.35,-7.83,-7.44,14.91
2024/01/01 16:13:32.36,162.36,-7.83,-7.42,14.92
2024/01/01 16:13:32.37,162.37,-7.86,-7.39,14.92
2024/01/01 16:13:32.38,162.38,-7.90,-7.37,14.90
2024/01/01 16:13:32.39,162.39,-7.93,-7.35,14.86
2024/01/01 16:13:32.40,162.40,-7.95,-7.33,14.82
2024/01/01 16:13:32.41,162.41,-7.95,-7.33,14.80
2024/01/01 16:13:32.42,162.42,-7.95,-7.36,14.78
2024/01/01 16:13:32.43,162.43,-7.94,-7.39,14.76
2024/01/01 16:13:32.44,162.44,-7.95,-7.42,14.76
2024/01/01 16:13:32.45,162.45,-7.96,-7.45,14.76
2024/01/01 16:13:32.46,162.46,-7.97,-7.46,14.77
2024/01/01 16:13:32.47,162.47,-7.99,-7.45,14.78
2024/01/01 16:13:32.48,162.48,-8.04,-7.37,14.79
2024/01/01 16:13:32.49,162.49,-8.11,-7.25,14.79
2024/01/01 16:13:32.50,162.50,-8.17,-7.12,14.78
2024/01/01 16:13:32.51,162.51,-8.20,-7.00,14.76
2024/01/01 16:13:32.52,162.52,-8.21,-6.89,14.76
2024/01/01 16:13:32.53,162.53,-8.21,-6.79,14.78
2024/01/01 16:13:32.54,162.54,-8.23,-6.69,14.78
2024/01/01 16:13:32.55,162.55,-8.28,-6.62,14.78
2024/01/01 16:13:32.56,162.56,-8.34,-6.60,14.76
2024/01/01 16:13:32.57,162.57,-8.39,-6.61,14.75
2024/01/01 16:13:32.58,162.58,-8.43,-6.61,14.75
2024/01/01 16:13:32.59,162.59,-8.45,-6.61,14.76
2024/01/01 16:13:32.60,162.60,-8.44,-6.61,14.77
2024/01/01 16:13:32.61,162.61,-8.44,-6.62,14.77
2024/01/01 16:13:32.62,162.62,-8.44,-6.66,14.78
2024/01/01 16:13:32.63,162.63,-8.45,-6.70,14.79
2024/01/01 16:13:32.64,162.64,-8.46,-6.75,14.79
2024/01/01 16:13:32.65,162.65,-8.46,-6.81,14.76
2024/01/01 16:13:32.66,162.66,-8.46,-6.87,14.74
2024/01/01 16:13:32.67,162.67,-8.45,-6.92,14.72
2024/01/01 16:13:32.68,162.68,-8.41,-6.97,14.70
2024/01/01 16:13:32.69,162.69,-8.33,-7.03,14.68
2024/01/01 16:13:32.70,162.70,-8.24,-7.08,14.68
2024/01/01 16:13:32.71,162.71,-8.18,-7.11,14.70
2024/01/01 16:13:32.72,162.72,-8.17,-7.14,14.70
2024/01/01 16:13:32.73,162.73,-8.17,-7.15,14.67
2024/01/01 16:13:32.74,162.74,-8.20,-7.14,14.61
2024/01/01 16:13:32.75,162.75,-8.21,-7.11,14.56
2024/01/01 16:13:32.76,162.76,-8.22,-7.07,14.55
2024/01/01 16:13:32.77,162.77,-8.22,-7.06,14.55
2024/01/01 16:13:32.78,162.78,-8.23,-7.07,14.54
2024/01/01 16:13:32.79,162.79,-8.24,-7.10,14.54
2024/01/01 16:13:32.80,162.80,-8.26,-7.13,14.55
2024/01/01 16:13:32.81,162.81,-8.28,-7.18,14.56
2024/01/01 16:13:32.82,162.82,-8.31,-7.25,14.61
2024/01/01 16:13:32.83,162.83,-8.32,-7.32,14.69
2024/01/01 16:13:32.84,162.84,-8.31,-7.33,14.77
2024/01/01 16:13:32.85,162.85,-8.25,-7.26,14.84
2024/01/01 16:13:32.86,162.86,-8.18,-7.17,14.89
2024/01/01 16:13:32.87,162.87,-8.12,-7.10,14.94
2024/01/01 16:13:32.88,162.88,-8.07,-7.11,14.97
2024/01/01 16:13:32.89,162.89,-8.05,-7.20,15.01
2024/01/01 16:13:32.90,162.90,-8.05,-7.30,15.04
2024/01/01 16:13:32.91,162.91,-8.03,-7.39,15.05
2024/01/01 16:13:32.92,162.92,-8.03,-7.43,15.05
2024/01/01 16:13:32.93,162.93,-8.05,-7.47,15.06
2024/01/01 16:13:32.94,162.94,-8.07,-7.49,15.08
2024/01/01 16:13:32.95,162.95,-8.04,-7.49,15.08
2024/01/01 16:13:32.96,162.96,-7.96,-7.48,15.07
2024/01/01 16:13:32.97,162.97,-7.88,-7.45,15.03
2024/01/01 16:13:32.98,162.98,-7.82,-7.44,14.99
2024/01/01 16:13:32.99,162.99,-7.79,-7.47,14.95
2024/01/01 16:13:33.00,163.00,-7.79,-7.51,14.93
2024/01/01 16:13:33.01,163.01,-7.78,-7.52,14.91
2024/01/01 16:13:33.02,163.02,-7.74,-7.49,14.90
2024/01/01 16:13:33.03,163.03,-7.73,-7.40,14.87
2024/01/01 16:13:33.04,163.04,-7.75,-7.30,14.83
2024/01/01 16:13:33.05,163.05,-7.81,-7.24,14.80
2024/01/01 16:13:33.06,163.06,-7.89,-7.21,14.80
2024/01/01 16:13:33.07,163.07,-7.98,-7.19,14.79
2024/01/01 16:13:33.08,163.08,-8.07,-7.17,14.76
2024/01/01 16:13:33.09,163.09,-8.13,-7.18,14.73
2024/01/01 16:13:33.10,163.10,-8.19,-7.21,14.72
2024/01/01 16:13:33.11,163.11,-8.25,-7.22,14.72
2024/01/01 16:13:33.12,163.12,-8.33,-7.23,14.72
2024/01/01 16:13:33.13,163.13,-8.41,-7.20,14.72
2024/01/01 16:13:33.14,163.14,-8.47,-7.17,14.73
2024/01/01 16:13:33.15,163.15,-8.51,-7.18,14.77
2024/01/01 16:13:33.16,163.16,-8.54,-7.24,14.82
2024/01/01 16:13:33.17,163.17,-8.54,-7.33,14.87
2024/01/01 16:13:33.18,163.18,-8.52,-7.40,14.91
2024/01/01 16:13:33.19,163.19,-8.47,-7.43,14.94
2024/01/01 16:13:33.20,163.20,-8.43,-7.43,14.95
2024/01/01 16:13:33.21,163.21,-8.40,-7.42,14.97
2024/01/01 16:13:33.22,163.22,-8.38,-7.44,14.99
2024/01/01 16:13:33.23,163.23,-8.39,-7.45,15.00
2024/01/01 16:13:33.24,163.24,-8.42,-7.45,14.98
2024/01/01 16:13:33.25,163.25,-8.44,-7.48,14.93
2024/01/01 16:13:33.26,163.26,-8.46,-7.55,14.89
2024/01/01 16:13:33.27,163.27,-8.45,-7.65,14.87
2024/01/01 16:13:33.28,163.28,-8.42,-7.74,14.85
2024/01/01 16:13:33.29,163.29,-8.36,-7.76,14.84
2024/01/01 16:13:33.30,163.30,-8.30,-7.71,14.81
2024/01/01 16:13:33.31,163.31,-8.24,-7.62,14.78
2024/01/01 16:13:33.32,163.32,-8.18,-7.54,14.77
2024/01/01 16:13:33.33,163.33,-8.15,-7.47,14.77
2024/01/01 16:13:33.34,163.34,-8.12,-7.39,14.77
2024/01/01 16:13:33.35,163.35,-8.06,-7.28,14.79
2024/01/01 16:13:33.36,163.36,-7.97,-7.18,14.80
2024/01/01 16:13:33.37,163.37,-7.86,-7.09,14.80
2024/01/01 16:13:33.38,163.38,-7.75,-7.05,14.82
2024/01/01 16:13:33.39,163.39,-7.64,-7.04,14.87
2024/01/01 16:13:33.40,163.40,-7.56,-7.03,14.93
2024/01/01 16:13:33.41,163.41,-7.50,-7.04,14.96
2024/01/01 16:13:33.42,163.42,-7.48,-7.04,14.96
2024/01/01 16:13:33.43,163.43,-7.49,-7.03,14.96
2024/01/01 16:13:33.44,163.44,-7.50,-7.03,14.95
2024/01/01 16:13:33.45,163.45,-7.52,-7.04,14.93
2024/01/01 16:13:33.46,163.46,-7.55,-7.07,14.91
2024/01/01 16:13:33.47,163.47,-7.58,-7.10,14.89
2024/01/01 16:13:33.48,163.48,-7.60,-7.12,14.88
2024/01/01 16:13:33.49,163.49,-7.61,-7.15,14.90
2024/01/01 16:13:33.50,163.50,-7.63,-7.19,14.92
2024/01/01 16:13:33.51,163.51,-7.62,-7.21,14.92
2024/01/01 16:13:33.52,163.52,-7.58,-7.20,14.90
2024/01/01 16:13:33.53,163.53,-7.55,-7.15,14.89
2024/01/01 16:13:33.54,163.54,-7.54,-7.07,14.89
2024/01/01 16:13:33.55,163.55,-7.58,-7.00,14.89
2024/01/01 16:13:33.56,163.56,-7.66,-6.97,14.88
2024/01/01 16:13:33.57,163.57,-7.74,-6.98,14.90
2024/01/01 16:13:33.58,163.58,-7.81,-7.02,14.93
2024/01/01 16:13:33.59,163.59,-7.88,-7.05,14.93
2024/01/01 16:13:33.60,163.60,-7.93,-7.08,14.89
2024/01/01 16:13:33.61,163.61,-7.96,-7.10,14.86
2024/01/01 16:13:33.62,163.62,-8.00,-7.12,14.86
2024/01/01 16:13:33.63,163.63,-8.06,-7.14,14.88
2024/01/01 16:13:33.64,163.64,-8.12,-7.17,14.87
2024/01/01 16:13:33.65,163.65,-8.18,-7.21,14.87
2024/01/01 16:13:33.66,163.66,-8.23,-7.24,14.87
2024/01/01 16:13:33.67,163.67,-8.29,-7.27,14.90
2024/01/01 16:13:33.68,163.68,-8.33,-7.30,14.91
2024/01/01 16:13:33.69,163.69,-8.35,-7.33,14.89
2024/01/01 16:13:33.70,163.70,-8.36,-7.36,14.86
2024/01/01 16:13:33.71,163.71,-8.37,-7.39,14.85
2024/01/01 16:13:33.72,163.72,-8.39,-7.43,14.87
2024/01/01 16:13:33.73,163.73,-8.40,-7.46,14.87
2024/01/01 16:13:33.74,163.74,-8.41,-7.52,14.87
2024/01/01 16:13:33.75,163.75,-8.41,-7.56,14.87
2024/01/01 16:13:33.76,163.76,-8.39,-7.60,14.88
2024/01/01 16:13:33.77,163.77,-8.38,-7.61,14.87
2024/01/01 16:13:33.78,163.78,-8.37,-7.61,14.87
2024/01/01 16:13:33.79,163.79,-8.39,-7.60,14.87
2024/01/01 16:13:33.80,163.80,-8.43,-7.57,14.87
2024/01/01 16:13:33.81,163.81,-8.46,-7.52,14.86
2024/01/01 16:13:33.82,163.82,-8.49,-7.47,14.85
2024/01/01 16:13:33.83,163.83,-8.53,-7.42,14.84
2024/01/01 16:13:33.84,163.84,-8.56,-7.38,14.85
2024/01/01 16:13:33.85,163.85,-8.62,-7.36,14.89
2024/01/01 16:13:33.86,163.86,-8.69,-7.33,14.93
2024/01/01 16:13:33.87,163.87,-8.73,-7.30,14.95
2024/01/01 16:13:33.88,163.88,-8.76,-7.27,14.95
2024/01/01 16:13:33.89,163.89,-8.76,-7.21,14.95
2024/01/01 16:13:33.90,163.90,-8.74,-7.12,14.97
2024/01/01 16:13:33.91,163.91,-8.71,-7.06,14.98
2024/01/01 16:13:33.92,163.92,-8.68,-7.04,14.99
2024/01/01 16:13:33.93,163.93,-8.67,-7.02,14.99
2024/01/01 16:13:33.94,163.94,-8.66,-7.02,14.97
2024/01/01 16:13:33.95,163.95,-8.65,-7.02,14.95
2024/01/01 16:13:33.96,163.96,-8.65,-7.01,14.93
2024/01/01 16:13:33.97,163.97,-8.64,-7.01,14.93
2024/01/01 16:13:33.98,163.98,-8.61,-7.02,14.93
2024/01/01 16:13:33.99,163.99,-8.53,-7.03,14.92
2024/01/01 16:13:34.00,164.00,-8.42,-7.05,14.89
2024/01/01 16:13:34.01,164.01,-8.29,-7.10,14.88
2024/01/01 16:13:34.02,164.02,-8.17,-7.15,14.88
2024/01/01 16:13:34.03,164.03,-8.04,-7.23,14.88
2024/01/01 16:13:34.04,164.04,-7.95,-7.33,14.89
2024/01/01 16:13:34.05,164.05,-7.89,-7.41,14.88
2024/01/01 16:13:34.06,164.06,-7.85,-7.46,14.85
2024/01/01 16:13:34.07,164.07,-7.83,-7.45,14.81
2024/01/01 16:13:34.08,164.08,-7.82,-7.41,14.80
2024/01/01 16:13:34.09,164.09,-7.80,-7.39,14.80
2024/01/01 16:13:34.10,164.10,-7.78,-7.41,14.81
2024/01/01 16:13:34.11,164.11,-7.77,-7.43,14.81
2024/01/01 16:13:34.12,164.12,-7.79,-7.45,14.81
2024/01/01 16:13:34.13,164.13,-7.83,-7.47,14.83
2024/01/01 16:13:34.14,164.14,-7.90,-7.46,14.88
2024/01/01 16:13:34.15,164.15,-7.94,-7.45,14.96
2024/01/01 16:13:34.16,164.16,-7.95,-7.44,15.03
2024/01/01 16:13:34.17,164.17,-7.90,-7.44,15.08
2024/01/01 16:13:34.18,164.18,-7.82,-7.45,15.11
2024/01/01 16:13:34.19,164.19,-7.72,-7.46,15.14
2024/01/01 16:13:34.20,164.20,-7.65,-7.48,15.18
2024/01/01 16:13:34.21,164.21,-7.61,-7.48,15.21
2024/01/01 16:13:34.22,164.22,-7.60,-7.45,15.24
2024/01/01 16:13:34.23,164.23,-7.60,-7.38,15.25
2024/01/01 16:13:34.24,164.24,-7.60,-7.28,15.25
2024/01/01 16:13:34.25,164.25,-7.59,-7.18,15.25
2024/01/01 16:13:34.26,164.26,-7.56,-7.12,15.25
2024/01/01 16:13:34.27,164.27,-7.53,-7.12,15.23
2024/01/01 16:13:34.28,164.28,-7.53,-7.18,15.20
2024/01/01 16:13:34.29,164.29,-7.55,-7.26,15.17
2024/01/01 16:13:34.30,164.30,-7.59,-7.32,15.16
2024/01/01 16:13:34.31,164.31,-7.63,-7.34,15.16
2024/01/01 16:13:34.32,164.32,-7.68,-7.34,15.14
2024/01/01 16:13:34.33,164.33,-7.73,-7.35,15.13
2024/01/01 16:13:34.34,164.34,-7.78,-7.37,15.13
2024/01/01 16:13:34.35,164.35,-7.80,-7.40,15.15
2024/01/01 16:13:34.36,164.36,-7.80,-7.40,15.17
2024/01/01 16:13:34.37,164.37,-7.79,-7.36,15.16
2024/01/01 16:13:34.38,164.38,-7.78,-7.29,15.13
2024/01/01 16:13:34.39,164.39,-7.80,-7.22,15.11
2024/01/01 16:13:34.40,164.40,-7.84,-7.15,15.08
2024/01/01 16:13:34.41,164.41,-7.91,-7.07,15.04
2024/01/01 16:13:34.42,164.42,-8.02,-7.00,14.99
2024/01/01 16:13:34.43,164.43,-8.11,-6.97,14.96
2024/01/01 16:13:34.44,164.44,-8.18,-6.98,14.93
2024/01/01 16:13:34.45,164.45,-8.21,-7.00,14.90
2024/01/01 16:13:34.46,164.46,-8.22,-7.04,14.88
2024/01/01 16:13:34.47,164.47,-8.22,-7.08,14.90
2024/01/01 16:13:34.48,164.48,-8.24,-7.12,14.93
2024/01/01 16:13:34.49,164.49,-8.28,-7.14,14.96
2024/01/01 16:13:34.50,164.50,-8.33,-7.14,14.96
2024/01/01 16:13:34.51,164.51,-8.38,-7.15,14.95
2024/01/01 16:13:34.52,164.52,-8.38,-7.17,14.95
2024/01/01 16:13:34.53,164.53,-8.34,-7.24,14.96
2024/01/01 16:13:34.54,164.54,-8.27,-7.34,14.97
2024/01/01 16:13:34.55,164.55,-8.22,-7.42,14.99
2024/01/01 16:13:34.56,164.56,-8.19,-7.47,15.02
2024/01/01 16:13:34.57,164.57,-8.18,-7.46,15.07
2024/01/01 16:13:34.58,164.58,-8.19,-7.45,15.10
2024/01/01 16:13:34.59,164.59,-8.18,-7.44,15.09
2024/01/01 16:13:34.60,164.60,-8.15,-7.43,15.06
2024/01/01 16:13:34.61,164.61,-8.13,-7.40,15.05
2024/01/01 16:13:34.62,164.62,-8.12,-7.38,15.05
2024/01/01 16:13:34.63,164.63,-8.11,-7.39,15.05
2024/01/01 16:13:34.64,164.64,-8.10,-7.39,15.05
2024/01/01 16:13:34.65,164.65,-8.08,-7.39,15.05
2024/01/01 16:13:34.66,164.66,-8.07,-7.36,15.03
2024/01/01 16:13:34.67,164.67,-8.07,-7.32,14.99
2024/01/01 16:13:34.68,164.68,-8.07,-7.28,14.98
2024/01/01 16:13:34.69,164.69,-8.07,-7.25,14.99
2024/01/01 16:13:34.70,164.70,-8.04,-7.21,15.02
2024/01/01 16:13:34.71,164.71,-7.96,-7.17,15.05
2024/01/01 16:13:34.72,164.72,-7.86,-7.11,15.08
2024/01/01 16:13:34.73,164.73,-7.74,-7.02,15.11
2024/01/01 16:13:34.74,164.74,-7.63,-6.94,15.14
2024/01/01 16:13:34.75,164.75,-7.53,-6.88,15.16
2024/01/01 16:13:34.76,164.76,-7.44,-6.83,15.16
2024/01/01 16:13:34.77,164.77,-7.36,-6.81,15.15
2024/01/01 16:13:34.78,164.78,-7.31,-6.81,15.14
2024/01/01 16:13:34.79,164.79,-7.29,-6.83,15.12
2024/01/01 16:13:34.80,164.80,-7.31,-6.88,15.11
2024/01/01 16:13:34.81,164.81,-7.36,-6.93,15.11
2024/01/01 16:13:34.82,164.82,-7.42,-6.97,15.10
2024/01/01 16:13:34.83,164.83,-7.47,-7.00,15.06
2024/01/01 16:13:34.84,164.84,-7.51,-7.05,15.03
2024/01/01 16:13:34.85,164.85,-7.53,-7.12,15.01
2024/01/01 16:13:34.86,164.86,-7.53,-7.21,15.02
2024/01/01 16:13:34.87,164.87,-7.53,-7.29,15.03
2024/01/01 16:13:34.88,164.88,-7.52,-7.35,15.03
2024/01/01 16:13:34.89,164.89,-7.54,-7.38,15.02
2024/01/01 16:13:34.90,164.90,-7.57,-7.40,14.99
2024/01/01 16:13:34.91,164.91,-7.62,-7.41,14.92
2024/01/01 16:13:34.92,164.92,-7.67,-7.40,14.84
2024/01/01 16:13:34.93,164.93,-7.73,-7.37,14.75
2024/01/01 16:13:34.94,164.94,-7.80,-7.32,14.67
2024/01/01 16:13:34.95,164.95,-7.86,-7.29,14.62
2024/01/01 16:13:34.96,164.96,-7.94,-7.28,14.59
2024/01/01 16:13:34.97,164.97,-8.01,-7.29,14.58
2024/01/01 16:13:34.98,164.98,-8.04,-7.31,14.58
2024/01/01 16:13:34.99,164.99,-8.05,-7.33,14.59
2024/01/01 16:13:35.00,165.00,-8.03,-7.34,14.62
2024/01/01 16:13:35.01,165.01,-8.00,-7.36,14.63
2024/01/01 16:13:35.02,165.02,-7.97,-7.40,14.64
2024/01/01 16:13:35.03,165.03,-7.97,-7.45,14.66
2024/01/01 16:13:35.04,165.04,-7.97,-7.50,14.70
2024/01/01 16:13:35.05,165.05,-7.98,-7.53,14.74
2024/01/01 16:13:35.06,165.06,-7.97,-7.55,14.76
2024/01/01 16:13:35.07,165.07,-7.94,-7.57,14.76
2024/01/01 16:13:35.08,165.08,-7.91,-7.58,14.78
2024/01/01 16:13:35.09,165.09,-7.89,-7.57,14.81
2024/01/01 16:13:35.10,165.10,-7.88,-7.55,14.84
2024/01/01 16:13:35.11,165.11,-7.87,-7.53,14.86
2024/01/01 16:13:35.12,165.12,-7.89,-7.53,14.88
2024/01/01 16:13:35.13,165.13,-7.92,-7.54,14.92
2024/01/01 16:13:35.14,165.14,-7.95,-7.55,14.96
2024/01/01 16:13:35.15,165.15,-7.99,-7.59,14.98
2024/01/01 16:13:35.16,165.16,-8.02,-7.62,14.98
2024/01/01 16:13:35.17,165.17,-8.03,-7.66,14.98
2024/01/01 16:13:35.18,165.18,-8.01,-7.67,14.99
2024/01/01 16:13:35.19,165.19,-7.97,-7.64,15.00
2024/01/01 16:13:35.20,165.20,-7.94,-7.57,15.02
2024/01/01 16:13:35.21,165.21,-7.92,-7.48,15.02
2024/01/01 16:13:35.22,165.22,-7.91,-7.38,15.00
2024/01/01 16:13:35.23,165.23,-7.89,-7.27,14.96
2024/01/01 16:13:35.24,165.24,-7.86,-7.17,14.92
2024/01/01 16:13:35.25,165.25,-7.81,-7.07,14.87
2024/01/01 16:13:35.26,165.26,-7.77,-6.99,14.81
2024/01/01 16:13:35.27,165.27,-7.73,-6.94,14.74
2024/01/01 16:13:35.28,165.28,-7.70,-6.92,14.68
2024/01/01 16:13:35.29,165.29,-7.69,-6.90,14.66
2024/01/01 16:13:35.30,165.30,-7.72,-6.89,14.64
2024/01/01 16:13:35.31,165.31,-7.77,-6.88,14.62
2024/01/01 16:13:35.32,165.32,-7.81,-6.90,14.58
2024/01/01 16:13:35.33,165.33,-7.84,-6.93,14.53
2024/01/01 16:13:35.34,165.34,-7.87,-6.97,14.48
2024/01/01 16:13:35.35,165.35,-7.89,-7.00,14.45
2024/01/01 16:13:35.36,165.36,-7.91,-7.02,14.44
2024/01/01 16:13:35.37,165.37,-7.92,-7.04,14.44
2024/01/01 16:13:35.38,165.38,-7.91,-7.07,14.44
2024/01/01 16:13:35.39,165.39,-7.89,-7.14,14.46
2024/01/01 16:13:35.40,165.40,-7.88,-7.19,14.48
2024/01/01 16:13:35.41,165.41,-7.91,-7.22,14.47
2024/01/01 16:13:35.42,165.42,-7.94,-7.22,14.44
2024/01/01 16:13:35.43,165.43,-7.97,-7.19,14.41
2024/01/01 16:13:35.44,165.44,-8.01,-7.13,14.41
2024/01/01 16:13:35.45,165.45,-8.04,-7.08,14.46
2024/01/01 16:13:35.46,165.46,-8.07,-7.04,14.52
2024/01/01 16:13:35.47,165.47,-8.10,-7.02,14.59
2024/01/01 16:13:35.48,165.48,-8.10,-7.04,14.68
2024/01/01 16:13:35.49,165.49,-8.08,-7.07,14.74
2024/01/01 16:13:35.50,165.50,-8.04,-7.11,14.77
2024/01/01 16:13:35.51,165.51,-7.99,-7.17,14.79
2024/01/01 16:13:35.52,165.52,-7.93,-7.22,14.82
2024/01/01 16:13:35.53,165.53,-7.89,-7.25,14.86
2024/01/01 16:13:35.54,165.54,-7.85,-7.28,14.90
2024/01/01 16:13:35.55,165.55,-7.79,-7.32,14.93
2024/01/01 16:13:35.56,165.56,-7.74,-7.35,14.95
2024/01/01 16:13:35.57,165.57,-7.70,-7.36,14.98
2024/01/01 16:13:35.58,165.58,-7.66,-7.36,14.99
2024/01/01 16:13:35.59,165.59,-7.63,-7.34,14.96
2024/01/01 16:13:35.60,165.60,-7.63,-7.33,14.92
2024/01/01 16:13:35.61,165.61,-7.64,-7.34,14.90
2024/01/01 16:13:35.62,165.62,-7.66,-7.37,14.89
2024/01/01 16:13:35.63,165.63,-7.68,-7.42,14.88
2024/01/01 16:13:35.64,165.64,-7.70,-7.47,14.84
2024/01/01 16:13:35.65,165.65,-7.71,-7.50,14.79
2024/01/01 16:13:35.66,165.66,-7.73,-7.52,14.75
2024/01/01 16:13:35.67,165.67,-7.75,-7.54,14.71
2024/01/01 16:13:35.68,165.68,-7.76,-7.55,14.67
2024/01/01 16:13:35.69,165.69,-7.77,-7.56,14.66
2024/01/01 16:13:35.70,165.70,-7.75,-7.56,14.65
2024/01/01 16:13:35.71,165.71,-7.73,-7.56,14.66
2024/01/01 16:13:35.72,165.72,-7.70,-7.56,14.66
2024/01/01 16:13:35.73,165.73,-7.68,-7.53,14.62
2024/01/01 16:13:35.74,165.74,-7.68,-7.44,14.56
2024/01/01 16:13:35.75,165.75,-7.70,-7.31,14.51
2024/01/01 16:13:35.76,165.76,-7.74,-7.19,14.48
2024/01/01 16:13:35.77,165.77,-7.81,-7.12,14.45
2024/01/01 16:13:35.78,165.78,-7.89,-7.12,14.43
2024/01/01 16:13:35.79,165.79,-7.97,-7.14,14.46
2024/01/01 16:13:35.80,165.80,-8.06,-7.10,14.49
2024/01/01 16:13:35.81,165.81,-8.14,-7.02,14.51
2024/01/01 16:13:35.82,165.82,-8.21,-6.92,14.53
2024/01/01 16:13:35.83,165.83,-8.27,-6.83,14.56
2024/01/01 16:13:35.84,165.84,-8.32,-6.78,14.61
2024/01/01 16:13:35.85,165.85,-8.36,-6.76,14.67
2024/01/01 16:13:35.86,165.86,-8.39,-6.76,14.75
2024/01/01 16:13:35.87,165.87,-8.42,-6.78,14.83
2024/01/01 16:13:35.88,165.88,-8.42,-6.83,14.89
2024/01/01 16:13:35.89,165.89,-8.39,-6.91,14.92
2024/01/01 16:13:35.90,165.90,-8.36,-6.98,14.95
2024/01/01 16:13:35.91,165.91,-8.33,-7.02,14.96
2024/01/01 16:13:35.92,165.92,-8.31,-7.03,14.97
2024/01/01 16:13:35.93,165.93,-8.29,-7.05,14.97
2024/01/01 16:13:35.94,165.94,-8.28,-7.05,14.98
2024/01/01 16:13:35.95,165.95,-8.28,-7.06,14.96
2024/01/01 16:13:35.96,165.96,-8.27,-7.08,14.94
2024/01/01 16:13:35.97,165.97,-8.25,-7.10,14.92
2024/01/01 16:13:35.98,165.98,-8.22,-7.10,14.89
2024/01/01 16:13:35.99,165.99,-8.17,-7.07,14.85
2024/01/01 16:13:36.00,166.00,-8.15,-7.04,14.82
2024/01/01 16:13:36.01,166.01,-8.13,-7.00,14.78
2024/01/01 16:13:36.02,166.02,-8.11,-6.96,14.75
2024/01/01 16:13:36.03,166.03,-8.10,-6.93,14.73
2024/01/01 16:13:36.04,166.04,-8.08,-6.92,14.72
2024/01/01 16:13:36.05,166.05,-8.04,-6.92,14.68
2024/01/01 16:13:36.06,166.06,-8.00,-6.93,14.64
2024/01/01 16:13:36.07,166.07,-7.95,-6.93,14.62
2024/01/01 16:13:36.08,166.08,-7.89,-6.92,14.61
2024/01/01 16:13:36.09,166.09,-7.84,-6.92,14.59
2024/01/01 16:13:36.10,166.10,-7.83,-6.92,14.58
2024/01/01 16:13:36.11,166.11,-7.86,-6.92,14.58
2024/01/01 16:13:36.12,166.12,-7.90,-6.90,14.60
2024/01/01 16:13:36.13,166.13,-7.93,-6.88,14.61
2024/01/01 16:13:36.14,166.14,-7.94,-6.90,14.62
2024/01/01 16:13:36.15,166.15,-7.92,-6.96,14.63
2024/01/01 16:13:36.16,166.16,-7.89,-7.03,14.64
2024/01/01 16:13:36.17,166.17,-7.89,-7.08,14.66
2024/01/01 16:13:36.18,166.18,-7.91,-7.08,14.69
2024/01/01 16:13:36.19,166.19,-7.94,-7.03,14.72
2024/01/01 16:13:36.20,166.20,-7.98,-6.95,14.73
2024/01/01 16:13:36.21,166.21,-7.99,-6.88,14.72
2024/01/01 16:13:36.22,166.22,-7.97,-6.84,14.70
2024/01/01 16:13:36.23,166.23,-7.92,-6.81,14.69
2024/01/01 16:13:36.24,166.24,-7.85,-6.81,14.68
2024/01/01 16:13:36.25,166.25,-7.76,-6.86,14.67
2024/01/01 16:13:36.26,166.26,-7.70,-6.92,14.66
2024/01/01 16:13:36.27,166.27,-7.68,-6.99,14.64
2024/01/01 16:13:36.28,166.28,-7.69,-7.04,14.61
2024/01/01 16:13:36.29,166.29,-7.75,-7.05,14.56
2024/01/01 16:13:36.30,166.30,-7.83,-7.02,14.52
2024/01/01 16:13:36.31,166.31,-7.89,-6.97,14.50
2024/01/01 16:13:36.32,166.32,-7.91,-6.91,14.50
2024/01/01 16:13:36.33,166.33,-7.92,-6.88,14.50
2024/01/01 16:13:36.34,166.34,-7.91,-6.90,14.53
2024/01/01 16:13:36.35,166.35,-7.91,-6.98,14.59
2024/01/01 16:13:36.36,166.36,-7.94,-7.06,14.64
2024/01/01 16:13:36.37,166.37,-7.99,-7.13,14.66
2024/01/01 16:13:36.38,166.38,-8.06,-7.17,14.67
2024/01/01 16:13:36.39,166.39,-8.13,-7.19,14.68
2024/01/01 16:13:36.40,166.40,-8.20,-7.19,14.69
2024/01/01 16:13:36.41,166.41,-8.27,-7.17,14.68
2024/01/01 16:13:36.42,166.42,-8.32,-7.14,14.66
2024/01/01 16:13:36.43,166.43,-8.34,-7.11,14.63
2024/01/01 16:13:36.44,166.44,-8.36,-7.10,14.61
2024/01/01 16:13:36.45,166.45,-8.39,-7.11,14.62
2024/01/01 16:13:36.46,166.46,-8.44,-7.12,14.65
2024/01/01 16:13:36.47,166.47,-8.50,-7.13,14.68
2024/01/01 16:13:36.48,166.48,-8.54,-7.16,14.70
2024/01/01 16:13:36.49,166.49,-8.59,-7.22,14.71
2024/01/01 16:13:36.50,166.50,-8.63,-7.31,14.72
2024/01/01 16:13:36.51,166.51,-8.67,-7.40,14.74
2024/01/01 16:13:36.52,166.52,-8.72,-7.45,14.75
2024/01/01 16:13:36.53,166.53,-8.76,-7.45,14.75
2024/01/01 16:13:36.54,166.54,-8.77,-7.42,14.74
2024/01/01 16:13:36.55,166.55,-8.78,-7.36,14.73
2024/01/01 16:13:36.56,166.56,-8.78,-7.29,14.73
2024/01/01 16:13:36.57,166.57,-8.76,-7.25,14.73
2024/01/01 16:13:36.58,166.58,-8.73,-7.23,14.72
2024/01/01 16:13:36.59,166.59,-8.69,-7.22,14.72
2024/01/01 16:13:36.60,166.60,-8.65,-7.20,14.71
2024/01/01 16:13:36.61,166.61,-8.63,-7.14,14.68
2024/01/01 16:13:36.62,166.62,-8.62,-7.09,14.63
2024/01/01 16:13:36.63,166.63,-8.59,-7.06,14.60
2024/01/01 16:13:36.64,166.64,-8.57,-7.07,14.59
2024/01/01 16:13:36.65,166.65,-8.55,-7.07,14.60
2024/01/01 16:13:36.66,166.66,-8.53,-7.07,14.64
2024/01/01 16:13:36.67,166.67,-8.50,-7.07,14.68
2024/01/01 16:13:36.68,166.68,-8.46,-7.06,14.73
2024/01/01 16:13:36.69,166.69,-8.40,-7.04,14.75
2024/01/01 16:13:36.70,166.70,-8.32,-7.00,14.73
2024/01/01 16:13:36.71,166.71,-8.24,-6.98,14.72
2024/01/01 16:13:36.72,166.72,-8.18,-6.97,14.71
2024/01/01 16:13:36.73,166.73,-8.14,-6.97,14.70
2024/01/01 16:13:36.74,166.74,-8.09,-6.96,14.68
2024/01/01 16:13:36.75,166.75,-8.03,-6.97,14.67
2024/01/01 16:13:36.76,166.76,-7.95,-7.01,14.66
2024/01/01 16:13:36.77,166.77,-7.86,-7.06,14.63
2024/01/01 16:13:36.78,166.78,-7.78,-7.10,14.59
2024/01/01 16:13:36.79,166.79,-7.74,-7.08,14.56
2024/01/01 16:13:36.80,166.80,-7.75,-7.01,14.57
2024/01/01 16:13:36.81,166.81,-7.78,-6.89,14.60
2024/01/01 16:13:36.82,166.82,-7.81,-6.77,14.63
2024/01/01 16:13:36.83,166.83,-7.83,-6.68,14.65
2024/01/01 16:13:36.84,166.84,-7.84,-6.63,14.67
2024/01/01 16:13:36.85,166.85,-7.83,-6.59,14.69
2024/01/01 16:13:36.86,166.86,-7.81,-6.55,14.71
2024/01/01 16:13:36.87,166.87,-7.77,-6.53,14.70
2024/01/01 16:13:36.88,166.88,-7.73,-6.52,14.69
2024/01/01 16:13:36.89,166.89,-7.70,-6.57,14.71
2024/01/01 16:13:36.90,166.90,-7.71,-6.65,14.74
2024/01/01 16:13:36.91,166.91,-7.74,-6.78,14.76
2024/01/01 16:13:36.92,166.92,-7.79,-6.92,14.76
2024/01/01 16:13:36.93,166.93,-7.83,-7.03,14.76
2024/01/01 16:13:36.94,166.94,-7.86,-7.11,14.75
2024/01/01 16:13:36.95,166.95,-7.88,-7.15,14.73
2024/01/01 16:13:36.96,166.96,-7.89,-7.18,14.68
2024/01/01 16:13:36.97,166.97,-7.87,-7.21,14.65
2024/01/01 16:13:36.98,166.98,-7.86,-7.25,14.64
2024/01/01 16:13:36.99,166.99,-7.87,-7.28,14.63
2024/01/01 16:13:37.00,167.00,-7.91,-7.34,14.64
2024/01/01 16:13:37.01,167.01,-7.98,-7.41,14.66
2024/01/01 16:13:37.02,167.02,-8.07,-7.47,14.68
2024/01/01 16:13:37.03,167.03,-8.15,-7.51,14.68
2024/01/01 16:13:37.04,167.04,-8.20,-7.53,14.65
2024/01/01 16:13:37.05,167.05,-8.24,-7.54,14.63
2024/01/01 16:13:37.06,167.06,-8.26,-7.55,14.63
2024/01/01 16:13:37.07,167.07,-8.29,-7.53,14.64
2024/01/01 16:13:37.08,167.08,-8.32,-7.50,14.63
2024/01/01 16:13:37.09,167.09,-8.35,-7.49,14.61
2024/01/01 16:13:37.10,167.10,-8.37,-7.50,14.61
2024/01/01 16:13:37.11,167.11,-8.38,-7.55,14.62
2024/01/01 16:13:37.12,167.12,-8.38,-7.62,14.62
2024/01/01 16:13:37.13,167.13,-8.35,-7.66,14.60
2024/01/01 16:13:37.14,167.14,-8.33,-7.69,14.58
2024/01/01 16:13:37.15,167.15,-8.31,-7.69,14.58
2024/01/01 16:13:37.16,167.16,-8.30,-7.68,14.56
2024/01/01 16:13:37.17,167.17,-8.30,-7.64,14.52
2024/01/01 16:13:37.18,167.18,-8.31,-7.57,14.49
2024/01/01 16:13:37.19,167.19,-8.32,-7.49,14.48
2024/01/01 16:13:37.20,167.20,-8.32,-7.40,14.48
2024/01/01 16:13:37.21,167.21,-8.33,-7.32,14.52
2024/01/01 16:13:37.22,167.22,-8.35,-7.26,14.56
2024/01/01 16:13:37.23,167.23,-8.36,-7.22,14.61
2024/01/01 16:13:37.24,167.24,-8.37,-7.20,14.63
2024/01/01 16:13:37.25,167.25,-8.38,-7.19,14.63
2024/01/01 16:13:37.26,167.26,-8.39,-7.17,14.62
2024/01/01 16:13:37.27,167.27,-8.38,-7.15,14.61
2024/01/01 16:13:37.28,167.28,-8.36,-7.14,14.62
2024/01/01 16:13:37.29,167.29,-8.35,-7.13,14.66
2024/01/01 16:13:37.30,167.30,-8.36,-7.13,14.71
2024/01/01 16:13:37.31,167.31,-8.36,-7.13,14.77
2024/01/01 16:13:37.32,167.32,-8.34,-7.12,14.81
2024/01/01 16:13:37.33,167.33,-8.34,-7.10,14.83
2024/01/01 16:13:37.34,167.34,-8.35,-7.07,14.84
2024/01/01 16:13:37.35,167.35,-8.32,-7.04,14.83
2024/01/01 16:13:37.36,167.36,-8.27,-7.00,14.80
2024/01/01 16:13:37.37,167.37,-8.22,-6.95,14.78
2024/01/01 16:13:37.38,167.38,-8.18,-6.91,14.76
2024/01/01 16:13:37.39,167.39,-8.15,-6.87,14.72
2024/01/01 16:13:37.40,167.40,-8.13,-6.83,14.67
2024/01/01 16:13:37.41,167.41,-8.08,-6.79,14.61
2024/01/01 16:13:37.42,167.42,-8.03,-6.77,14.56
2024/01/01 16:13:37.43,167.43,-7.97,-6.77,14.53
2024/01/01 16:13:37.44,167.44,-7.92,-6.78,14.53
2024/01/01 16:13:37.45,167.45,-7.90,-6.78,14.55
2024/01/01 16:13:37.46,167.46,-7.86,-6.79,14.58
2024/01/01 16:13:37.47,167.47,-7.80,-6.82,14.59
2024/01/01 16:13:37.48,167.48,-7.73,-6.85,14.59
2024/01/01 16:13:37.49,167.49,-7.68,-6.87,14.60
2024/01/01 16:13:37.50,167.50,-7.64,-6.88,14.60
2024/01/01 16:13:37.51,167.51,-7.62,-6.90,14.59
2024/01/01 16:13:37.52,167.52,-7.61,-6.96,14.59
2024/01/01 16:13:37.53,167.53,-7.60,-7.03,14.60
2024/01/01 16:13:37.54,167.54,-7.59,-7.08,14.62
2024/01/01 16:13:37.55,167.55,-7.56,-7.12,14.62
2024/01/01 16:13:37.56,167.56,-7.51,-7.18,14.61
2024/01/01 16:13:37.57,167.57,-7.47,-7.27,14.58
2024/01/01 16:13:37.58,167.58,-7.47,-7.38,14.57
2024/01/01 16:13:37.59,167.59,-7.51,-7.46,14.57
2024/01/01 16:13:37.60,167.60,-7.57,-7.52,14.56
2024/01/01 16:13:37.61,167.61,-7.62,-7.54,14.55
2024/01/01 16:13:37.62,167.62,-7.64,-7.56,14.55
2024/01/01 16:13:37.63,167.63,-7.65,-7.57,14.57
2024/01/01 16:13:37.64,167.64,-7.65,-7.59,14.61
2024/01/01 16:13:37.65,167.65,-7.65,-7.60,14.64
2024/01/01 16:13:37.66,167.66,-7.69,-7.58,14.68
2024/01/01 16:13:37.67,167.67,-7.75,-7.54,14.72
2024/01/01 16:13:37.68,167.68,-7.81,-7.48,14.75
2024/01/01 16:13:37.69,167.69,-7.87,-7.41,14.76
2024/01/01 16:13:37.70,167.70,-7.92,-7.35,14.76
2024/01/01 16:13:37.71,167.71,-7.96,-7.34,14.75
2024/01/01 16:13:37.72,167.72,-8.03,-7.38,14.71
2024/01/01 16:13:37.73,167.73,-8.11,-7.44,14.69
2024/01/01 16:13:37.74,167.74,-8.19,-7.50,14.70
2024/01/01 16:13:37.75,167.75,-8.26,-7.56,14.73
2024/01/01 16:13:37.76,167.76,-8.32,-7.61,14.73
2024/01/01 16:13:37.77,167.77,-8.37,-7.64,14.73
2024/01/01 16:13:37.78,167.78,-8.41,-7.64,14.74
2024/01/01 16:13:37.79,167.79,-8.45,-7.62,14.75
2024/01/01 16:13:37.80,167.80,-8.50,-7.59,14.75
2024/01/01 16:13:37.81,167.81,-8.53,-7.56,14.74
2024/01/01 16:13:37.82,167.82,-8.55,-7.54,14.73
2024/01/01 16:13:37.83,167.83,-8.55,-7.49,14.72
2024/01/01 16:13:37.84,167.84,-8.55,-7.43,14.68
2024/01/01 16:13:37.85,167.85,-8.55,-7.38,14.63
2024/01/01 16:13:37.86,167.86,-8.57,-7.34,14.62
2024/01/01 16:13:37.87,167.87,-8.59,-7.29,14.61
2024/01/01 16:13:37.88,167.88,-8.59,-7.25,14.58
2024/01/01 16:13:37.89,167.89,-8.59,-7.21,14.55
2024/01/01 16:13:37.90,167.90,-8.58,-7.16,14.53
2024/01/01 16:13:37.91,167.91,-8.57,-7.10,14.51
2024/01/01 16:13:37.92,167.92,-8.57,-7.05,14.50
2024/01/01 16:13:37.93,167.93,-8.56,-6.99,14.49
2024/01/01 16:13:37.94,167.94,-8.57,-6.94,14.48
2024/01/01 16:13:37.95,167.95,-8.57,-6.90,14.48
2024/01/01 16:13:37.96,167.96,-8.56,-6.88,14.48
2024/01/01 16:13:37.97,167.97,-8.53,-6.89,14.49
2024/01/01 16:13:37.98,167.98,-8.48,-6.92,14.50
2024/01/01 16:13:37.99,167.99,-8.45,-6.96,14.51
2024/01/01 16:13:38.00,168.00,-8.43,-6.97,14.53
2024/01/01 16:13:38.01,168.01,-8.43,-6.94,14.55
2024/01/01 16:13:38.02,168.02,-8.44,-6.87,14.57
2024/01/01 16:13:38.03,168.03,-8.44,-6.76,14.58
2024/01/01 16:13:38.04,168.04,-8.40,-6.66,14.60
2024/01/01 16:13:38.05,168.05,-8.33,-6.60,14.64
2024/01/01 16:13:38.06,168.06,-8.24,-6.59,14.67
2024/01/01 16:13:38.07,168.07,-8.14,-6.62,14.69
2024/01/01 16:13:38.08,168.08,-8.05,-6.68,14.70
2024/01/01 16:13:38.09,168.09,-8.01,-6.72,14.73
2024/01/01 16:13:38.10,168.10,-7.99,-6.75,14.75
2024/01/01 16:13:38.11,168.11,-7.98,-6.77,14.77
2024/01/01 16:13:38.12,168.12,-7.94,-6.81,14.79
2024/01/01 16:13:38.13,168.13,-7.88,-6.86,14.81
2024/01/01 16:13:38.14,168.14,-7.81,-6.89,14.82
2024/01/01 16:13:38.15,168.15,-7.76,-6.90,14.81
2024/01/01 16:13:38.16,168.16,-7.72,-6.93,14.78
2024/01/01 16:13:38.17,168.17,-7.69,-6.99,14.76
2024/01/01 16:13:38.18,168.18,-7.64,-7.06,14.74
2024/01/01 16:13:38.19,168.19,-7.56,-7.13,14.73
2024/01/01 16:13:38.20,168.20,-7.47,-7.19,14.71
2024/01/01 16:13:38.21,168.21,-7.40,-7.23,14.67
2024/01/01 16:13:38.22,168.22,-7.39,-7.26,14.63
2024/01/01 16:13:38.23,168.23,-7.43,-7.31,14.59
2024/01/01 16:13:38.24,168.24,-7.50,-7.38,14.57
2024/01/01 16:13:38.25,168.25,-7.58,-7.47,14.56
2024/01/01 16:13:38.26,168.26,-7.66,-7.55,14.55
2024/01/01 16:13:38.27,168.27,-7.71,-7.59,14.55
2024/01/01 16:13:38.28,168.28,-7.74,-7.60,14.55
2024/01/01 16:13:38.29,168.29,-7.77,-7.59,14.55
2024/01/01 16:13:38.30,168.30,-7.78,-7.58,14.55
2024/01/01 16:13:38.31,168.31,-7.78,-7.57,14.56
2024/01/01 16:13:38.32,168.32,-7.78,-7.58,14.59
2024/01/01 16:13:38.33,168.33,-7.78,-7.59,14.61
2024/01/01 16:13:38.34,168.34,-7.79,-7.60,14.64
2024/01/01 16:13:38.35,168.35,-7.81,-7.60,14.65
2024/01/01 16:13:38.36,168.36,-7.82,-7.58,14.64
2024/01/01 16:13:38.37,168.37,-7.85,-7.56,14.62
2024/01/01 16:13:38.38,168.38,-7.89,-7.56,14.58
2024/01/01 16:13:38.39,168.39,-7.95,-7.58,14.56
2024/01/01 16:13:38.40,168.40,-8.03,-7.60,14.55
2024/01/01 16:13:38.41,168.41,-8.12,-7.59,14.57
2024/01/01 16:13:38.42,168.42,-8.18,-7.55,14.60
2024/01/01 16:13:38.43,168.43,-8.24,-7.49,14.66
2024/01/01 16:13:38.44,168.44,-8.28,-7.42,14.70
2024/01/01 16:13:38.45,168.45,-8.30,-7.33,14.72
2024/01/01 16:13:38.46,168.46,-8.30,-7.23,14.75
2024/01/01 16:13:38.47,168.47,-8.30,-7.13,14.78
2024/01/01 16:13:38.48,168.48,-8.30,-7.06,14.80
2024/01/01 16:13:38.49,168.49,-8.31,-7.02,14.81
2024/01/01 16:13:38.50,168.50,-8.33,-7.00,14.81
2024/01/01 16:13:38.51,168.51,-8.35,-6.98,14.81
2024/01/01 16:13:38.52,168.52,-8.36,-6.93,14.79
2024/01/01 16:13:38.53,168.53,-8.35,-6.86,14.78
2024/01/01 16:13:38.54,168.54,-8.33,-6.83,14.77
2024/01/01 16:13:38.55,168.55,-8.30,-6.85,14.78
2024/01/01 16:13:38.56,168.56,-8.28,-6.90,14.78
2024/01/01 16:13:38.57,168.57,-8.25,-6.95,14.78
2024/01/01 16:13:38.58,168.58,-8.24,-6.97,14.76
2024/01/01 16:13:38.59,168.59,-8.24,-6.98,14.73
2024/01/01 16:13:38.60,168.60,-8.27,-7.00,14.68
2024/01/01 16:13:38.61,168.61,-8.31,-7.04,14.63
2024/01/01 16:13:38.62,168.62,-8.37,-7.09,14.63
2024/01/01 16:13:38.63,168.63,-8.43,-7.13,14.66
2024/01/01 16:13:38.64,168.64,-8.49,-7.13,14.68
2024/01/01 16:13:38.65,168.65,-8.52,-7.13,14.68
2024/01/01 16:13:38.66,168.66,-8.52,-7.15,14.67
2024/01/01 16:13:38.67,168.67,-8.51,-7.21,14.66
2024/01/01 16:13:38.68,168.68,-8.48,-7.28,14.65
2024/01/01 16:13:38.69,168.69,-8.46,-7.31,14.66
2024/01/01 16:13:38.70,168.70,-8.43,-7.28,14.67
2024/01/01 16:13:38.71,168.71,-8.41,-7.21,14.68
2024/01/01 16:13:38.72,168.72,-8.35,-7.13,14.67
2024/01/01 16:13:38.73,168.73,-8.28,-7.08,14.66
2024/01/01 16:13:38.74,168.74,-8.24,-7.06,14.67
2024/01/01 16:13:38.75,168.75,-8.22,-7.09,14.68
2024/01/01 16:13:38.76,168.76,-8.23,-7.14,14.67
2024/01/01 16:13:38.77,168.77,-8.24,-7.21,14.66
2024/01/01 16:13:38.78,168.78,-8.25,-7.28,14.67
2024/01/01 16:13:38.79,168.79,-8.26,-7.32,14.68
2024/01/01 16:13:38.80,168.80,-8.26,-7.34,14.69
2024/01/01 16:13:38.81,168.81,-8.26,-7.32,14.68
2024/01/01 16:13:38.82,168.82,-8.25,-7.28,14.67
2024/01/01 16:13:38.83,168.83,-8.23,-7.25,14.67
2024/01/01 16:13:38.84,168.84,-8.22,-7.21,14.66
2024/01/01 16:13:38.85,168.85,-8.21,-7.17,14.66
2024/01/01 16:13:38.86,168.86,-8.17,-7.13,14.67
2024/01/01 16:13:38.87,168.87,-8.12,-7.13,14.67
2024/01/01 16:13:38.88,168.88,-8.07,-7.14,14.66
2024/01/01 16:13:38.89,168.89,-8.04,-7.16,14.64
2024/01/01 16:13:38.90,168.90,-8.03,-7.17,14.63
2024/01/01 16:13:38.91,168.91,-8.03,-7.15,14.64
2024/01/01 16:13:38.92,168.92,-8.03,-7.14,14.66
2024/01/01 16:13:38.93,168.93,-8.01,-7.12,14.68
2024/01/01 16:13:38.94,168.94,-8.02,-7.10,14.69
2024/01/01 16:13:38.95,168.95,-8.05,-7.08,14.72
2024/01/01 16:13:38.96,168.96,-8.07,-7.07,14.78
2024/01/01 16:13:38.97,168.97,-8.07,-7.05,14.83
2024/01/01 16:13:38.98,168.98,-8.06,-7.02,14.84
2024/01/01 16:13:38.99,168.99,-8.04,-6.97,14.81
2024/01/01 16:13:39.00,169.00,-8.03,-6.93,14.78
2024/01/01 16:13:39.01,169.01,-8.02,-6.90,14.75
2024/01/01 16:13:39.02,169.02,-8.01,-6.90,14.71
2024/01/01 16:13:39.03,169.03,-8.00,-6.93,14.68
2024/01/01 16:13:39.04,169.04,-8.00,-6.96,14.65
2024/01/01 16:13:39.05,169.05,-8.00,-6.99,14.62
2024/01/01 16:13:39.06,169.06,-7.98,-7.02,14.59
2024/01/01 16:13:39.07,169.07,-7.94,-7.05,14.57
2024/01/01 16:13:39.08,169.08,-7.89,-7.08,14.57
2024/01/01 16:13:39.09,169.09,-7.85,-7.12,14.57
2024/01/01 16:13:39.10,169.10,-7.84,-7.17,14.56
2024/01/01 16:13:39.11,169.11,-7.86,-7.23,14.57
2024/01/01 16:13:39.12,169.12,-7.90,-7.25,14.58
2024/01/01 16:13:39.13,169.13,-7.94,-7.24,14.60
2024/01/01 16:13:39.14,169.14,-7.94,-7.22,14.61
2024/01/01 16:13:39.15,169.15,-7.92,-7.20,14.63
2024/01/01 16:13:39.16,169.16,-7.90,-7.22,14.64
2024/01/01 16:13:39.17,169.17,-7.88,-7.27,14.65
2024/01/01 16:13:39.18,169.18,-7.87,-7.29,14.65
2024/01/01 16:13:39.19,169.19,-7.89,-7.28,14.65
2024/01/01 16:13:39.20,169.20,-7.90,-7.24,14.66
2024/01/01 16:13:39.21,169.21,-7.89,-7.21,14.66
2024/01/01 16:13:39.22,169.22,-7.87,-7.20,14.66
2024/01/01 16:13:39.23,169.23,-7.87,-7.22,14.68
2024/01/01 16:13:39.24,169.24,-7.87,-7.27,14.73
2024/01/01 16:13:39.25,169.25,-7.85,-7.32,14.79
2024/01/01 16:13:39.26,169.26,-7.84,-7.34,14.82
2024/01/01 16:13:39.27,169.27,-7.84,-7.36,14.83
2024/01/01 16:13:39.28,169.28,-7.87,-7.39,14.83
2024/01/01 16:13:39.29,169.29,-7.92,-7.42,14.84
2024/01/01 16:13:39.30,169.30,-7.97,-7.42,14.85
2024/01/01 16:13:39.31,169.31,-8.01,-7.40,14.85
2024/01/01 16:13:39.32,169.32,-8.03,-7.37,14.86
2024/01/01 16:13:39.33,169.33,-8.03,-7.34,14.87
2024/01/01 16:13:39.34,169.34,-8.05,-7.33,14.88
2024/01/01 16:13:39.35,169.35,-8.07,-7.32,14.86
2024/01/01 16:13:39.36,169.36,-8.09,-7.30,14.83
2024/01/01 16:13:39.37,169.37,-8.11,-7.28,14.81
2024/01/01 16:13:39.38,169.38,-8.12,-7.30,14.80
2024/01/01 16:13:39.39,169.39,-8.13,-7.35,14.78
2024/01/01 16:13:39.40,169.40,-8.15,-7.41,14.76
2024/01/01 16:13:39.41,169.41,-8.17,-7.45,14.73
2024/01/01 16:13:39.42,169.42,-8.18,-7.46,14.70
2024/01/01 16:13:39.43,169.43,-8.21,-7.44,14.68
2024/01/01 16:13:39.44,169.44,-8.26,-7.44,14.66
2024/01/01 16:13:39.45,169.45,-8.31,-7.46,14.64
2024/01/01 16:13:39.46,169.46,-8.38,-7.48,14.63
2024/01/01 16:13:39.47,169.47,-8.43,-7.48,14.64
2024/01/01 16:13:39.48,169.48,-8.46,-7.45,14.63
2024/01/01 16:13:39.49,169.49,-8.48,-7.41,14.62
2024/01/01 16:13:39.50,169.50,-8.48,-7.36,14.61
2024/01/01 16:13:39.51,169.51,-8.49,-7.30,14.60
2024/01/01 16:13:39.52,169.52,-8.52,-7.24,14.61
2024/01/01 16:13:39.53,169.53,-8.55,-7.19,14.61
2024/01/01 16:13:39.54,169.54,-8.60,-7.13,14.61
2024/01/01 16:13:39.55,169.55,-8.65,-7.07,14.61
2024/01/01 16:13:39.56,169.56,-8.70,-7.02,14.60
2024/01/01 16:13:39.57,169.57,-8.74,-6.98,14.58
2024/01/01 16:13:39.58,169.58,-8.74,-6.97,14.57
2024/01/01 16:13:39.59,169.59,-8.72,-7.00,14.57
2024/01/01 16:13:39.60,169.60,-8.68,-7.04,14.59
2024/01/01 16:13:39.61,169.61,-8.63,-7.08,14.62
2024/01/01 16:13:39.62,169.62,-8.59,-7.09,14.67
2024/01/01 16:13:39.63,169.63,-8.54,-7.08,14.71
2024/01/01 16:13:39.64,169.64,-8.47,-7.08,14.71
2024/01/01 16:13:39.65,169.65,-8.41,-7.08,14.70
2024/01/01 16:13:39.66,169.66,-8.36,-7.10,14.70
2024/01/01 16:13:39.67,169.67,-8.30,-7.10,14.72
2024/01/01 16:13:39.68,169.68,-8.25,-7.07,14.74
2024/01/01 16:13:39.69,169.69,-8.19,-7.03,14.75
2024/01/01 16:13:39.70,169.70,-8.12,-6.99,14.74
2024/01/01 16:13:39.71,169.71,-8.03,-6.98,14.72
2024/01/01 16:13:39.72,169.72,-7.96,-7.00,14.69
2024/01/01 16:13:39.73,169.73,-7.92,-7.03,14.67
2024/01/01 16:13:39.74,169.74,-7.90,-7.08,14.66
2024/01/01 16:13:39.75,169.75,-7.87,-7.12,14.67
2024/01/01 16:13:39.76,169.76,-7.83,-7.16,14.67
2024/01/01 16:13:39.77,169.77,-7.77,-7.16,14.68
2024/01/01 16:13:39.78,169.78,-7.71,-7.13,14.68
2024/01/01 16:13:39.79,169.79,-7.65,-7.08,14.67
2024/01/01 16:13:39.80,169.80,-7.60,-7.06,14.65
2024/01/01 16:13:39.81,169.81,-7.57,-7.08,14.62
2024/01/01 16:13:39.82,169.82,-7.54,-7.12,14.62
2024/01/01 16:13:39.83,169.83,-7.52,-7.18,14.65
2024/01/01 16:13:39.84,169.84,-7.51,-7.22,14.68
2024/01/01 16:13:39.85,169.85,-7.49,-7.25,14.69
2024/01/01 16:13:39.86,169.86,-7.46,-7.28,14.69
2024/01/01 16:13:39.87,169.87,-7.41,-7.30,14.69
2024/01/01 16:13:39.88,169.88,-7.39,-7.31,14.69
2024/01/01 16:13:39.89,169.89,-7.41,-7.31,14.69
2024/01/01 16:13:39.90,169.90,-7.44,-7.29,14.69
2024/01/01 16:13:39.91,169.91,-7.45,-7.28,14.70
2024/01/01 16:13:39.92,169.92,-7.43,-7.29,14.75
2024/01/01 16:13:39.93,169.93,-7.39,-7.34,14.77
2024/01/01 16:13:39.94,169.94,-7.35,-7.40,14.78
2024/01/01 16:13:39.95,169.95,-7.33,-7.48,14.79
2024/01/01 16:13:39.96,169.96,-7.34,-7.56,14.78
2024/01/01 16:13:39.97,169.97,-7.35,-7.63,14.77
2024/01/01 16:13:39.98,169.98,-7.37,-7.69,14.75
2024/01/01 16:13:39.99,169.99,-7.40,-7.72,14.73
2024/01/01 16:13:40.00,170.00,-7.43,-7.70,14.73
2024/01/01 16:13:40.01,170.01,-7.45,-7.67,14.72
2024/01/01 16:13:40.02,170.02,-7.48,-7.64,14.72
2024/01/01 16:13:40.03,170.03,-7.51,-7.64,14.75
2024/01/01 16:13:40.04,170.04,-7.56,-7.62,14.79
2024/01/01 16:13:40.05,170.05,-7.61,-7.57,14.81
2024/01/01 16:13:40.06,170.06,-7.67,-7.48,14.83
2024/01/01 16:13:40.07,170.07,-7.73,-7.41,14.83
2024/01/01 16:13:40.08,170.08,-7.80,-7.38,14.82
2024/01/01 16:13:40.09,170.09,-7.89,-7.38,14.83
2024/01/01 16:13:40.10,170.10,-7.96,-7.38,14.86
2024/01/01 16:13:40.11,170.11,-8.04,-7.34,14.89
2024/01/01 16:13:40.12,170.12,-8.11,-7.28,14.87
2024/01/01 16:13:40.13,170.13,-8.18,-7.23,14.83
2024/01/01 16:13:40.14,170.14,-8.25,-7.18,14.81
2024/01/01 16:13:40.15,170.15,-8.31,-7.14,14.82
2024/01/01 16:13:40.16,170.16,-8.38,-7.13,14.86
2024/01/01 16:13:40.17,170.17,-8.45,-7.11,14.89
2024/01/01 16:13:40.18,170.18,-8.52,-7.08,14.92
2024/01/01 16:13:40.19,170.19,-8.58,-7.04,14.91
2024/01/01 16:13:40.20,170.20,-8.61,-7.01,14.87
2024/01/01 16:13:40.21,170.21,-8.62,-7.01,14.82
2024/01/01 16:13:40.22,170.22,-8.62,-7.03,14.79
2024/01/01 16:13:40.23,170.23,-8.62,-7.05,14.76
2024/01/01 16:13:40.24,170.24,-8.62,-7.08,14.73
2024/01/01 16:13:40.25,170.25,-8.63,-7.09,14.70
2024/01/01 16:13:40.26,170.26,-8.63,-7.07,14.69
2024/01/01 16:13:40.27,170.27,-8.64,-7.00,14.68
2024/01/01 16:13:40.28,170.28,-8.63,-6.94,14.65
2024/01/01 16:13:40.29,170.29,-8.62,-6.93,14.61
2024/01/01 16:13:40.30,170.30,-8.60,-6.96,14.58
2024/01/01 16:13:40.31,170.31,-8.60,-7.04,14.57
2024/01/01 16:13:40.32,170.32,-8.61,-7.12,14.57
2024/01/01 16:13:40.33,170.33,-8.62,-7.17,14.60
2024/01/01 16:13:40.34,170.34,-8.60,-7.17,14.62
2024/01/01 16:13:40.35,170.35,-8.55,-7.13,14.61
2024/01/01 16:13:40.36,170.36,-8.47,-7.09,14.60
2024/01/01 16:13:40.37,170.37,-8.38,-7.06,14.61
2024/01/01 16:13:40.38,170.38,-8.30,-7.08,14.67
2024/01/01 16:13:40.39,170.39,-8.24,-7.10,14.74
2024/01/01 16:13:40.40,170.40,-8.19,-7.11,14.79
2024/01/01 16:13:40.41,170.41,-8.10,-7.08,14.79
2024/01/01 16:13:40.42,170.42,-8.01,-7.06,14.78
2024/01/01 16:13:40.43,170.43,-7.92,-7.09,14.78
2024/01/01 16:13:40.44,170.44,-7.83,-7.16,14.79
2024/01/01 16:13:40.45,170.45,-7.74,-7.27,14.81
2024/01/01 16:13:40.46,170.46,-7.66,-7.36,14.86
2024/01/01 16:13:40.47,170.47,-7.58,-7.41,14.90
2024/01/01 16:13:40.48,170.48,-7.50,-7.44,14.93
2024/01/01 16:13:40.49,170.49,-7.41,-7.44,14.92
2024/01/01 16:13:40.50,170.50,-7.32,-7.45,14.89
2024/01/01 16:13:40.51,170.51,-7.24,-7.46,14.86
2024/01/01 16:13:40.52,170.52,-7.17,-7.47,14.86
2024/01/01 16:13:40.53,170.53,-7.12,-7.47,14.86
2024/01/01 16:13:40.54,170.54,-7.08,-7.47,14.85
2024/01/01 16:13:40.55,170.55,-7.05,-7.50,14.84
2024/01/01 16:13:40.56,170.56,-7.01,-7.54,14.82
2024/01/01 16:13:40.57,170.57,-6.96,-7.58,14.80
2024/01/01 16:13:40.58,170.58,-6.94,-7.59,14.79
2024/01/01 16:13:40.59,170.59,-6.93,-7.57,14.79
2024/01/01 16:13:40.60,170.60,-6.95,-7.55,14.82
2024/01/01 16:13:40.61,170.61,-6.97,-7.53,14.85
2024/01/01 16:13:40.62,170.62,-7.00,-7.54,14.88
2024/01/01 16:13:40.63,170.63,-7.02,-7.55,14.90
2024/01/01 16:13:40.64,170.64,-7.06,-7.56,14.92
2024/01/01 16:13:40.65,170.65,-7.13,-7.55,14.92
2024/01/01 16:13:40.66,170.66,-7.22,-7.54,14.91
2024/01/01 16:13:40.67,170.67,-7.29,-7.53,14.92
2024/01/01 16:13:40.68,170.68,-7.37,-7.52,14.93
2024/01/01 16:13:40.69,170.69,-7.43,-7.52,14.94
2024/01/01 16:13:40.70,170.70,-7.46,-7.52,14.93
2024/01/01 16:13:40.71,170.71,-7.48,-7.52,14.92
2024/01/01 16:13:40.72,170.72,-7.52,-7.48,14.93
2024/01/01 16:13:40.73,170.73,-7.59,-7.40,14.94
2024/01/01 16:13:40.74,170.74,-7.68,-7.32,14.95
2024/01/01 16:13:40.75,170.75,-7.76,-7.25,14.97
2024/01/01 16:13:40.76,170.76,-7.84,-7.19,14.98
2024/01/01 16:13:40.77,170.77,-7.90,-7.18,14.97
2024/01/01 16:13:40.78,170.78,-7.97,-7.19,14.98
2024/01/01 16:13:40.79,170.79,-8.05,-7.24,14.98
2024/01/01 16:13:40.80,170.80,-8.14,-7.30,14.99
2024/01/01 16:13:40.81,170.81,-8.23,-7.37,14.99
2024/01/01 16:13:40.82,170.82,-8.31,-7.39,14.97
2024/01/01 16:13:40.83,170.83,-8.36,-7.36,14.96
2024/01/01 16:13:40.84,170.84,-8.40,-7.31,14.94
2024/01/01 16:13:40.85,170.85,-8.43,-7.28,14.94
2024/01/01 16:13:40.86,170.86,-8.48,-7.24,14.93
2024/01/01 16:13:40.87,170.87,-8.54,-7.19,14.94
2024/01/01 16:13:40.88,170.88,-8.60,-7.14,14.94
2024/01/01 16:13:40.89,170.89,-8.64,-7.11,14.93
2024/01/01 16:13:40.90,170.90,-8.64,-7.11,14.90
2024/01/01 16:13:40.91,170.91,-8.60,-7.12,14.87
2024/01/01 16:13:40.92,170.92,-8.56,-7.15,14.85
2024/01/01 16:13:40.93,170.93,-8.54,-7.18,14.84
2024/01/01 16:13:40.94,170.94,-8.54,-7.19,14.84
2024/01/01 16:13:40.95,170.95,-8.55,-7.21,14.82
2024/01/01 16:13:40.96,170.96,-8.56,-7.23,14.79
2024/01/01 16:13:40.97,170.97,-8.56,-7.24,14.76
2024/01/01 16:13:40.98,170.98,-8.53,-7.23,14.75
2024/01/01 16:13:40.99,170.99,-8.48,-7.22,14.72
2024/01/01 16:13:41.00,171.00,-8.43,-7.24,14.70
2024/01/01 16:13:41.01,171.01,-8.38,-7.31,14.70
2024/01/01 16:13:41.02,171.02,-8.34,-7.38,14.71
2024/01/01 16:13:41.03,171.03,-8.32,-7.45,14.71
2024/01/01 16:13:41.04,171.04,-8.29,-7.50,14.69
2024/01/01 16:13:41.05,171.05,-8.25,-7.54,14.66
2024/01/01 16:13:41.06,171.06,-8.20,-7.55,14.63
2024/01/01 16:13:41.07,171.07,-8.14,-7.53,14.59
2024/01/01 16:13:41.08,171.08,-8.08,-7.49,14.57
2024/01/01 16:13:41.09,171.09,-8.02,-7.44,14.56
2024/01/01 16:13:41.10,171.10,-7.97,-7.39,14.59
2024/01/01 16:13:41.11,171.11,-7.91,-7.34,14.62
2024/01/01 16:13:41.12,171.12,-7.83,-7.30,14.63
2024/01/01 16:13:41.13,171.13,-7.74,-7.26,14.64
2024/01/01 16:13:41.14,171.14,-7.70,-7.23,14.64
2024/01/01 16:13:41.15,171.15,-7.67,-7.22,14.65
2024/01/01 16:13:41.16,171.16,-7.65,-7.25,14.66
2024/01/01 16:13:41.17,171.17,-7.64,-7.31,14.69
2024/01/01 16:13:41.18,171.18,-7.64,-7.36,14.73
2024/01/01 16:13:41.19,171.19,-7.62,-7.39,14.75
2024/01/01 16:13:41.20,171.20,-7.58,-7.41,14.75
2024/01/01 16:13:41.21,171.21,-7.54,-7.40,14.72
2024/01/01 16:13:41.22,171.22,-7.50,-7.36,14.70
2024/01/01 16:13:41.23,171.23,-7.46,-7.31,14.69
2024/01/01 16:13:41.24,171.24,-7.43,-7.25,14.68
2024/01/01 16:13:41.25,171.25,-7.40,-7.20,14.68
2024/01/01 16:13:41.26,171.26,-7.39,-7.16,14.69
2024/01/01 16:13:41.27,171.27,-7.38,-7.12,14.71
2024/01/01 16:13:41.28,171.28,-7.38,-7.09,14.72
2024/01/01 16:13:41.29,171.29,-7.41,-7.06,14.72
2024/01/01 16:13:41.30,171.30,-7.45,-7.06,14.72
2024/01/01 16:13:41.31,171.31,-7.50,-7.07,14.71
2024/01/01 16:13:41.32,171.32,-7.55,-7.10,14.71
2024/01/01 16:13:41.33,171.33,-7.58,-7.13,14.73
2024/01/01 16:13:41.34,171.34,-7.61,-7.14,14.74
2024/01/01 16:13:41.35,171.35,-7.64,-7.12,14.75
2024/01/01 16:13:41.36,171.36,-7.68,-7.11,14.75
2024/01/01 16:13:41.37,171.37,-7.72,-7.10,14.74
2024/01/01 16:13:41.38,171.38,-7.77,-7.08,14.73
2024/01/01 16:13:41.39,171.39,-7.79,-7.08,14.73
2024/01/01 16:13:41.40,171.40,-7.79,-7.09,14.75
2024/01/01 16:13:41.41,171.41,-7.78,-7.12,14.76
2024/01/01 16:13:41.42,171.42,-7.78,-7.18,14.76
2024/01/01 16:13:41.43,171.43,-7.80,-7.25,14.77
2024/01/01 16:13:41.44,171.44,-7.86,-7.31,14.77
2024/01/01 16:13:41.45,171.45,-7.94,-7.37,14.75
2024/01/01 16:13:41.46,171.46,-8.04,-7.45,14.71
2024/01/01 16:13:41.47,171.47,-8.12,-7.50,14.67
2024/01/01 16:13:41.48,171.48,-8.16,-7.51,14.64
2024/01/01 16:13:41.49,171.49,-8.18,-7.51,14.61
2024/01/01 16:13:41.50,171.50,-8.21,-7.50,14.59
2024/01/01 16:13:41.51,171.51,-8.22,-7.49,14.58
2024/01/01 16:13:41.52,171.52,-8.25,-7.49,14.61
2024/01/01 16:13:41.53,171.53,-8.30,-7.49,14.64
2024/01/01 16:13:41.54,171.54,-8.37,-7.50,14.64
2024/01/01 16:13:41.55,171.55,-8.43,-7.52,14.63
2024/01/01 16:13:41.56,171.56,-8.49,-7.56,14.63
2024/01/01 16:13:41.57,171.57,-8.53,-7.60,14.63
2024/01/01 16:13:41.58,171.58,-8.54,-7.62,14.65
2024/01/01 16:13:41.59,171.59,-8.53,-7.61,14.67
2024/01/01 16:13:41.60,171.60,-8.53,-7.58,14.70
2024/01/01 16:13:41.61,171.61,-8.52,-7.54,14.71
2024/01/01 16:13:41.62,171.62,-8.50,-7.50,14.71
2024/01/01 16:13:41.63,171.63,-8.48,-7.46,14.70
2024/01/01 16:13:41.64,171.64,-8.45,-7.44,14.71
2024/01/01 16:13:41.65,171.65,-8.44,-7.42,14.72
2024/01/01 16:13:41.66,171.66,-8.42,-7.40,14.71
2024/01/01 16:13:41.67,171.67,-8.40,-7.38,14.68
2024/01/01 16:13:41.68,171.68,-8.37,-7.37,14.65
2024/01/01 16:13:41.69,171.69,-8.34,-7.36,14.64
2024/01/01 16:13:41.70,171.70,-8.31,-7.33,14.65
2024/01/01 16:13:41.71,171.71,-8.30,-7.32,14.67
2024/01/01 16:13:41.72,171.72,-8.29,-7.31,14.70
2024/01/01 16:13:41.73,171.73,-8.29,-7.29,14.72
2024/01/01 16:13:41.74,171.74,-8.28,-7.25,14.73
2024/01/01 16:13:41.75,171.75,-8.24,-7.18,14.74
2024/01/01 16:13:41.76,171.76,-8.22,-7.10,14.74
2024/01/01 16:13:41.77,171.77,-8.20,-7.03,14.73
2024/01/01 16:13:41.78,171.78,-8.17,-6.99,14.74
2024/01/01 16:13:41.79,171.79,-8.13,-6.98,14.77
2024/01/01 16:13:41.80,171.80,-8.11,-7.00,14.79
2024/01/01 16:13:41.81,171.81,-8.08,-7.04,14.80
2024/01/01 16:13:41.82,171.82,-8.07,-7.10,14.81
2024/01/01 16:13:41.83,171.83,-8.06,-7.14,14.80
2024/01/01 16:13:41.84,171.84,-8.04,-7.18,14.79
2024/01/01 16:13:41.85,171.85,-8.03,-7.20,14.78
2024/01/01 16:13:41.86,171.86,-8.02,-7.20,14.78
2024/01/01 16:13:41.87,171.87,-8.00,-7.18,14.77
2024/01/01 16:13:41.88,171.88,-7.97,-7.17,14.75
2024/01/01 16:13:41.89,171.89,-7.95,-7.15,14.75
2024/01/01 16:13:41.90,171.90,-7.92,-7.16,14.74
2024/01/01 16:13:41.91,171.91,-7.91,-7.18,14.73
2024/01/01 16:13:41.92,171.92,-7.89,-7.20,14.71
2024/01/01 16:13:41.93,171.93,-7.88,-7.22,14.68
2024/01/01 16:13:41.94,171.94,-7.86,-7.23,14.65
2024/01/01 16:13:41.95,171.95,-7.85,-7.22,14.63
2024/01/01 16:13:41.96,171.96,-7.83,-7.21,14.63
2024/01/01 16:13:41.97,171.97,-7.79,-7.21,14.63
2024/01/01 16:13:41.98,171.98,-7.77,-7.21,14.64
2024/01/01 16:13:41.99,171.99,-7.76,-7.21,14.66
2024/01/01 16:13:42.00,172.00,-7.78,-7.20,14.66
2024/01/01 16:13:42.01,172.01,-7.82,-7.16,14.66
2024/01/01 16:13:42.02,172.02,-7.85,-7.13,14.67
2024/01/01 16:13:42.03,172.03,-7.86,-7.13,14.67
2024/01/01 16:13:42.04,172.04,-7.88,-7.14,14.66
2024/01/01 16:13:42.05,172.05,-7.92,-7.16,14.68
2024/01/01 16:13:42.06,172.06,-7.97,-7.19,14.72
2024/01/01 16:13:42.07,172.07,-8.03,-7.21,14.75
2024/01/01 16:13:42.08,172.08,-8.09,-7.24,14.76
2024/01/01 16:13:42.09,172.09,-8.14,-7.25,14.75
2024/01/01 16:13:42.10,172.10,-8.19,-7.25,14.72
2024/01/01 16:13:42.11,172.11,-8.22,-7.22,14.72
2024/01/01 16:13:42.12,172.12,-8.24,-7.18,14.72
2024/01/01 16:13:42.13,172.13,-8.24,-7.12,14.71
2024/01/01 16:13:42.14,172.14,-8.24,-7.06,14.70
2024/01/01 16:13:42.15,172.15,-8.25,-7.02,14.69
2024/01/01 16:13:42.16,172.16,-8.26,-7.01,14.67
2024/01/01 16:13:42.17,172.17,-8.25,-7.02,14.65
2024/01/01 16:13:42.18,172.18,-8.25,-7.07,14.64
2024/01/01 16:13:42.19,172.19,-8.25,-7.13,14.63
2024/01/01 16:13:42.20,172.20,-8.26,-7.18,14.64
2024/01/01 16:13:42.21,172.21,-8.28,-7.19,14.66
2024/01/01 16:13:42.22,172.22,-8.34,-7.16,14.66
2024/01/01 16:13:42.23,172.23,-8.41,-7.10,14.65
2024/01/01 16:13:42.24,172.24,-8.48,-7.06,14.62
2024/01/01 16:13:42.25,172.25,-8.55,-7.03,14.59
2024/01/01 16:13:42.26,172.26,-8.61,-7.03,14.59
2024/01/01 16:13:42.27,172.27,-8.65,-7.04,14.62
2024/01/01 16:13:42.28,172.28,-8.69,-7.05,14.65
2024/01/01 16:13:42.29,172.29,-8.71,-7.08,14.68
2024/01/01 16:13:42.30,172.30,-8.71,-7.11,14.69
2024/01/01 16:13:42.31,172.31,-8.71,-7.14,14.72
2024/01/01 16:13:42.32,172.32,-8.70,-7.17,14.72
2024/01/01 16:13:42.33,172.33,-8.68,-7.18,14.71
2024/01/01 16:13:42.34,172.34,-8.67,-7.19,14.71
2024/01/01 16:13:42.35,172.35,-8.66,-7.19,14.72
2024/01/01 16:13:42.36,172.36,-8.66,-7.19,14.75
2024/01/01 16:13:42.37,172.37,-8.67,-7.18,14.77
2024/01/01 16:13:42.38,172.38,-8.68,-7.20,14.78
2024/01/01 16:13:42.39,172.39,-8.67,-7.24,14.79
2024/01/01 16:13:42.40,172.40,-8.64,-7.31,14.80
2024/01/01 16:13:42.41,172.41,-8.60,-7.41,14.78
2024/01/01 16:13:42.42,172.42,-8.54,-7.51,14.76
2024/01/01 16:13:42.43,172.43,-8.48,-7.57,14.74
2024/01/01 16:13:42.44,172.44,-8.43,-7.58,14.74
2024/01/01 16:13:42.45,172.45,-8.39,-7.56,14.74
2024/01/01 16:13:42.46,172.46,-8.36,-7.56,14.75
2024/01/01 16:13:42.47,172.47,-8.33,-7.55,14.76
2024/01/01 16:13:42.48,172.48,-8.30,-7.54,14.77
2024/01/01 16:13:42.49,172.49,-8.26,-7.54,14.77
2024/01/01 16:13:42.50,172.50,-8.19,-7.56,14.76
2024/01/01 16:13:42.51,172.51,-8.10,-7.60,14.77
2024/01/01 16:13:42.52,172.52,-8.02,-7.63,14.78
2024/01/01 16:13:42.53,172.53,-7.95,-7.65,14.80
2024/01/01 16:13:42.54,172.54,-7.89,-7.65,14.81
2024/01/01 16:13:42.55,172.55,-7.86,-7.64,14.81
2024/01/01 16:13:42.56,172.56,-7.85,-7.61,14.80
2024/01/01 16:13:42.57,172.57,-7.86,-7.59,14.79
2024/01/01 16:13:42.58,172.58,-7.86,-7.56,14.77
2024/01/01 16:13:42.59,172.59,-7.85,-7.53,14.76
2024/01/01 16:13:42.60,172.60,-7.81,-7.50,14.75
2024/01/01 16:13:42.61,172.61,-7.76,-7.50,14.74
2024/01/01 16:13:42.62,172.62,-7.72,-7.51,14.73
2024/01/01 16:13:42.63,172.63,-7.71,-7.51,14.73
2024/01/01 16:13:42.64,172.64,-7.71,-7.48,14.73
2024/01/01 16:13:42.65,172.65,-7.70,-7.44,14.73
2024/01/01 16:13:42.66,172.66,-7.68,-7.39,14.73
2024/01/01 16:13:42.67,172.67,-7.65,-7.37,14.72
2024/01/01 16:13:42.68,172.68,-7.61,-7.37,14.71
2024/01/01 16:13:42.69,172.69,-7.58,-7.39,14.69
2024/01/01 16:13:42.70,172.70,-7.57,-7.40,14.68
2024/01/01 16:13:42.71,172.71,-7.59,-7.40,14.68
2024/01/01 16:13:42.72,172.72,-7.63,-7.35,14.67
2024/01/01 16:13:42.73,172.73,-7.68,-7.29,14.65
2024/01/01 16:13:42.74,172.74,-7.72,-7.23,14.62
2024/01/01 16:13:42.75,172.75,-7.75,-7.18,14.60
2024/01/01 16:13:42.76,172.76,-7.76,-7.17,14.60
2024/01/01 16:13:42.77,172.77,-7.76,-7.16,14.61
2024/01/01 16:13:42.78,172.78,-7.76,-7.16,14.62
2024/01/01 16:13:42.79,172.79,-7.77,-7.14,14.64
2024/01/01 16:13:42.80,172.80,-7.79,-7.12,14.63
2024/01/01 16:13:42.81,172.81,-7.81,-7.10,14.61
2024/01/01 16:13:42.82,172.82,-7.84,-7.06,14.59
2024/01/01 16:13:42.83,172.83,-7.90,-7.01,14.59
2024/01/01 16:13:42.84,172.84,-7.97,-6.96,14.60
2024/01/01 16:13:42.85,172.85,-8.03,-6.91,14.61
2024/01/01 16:13:42.86,172.86,-8.08,-6.91,14.63
2024/01/01 16:13:42.87,172.87,-8.11,-6.95,14.65
2024/01/01 16:13:42.88,172.88,-8.12,-6.99,14.68
2024/01/01 16:13:42.89,172.89,-8.11,-7.00,14.69
2024/01/01 16:13:42.90,172.90,-8.08,-7.01,14.69
2024/01/01 16:13:42.91,172.91,-8.04,-7.00,14.69
2024/01/01 16:13:42.92,172.92,-8.02,-6.97,14.68
2024/01/01 16:13:42.93,172.93,-7.99,-6.94,14.69
2024/01/01 16:13:42.94,172.94,-7.99,-6.92,14.72
2024/01/01 16:13:42.95,172.95,-8.00,-6.92,14.74
2024/01/01 16:13:42.96,172.96,-8.04,-6.92,14.77
2024/01/01 16:13:42.97,172.97,-8.08,-6.89,14.80
2024/01/01 16:13:42.98,172.98,-8.12,-6.84,14.83
2024/01/01 16:13:42.99,172.99,-8.15,-6.79,14.85
2024/01/01 16:13:43.00,173.00,-8.17,-6.76,14.89
2024/01/01 16:13:43.01,173.01,-8.18,-6.77,14.92
2024/01/01 16:13:43.02,173.02,-8.18,-6.80,14.95
2024/01/01 16:13:43.03,173.03,-8.19,-6.83,14.96
2024/01/01 16:13:43.04,173.04,-8.20,-6.85,14.96
2024/01/01 16:13:43.05,173.05,-8.21,-6.84,14.94
2024/01/01 16:13:43.06,173.06,-8.20,-6.84,14.92
2024/01/01 16:13:43.07,173.07,-8.18,-6.88,14.90
2024/01/01 16:13:43.08,173.08,-8.16,-6.96,14.87
2024/01/01 16:13:43.09,173.09,-8.14,-7.07,14.84
2024/01/01 16:13:43.10,173.10,-8.12,-7.18,14.80
2024/01/01 16:13:43.11,173.11,-8.10,-7.28,14.79
2024/01/01 16:13:43.12,173.12,-8.08,-7.34,14.77
2024/01/01 16:13:43.13,173.13,-8.05,-7.37,14.75
2024/01/01 16:13:43.14,173.14,-8.01,-7.40,14.74
2024/01/01 16:13:43.15,173.15,-7.97,-7.42,14.74
2024/01/01 16:13:43.16,173.16,-7.95,-7.44,14.73
2024/01/01 16:13:43.17,173.17,-7.96,-7.46,14.71
2024/01/01 16:13:43.18,173.18,-7.97,-7.47,14.68
2024/01/01 16:13:43.19,173.19,-7.98,-7.44,14.64
2024/01/01 16:13:43.20,173.20,-7.97,-7.42,14.62
2024/01/01 16:13:43.21,173.21,-7.94,-7.41,14.62
2024/01/01 16:13:43.22,173.22,-7.89,-7.42,14.64
2024/01/01 16:13:43.23,173.23,-7.85,-7.44,14.68
2024/01/01 16:13:43.24,173.24,-7.83,-7.46,14.71
2024/01/01 16:13:43.25,173.25,-7.83,-7.47,14.73
2024/01/01 16:13:43.26,173.26,-7.84,-7.49,14.74
2024/01/01 16:13:43.27,173.27,-7.83,-7.51,14.76
2024/01/01 16:13:43.28,173.28,-7.81,-7.54,14.80
2024/01/01 16:13:43.29,173.29,-7.79,-7.57,14.85
2024/01/01 16:13:43.30,173.30,-7.76,-7.58,14.90
2024/01/01 16:13:43.31,173.31,-7.74,-7.57,14.96
2024/01/01 16:13:43.32,173.32,-7.75,-7.54,15.02
2024/01/01 16:13:43.33,173.33,-7.75,-7.52,15.05
2024/01/01 16:13:43.34,173.34,-7.76,-7.53,15.07
2024/01/01 16:13:43.35,173.35,-7.78,-7.55,15.09
2024/01/01 16:13:43.36,173.36,-7.78,-7.56,15.11
2024/01/01 16:13:43.37,173.37,-7.76,-7.57,15.13
2024/01/01 16:13:43.38,173.38,-7.72,-7.56,15.14
2024/01/01 16:13:43.39,173.39,-7.68,-7.54,15.15
2024/01/01 16:13:43.40,173.40,-7.67,-7.52,15.14
2024/01/01 16:13:43.41,173.41,-7.68,-7.51,15.11
2024/01/01 16:13:43.42,173.42,-7.72,-7.50,15.05
2024/01/01 16:13:43.43,173.43,-7.78,-7.48,14.97
2024/01/01 16:13:43.44,173.44,-7.85,-7.48,14.91
2024/01/01 16:13:43.45,173.45,-7.90,-7.49,14.88
2024/01/01 16:13:43.46,173.46,-7.93,-7.52,14.87
2024/01/01 16:13:43.47,173.47,-7.93,-7.56,14.87
2024/01/01 16:13:43.48,173.48,-7.92,-7.58,14.89
2024/01/01 16:13:43.49,173.49,-7.92,-7.55,14.88
2024/01/01 16:13:43.50,173.50,-7.92,-7.47,14.87
2024/01/01 16:13:43.51,173.51,-7.96,-7.36,14.86
2024/01/01 16:13:43.52,173.52,-8.01,-7.23,14.84
2024/01/01 16:13:43.53,173.53,-8.07,-7.12,14.81
2024/01/01 16:13:43.54,173.54,-8.12,-7.04,14.80
2024/01/01 16:13:43.55,173.55,-8.16,-7.00,14.81
2024/01/01 16:13:43.56,173.56,-8.19,-6.99,14.82
2024/01/01 16:13:43.57,173.57,-8.23,-7.00,14.83
2024/01/01 16:13:43.58,173.58,-8.28,-7.03,14.84
2024/01/01 16:13:43.59,173.59,-8.36,-7.06,14.85
2024/01/01 16:13:43.60,173.60,-8.44,-7.09,14.83
2024/01/01 16:13:43.61,173.61,-8.49,-7.10,14.83
2024/01/01 16:13:43.62,173.62,-8.51,-7.09,14.86
2024/01/01 16:13:43.63,173.63,-8.53,-7.07,14.91
2024/01/01 16:13:43.64,173.64,-8.54,-7.05,14.96
2024/01/01 16:13:43.65,173.65,-8.55,-7.03,14.98
2024/01/01 16:13:43.66,173.66,-8.53,-7.01,15.00
2024/01/01 16:13:43.67,173.67,-8.52,-7.01,15.02
2024/01/01 16:13:43.68,173.68,-8.53,-7.02,15.04
2024/01/01 16:13:43.69,173.69,-8.55,-7.05,15.07
2024/01/01 16:13:43.70,173.70,-8.58,-7.09,15.08
2024/01/01 16:13:43.71,173.71,-8.62,-7.13,15.08
2024/01/01 16:13:43.72,173.72,-8.64,-7.17,15.07
2024/01/01 16:13:43.73,173.73,-8.66,-7.20,15.06
2024/01/01 16:13:43.74,173.74,-8.67,-7.22,15.07
2024/01/01 16:13:43.75,173.75,-8.69,-7.23,15.06
2024/01/01 16:13:43.76,173.76,-8.69,-7.22,15.04
2024/01/01 16:13:43.77,173.77,-8.67,-7.18,15.02
2024/01/01 16:13:43.78,173.78,-8.64,-7.15,15.00
2024/01/01 16:13:43.79,173.79,-8.59,-7.13,14.98
2024/01/01 16:13:43.80,173.80,-8.54,-7.13,14.97
2024/01/01 16:13:43.81,173.81,-8.47,-7.14,15.00
2024/01/01 16:13:43.82,173.82,-8.40,-7.14,15.01
2024/01/01 16:13:43.83,173.83,-8.32,-7.15,15.00
2024/01/01 16:13:43.84,173.84,-8.25,-7.17,14.98
2024/01/01 16:13:43.85,173.85,-8.18,-7.22,14.97
2024/01/01 16:13:43.86,173.86,-8.13,-7.29,14.98
2024/01/01 16:13:43.87,173.87,-8.10,-7.36,14.96
2024/01/01 16:13:43.88,173.88,-8.05,-7.42,14.94
2024/01/01 16:13:43.89,173.89,-8.01,-7.43,14.92
2024/01/01 16:13:43.90,173.90,-7.95,-7.41,14.91
2024/01/01 16:13:43.91,173.91,-7.90,-7.37,14.90
2024/01/01 16:13:43.92,173.92,-7.83,-7.36,14.91
2024/01/01 16:13:43.93,173.93,-7.76,-7.39,14.92
2024/01/01 16:13:43.94,173.94,-7.70,-7.43,14.92
2024/01/01 16:13:43.95,173.95,-7.65,-7.46,14.91
2024/01/01 16:13:43.96,173.96,-7.61,-7.47,14.89
2024/01/01 16:13:43.97,173.97,-7.60,-7.45,14.87
2024/01/01 16:13:43.98,173.98,-7.59,-7.40,14.87
2024/01/01 16:13:43.99,173.99,-7.58,-7.34,14.87
2024/01/01 16:13:44.00,174.00,-7.56,-7.30,14.88
2024/01/01 16:13:44.01,174.01,-7.55,-7.25,14.91
2024/01/01 16:13:44.02,174.02,-7.55,-7.19,14.94
2024/01/01 16:13:44.03,174.03,-7.56,-7.14,14.97
2024/01/01 16:13:44.04,174.04,-7.58,-7.10,14.99
2024/01/01 16:13:44.05,174.05,-7.59,-7.06,15.00
2024/01/01 16:13:44.06,174.06,-7.60,-7.04,15.01
2024/01/01 16:13:44.07,174.07,-7.61,-7.02,15.02
2024/01/01 16:13:44.08,174.08,-7.64,-7.00,15.01
2024/01/01 16:13:44.09,174.09,-7.68,-6.98,15.01
2024/01/01 16:13:44.10,174.10,-7.73,-6.94,15.00
2024/01/01 16:13:44.11,174.11,-7.80,-6.91,14.98
2024/01/01 16:13:44.12,174.12,-7.87,-6.90,14.96
2024/01/01 16:13:44.13,174.13,-7.95,-6.92,14.93
2024/01/01 16:13:44.14,174.14,-8.01,-6.93,14.93
2024/01/01 16:13:44.15,174.15,-8.04,-6.91,14.93
2024/01/01 16:13:44.16,174.16,-8.06,-6.88,14.93
2024/01/01 16:13:44.17,174.17,-8.05,-6.87,14.90
2024/01/01 16:13:44.18,174.18,-8.04,-6.90,14.86
2024/01/01 16:13:44.19,174.19,-8.06,-6.96,14.83
2024/01/01 16:13:44.20,174.20,-8.13,-7.00,14.83
2024/01/01 16:13:44.21,174.21,-8.23,-7.04,14.82
2024/01/01 16:13:44.22,174.22,-8.35,-7.06,14.82
2024/01/01 16:13:44.23,174.23,-8.45,-7.09,14.82
2024/01/01 16:13:44.24,174.24,-8.53,-7.13,14.80
2024/01/01 16:13:44.25,174.25,-8.58,-7.16,14.78
2024/01/01 16:13:44.26,174.26,-8.62,-7.18,14.77
2024/01/01 16:13:44.27,174.27,-8.66,-7.18,14.78
2024/01/01 16:13:44.28,174.28,-8.71,-7.16,14.80
2024/01/01 16:13:44.29,174.29,-8.77,-7.15,14.81
2024/01/01 16:13:44.30,174.30,-8.82,-7.17,14.81
2024/01/01 16:13:44.31,174.31,-8.85,-7.19,14.81
2024/01/01 16:13:44.32,174.32,-8.86,-7.22,14.84
2024/01/01 16:13:44.33,174.33,-8.85,-7.28,14.85
2024/01/01 16:13:44.34,174.34,-8.84,-7.37,14.85
2024/01/01 16:13:44.35,174.35,-8.82,-7.49,14.85
2024/01/01 16:13:44.36,174.36,-8.79,-7.60,14.85
2024/01/01 16:13:44.37,174.37,-8.77,-7.69,14.84
2024/01/01 16:13:44.38,174.38,-8.76,-7.74,14.81
2024/01/01 16:13:44.39,174.39,-8.74,-7.75,14.79
2024/01/01 16:13:44.40,174.40,-8.72,-7.74,14.78
2024/01/01 16:13:44.41,174.41,-8.68,-7.72,14.78
2024/01/01 16:13:44.42,174.42,-8.63,-7.70,14.79
2024/01/01 16:13:44.43,174.43,-8.58,-7.67,14.81
2024/01/01 16:13:44.44,174.44,-8.53,-7.64,14.83
2024/01/01 16:13:44.45,174.45,-8.48,-7.60,14.85
2024/01/01 16:13:44.46,174.46,-8.42,-7.57,14.86
2024/01/01 16:13:44.47,174.47,-8.35,-7.53,14.85
2024/01/01 16:13:44.48,174.48,-8.29,-7.51,14.83
2024/01/01 16:13:44.49,174.49,-8.25,-7.50,14.80
2024/01/01 16:13:44.50,174.50,-8.22,-7.52,14.79
2024/01/01 16:13:44.51,174.51,-8.20,-7.55,14.80
2024/01/01 16:13:44.52,174.52,-8.15,-7.58,14.82
2024/01/01 16:13:44.53,174.53,-8.09,-7.61,14.83
2024/01/01 16:13:44.54,174.54,-8.00,-7.62,14.84
2024/01/01 16:13:44.55,174.55,-7.89,-7.59,14.84
2024/01/01 16:13:44.56,174.56,-7.79,-7.52,14.83
2024/01/01 16:13:44.57,174.57,-7.72,-7.44,14.82
2024/01/01 16:13:44.58,174.58,-7.68,-7.34,14.80
2024/01/01 16:13:44.59,174.59,-7.67,-7.26,14.79
2024/01/01 16:13:44.60,174.60,-7.68,-7.19,14.78
2024/01/01 16:13:44.61,174.61,-7.68,-7.15,14.78
2024/01/01 16:13:44.62,174.62,-7.68,-7.13,14.79
2024/01/01 16:13:44.63,174.63,-7.71,-7.11,14.81
2024/01/01 16:13:44.64,174.64,-7.75,-7.08,14.82
2024/01/01 16:13:44.65,174.65,-7.78,-7.04,14.82
2024/01/01 16:13:44.66,174.66,-7.79,-6.97,14.80
2024/01/01 16:13:44.67,174.67,-7.81,-6.89,14.78
2024/01/01 16:13:44.68,174.68,-7.82,-6.83,14.77
2024/01/01 16:13:44.69,174.69,-7.85,-6.78,14.77
2024/01/01 16:13:44.70,174.70,-7.90,-6.75,14.78
2024/01/01 16:13:44.71,174.71,-7.93,-6.72,14.78
2024/01/01 16:13:44.72,174.72,-7.93,-6.71,14.76
2024/01/01 16:13:44.73,174.73,-7.91,-6.70,14.75
2024/01/01 16:13:44.74,174.74,-7.88,-6.70,14.73
2024/01/01 16:13:44.75,174.75,-7.86,-6.70,14.72
2024/01/01 16:13:44.76,174.76,-7.88,-6.69,14.71
2024/01/01 16:13:44.77,174.77,-7.93,-6.66,14.70
2024/01/01 16:13:44.78,174.78,-7.99,-6.61,14.70
2024/01/01 16:13:44.79,174.79,-8.03,-6.56,14.69
2024/01/01 16:13:44.80,174.80,-8.06,-6.54,14.67
2024/01/01 16:13:44.81,174.81,-8.09,-6.55,14.67
2024/01/01 16:13:44.82,174.82,-8.13,-6.59,14.67
2024/01/01 16:13:44.83,174.83,-8.16,-6.66,14.68
2024/01/01 16:13:44.84,174.84,-8.19,-6.73,14.69
2024/01/01 16:13:44.85,174.85,-8.22,-6.81,14.70
2024/01/01 16:13:44.86,174.86,-8.24,-6.87,14.71
2024/01/01 16:13:44.87,174.87,-8.24,-6.89,14.70
2024/01/01 16:13:44.88,174.88,-8.24,-6.89,14.69
2024/01/01 16:13:44.89,174.89,-8.24,-6.87,14.68
2024/01/01 16:13:44.90,174.90,-8.25,-6.85,14.69
2024/01/01 16:13:44.91,174.91,-8.26,-6.84,14.70
2024/01/01 16:13:44.92,174.92,-8.28,-6.86,14.72
2024/01/01 16:13:44.93,174.93,-8.30,-6.89,14.73
2024/01/01 16:13:44.94,174.94,-8.33,-6.93,14.76
2024/01/01 16:13:44.95,174.95,-8.34,-6.97,14.77
2024/01/01 16:13:44.96,174.96,-8.36,-6.99,14.75
2024/01/01 16:13:44.97,174.97,-8.37,-7.01,14.72
2024/01/01 16:13:44.98,174.98,-8.37,-7.03,14.69
2024/01/01 16:13:44.99,174.99,-8.38,-7.06,14.66
2024/01/01 16:13:45.00,175.00,-8.39,-7.10,14.65
2024/01/01 16:13:45.01,175.01,-8.40,-7.16,14.64
2024/01/01 16:13:45.02,175.02,-8.42,-7.21,14.63
2024/01/01 16:13:45.03,175.03,-8.42,-7.25,14.62
2024/01/01 16:13:45.04,175.04,-8.39,-7.30,14.60
2024/01/01 16:13:45.05,175.05,-8.34,-7.34,14.59
2024/01/01 16:13:45.06,175.06,-8.27,-7.37,14.58
2024/01/01 16:13:45.07,175.07,-8.20,-7.38,14.58
2024/01/01 16:13:45.08,175.08,-8.15,-7.35,14.59
2024/01/01 16:13:45.09,175.09,-8.12,-7.31,14.59
2024/01/01 16:13:45.10,175.10,-8.10,-7.28,14.59
2024/01/01 16:13:45.11,175.11,-8.10,-7.26,14.59
2024/01/01 16:13:45.12,175.12,-8.09,-7.26,14.61
2024/01/01 16:13:45.13,175.13,-8.08,-7.29,14.63
2024/01/01 16:13:45.14,175.14,-8.07,-7.31,14.66
2024/01/01 16:13:45.15,175.15,-8.06,-7.32,14.69
2024/01/01 16:13:45.16,175.16,-8.04,-7.32,14.72
2024/01/01 16:13:45.17,175.17,-8.02,-7.32,14.75
2024/01/01 16:13:45.18,175.18,-8.02,-7.31,14.78
2024/01/01 16:13:45.19,175.19,-8.02,-7.31,14.81
2024/01/01 16:13:45.20,175.20,-8.02,-7.31,14.83
2024/01/01 16:13:45.21,175.21,-8.01,-7.31,14.85
2024/01/01 16:13:45.22,175.22,-7.97,-7.31,14.87
2024/01/01 16:13:45.23,175.23,-7.90,-7.29,14.87
2024/01/01 16:13:45.24,175.24,-7.81,-7.28,14.87
2024/01/01 16:13:45.25,175.25,-7.72,-7.27,14.87
2024/01/01 16:13:45.26,175.26,-7.66,-7.26,14.87
2024/01/01 16:13:45.27,175.27,-7.63,-7.23,14.86
2024/01/01 16:13:45.28,175.28,-7.62,-7.19,14.85
2024/01/01 16:13:45.29,175.29,-7.63,-7.14,14.86
2024/01/01 16:13:45.30,175.30,-7.65,-7.08,14.86
2024/01/01 16:13:45.31,175.31,-7.64,-7.04,14.85
2024/01/01 16:13:45.32,175.32,-7.61,-7.04,14.83
2024/01/01 16:13:45.33,175.33,-7.57,-7.06,14.81
2024/01/01 16:13:45.34,175.34,-7.54,-7.09,14.80
2024/01/01 16:13:45.35,175.35,-7.51,-7.13,14.78
2024/01/01 16:13:45.36,175.36,-7.52,-7.15,14.74
2024/01/01 16:13:45.37,175.37,-7.54,-7.16,14.71
2024/01/01 16:13:45.38,175.38,-7.58,-7.13,14.68
2024/01/01 16:13:45.39,175.39,-7.63,-7.07,14.65
2024/01/01 16:13:45.40,175.40,-7.68,-7.01,14.64
2024/01/01 16:13:45.41,175.41,-7.70,-6.97,14.64
2024/01/01 16:13:45.42,175.42,-7.71,-6.96,14.66
2024/01/01 16:13:45.43,175.43,-7.72,-6.94,14.68
2024/01/01 16:13:45.44,175.44,-7.73,-6.91,14.69
2024/01/01 16:13:45.45,175.45,-7.75,-6.86,14.69
2024/01/01 16:13:45.46,175.46,-7.80,-6.82,14.67
2024/01/01 16:13:45.47,175.47,-7.86,-6.79,14.65
2024/01/01 16:13:45.48,175.48,-7.93,-6.79,14.64
2024/01/01 16:13:45.49,175.49,-8.00,-6.79,14.65
2024/01/01 16:13:45.50,175.50,-8.06,-6.79,14.66
2024/01/01 16:13:45.51,175.51,-8.11,-6.78,14.68
2024/01/01 16:13:45.52,175.52,-8.15,-6.77,14.71
2024/01/01 16:13:45.53,175.53,-8.19,-6.76,14.74
2024/01/01 16:13:45.54,175.54,-8.23,-6.77,14.75
2024/01/01 16:13:45.55,175.55,-8.24,-6.80,14.76
2024/01/01 16:13:45.56,175.56,-8.24,-6.83,14.76
2024/01/01 16:13:45.57,175.57,-8.24,-6.85,14.76
2024/01/01 16:13:45.58,175.58,-8.25,-6.88,14.75
2024/01/01 16:13:45.59,175.59,-8.28,-6.90,14.74
2024/01/01 16:13:45.60,175.60,-8.31,-6.94,14.71
2024/01/01 16:13:45.61,175.61,-8.36,-6.97,14.70
2024/01/01 16:13:45.62,175.62,-8.41,-7.00,14.70
2024/01/01 16:13:45.63,175.63,-8.47,-7.02,14.70
2024/01/01 16:13:45.64,175.64,-8.54,-7.04,14.69
2024/01/01 16:13:45.65,175.65,-8.59,-7.05,14.68
2024/01/01 16:13:45.66,175.66,-8.62,-7.05,14.66
2024/01/01 16:13:45.67,175.67,-8.62,-7.04,14.62
2024/01/01 16:13:45.68,175.68,-8.60,-7.03,14.60
2024/01/01 16:13:45.69,175.69,-8.61,-7.02,14.60
2024/01/01 16:13:45.70,175.70,-8.63,-7.01,14.63
2024/01/01 16:13:45.71,175.71,-8.65,-7.00,14.65
2024/01/01 16:13:45.72,175.72,-8.66,-7.02,14.67
2024/01/01 16:13:45.73,175.73,-8.65,-7.05,14.70
2024/01/01 16:13:45.74,175.74,-8.60,-7.08,14.73
2024/01/01 16:13:45.75,175.75,-8.53,-7.13,14.76
2024/01/01 16:13:45.76,175.76,-8.46,-7.19,14.79
2024/01/01 16:13:45.77,175.77,-8.39,-7.25,14.82
2024/01/01 16:13:45.78,175.78,-8.34,-7.31,14.82
2024/01/01 16:13:45.79,175.79,-8.32,-7.36,14.81
2024/01/01 16:13:45.80,175.80,-8.31,-7.39,14.80
2024/01/01 16:13:45.81,175.81,-8.30,-7.40,14.79
2024/01/01 16:13:45.82,175.82,-8.29,-7.41,14.78
2024/01/01 16:13:45.83,175.83,-8.26,-7.42,14.77
2024/01/01 16:13:45.84,175.84,-8.23,-7.43,14.76
2024/01/01 16:13:45.85,175.85,-8.20,-7.42,14.77
2024/01/01 16:13:45.86,175.86,-8.18,-7.41,14.77
2024/01/01 16:13:45.87,175.87,-8.14,-7.44,14.76
2024/01/01 16:13:45.88,175.88,-8.10,-7.48,14.75
2024/01/01 16:13:45.89,175.89,-8.05,-7.52,14.74
2024/01/01 16:13:45.90,175.90,-8.00,-7.55,14.74
2024/01/01 16:13:45.91,175.91,-7.96,-7.54,14.74
2024/01/01 16:13:45.92,175.92,-7.90,-7.50,14.76
2024/01/01 16:13:45.93,175.93,-7.85,-7.44,14.78
2024/01/01 16:13:45.94,175.94,-7.80,-7.38,14.79
2024/01/01 16:13:45.95,175.95,-7.76,-7.31,14.80
2024/01/01 16:13:45.96,175.96,-7.74,-7.23,14.79
2024/01/01 16:13:45.97,175.97,-7.72,-7.16,14.77
2024/01/01 16:13:45.98,175.98,-7.70,-7.11,14.75
2024/01/01 16:13:45.99,175.99,-7.69,-7.08,14.73
2024/01/01 16:13:46.00,176.00,-7.69,-7.06,14.71
2024/01/01 16:13:46.01,176.01,-7.69,-7.04,14.70
2024/01/01 16:13:46.02,176.02,-7.69,-7.01,14.71
2024/01/01 16:13:46.03,176.03,-7.69,-6.99,14.72
2024/01/01 16:13:46.04,176.04,-7.67,-6.99,14.72
2024/01/01 16:13:46.05,176.05,-7.65,-6.99,14.73
2024/01/01 16:13:46.06,176.06,-7.61,-6.99,14.74
2024/01/01 16:13:46.07,176.07,-7.56,-6.98,14.74
2024/01/01 16:13:46.08,176.08,-7.51,-6.97,14.73
2024/01/01 16:13:46.09,176.09,-7.47,-6.95,14.71
2024/01/01 16:13:46.10,176.10,-7.46,-6.94,14.69
2024/01/01 16:13:46.11,176.11,-7.46,-6.94,14.69
2024/01/01 16:13:46.12,176.12,-7.48,-6.95,14.68
2024/01/01 16:13:46.13,176.13,-7.50,-6.96,14.66
2024/01/01 16:13:46.14,176.14,-7.52,-6.96,14.63
2024/01/01 16:13:46.15,176.15,-7.55,-6.94,14.61
2024/01/01 16:13:46.16,176.16,-7.58,-6.90,14.60
2024/01/01 16:13:46.17,176.17,-7.61,-6.86,14.60
2024/01/01 16:13:46.18,176.18,-7.66,-6.83,14.62
2024/01/01 16:13:46.19,176.19,-7.75,-6.82,14.66
2024/01/01 16:13:46.20,176.20,-7.86,-6.82,14.67
2024/01/01 16:13:46.21,176.21,-7.96,-6.83,14.68
2024/01/01 16:13:46.22,176.22,-8.03,-6.84,14.69
2024/01/01 16:13:46.23,176.23,-8.08,-6.86,14.69
2024/01/01 16:13:46.24,176.24,-8.08,-6.90,14.68
2024/01/01 16:13:46.25,176.25,-8.07,-6.95,14.68
2024/01/01 16:13:46.26,176.26,-8.06,-7.01,14.71
2024/01/01 16:13:46.27,176.27,-8.05,-7.03,14.74
2024/01/01 16:13:46.28,176.28,-8.06,-7.03,14.77
2024/01/01 16:13:46.29,176.29,-8.08,-7.02,14.79
2024/01/01 16:13:46.30,176.30,-8.09,-7.02,14.80
2024/01/01 16:13:46.31,176.31,-8.11,-7.03,14.80
2024/01/01 16:13:46.32,176.32,-8.13,-7.05,14.80
2024/01/01 16:13:46.33,176.33,-8.14,-7.08,14.80
2024/01/01 16:13:46.34,176.34,-8.16,-7.13,14.80
2024/01/01 16:13:46.35,176.35,-8.18,-7.20,14.80
2024/01/01 16:13:46.36,176.36,-8.20,-7.27,14.79
2024/01/01 16:13:46.37,176.37,-8.22,-7.33,14.78
2024/01/01 16:13:46.38,176.38,-8.23,-7.37,14.76
2024/01/01 16:13:46.39,176.39,-8.23,-7.40,14.74
2024/01/01 16:13:46.40,176.40,-8.24,-7.42,14.72
2024/01/01 16:13:46.41,176.41,-8.23,-7.46,14.71
2024/01/01 16:13:46.42,176.42,-8.22,-7.52,14.71
2024/01/01 16:13:46.43,176.43,-8.20,-7.57,14.70
2024/01/01 16:13:46.44,176.44,-8.19,-7.58,14.69
2024/01/01 16:13:46.45,176.45,-8.19,-7.55,14.68
2024/01/01 16:13:46.46,176.46,-8.22,-7.50,14.67
2024/01/01 16:13:46.47,176.47,-8.26,-7.47,14.65
2024/01/01 16:13:46.48,176.48,-8.32,-7.46,14.64
2024/01/01 16:13:46.49,176.49,-8.37,-7.47,14.63
2024/01/01 16:13:46.50,176.50,-8.41,-7.49,14.64
2024/01/01 16:13:46.51,176.51,-8.42,-7.48,14.65
2024/01/01 16:13:46.52,176.52,-8.42,-7.48,14.66
2024/01/01 16:13:46.53,176.53,-8.43,-7.48,14.68
2024/01/01 16:13:46.54,176.54,-8.43,-7.47,14.70
2024/01/01 16:13:46.55,176.55,-8.42,-7.46,14.71
2024/01/01 16:13:46.56,176.56,-8.41,-7.43,14.71
2024/01/01 16:13:46.57,176.57,-8.38,-7.39,14.71
2024/01/01 16:13:46.58,176.58,-8.34,-7.35,14.72
2024/01/01 16:13:46.59,176.59,-8.29,-7.31,14.72
2024/01/01 16:13:46.60,176.60,-8.24,-7.30,14.72
2024/01/01 16:13:46.61,176.61,-8.18,-7.28,14.73
2024/01/01 16:13:46.62,176.62,-8.11,-7.27,14.73
2024/01/01 16:13:46.63,176.63,-8.03,-7.24,14.72
2024/01/01 16:13:46.64,176.64,-7.96,-7.19,14.69
2024/01/01 16:13:46.65,176.65,-7.90,-7.15,14.65
2024/01/01 16:13:46.66,176.66,-7.86,-7.11,14.63
2024/01/01 16:13:46.67,176.67,-7.84,-7.09,14.64
2024/01/01 16:13:46.68,176.68,-7.84,-7.08,14.67
2024/01/01 16:13:46.69,176.69,-7.84,-7.06,14.69
2024/01/01 16:13:46.70,176.70,-7.86,-7.04,14.68
2024/01/01 16:13:46.71,176.71,-7.88,-7.00,14.65
2024/01/01 16:13:46.72,176.72,-7.86,-6.96,14.63
2024/01/01 16:13:46.73,176.73,-7.82,-6.93,14.63
2024/01/01 16:13:46.74,176.74,-7.76,-6.93,14.64
2024/01/01 16:13:46.75,176.75,-7.67,-6.95,14.65
2024/01/01 16:13:46.76,176.76,-7.57,-6.98,14.68
2024/01/01 16:13:46.77,176.77,-7.50,-6.97,14.71
2024/01/01 16:13:46.78,176.78,-7.43,-6.94,14.73
2024/01/01 16:13:46.79,176.79,-7.37,-6.90,14.71
2024/01/01 16:13:46.80,176.80,-7.33,-6.85,14.67
2024/01/01 16:13:46.81,176.81,-7.29,-6.83,14.63
2024/01/01 16:13:46.82,176.82,-7.26,-6.84,14.60
2024/01/01 16:13:46.83,176.83,-7.26,-6.89,14.58
2024/01/01 16:13:46.84,176.84,-7.28,-6.95,14.59
2024/01/01 16:13:46.85,176.85,-7.31,-7.00,14.62
2024/01/01 16:13:46.86,176.86,-7.33,-7.03,14.64
2024/01/01 16:13:46.87,176.87,-7.37,-7.05,14.65
2024/01/01 16:13:46.88,176.88,-7.40,-7.09,14.63
2024/01/01 16:13:46.89,176.89,-7.43,-7.14,14.61
2024/01/01 16:13:46.90,176.90,-7.44,-7.21,14.59
2024/01/01 16:13:46.91,176.91,-7.42,-7.25,14.57
2024/01/01 16:13:46.92,176.92,-7.39,-7.28,14.55
2024/01/01 16:13:46.93,176.93,-7.37,-7.29,14.56
2024/01/01 16:13:46.94,176.94,-7.37,-7.30,14.56
2024/01/01 16:13:46.95,176.95,-7.38,-7.31,14.57
2024/01/01 16:13:46.96,176.96,-7.41,-7.31,14.58
2024/01/01 16:13:46.97,176.97,-7.45,-7.31,14.58
2024/01/01 16:13:46.98,176.98,-7.51,-7.31,14.55
2024/01/01 16:13:46.99,176.99,-7.57,-7.32,14.54
2024/01/01 16:13:47.00,177.00,-7.63,-7.33,14.54
2024/01/01 16:13:47.01,177.01,-7.69,-7.35,14.55
2024/01/01 16:13:47.02,177.02,-7.77,-7.38,14.58
2024/01/01 16:13:47.03,177.03,-7.87,-7.41,14.60
2024/01/01 16:13:47.04,177.04,-7.96,-7.43,14.62
2024/01/01 16:13:47.05,177.05,-8.06,-7.45,14.64
2024/01/01 16:13:47.06,177.06,-8.16,-7.46,14.66
2024/01/01 16:13:47.07,177.07,-8.23,-7.47,14.67
2024/01/01 16:13:47.08,177.08,-8.28,-7.46,14.66
2024/01/01 16:13:47.09,177.09,-8.31,-7.45,14.66
2024/01/01 16:13:47.10,177.10,-8.33,-7.43,14.66
2024/01/01 16:13:47.11,177.11,-8.36,-7.41,14.66
2024/01/01 16:13:47.12,177.12,-8.38,-7.39,14.64
2024/01/01 16:13:47.13,177.13,-8.42,-7.38,14.62
2024/01/01 16:13:47.14,177.14,-8.47,-7.40,14.61
2024/01/01 16:13:47.15,177.15,-8.53,-7.43,14.60
2024/01/01 16:13:47.16,177.16,-8.57,-7.48,14.59
2024/01/01 16:13:47.17,177.17,-8.61,-7.51,14.58
2024/01/01 16:13:47.18,177.18,-8.64,-7.52,14.58
2024/01/01 16:13:47.19,177.19,-8.65,-7.48,14.56
2024/01/01 16:13:47.20,177.20,-8.67,-7.41,14.55
2024/01/01 16:13:47.21,177.21,-8.68,-7.35,14.54
2024/01/01 16:13:47.22,177.22,-8.69,-7.31,14.54
2024/01/01 16:13:47.23,177.23,-8.70,-7.31,14.55
2024/01/01 16:13:47.24,177.24,-8.69,-7.32,14.57
2024/01/01 16:13:47.25,177.25,-8.66,-7.34,14.58
2024/01/01 16:13:47.26,177.26,-8.63,-7.35,14.58
2024/01/01 16:13:47.27,177.27,-8.57,-7.35,14.58
2024/01/01 16:13:47.28,177.28,-8.52,-7.32,14.58
2024/01/01 16:13:47.29,177.29,-8.48,-7.27,14.59
2024/01/01 16:13:47.30,177.30,-8.43,-7.23,14.59
2024/01/01 16:13:47.31,177.31,-8.37,-7.19,14.58
2024/01/01 16:13:47.32,177.32,-8.33,-7.15,14.58
2024/01/01 16:13:47.33,177.33,-8.29,-7.12,14.59
2024/01/01 16:13:47.34,177.34,-8.25,-7.09,14.59
2024/01/01 16:13:47.35,177.35,-8.20,-7.06,14.59
2024/01/01 16:13:47.36,177.36,-8.12,-7.03,14.58
2024/01/01 16:13:47.37,177.37,-8.02,-7.01,14.55
2024/01/01 16:13:47.38,177.38,-7.91,-7.00,14.54
2024/01/01 16:13:47.39,177.39,-7.81,-7.00,14.53
2024/01/01 16:13:47.40,177.40,-7.73,-7.00,14.54
2024/01/01 16:13:47.41,177.41,-7.66,-7.01,14.55
2024/01/01 16:13:47.42,177.42,-7.61,-7.01,14.58
2024/01/01 16:13:47.43,177.43,-7.55,-7.00,14.61
2024/01/01 16:13:47.44,177.44,-7.50,-6.98,14.63
2024/01/01 16:13:47.45,177.45,-7.46,-6.97,14.64
2024/01/01 16:13:47.46,177.46,-7.43,-6.97,14.64
2024/01/01 16:13:47.47,177.47,-7.42,-6.98,14.66
2024/01/01 16:13:47.48,177.48,-7.40,-6.98,14.67
2024/01/01 16:13:47.49,177.49,-7.39,-6.98,14.68
2024/01/01 16:13:47.50,177.50,-7.37,-6.98,14.69
2024/01/01 16:13:47.51,177.51,-7.35,-7.00,14.69
2024/01/01 16:13:47.52,177.52,-7.33,-7.03,14.69
2024/01/01 16:13:47.53,177.53,-7.32,-7.10,14.67
2024/01/01 16:13:47.54,177.54,-7.32,-7.17,14.66
2024/01/01 16:13:47.55,177.55,-7.33,-7.21,14.65
2024/01/01 16:13:47.56,177.56,-7.35,-7.23,14.65
2024/01/01 16:13:47.57,177.57,-7.35,-7.23,14.64
2024/01/01 16:13:47.58,177.58,-7.34,-7.24,14.63
2024/01/01 16:13:47.59,177.59,-7.33,-7.25,14.64
2024/01/01 16:13:47.60,177.60,-7.34,-7.26,14.64
2024/01/01 16:13:47.61,177.61,-7.36,-7.27,14.66
2024/01/01 16:13:47.62,177.62,-7.40,-7.27,14.66
2024/01/01 16:13:47.63,177.63,-7.45,-7.27,14.67
2024/01/01 16:13:47.64,177.64,-7.50,-7.27,14.68
2024/01/01 16:13:47.65,177.65,-7.54,-7.28,14.68
2024/01/01 16:13:47.66,177.66,-7.59,-7.31,14.67
2024/01/01 16:13:47.67,177.67,-7.64,-7.33,14.66
2024/01/01 16:13:47.68,177.68,-7.69,-7.31,14.67
2024/01/01 16:13:47.69,177.69,-7.74,-7.28,14.67
2024/01/01 16:13:47.70,177.70,-7.78,-7.25,14.67
2024/01/01 16:13:47.71,177.71,-7.81,-7.26,14.68
2024/01/01 16:13:47.72,177.72,-7.85,-7.31,14.69
2024/01/01 16:13:47.73,177.73,-7.90,-7.39,14.69
2024/01/01 16:13:47.74,177.74,-7.96,-7.47,14.70
2024/01/01 16:13:47.75,177.75,-8.02,-7.54,14.69
2024/01/01 16:13:47.76,177.76,-8.10,-7.57,14.68
2024/01/01 16:13:47.77,177.77,-8.16,-7.58,14.64
2024/01/01 16:13:47.78,177.78,-8.20,-7.58,14.60
2024/01/01 16:13:47.79,177.79,-8.23,-7.58,14.57
2024/01/01 16:13:47.80,177.80,-8.25,-7.59,14.56
2024/01/01 16:13:47.81,177.81,-8.28,-7.62,14.57
2024/01/01 16:13:47.82,177.82,-8.29,-7.65,14.58
2024/01/01 16:13:47.83,177.83,-8.30,-7.67,14.58
2024/01/01 16:13:47.84,177.84,-8.30,-7.65,14.56
2024/01/01 16:13:47.85,177.85,-8.29,-7.61,14.52
2024/01/01 16:13:47.86,177.86,-8.29,-7.56,14.48
2024/01/01 16:13:47.87,177.87,-8.29,-7.49,14.45
2024/01/01 16:13:47.88,177.88,-8.29,-7.43,14.43
2024/01/01 16:13:47.89,177.89,-8.29,-7.38,14.42
2024/01/01 16:13:47.90,177.90,-8.29,-7.36,14.42
2024/01/01 16:13:47.91,177.91,-8.32,-7.38,14.44
2024/01/01 16:13:47.92,177.92,-8.35,-7.43,14.47
2024/01/01 16:13:47.93,177.93,-8.37,-7.49,14.51
2024/01/01 16:13:47.94,177.94,-8.38,-7.54,14.56
2024/01/01 16:13:47.95,177.95,-8.38,-7.53,14.60
2024/01/01 16:13:47.96,177.96,-8.37,-7.46,14.62
2024/01/01 16:13:47.97,177.97,-8.33,-7.35,14.64
2024/01/01 16:13:47.98,177.98,-8.27,-7.25,14.66
2024/01/01 16:13:47.99,177.99,-8.23,-7.17,14.67
2024/01/01 16:13:48.00,178.00,-8.19,-7.13,14.69
2024/01/01 16:13:48.01,178.01,-8.16,-7.12,14.70
2024/01/01 16:13:48.02,178.02,-8.14,-7.12,14.72
2024/01/01 16:13:48.03,178.03,-8.14,-7.11,14.73
2024/01/01 16:13:48.04,178.04,-8.15,-7.10,14.72
2024/01/01 16:13:48.05,178.05,-8.14,-7.08,14.71
2024/01/01 16:13:48.06,178.06,-8.12,-7.06,14.71
2024/01/01 16:13:48.07,178.07,-8.09,-7.03,14.72
2024/01/01 16:13:48.08,178.08,-8.07,-6.99,14.73
2024/01/01 16:13:48.09,178.09,-8.05,-6.96,14.74
2024/01/01 16:13:48.10,178.10,-8.04,-6.96,14.75
2024/01/01 16:13:48.11,178.11,-8.04,-6.97,14.76
2024/01/01 16:13:48.12,178.12,-8.03,-6.99,14.75
2024/01/01 16:13:48.13,178.13,-7.99,-6.99,14.72
2024/01/01 16:13:48.14,178.14,-7.92,-6.95,14.71
2024/01/01 16:13:48.15,178.15,-7.86,-6.90,14.70
2024/01/01 16:13:48.16,178.16,-7.80,-6.86,14.69
2024/01/01 16:13:48.17,178.17,-7.76,-6.82,14.67
2024/01/01 16:13:48.18,178.18,-7.74,-6.80,14.66
2024/01/01 16:13:48.19,178.19,-7.71,-6.80,14.65
2024/01/01 16:13:48.20,178.20,-7.68,-6.83,14.65
2024/01/01 16:13:48.21,178.21,-7.67,-6.88,14.63
2024/01/01 16:13:48.22,178.22,-7.67,-6.93,14.62
2024/01/01 16:13:48.23,178.23,-7.67,-6.96,14.62
2024/01/01 16:13:48.24,178.24,-7.68,-6.97,14.63
2024/01/01 16:13:48.25,178.25,-7.70,-6.98,14.63
2024/01/01 16:13:48.26,178.26,-7.70,-7.01,14.62
2024/01/01 16:13:48.27,178.27,-7.69,-7.06,14.62
2024/01/01 16:13:48.28,178.28,-7.68,-7.12,14.64
2024/01/01 16:13:48.29,178.29,-7.66,-7.17,14.65
2024/01/01 16:13:48.30,178.30,-7.64,-7.22,14.67
2024/01/01 16:13:48.31,178.31,-7.61,-7.27,14.70
2024/01/01 16:13:48.32,178.32,-7.61,-7.32,14.72
2024/01/01 16:13:48.33,178.33,-7.63,-7.38,14.73
2024/01/01 16:13:48.34,178.34,-7.67,-7.45,14.72
2024/01/01 16:13:48.35,178.35,-7.71,-7.51,14.70
2024/01/01 16:13:48.36,178.36,-7.76,-7.56,14.68
2024/01/01 16:13:48.37,178.37,-7.79,-7.59,14.66
2024/01/01 16:13:48.38,178.38,-7.80,-7.60,14.66
2024/01/01 16:13:48.39,178.39,-7.78,-7.60,14.67
2024/01/01 16:13:48.40,178.40,-7.77,-7.58,14.70
2024/01/01 16:13:48.41,178.41,-7.75,-7.57,14.72
2024/01/01 16:13:48.42,178.42,-7.74,-7.58,14.72
2024/01/01 16:13:48.43,178.43,-7.74,-7.59,14.73
2024/01/01 16:13:48.44,178.44,-7.76,-7.61,14.72
2024/01/01 16:13:48.45,178.45,-7.79,-7.63,14.70
2024/01/01 16:13:48.46,178.46,-7.82,-7.62,14.67
2024/01/01 16:13:48.47,178.47,-7.85,-7.61,14.64
2024/01/01 16:13:48.48,178.48,-7.88,-7.61,14.61
2024/01/01 16:13:48.49,178.49,-7.91,-7.60,14.61
2024/01/01 16:13:48.50,178.50,-7.92,-7.60,14.63
2024/01/01 16:13:48.51,178.51,-7.93,-7.58,14.66
2024/01/01 16:13:48.52,178.52,-7.94,-7.56,14.68
2024/01/01 16:13:48.53,178.53,-7.94,-7.55,14.69
2024/01/01 16:13:48.54,178.54,-7.94,-7.56,14.68
2024/01/01 16:13:48.55,178.55,-7.96,-7.58,14.67
2024/01/01 16:13:48.56,178.56,-8.00,-7.60,14.66
2024/01/01 16:13:48.57,178.57,-8.05,-7.60,14.66
2024/01/01 16:13:48.58,178.58,-8.11,-7.58,14.67
2024/01/01 16:13:48.59,178.59,-8.18,-7.54,14.68
2024/01/01 16:13:48.60,178.60,-8.24,-7.49,14.68
2024/01/01 16:13:48.61,178.61,-8.28,-7.45,14.68
2024/01/01 16:13:48.62,178.62,-8.30,-7.43,14.68
2024/01/01 16:13:48.63,178.63,-8.32,-7.42,14.68
2024/01/01 16:13:48.64,178.64,-8.33,-7.42,14.69
2024/01/01 16:13:48.65,178.65,-8.34,-7.41,14.71
2024/01/01 16:13:48.66,178.66,-8.35,-7.40,14.73
2024/01/01 16:13:48.67,178.67,-8.37,-7.36,14.75
2024/01/01 16:13:48.68,178.68,-8.39,-7.31,14.77
2024/01/01 16:13:48.69,178.69,-8.38,-7.25,14.78
2024/01/01 16:13:48.70,178.70,-8.38,-7.19,14.79
2024/01/01 16:13:48.71,178.71,-8.38,-7.14,14.79
2024/01/01 16:13:48.72,178.72,-8.38,-7.10,14.79
2024/01/01 16:13:48.73,178.73,-8.38,-7.08,14.80
2024/01/01 16:13:48.74,178.74,-8.37,-7.06,14.82
2024/01/01 16:13:48.75,178.75,-8.36,-7.04,14.82
2024/01/01 16:13:48.76,178.76,-8.34,-7.04,14.81
2024/01/01 16:13:48.77,178.77,-8.32,-7.04,14.81
2024/01/01 16:13:48.78,178.78,-8.30,-7.05,14.81
2024/01/01 16:13:48.79,178.79,-8.28,-7.07,14.81
2024/01/01 16:13:48.80,178.80,-8.25,-7.09,14.80
2024/01/01 16:13:48.81,178.81,-8.20,-7.10,14.77
2024/01/01 16:13:48.82,178.82,-8.15,-7.09,14.72
2024/01/01 16:13:48.83,178.83,-8.10,-7.07,14.68
2024/01/01 16:13:48.84,178.84,-8.07,-7.05,14.65
2024/01/01 16:13:48.85,178.85,-8.05,-7.05,14.65
2024/01/01 16:13:48.86,178.86,-8.07,-7.07,14.67
2024/01/01 16:13:48.87,178.87,-8.10,-7.08,14.69
2024/01/01 16:13:48.88,178.88,-8.12,-7.08,14.71
2024/01/01 16:13:48.89,178.89,-8.13,-7.06,14.73
2024/01/01 16:13:48.90,178.90,-8.14,-7.01,14.74
2024/01/01 16:13:48.91,178.91,-8.13,-6.96,14.73
2024/01/01 16:13:48.92,178.92,-8.10,-6.92,14.71
2024/01/01 16:13:48.93,178.93,-8.07,-6.91,14.69
2024/01/01 16:13:48.94,178.94,-8.06,-6.94,14.68
2024/01/01 16:13:48.95,178.95,-8.04,-6.97,14.70
2024/01/01 16:13:48.96,178.96,-8.02,-7.00,14.74
2024/01/01 16:13:48.97,178.97,-7.99,-7.02,14.76
2024/01/01 16:13:48.98,178.98,-7.97,-7.04,14.78
2024/01/01 16:13:48.99,178.99,-7.94,-7.05,14.79
2024/01/01 16:13:49.00,179.00,-7.90,-7.06,14.78
2024/01/01 16:13:49.01,179.01,-7.84,-7.09,14.77
2024/01/01 16:13:49.02,179.02,-7.77,-7.13,14.75
2024/01/01 16:13:49.03,179.03,-7.72,-7.17,14.73
2024/01/01 16:13:49.04,179.04,-7.70,-7.18,14.71
2024/01/01 16:13:49.05,179.05,-7.72,-7.18,14.70
2024/01/01 16:13:49.06,179.06,-7.77,-7.16,14.69
2024/01/01 16:13:49.07,179.07,-7.80,-7.14,14.69
2024/01/01 16:13:49.08,179.08,-7.83,-7.16,14.69
2024/01/01 16:13:49.09,179.09,-7.83,-7.22,14.70
2024/01/01 16:13:49.10,179.10,-7.83,-7.29,14.72
2024/01/01 16:13:49.11,179.11,-7.82,-7.34,14.75
2024/01/01 16:13:49.12,179.12,-7.81,-7.36,14.77
2024/01/01 16:13:49.13,179.13,-7.80,-7.36,14.79
2024/01/01 16:13:49.14,179.14,-7.81,-7.36,14.79
2024/01/01 16:13:49.15,179.15,-7.84,-7.39,14.79
2024/01/01 16:13:49.16,179.16,-7.89,-7.41,14.80
2024/01/01 16:13:49.17,179.17,-7.95,-7.43,14.82
2024/01/01 16:13:49.18,179.18,-8.00,-7.45,14.84
2024/01/01 16:13:49.19,179.19,-8.03,-7.48,14.85
2024/01/01 16:13:49.20,179.20,-8.05,-7.52,14.86
2024/01/01 16:13:49.21,179.21,-8.06,-7.58,14.88
2024/01/01 16:13:49.22,179.22,-8.07,-7.62,14.90
2024/01/01 16:13:49.23,179.23,-8.09,-7.63,14.92
2024/01/01 16:13:49.24,179.24,-8.11,-7.60,14.92
2024/01/01 16:13:49.25,179.25,-8.14,-7.54,14.92
2024/01/01 16:13:49.26,179.26,-8.17,-7.48,14.93
2024/01/01 16:13:49.27,179.27,-8.21,-7.44,14.92
2024/01/01 16:13:49.28,179.28,-8.24,-7.42,14.90
2024/01/01 16:13:49.29,179.29,-8.28,-7.43,14.88
2024/01/01 16:13:49.30,179.30,-8.31,-7.47,14.87
2024/01/01 16:13:49.31,179.31,-8.31,-7.52,14.85
2024/01/01 16:13:49.32,179.32,-8.29,-7.57,14.85
2024/01/01 16:13:49.33,179.33,-8.28,-7.60,14.87
2024/01/01 16:13:49.34,179.34,-8.28,-7.60,14.89
2024/01/01 16:13:49.35,179.35,-8.29,-7.56,14.91
2024/01/01 16:13:49.36,179.36,-8.31,-7.51,14.90
2024/01/01 16:13:49.37,179.37,-8.35,-7.47,14.87
2024/01/01 16:13:49.38,179.38,-8.38,-7.44,14.86
2024/01/01 16:13:49.39,179.39,-8.42,-7.42,14.85
2024/01/01 16:13:49.40,179.40,-8.47,-7.43,14.83
2024/01/01 16:13:49.41,179.41,-8.52,-7.45,14.82
2024/01/01 16:13:49.42,179.42,-8.56,-7.47,14.82
2024/01/01 16:13:49.43,179.43,-8.62,-7.49,14.83
2024/01/01 16:13:49.44,179.44,-8.67,-7.49,14.84
2024/01/01 16:13:49.45,179.45,-8.70,-7.48,14.83
2024/01/01 16:13:49.46,179.46,-8.72,-7.45,14.82
2024/01/01 16:13:49.47,179.47,-8.71,-7.40,14.82
2024/01/01 16:13:49.48,179.48,-8.69,-7.37,14.81
2024/01/01 16:13:49.49,179.49,-8.64,-7.35,14.82
2024/01/01 16:13:49.50,179.50,-8.59,-7.34,14.83
2024/01/01 16:13:49.51,179.51,-8.53,-7.34,14.85
2024/01/01 16:13:49.52,179.52,-8.46,-7.36,14.85
2024/01/01 16:13:49.53,179.53,-8.39,-7.40,14.85
2024/01/01 16:13:49.54,179.54,-8.34,-7.42,14.84
2024/01/01 16:13:49.55,179.55,-8.31,-7.39,14.83
2024/01/01 16:13:49.56,179.56,-8.31,-7.33,14.83
2024/01/01 16:13:49.57,179.57,-8.31,-7.26,14.83
2024/01/01 16:13:49.58,179.58,-8.32,-7.23,14.82
2024/01/01 16:13:49.59,179.59,-8.34,-7.24,14.82
2024/01/01 16:13:49.60,179.60,-8.36,-7.27,14.83
2024/01/01 16:13:49.61,179.61,-8.38,-7.30,14.86
2024/01/01 16:13:49.62,179.62,-8.39,-7.32,14.89
2024/01/01 16:13:49.63,179.63,-8.38,-7.32,14.91
2024/01/01 16:13:49.64,179.64,-8.33,-7.31,14.92
2024/01/01 16:13:49.65,179.65,-8.26,-7.27,14.92
2024/01/01 16:13:49.66,179.66,-8.17,-7.25,14.93
2024/01/01 16:13:49.67,179.67,-8.09,-7.24,14.93
2024/01/01 16:13:49.68,179.68,-8.00,-7.26,14.92
2024/01/01 16:13:49.69,179.69,-7.91,-7.33,14.90
2024/01/01 16:13:49.70,179.70,-7.82,-7.39,14.90
2024/01/01 16:13:49.71,179.71,-7.74,-7.44,14.91
2024/01/01 16:13:49.72,179.72,-7.67,-7.46,14.92
2024/01/01 16:13:49.73,179.73,-7.63,-7.45,14.93
2024/01/01 16:13:49.74,179.74,-7.61,-7.43,14.94
2024/01/01 16:13:49.75,179.75,-7.60,-7.40,14.93
2024/01/01 16:13:49.76,179.76,-7.60,-7.36,14.91
2024/01/01 16:13:49.77,179.77,-7.60,-7.33,14.88
2024/01/01 16:13:49.78,179.78,-7.62,-7.32,14.86
2024/01/01 16:13:49.79,179.79,-7.66,-7.34,14.84
2024/01/01 16:13:49.80,179.80,-7.70,-7.38,14.83
2024/01/01 16:13:49.81,179.81,-7.73,-7.42,14.83
2024/01/01 16:13:49.82,179.82,-7.76,-7.46,14.84
2024/01/01 16:13:49.83,179.83,-7.78,-7.50,14.84
2024/01/01 16:13:49.84,179.84,-7.78,-7.53,14.86
2024/01/01 16:13:49.85,179.85,-7.79,-7.56,14.88
2024/01/01 16:13:49.86,179.86,-7.79,-7.57,14.89
2024/01/01 16:13:49.87,179.87,-7.79,-7.56,14.91
2024/01/01 16:13:49.88,179.88,-7.80,-7.53,14.92
2024/01/01 16:13:49.89,179.89,-7.83,-7.47,14.90
2024/01/01 16:13:49.90,179.90,-7.86,-7.41,14.88
2024/01/01 16:13:49.91,179.91,-7.89,-7.37,14.86
2024/01/01 16:13:49.92,179.92,-7.93,-7.36,14.84
2024/01/01 16:13:49.93,179.93,-7.99,-7.37,14.83
2024/01/01 16:13:49.94,179.94,-8.08,-7.39,14.84
2024/01/01 16:13:49.95,179.95,-8.17,-7.40,14.86
2024/01/01 16:13:49.96,179.96,-8.25,-7.37,14.87
2024/01/01 16:13:49.97,179.97,-8.31,-7.34,14.87
2024/01/01 16:13:49.98,179.98,-8.35,-7.32,14.87
2024/01/01 16:13:49.99,179.99,-8.38,-7.32,14.87
2024/01/01 16:13:50.00,180.00,-8.40,-7.32,14.87
2024/01/01 16:13:50.01,180.01,-8.43,-7.32,14.87
2024/01/01 16:13:50.02,180.02,-8.45,-7.31,14.88
2024/01/01 16:13:50.03,180.03,-8.45,-7.32,14.89
2024/01/01 16:13:50.04,180.04,-8.44,-7.36,14.90
2024/01/01 16:13:50.05,180.05,-8.43,-7.41,14.91
2024/01/01 16:13:50.06,180.06,-8.42,-7.44,14.93
2024/01/01 16:13:50.07,180.07,-8.41,-7.41,14.92
2024/01/01 16:13:50.08,180.08,-8.42,-7.31,14.90
2024/01/01 16:13:50.09,180.09,-8.42,-7.17,14.87
2024/01/01 16:13:50.10,180.10,-8.42,-7.04,14.85
2024/01/01 16:13:50.11,180.11,-8.43,-6.95,14.84
2024/01/01 16:13:50.12,180.12,-8.44,-6.93,14.85
2024/01/01 16:13:50.13,180.13,-8.46,-6.93,14.88
2024/01/01 16:13:50.14,180.14,-8.49,-6.95,14.92
2024/01/01 16:13:50.15,180.15,-8.53,-6.98,14.95
2024/01/01 16:13:50.16,180.16,-8.56,-7.00,14.98
2024/01/01 16:13:50.17,180.17,-8.55,-7.03,14.99
2024/01/01 16:13:50.18,180.18,-8.52,-7.05,15.00
2024/01/01 16:13:50.19,180.19,-8.49,-7.08,15.02
2024/01/01 16:13:50.20,180.20,-8.47,-7.11,15.05
2024/01/01 16:13:50.21,180.21,-8.45,-7.12,15.06
2024/01/01 16:13:50.22,180.22,-8.41,-7.11,15.07
2024/01/01 16:13:50.23,180.23,-8.35,-7.07,15.05
2024/01/01 16:13:50.24,180.24,-8.26,-7.03,15.03
2024/01/01 16:13:50.25,180.25,-8.17,-6.99,14.99
2024/01/01 16:13:50.26,180.26,-8.07,-6.97,14.96
2024/01/01 16:13:50.27,180.27,-7.99,-6.98,14.94
2024/01/01 16:13:50.28,180.28,-7.96,-7.04,14.92
2024/01/01 16:13:50.29,180.29,-7.98,-7.11,14.90
2024/01/01 16:13:50.30,180.30,-8.04,-7.20,14.89
2024/01/01 16:13:50.31,180.31,-8.13,-7.28,14.88
2024/01/01 16:13:50.32,180.32,-8.21,-7.36,14.87
2024/01/01 16:13:50.33,180.33,-8.25,-7.42,14.84
2024/01/01 16:13:50.34,180.34,-8.27,-7.47,14.84
2024/01/01 16:13:50.35,180.35,-8.26,-7.50,14.85
2024/01/01 16:13:50.36,180.36,-8.25,-7.52,14.87
2024/01/01 16:13:50.37,180.37,-8.22,-7.52,14.87
2024/01/01 16:13:50.38,180.38,-8.18,-7.48,14.86
2024/01/01 16:13:50.39,180.39,-8.13,-7.45,14.86
2024/01/01 16:13:50.40,180.40,-8.08,-7.46,14.86
2024/01/01 16:13:50.41,180.41,-8.04,-7.50,14.86
2024/01/01 16:13:50.42,180.42,-8.04,-7.50,14.86
2024/01/01 16:13:50.43,180.43,-8.06,-7.46,14.88
2024/01/01 16:13:50.44,180.44,-8.10,-7.41,14.90
2024/01/01 16:13:50.45,180.45,-8.13,-7.37,14.90
2024/01/01 16:13:50.46,180.46,-8.14,-7.37,14.88
2024/01/01 16:13:50.47,180.47,-8.12,-7.41,14.86
2024/01/01 16:13:50.48,180.48,-8.10,-7.46,14.86
2024/01/01 16:13:50.49,180.49,-8.08,-7.51,14.89
2024/01/01 16:13:50.50,180.50,-8.08,-7.52,14.94
2024/01/01 16:13:50.51,180.51,-8.10,-7.51,14.98
2024/01/01 16:13:50.52,180.52,-8.11,-7.48,15.00
2024/01/01 16:13:50.53,180.53,-8.10,-7.44,15.01
2024/01/01 16:13:50.54,180.54,-8.07,-7.39,15.03
2024/01/01 16:13:50.55,180.55,-8.04,-7.34,15.04
2024/01/01 16:13:50.56,180.56,-8.02,-7.32,15.04
2024/01/01 16:13:50.57,180.57,-8.00,-7.28,15.03
2024/01/01 16:13:50.58,180.58,-7.99,-7.22,15.02
2024/01/01 16:13:50.59,180.59,-7.96,-7.14,15.01
2024/01/01 16:13:50.60,180.60,-7.94,-7.10,14.99
2024/01/01 16:13:50.61,180.61,-7.94,-7.09,14.98
2024/01/01 16:13:50.62,180.62,-7.98,-7.09,14.98
2024/01/01 16:13:50.63,180.63,-8.06,-7.08,14.97
2024/01/01 16:13:50.64,180.64,-8.15,-7.04,14.97
2024/01/01 16:13:50.65,180.65,-8.22,-7.01,14.96
2024/01/01 16:13:50.66,180.66,-8.25,-6.99,14.94
2024/01/01 16:13:50.67,180.67,-8.24,-6.99,14.94
2024/01/01 16:13:50.68,180.68,-8.21,-7.01,14.95
2024/01/01 16:13:50.69,180.69,-8.19,-7.04,14.96
2024/01/01 16:13:50.70,180.70,-8.21,-7.07,14.96
2024/01/01 16:13:50.71,180.71,-8.26,-7.08,14.95
2024/01/01 16:13:50.72,180.72,-8.30,-7.06,14.94
2024/01/01 16:13:50.73,180.73,-8.33,-7.00,14.91
2024/01/01 16:13:50.74,180.74,-8.34,-6.94,14.88
2024/01/01 16:13:50.75,180.75,-8.30,-6.90,14.84
2024/01/01 16:13:50.76,180.76,-8.24,-6.90,14.80
2024/01/01 16:13:50.77,180.77,-8.17,-6.92,14.78
2024/01/01 16:13:50.78,180.78,-8.14,-6.96,14.77
2024/01/01 16:13:50.79,180.79,-8.13,-7.00,14.77
2024/01/01 16:13:50.80,180.80,-8.15,-7.03,14.78
2024/01/01 16:13:50.81,180.81,-8.19,-7.08,14.79
2024/01/01 16:13:50.82,180.82,-8.23,-7.15,14.79
2024/01/01 16:13:50.83,180.83,-8.26,-7.22,14.79
2024/01/01 16:13:50.84,180.84,-8.28,-7.28,14.80
2024/01/01 16:13:50.85,180.85,-8.28,-7.32,14.84
2024/01/01 16:13:50.86,180.86,-8.26,-7.34,14.87
2024/01/01 16:13:50.87,180.87,-8.22,-7.38,14.91
2024/01/01 16:13:50.88,180.88,-8.16,-7.42,14.94
2024/01/01 16:13:50.89,180.89,-8.12,-7.46,14.96
2024/01/01 16:13:50.90,180.90,-8.08,-7.47,14.99
2024/01/01 16:13:50.91,180.91,-8.06,-7.45,15.02
2024/01/01 16:13:50.92,180.92,-8.05,-7.38,15.03
2024/01/01 16:13:50.93,180.93,-8.04,-7.30,15.02
2024/01/01 16:13:50.94,180.94,-8.00,-7.23,14.99
2024/01/01 16:13:50.95,180.95,-7.97,-7.20,14.97
2024/01/01 16:13:50.96,180.96,-7.97,-7.19,14.98
2024/01/01 16:13:50.97,180.97,-8.00,-7.21,15.00
2024/01/01 16:13:50.98,180.98,-8.04,-7.22,15.01
2024/01/01 16:13:50.99,180.99,-8.09,-7.23,15.02
2024/01/01 16:13:51.00,181.00,-8.12,-7.26,15.02
2024/01/01 16:13:51.01,181.01,-8.13,-7.31,15.02
2024/01/01 16:13:51.02,181.02,-8.11,-7.35,15.03
2024/01/01 16:13:51.03,181.03,-8.09,-7.36,15.04
2024/01/01 16:13:51.04,181.04,-8.09,-7.31,15.05
2024/01/01 16:13:51.05,181.05,-8.10,-7.23,15.04
2024/01/01 16:13:51.06,181.06,-8.13,-7.12,15.04
2024/01/01 16:13:51.07,181.07,-8.15,-7.05,15.04
2024/01/01 16:13:51.08,181.08,-8.16,-7.02,15.03
2024/01/01 16:13:51.09,181.09,-8.14,-7.03,15.01
2024/01/01 16:13:51.10,181.10,-8.11,-7.06,14.98
2024/01/01 16:13:51.11,181.11,-8.10,-7.06,14.96
2024/01/01 16:13:51.12,181.12,-8.12,-7.04,14.94
2024/01/01 16:13:51.13,181.13,-8.17,-7.01,14.91
2024/01/01 16:13:51.14,181.14,-8.25,-6.98,14.89
2024/01/01 16:13:51.15,181.15,-8.33,-6.96,14.85
2024/01/01 16:13:51.16,181.16,-8.41,-6.94,14.79
2024/01/01 16:13:51.17,181.17,-8.45,-6.92,14.75
2024/01/01 16:13:51.18,181.18,-8.47,-6.91,14.74
2024/01/01 16:13:51.19,181.19,-8.48,-6.92,14.76
2024/01/01 16:13:51.20,181.20,-8.49,-6.97,14.79
2024/01/01 16:13:51.21,181.21,-8.49,-7.02,14.82
2024/01/01 16:13:51.22,181.22,-8.48,-7.06,14.86
2024/01/01 16:13:51.23,181.23,-8.46,-7.06,14.88
2024/01/01 16:13:51.24,181.24,-8.41,-7.03,14.89
2024/01/01 16:13:51.25,181.25,-8.35,-6.99,14.89
2024/01/01 16:13:51.26,181.26,-8.30,-6.94,14.89
2024/01/01 16:13:51.27,181.27,-8.26,-6.90,14.89
2024/01/01 16:13:51.28,181.28,-8.24,-6.89,14.91
2024/01/01 16:13:51.29,181.29,-8.22,-6.91,14.91
2024/01/01 16:13:51.30,181.30,-8.20,-6.97,14.92
2024/01/01 16:13:51.31,181.31,-8.19,-7.05,14.93
2024/01/01 16:13:51.32,181.32,-8.18,-7.11,14.93
2024/01/01 16:13:51.33,181.33,-8.17,-7.15,14.93
2024/01/01 16:13:51.34,181.34,-8.18,-7.16,14.94
2024/01/01 16:13:51.35,181.35,-8.20,-7.15,14.95
2024/01/01 16:13:51.36,181.36,-8.20,-7.14,14.97
2024/01/01 16:13:51.37,181.37,-8.19,-7.13,14.98
2024/01/01 16:13:51.38,181.38,-8.17,-7.13,15.01
2024/01/01 16:13:51.39,181.39,-8.14,-7.14,15.02
2024/01/01 16:13:51.40,181.40,-8.08,-7.15,15.03
2024/01/01 16:13:51.41,181.41,-8.02,-7.17,15.03
2024/01/01 16:13:51.42,181.42,-7.95,-7.18,15.02
2024/01/01 16:13:51.43,181.43,-7.89,-7.19,14.99
2024/01/01 16:13:51.44,181.44,-7.84,-7.19,14.94
2024/01/01 16:13:51.45,181.45,-7.80,-7.19,14.88
2024/01/01 16:13:51.46,181.46,-7.76,-7.18,14.83
2024/01/01 16:13:51.47,181.47,-7.72,-7.17,14.79
2024/01/01 16:13:51.48,181.48,-7.68,-7.17,14.77
2024/01/01 16:13:51.49,181.49,-7.65,-7.16,14.78
2024/01/01 16:13:51.50,181.50,-7.62,-7.15,14.79
2024/01/01 16:13:51.51,181.51,-7.62,-7.13,14.79
2024/01/01 16:13:51.52,181.52,-7.64,-7.11,14.77
2024/01/01 16:13:51.53,181.53,-7.68,-7.07,14.74
2024/01/01 16:13:51.54,181.54,-7.71,-7.04,14.73
2024/01/01 16:13:51.55,181.55,-7.75,-7.01,14.73
2024/01/01 16:13:51.56,181.56,-7.79,-6.99,14.74
2024/01/01 16:13:51.57,181.57,-7.81,-6.99,14.73
2024/01/01 16:13:51.58,181.58,-7.83,-6.99,14.72
2024/01/01 16:13:51.59,181.59,-7.85,-6.98,14.73
2024/01/01 16:13:51.60,181.60,-7.85,-6.97,14.75
2024/01/01 16:13:51.61,181.61,-7.86,-6.97,14.77
2024/01/01 16:13:51.62,181.62,-7.86,-6.96,14.80
2024/01/01 16:13:51.63,181.63,-7.85,-6.94,14.82
2024/01/01 16:13:51.64,181.64,-7.83,-6.90,14.81
2024/01/01 16:13:51.65,181.65,-7.81,-6.87,14.82
2024/01/01 16:13:51.66,181.66,-7.80,-6.84,14.83
2024/01/01 16:13:51.67,181.67,-7.80,-6.84,14.84
2024/01/01 16:13:51.68,181.68,-7.83,-6.85,14.87
2024/01/01 16:13:51.69,181.69,-7.90,-6.88,14.90
2024/01/01 16:13:51.70,181.70,-7.98,-6.92,14.90
2024/01/01 16:13:51.71,181.71,-8.06,-6.97,14.90
2024/01/01 16:13:51.72,181.72,-8.10,-6.99,14.90
2024/01/01 16:13:51.73,181.73,-8.10,-6.98,14.89
2024/01/01 16:13:51.74,181.74,-8.08,-6.95,14.87
2024/01/01 16:13:51.75,181.75,-8.05,-6.91,14.84
2024/01/01 16:13:51.76,181.76,-8.03,-6.86,14.82
2024/01/01 16:13:51.77,181.77,-8.01,-6.81,14.81
2024/01/01 16:13:51.78,181.78,-8.00,-6.76,14.79
2024/01/01 16:13:51.79,181.79,-7.97,-6.73,14.76
2024/01/01 16:13:51.80,181.80,-7.96,-6.72,14.74
2024/01/01 16:13:51.81,181.81,-7.97,-6.73,14.74
2024/01/01 16:13:51.82,181.82,-8.01,-6.73,14.74
2024/01/01 16:13:51.83,181.83,-8.06,-6.73,14.72
2024/01/01 16:13:51.84,181.84,-8.12,-6.75,14.70
2024/01/01 16:13:51.85,181.85,-8.18,-6.78,14.70
2024/01/01 16:13:51.86,181.86,-8.23,-6.83,14.71
2024/01/01 16:13:51.87,181.87,-8.26,-6.86,14.72
2024/01/01 16:13:51.88,181.88,-8.30,-6.85,14.74
2024/01/01 16:13:51.89,181.89,-8.33,-6.79,14.76
2024/01/01 16:13:51.90,181.90,-8.36,-6.73,14.76
2024/01/01 16:13:51.91,181.91,-8.37,-6.70,14.75
2024/01/01 16:13:51.92,181.92,-8.35,-6.72,14.73
2024/01/01 16:13:51.93,181.93,-8.29,-6.77,14.71
2024/01/01 16:13:51.94,181.94,-8.23,-6.83,14.69
2024/01/01 16:13:51.95,181.95,-8.18,-6.88,14.68
2024/01/01 16:13:51.96,181.96,-8.16,-6.92,14.67
2024/01/01 16:13:51.97,181.97,-8.17,-6.96,14.68
2024/01/01 16:13:51.98,181.98,-8.19,-6.98,14.68
2024/01/01 16:13:51.99,181.99,-8.20,-6.99,14.68
2024/01/01 16:13:52.00,182.00,-8.21,-6.98,14.69
2024/01/01 16:13:52.01,182.01,-8.21,-6.95,14.70
2024/01/01 16:13:52.02,182.02,-8.20,-6.90,14.70
2024/01/01 16:13:52.03,182.03,-8.16,-6.89,14.69
2024/01/01 16:13:52.04,182.04,-8.11,-6.90,14.69
2024/01/01 16:13:52.05,182.05,-8.05,-6.95,14.68
2024/01/01 16:13:52.06,182.06,-7.99,-7.02,14.68
2024/01/01 16:13:52.07,182.07,-7.95,-7.08,14.68
2024/01/01 16:13:52.08,182.08,-7.92,-7.12,14.68
2024/01/01 16:13:52.09,182.09,-7.91,-7.15,14.68
2024/01/01 16:13:52.10,182.10,-7.90,-7.16,14.68
2024/01/01 16:13:52.11,182.11,-7.88,-7.16,14.65
2024/01/01 16:13:52.12,182.12,-7.85,-7.14,14.62
2024/01/01 16:13:52.13,182.13,-7.82,-7.11,14.60
2024/01/01 16:13:52.14,182.14,-7.80,-7.11,14.60
2024/01/01 16:13:52.15,182.15,-7.81,-7.12,14.62
2024/01/01 16:13:52.16,182.16,-7.83,-7.16,14.66
2024/01/01 16:13:52.17,182.17,-7.86,-7.19,14.70
2024/01/01 16:13:52.18,182.18,-7.85,-7.20,14.74
2024/01/01 16:13:52.19,182.19,-7.81,-7.19,14.77
2024/01/01 16:13:52.20,182.20,-7.74,-7.18,14.76
2024/01/01 16:13:52.21,182.21,-7.67,-7.20,14.76
2024/01/01 16:13:52.22,182.22,-7.62,-7.24,14.76
2024/01/01 16:13:52.23,182.23,-7.61,-7.29,14.77
2024/01/01 16:13:52.24,182.24,-7.63,-7.33,14.76
2024/01/01 16:13:52.25,182.25,-7.68,-7.34,14.72
2024/01/01 16:13:52.26,182.26,-7.72,-7.32,14.68
2024/01/01 16:13:52.27,182.27,-7.74,-7.29,14.65
2024/01/01 16:13:52.28,182.28,-7.75,-7.26,14.60
2024/01/01 16:13:52.29,182.29,-7.76,-7.24,14.55
2024/01/01 16:13:52.30,182.30,-7.78,-7.24,14.52
2024/01/01 16:13:52.31,182.31,-7.81,-7.25,14.53
2024/01/01 16:13:52.32,182.32,-7.85,-7.25,14.55
2024/01/01 16:13:52.33,182.33,-7.88,-7.23,14.57
2024/01/01 16:13:52.34,182.34,-7.91,-7.20,14.59
2024/01/01 16:13:52.35,182.35,-7.94,-7.14,14.60
2024/01/01 16:13:52.36,182.36,-7.96,-7.06,14.62
2024/01/01 16:13:52.37,182.37,-8.00,-7.00,14.63
2024/01/01 16:13:52.38,182.38,-8.04,-6.97,14.64
2024/01/01 16:13:52.39,182.39,-8.08,-6.96,14.65
2024/01/01 16:13:52.40,182.40,-8.12,-6.94,14.66
2024/01/01 16:13:52.41,182.41,-8.16,-6.93,14.67
2024/01/01 16:13:52.42,182.42,-8.20,-6.93,14.69
2024/01/01 16:13:52.43,182.43,-8.23,-6.94,14.69
2024/01/01 16:13:52.44,182.44,-8.25,-6.97,14.69
2024/01/01 16:13:52.45,182.45,-8.25,-7.01,14.69
2024/01/01 16:13:52.46,182.46,-8.23,-7.03,14.68
2024/01/01 16:13:52.47,182.47,-8.23,-7.04,14.67
2024/01/01 16:13:52.48,182.48,-8.22,-7.02,14.65
2024/01/01 16:13:52.49,182.49,-8.22,-6.99,14.62
2024/01/01 16:13:52.50,182.50,-8.21,-6.96,14.59
2024/01/01 16:13:52.51,182.51,-8.20,-6.94,14.56
2024/01/01 16:13:52.52,182.52,-8.19,-6.95,14.55
2024/01/01 16:13:52.53,182.53,-8.19,-6.98,14.55
2024/01/01 16:13:52.54,182.54,-8.20,-7.01,14.55
2024/01/01 16:13:52.55,182.55,-8.21,-7.03,14.55
2024/01/01 16:13:52.56,182.56,-8.23,-7.04,14.54
2024/01/01 16:13:52.57,182.57,-8.25,-7.05,14.52
2024/01/01 16:13:52.58,182.58,-8.26,-7.05,14.50
2024/01/01 16:13:52.59,182.59,-8.27,-7.04,14.49
2024/01/01 16:13:52.60,182.60,-8.28,-7.03,14.50
2024/01/01 16:13:52.61,182.61,-8.28,-7.03,14.52
2024/01/01 16:13:52.62,182.62,-8.28,-7.02,14.56
2024/01/01 16:13:52.63,182.63,-8.29,-7.02,14.58
2024/01/01 16:13:52.64,182.64,-8.27,-7.03,14.61
2024/01/01 16:13:52.65,182.65,-8.23,-7.06,14.64
2024/01/01 16:13:52.66,182.66,-8.17,-7.09,14.66
2024/01/01 16:13:52.67,182.67,-8.10,-7.13,14.65
2024/01/01 16:13:52.68,182.68,-8.05,-7.18,14.63
2024/01/01 16:13:52.69,182.69,-8.02,-7.24,14.61
2024/01/01 16:13:52.70,182.70,-8.00,-7.29,14.59
2024/01/01 16:13:52.71,182.71,-7.98,-7.34,14.56
2024/01/01 16:13:52.72,182.72,-7.96,-7.39,14.54
2024/01/01 16:13:52.73,182.73,-7.95,-7.43,14.53
2024/01/01 16:13:52.74,182.74,-7.92,-7.44,14.53
2024/01/01 16:13:52.75,182.75,-7.87,-7.41,14.53
2024/01/01 16:13:52.76,182.76,-7.81,-7.39,14.52
2024/01/01 16:13:52.77,182.77,-7.74,-7.37,14.50
2024/01/01 16:13:52.78,182.78,-7.70,-7.37,14.50
2024/01/01 16:13:52.79,182.79,-7.68,-7.36,14.51
2024/01/01 16:13:52.80,182.80,-7.68,-7.33,14.53
2024/01/01 16:13:52.81,182.81,-7.69,-7.30,14.55
2024/01/01 16:13:52.82,182.82,-7.68,-7.29,14.57
2024/01/01 16:13:52.83,182.83,-7.65,-7.30,14.59
2024/01/01 16:13:52.84,182.84,-7.61,-7.33,14.61
2024/01/01 16:13:52.85,182.85,-7.56,-7.37,14.64
2024/01/01 16:13:52.86,182.86,-7.53,-7.36,14.65
2024/01/01 16:13:52.87,182.87,-7.53,-7.30,14.66
2024/01/01 16:13:52.88,182.88,-7.54,-7.25,14.65
2024/01/01 16:13:52.89,182.89,-7.55,-7.22,14.65
2024/01/01 16:13:52.90,182.90,-7.57,-7.24,14.64
2024/01/01 16:13:52.91,182.91,-7.58,-7.31,14.63
2024/01/01 16:13:52.92,182.92,-7.60,-7.38,14.62
2024/01/01 16:13:52.93,182.93,-7.64,-7.44,14.63
2024/01/01 16:13:52.94,182.94,-7.68,-7.46,14.63
2024/01/01 16:13:52.95,182.95,-7.72,-7.45,14.64
2024/01/01 16:13:52.96,182.96,-7.77,-7.42,14.65
2024/01/01 16:13:52.97,182.97,-7.80,-7.40,14.65
2024/01/01 16:13:52.98,182.98,-7.81,-7.39,14.66
2024/01/01 16:13:52.99,182.99,-7.82,-7.41,14.66
